# power spectrum of zeta (dimensionless)
# redshift z=0.997956
# k              Pk             sigma(k)       sigma(Pk)      count
  4.487990e-03   5.685779e-17   0.000000e+00   1.364618e-17   6
  6.346976e-03   3.058173e-16   0.000000e+00   8.189628e-17   12
  7.773426e-03   9.146525e-16   8.514949e-11   3.279210e-16   8
  8.975979e-03   1.235639e-15   0.000000e+00   1.266956e-16   6
  1.003545e-02   1.176550e-15   1.605594e-10   1.665465e-16   24
  1.099328e-02   1.854164e-15   1.605594e-10   4.514268e-16   24
  1.269395e-02   3.843332e-15   0.000000e+00   1.082287e-15   12
  1.346397e-02   4.005406e-15   1.816523e-10   6.737714e-16   30
  1.419227e-02   3.054407e-15   0.000000e+00   3.878809e-16   24
  1.488498e-02   4.140130e-15   2.780971e-10   7.229603e-16   24
  1.554685e-02   8.612704e-15   1.702990e-10   1.333487e-15   8
  1.618168e-02   4.944974e-15   2.270653e-10   5.889064e-16   24
  1.679252e-02   5.459977e-15   0.000000e+00   6.153376e-16   48
  1.795196e-02   3.995073e-15   0.000000e+00   1.635311e-16   6
  1.850445e-02   6.814271e-15   2.270653e-10   8.609531e-16   48
  1.904093e-02   5.377627e-15   2.140792e-10   5.263497e-16   36
  1.956269e-02   8.013572e-15   2.270653e-10   1.682365e-15   24
  2.007090e-02   8.290205e-15   3.211188e-10   8.962771e-16   24
  2.056655e-02   8.433736e-15   0.000000e+00   1.238115e-15   48
  2.105054e-02   7.004319e-15   3.211188e-10   1.016346e-15   24
  2.198657e-02   1.155549e-14   3.211188e-10   1.808918e-15   24
  2.243995e-02   5.061284e-15   0.000000e+00   6.818470e-16   30
  2.288435e-02   9.473828e-15   0.000000e+00   1.155868e-15   72
  2.332028e-02   4.787620e-15   3.405980e-10   6.115105e-16   32
  2.416856e-02   7.193220e-15   0.000000e+00   7.206464e-16   72
  2.458173e-02   8.357045e-15   0.000000e+00   6.949810e-16   48
  2.538790e-02   1.376470e-14   0.000000e+00   4.366804e-15   12
  2.597539e-02   1.007346e-14   1.938570e-04   1.008155e-15   96
  2.655130e-02   1.093320e-14   3.211188e-10   1.170335e-15   48
  2.692794e-02   6.654817e-15   3.633045e-10   8.405129e-16   30
  2.757421e-02   8.529212e-15   1.586779e-04   1.058380e-15   96
  2.838454e-02   8.643660e-15   0.000000e+00   1.185531e-15   24
  2.885327e-02   9.151405e-15   1.642099e-04   6.358317e-16   144
  2.942972e-02   1.445147e-14   5.561942e-10   2.149224e-15   24
  3.002225e-02   1.128433e-14   1.456630e-04   1.208308e-15   96
  3.043903e-02   1.135491e-14   0.000000e+00   1.142404e-15   48
  3.137435e-02   1.237982e-14   1.080207e-04   1.538146e-15   62
  3.184971e-02   1.067236e-14   1.519035e-04   8.638519e-16   132
  3.236335e-02   1.108184e-14   4.541306e-10   2.025729e-15   24
  3.284837e-02   1.026516e-14   1.518246e-04   7.327734e-16   168
  3.373431e-02   1.207880e-14   1.492698e-04   1.058799e-15   96
  3.439955e-02   9.937309e-15   1.270423e-04   9.059440e-16   96
  3.521583e-02   1.063855e-14   1.416056e-04   8.332442e-16   168
  3.590392e-02   1.962125e-14   0.000000e+00   3.020321e-15   6
  3.618333e-02   1.177441e-14   0.000000e+00   1.096915e-15   96
  3.651563e-02   1.179646e-14   1.100713e-04   1.053445e-15   120
  3.718966e-02   1.373370e-14   1.278125e-04   1.143924e-15   144
  3.754921e-02   1.224037e-14   0.000000e+00   1.341698e-15   48
  3.823245e-02   1.304122e-14   1.304211e-04   1.144126e-15   84
  3.860715e-02   1.296838e-14   8.899106e-10   1.257384e-15   120
  3.894461e-02   1.070607e-14   1.183479e-04   1.331772e-15   80
  3.946692e-02   1.473834e-14   1.201620e-04   1.221042e-15   144
  4.014180e-02   1.250203e-14   6.422377e-10   2.086370e-15   24
  4.047145e-02   1.241342e-14   1.159510e-04   9.009874e-16   150
  4.098576e-02   1.486667e-14   1.203057e-04   1.443162e-15   120
  4.155056e-02   1.537226e-14   1.096333e-04   1.136237e-15   168
  4.210107e-02   1.852026e-14   6.422377e-10   2.837342e-15   24
  4.244743e-02   1.555778e-14   1.181082e-04   9.414718e-16   264
  4.281269e-02   1.174685e-14   6.422377e-10   1.114927e-15   48
  4.343532e-02   1.414705e-14   1.093985e-04   1.149971e-15   144
  4.412543e-02   1.281980e-14   1.076845e-04   1.336060e-15   72
  4.451927e-02   1.595614e-14   1.107671e-04   1.119311e-15   180
  4.506982e-02   1.339847e-14   8.025835e-05   9.980137e-16   198
  4.532647e-02   1.956391e-14   0.000000e+00   2.239774e-15   48
  4.589413e-02   1.707198e-14   1.086319e-04   1.403261e-15   168
  4.631540e-02   1.569178e-14   1.087222e-04   1.083440e-15   144
  4.695270e-02   1.567886e-14   1.527607e-04   8.457707e-16   248
  4.781330e-02   1.414584e-14   1.053161e-04   8.707410e-16   192
  4.839932e-02   1.783162e-14   1.626762e-04   1.117958e-15   240
  4.875204e-02   1.450727e-14   0.000000e+00   1.629599e-15   72
  4.929001e-02   1.379666e-14   9.927197e-05   1.176891e-15   126
  4.962939e-02   1.767213e-14   9.159181e-05   1.383637e-15   168
  5.027740e-02   1.607420e-14   1.001546e-04   8.685069e-16   288
  5.095853e-02   1.842139e-14   5.274950e-05   1.448181e-15   156
  5.131126e-02   1.303253e-14   8.873998e-05   1.076920e-15   168
  5.184617e-02   1.583354e-14   1.521290e-04   1.053152e-15   264
  5.233850e-02   1.356434e-14   0.000000e+00   1.720513e-15   48
  5.270435e-02   1.696168e-14   1.514052e-04   9.607711e-16   264
  5.322882e-02   1.626449e-14   8.924381e-05   1.400906e-15   144
  5.362492e-02   1.665009e-14   1.825884e-04   1.625342e-15   78
  5.420192e-02   1.670384e-14   1.186900e-04   8.655632e-16   336
  5.474604e-02   1.500499e-14   9.030373e-05   1.138646e-15   200
  5.510338e-02   1.640168e-14   1.768159e-04   1.182053e-15   192
  5.558581e-02   1.590545e-14   8.873069e-05   9.747004e-16   240
  5.602902e-02   1.495202e-14   1.778215e-04   9.834490e-16   168
  5.648434e-02   1.601094e-14   1.423690e-04   1.332898e-15   120
  5.703118e-02   1.578848e-14   1.112738e-04   8.565789e-16   324
  5.756179e-02   1.930339e-14   8.748012e-05   1.568917e-15   192
  5.792293e-02   1.825840e-14   1.568908e-04   1.420293e-15   168
  5.853721e-02   1.861788e-14   1.292197e-04   9.149724e-16   342
  5.909109e-02   1.821596e-14   1.040479e-04   1.023636e-15   336
  5.965251e-02   1.841053e-14   7.962394e-05   2.153976e-15   72
  6.003109e-02   1.767266e-14   1.273478e-04   1.153809e-15   288
  6.047058e-02   1.591466e-14   8.293768e-05   1.082460e-15   264
  6.108439e-02   1.576645e-14   1.090835e-04   8.389085e-16   384
  6.163419e-02   1.959031e-14   1.309286e-04   1.186815e-15   240
  6.186267e-02   1.402754e-14   0.000000e+00   1.878985e-15   48
  6.252352e-02   1.926877e-14   1.071736e-04   9.141947e-16   392
  6.302771e-02   1.740646e-14   1.176177e-04   1.053299e-15   294
  6.356985e-02   1.770004e-14   7.644534e-05   1.123568e-15   228
  6.392640e-02   1.709731e-14   1.160935e-04   1.164502e-15   216
  6.437004e-02   1.664326e-14   7.071608e-05   9.353914e-16   336
  6.491309e-02   1.949606e-14   8.402231e-05   9.546630e-16   360
  6.536140e-02   2.142762e-14   1.280140e-04   1.166379e-15   240
  6.582853e-02   1.782581e-14   1.514699e-04   1.119325e-15   168
  6.626426e-02   1.895776e-14   1.192252e-04   1.089636e-15   312
  6.678338e-02   1.425324e-14   7.461529e-05   7.897187e-16   336
  6.734419e-02   1.638801e-14   1.017891e-04   9.423729e-16   294
  6.776702e-02   1.819709e-14   1.356641e-04   1.132409e-15   288
  6.809058e-02   1.565168e-14   8.488954e-05   8.659237e-16   264
  6.866755e-02   1.805199e-14   1.458184e-04   7.636649e-16   480
  6.914996e-02   1.454850e-14   7.133389e-05   8.413376e-16   240
  6.974139e-02   1.584985e-14   7.213111e-05   9.385683e-16   276
  7.020800e-02   1.629666e-14   1.583420e-04   7.395802e-16   488
  7.076234e-02   1.618247e-14   6.973720e-05   9.966615e-16   240
  7.108411e-02   1.901724e-14   1.354117e-04   8.703088e-16   360
  7.153530e-02   1.947783e-14   4.817743e-05   1.263950e-15   198
  7.211554e-02   1.799209e-14   1.627935e-04   8.607089e-16   480
  7.254038e-02   1.574714e-14   6.008787e-05   8.823362e-16   288
  7.312796e-02   1.849228e-14   1.270121e-04   7.629076e-16   480
  7.365633e-02   1.726110e-14   7.825550e-05   7.877055e-16   480
  7.419894e-02   1.541314e-14   1.012105e-04   8.611355e-16   288
  7.453749e-02   1.509913e-14   1.079729e-04   8.754015e-16   288
  7.506996e-02   1.734829e-14   1.877112e-04   7.685578e-16   456
  7.560610e-02   1.794860e-14   1.767802e-04   8.785395e-16   360
  7.595177e-02   1.452948e-14   1.059672e-04   1.040665e-15   180
  7.645202e-02   1.790892e-14   1.154112e-04   8.298943e-16   486
  7.695907e-02   1.771759e-14   1.535340e-04   7.796163e-16   504
  7.747462e-02   1.822748e-14   1.192882e-04   9.827966e-16   456
  7.790209e-02   1.857330e-14   9.910745e-05   9.904220e-16   296
  7.846686e-02   1.782973e-14   9.779604e-05   8.467071e-16   528
  7.889160e-02   1.699911e-14   9.649931e-05   1.024293e-15   336
  7.951717e-02   1.570482e-14   1.070358e-04   6.139886e-16   600
  7.997507e-02   1.941610e-14   6.270729e-05   1.220679e-15   264
  8.043396e-02   1.854129e-14   6.781049e-05   9.001634e-16   360
  8.090234e-02   1.628406e-14   1.357633e-04   5.935343e-16   630
  8.141847e-02   1.533910e-14   7.007974e-05   5.962536e-16   432
  8.187631e-02   1.470222e-14   1.350259e-04   6.746063e-16   408
  8.243827e-02   1.516819e-14   8.962194e-05   8.733492e-16   324
  8.285635e-02   1.541999e-14   1.277222e-04   5.888774e-16   744
  8.336064e-02   1.324806e-14   1.021054e-04   6.516883e-16   336
  8.384245e-02   1.776040e-14   1.403689e-04   8.208992e-16   528
  8.437080e-02   1.572509e-14   7.162045e-05   7.968170e-16   408
  8.472109e-02   1.429886e-14   1.218981e-04   6.277244e-16   408
  8.529988e-02   1.498925e-14   1.006308e-04   7.181719e-16   470
  8.572148e-02   1.890849e-14   1.208902e-04   8.125425e-16   528
  8.631019e-02   1.537866e-14   1.007343e-04   6.035959e-16   624
  8.674381e-02   1.696826e-14   7.664930e-05   7.154927e-16   504
  8.719116e-02   1.626167e-14   1.067668e-04   7.180399e-16   552
  8.763489e-02   1.566968e-14   5.190111e-05   8.979621e-16   336
  8.819051e-02   1.835254e-14   1.104770e-04   8.358306e-16   528
  8.862093e-02   1.547817e-14   1.257802e-04   6.603368e-16   564
  8.912507e-02   1.349528e-14   1.157674e-04   5.898697e-16   528
  8.967166e-02   1.511500e-14   1.797324e-04   6.133546e-16   582
  9.016871e-02   1.510439e-14   1.383668e-04   6.137660e-16   624
  9.060342e-02   1.593410e-14   1.581799e-04   8.192080e-16   432
  9.112208e-02   1.608822e-14   1.759475e-04   5.343059e-16   816
  9.165576e-02   1.540658e-14   8.018898e-05   8.127556e-16   312
  9.200488e-02   1.588226e-14   1.299641e-04   7.183818e-16   552
  9.256787e-02   1.505216e-14   8.185444e-05   5.404230e-16   744
  9.297574e-02   1.360610e-14   7.646869e-05   6.722427e-16   408
  9.350218e-02   1.492174e-14   1.095830e-04   5.544185e-16   632
  9.404906e-02   1.528854e-14   1.860997e-04   6.236698e-16   750
  9.449396e-02   1.745808e-14   1.280227e-04   9.144705e-16   312
  9.498974e-02   1.581797e-14   1.890077e-04   4.921390e-16   876
  9.548011e-02   1.500290e-14   1.234108e-04   6.880444e-16   552
  9.603265e-02   1.554265e-14   1.020603e-04   5.674761e-16   696
  9.640905e-02   1.640834e-14   1.126552e-04   7.135501e-16   576
  9.692128e-02   1.502073e-14   1.192748e-04   5.635305e-16   576
  9.735848e-02   1.450944e-14   1.598285e-04   5.855990e-16   648
  9.788685e-02   1.573169e-14   1.599783e-04   6.622390e-16   672
  9.847019e-02   1.401042e-14   6.785687e-05   6.259353e-16   480
  9.884355e-02   1.496410e-14   1.050846e-04   5.333659e-16   726
  9.932431e-02   1.512950e-14   1.190745e-04   5.477681e-16   792
  9.984502e-02   1.580869e-14   1.651878e-04   5.777525e-16   768
  1.003938e-01   1.480967e-14   1.350017e-04   5.604499e-16   672
  1.008970e-01   1.484197e-14   9.055629e-05   6.205554e-16   608
  1.012613e-01   1.413231e-14   8.693679e-05   5.733690e-16   624
  1.017809e-01   1.435667e-14   1.129736e-04   5.612295e-16   684
  1.022864e-01   1.380431e-14   1.668752e-04   5.418819e-16   768
  1.027568e-01   1.510983e-14   1.334155e-04   5.563432e-16   744
  1.033173e-01   1.413847e-14   8.400635e-05   5.363358e-16   750
  1.037259e-01   1.447126e-14   1.248642e-04   6.303795e-16   600
  1.041677e-01   1.463163e-14   1.325833e-04   6.284293e-16   600
  1.047135e-01   1.547782e-14   1.527941e-04   4.790615e-16   1008
  1.051470e-01   1.379456e-14   8.474486e-05   5.636467e-16   696
  1.056273e-01   1.400025e-14   1.119517e-04   5.981160e-16   624
  1.061102e-01   1.406709e-14   1.742111e-04   4.751941e-16   840
  1.066588e-01   1.422509e-14   1.185366e-04   4.976114e-16   816
  1.071038e-01   1.443392e-14   7.873478e-05   5.722844e-16   744
  1.075531e-01   1.321030e-14   1.391901e-04   6.027222e-16   510
  1.080960e-01   1.359868e-14   1.336339e-04   4.628304e-16   1020
  1.086012e-01   1.426286e-14   1.078294e-04   4.628030e-16   912
  1.090992e-01   1.321366e-14   1.597552e-04   5.133891e-16   752
  1.095110e-01   1.249253e-14   1.325595e-04   4.485320e-16   888
  1.100730e-01   1.379003e-14   8.554013e-05   4.792253e-16   768
  1.105327e-01   1.281287e-14   1.554339e-04   4.847389e-16   720
  1.110617e-01   1.235480e-14   1.370195e-04   3.814040e-16   1056
  1.115309e-01   1.263512e-14   9.479589e-05   5.389736e-16   504
  1.119154e-01   1.273155e-14   1.480257e-04   4.620774e-16   774
  1.124652e-01   1.379222e-14   1.423615e-04   3.968120e-16   1272
  1.129816e-01   1.361716e-14   9.326921e-05   4.674386e-16   744
  1.134632e-01   1.382032e-14   1.523027e-04   4.701058e-16   768
  1.139050e-01   1.473675e-14   1.288282e-04   5.047859e-16   840
  1.144011e-01   1.215428e-14   8.734207e-05   4.154432e-16   924
  1.148789e-01   1.358161e-14   1.539839e-04   4.423424e-16   936
  1.153484e-01   1.243442e-14   1.070130e-04   4.318370e-16   840
  1.158214e-01   1.162463e-14   1.272259e-04   4.057746e-16   1008
  1.164225e-01   1.306718e-14   1.436262e-04   5.049031e-16   696
  1.167996e-01   1.257141e-14   1.276589e-04   4.193667e-16   974
  1.173599e-01   1.136731e-14   1.695459e-04   3.494046e-16   1152
  1.178471e-01   1.136756e-14   6.634378e-05   3.888374e-16   816
  1.182260e-01   1.217577e-14   1.459488e-04   3.974079e-16   816
  1.187357e-01   1.312324e-14   1.288794e-04   3.831789e-16   1152
  1.192732e-01   1.234201e-14   1.160356e-04   4.195965e-16   912
  1.197621e-01   1.213907e-14   1.409833e-04   3.570006e-16   1056
  1.201806e-01   1.102204e-14   1.205660e-04   4.441718e-16   624
  1.207435e-01   1.203491e-14   1.506027e-04   3.438315e-16   1260
  1.212292e-01   1.025407e-14   9.083716e-05   3.721431e-16   894
  1.217037e-01   1.121522e-14   1.556364e-04   3.185611e-16   1176
  1.221783e-01   1.241839e-14   1.288208e-04   4.216468e-16   840
  1.227186e-01   1.153594e-14   1.464236e-04   3.003032e-16   1440
  1.232859e-01   1.107834e-14   8.232021e-05   3.717670e-16   864
  1.237160e-01   1.218592e-14   1.412655e-04   3.881484e-16   1056
  1.241441e-01   1.147821e-14   8.328830e-05   4.290718e-16   624
  1.246641e-01   1.104321e-14   1.542356e-04   2.904949e-16   1496
  1.251612e-01   1.182678e-14   1.088958e-04   4.211662e-16   936
  1.256039e-01   1.317187e-14   1.576468e-04   4.526693e-16   966
  1.260801e-01   1.197116e-14   1.117465e-04   3.808503e-16   936
  1.265804e-01   1.154006e-14   1.382244e-04   3.244283e-16   1248
  1.270926e-01   1.137192e-14   9.744205e-05   3.531874e-16   1044
  1.275698e-01   1.023045e-14   1.509409e-04   2.665813e-16   1392
  1.279478e-01   1.037032e-14   1.162549e-04   4.250248e-16   600
  1.284885e-01   1.109861e-14   1.320778e-04   3.163374e-16   1416
  1.289955e-01   1.105489e-14   1.421656e-04   3.386188e-16   1152
  1.295092e-01   1.023778e-14   1.363856e-04   3.220647e-16   936
  1.299230e-01   9.369385e-15   1.462802e-04   3.357845e-16   870
  1.304147e-01   1.032333e-14   1.226502e-04   2.799771e-16   1368
  1.309604e-01   1.031110e-14   1.612530e-04   2.625070e-16   1632
  1.314267e-01   9.970570e-15   7.000699e-05   3.468255e-16   816
  1.319315e-01   1.043104e-14   1.597143e-04   3.232123e-16   1200
  1.323720e-01   1.108511e-14   1.527057e-04   3.057335e-16   1184
  1.328194e-01   1.079641e-14   1.158936e-04   3.673047e-16   984
  1.333683e-01   1.048127e-14   1.414942e-04   2.750887e-16   1572
  1.338659e-01   8.763169e-15   7.792333e-05   2.956449e-16   840
  1.343297e-01   1.010643e-14   1.812138e-04   2.790241e-16   1392
  1.348193e-01   1.092260e-14   1.330470e-04   3.208081e-16   1158
  1.352564e-01   1.019173e-14   1.211496e-04   3.002746e-16   1272
  1.357826e-01   9.706055e-15   1.234623e-04   2.818755e-16   1320
  1.362769e-01   9.694933e-15   1.208065e-04   2.948813e-16   1104
  1.367472e-01   9.724964e-15   1.367360e-04   2.604692e-16   1392
  1.372408e-01   9.969757e-15   1.478938e-04   3.004088e-16   1296
  1.377492e-01   9.213712e-15   1.544255e-04   2.280780e-16   1392
  1.382262e-01   9.276062e-15   1.132835e-04   2.776670e-16   1104
  1.386675e-01   1.001682e-14   1.426913e-04   2.674520e-16   1320
  1.392961e-01   9.632538e-15   1.089713e-04   2.704279e-16   1422
  1.396977e-01   9.164014e-15   1.357176e-04   2.782244e-16   1212
  1.401589e-01   9.265460e-15   1.483027e-04   2.545502e-16   1280
  1.406327e-01   9.523721e-15   1.544235e-04   2.810405e-16   1272
  1.410869e-01   9.742234e-15   1.336382e-04   2.264329e-16   1680
  1.416252e-01   8.876386e-15   1.262633e-04   2.369395e-16   1152
  1.421207e-01   9.204559e-15   1.462174e-04   2.613024e-16   1512
  1.426417e-01   8.704939e-15   6.173239e-05   2.916134e-16   912
  1.430535e-01   8.205175e-15   1.556147e-04   2.123555e-16   1680
  1.436012e-01   9.041055e-15   1.378563e-04   2.404801e-16   1518
  1.440071e-01   8.997437e-15   1.276288e-04   3.050692e-16   1056
  1.444347e-01   9.248578e-15   1.288698e-04   2.538568e-16   1344
  1.449875e-01   9.296133e-15   1.383780e-04   2.277393e-16   1680
  1.454876e-01   7.980859e-15   1.363571e-04   1.943923e-16   1656
  1.460341e-01   8.584705e-15   1.159057e-04   2.691549e-16   1140
  1.464444e-01   8.321458e-15   1.342100e-04   2.232404e-16   1368
  1.469271e-01   8.338527e-15   1.526647e-04   2.031728e-16   1656
  1.474179e-01   8.088185e-15   1.563614e-04   2.288706e-16   1448
  1.479520e-01   7.804081e-15   1.468912e-04   2.133443e-16   1422
  1.484453e-01   8.463210e-15   1.621619e-04   2.375327e-16   1512
  1.488673e-01   8.519587e-15   1.236275e-04   2.443523e-16   1296
  1.493554e-01   8.497319e-15   1.128801e-04   2.099883e-16   1824
  1.498832e-01   8.176241e-15   1.463660e-04   2.149437e-16   1464
  1.504163e-01   7.904368e-15   1.306107e-04   1.789405e-16   1824
  1.509111e-01   7.617545e-15   1.038421e-04   1.928423e-16   1416
  1.513416e-01   7.311419e-15   1.521007e-04   2.039795e-16   1392
  1.518062e-01   7.811551e-15   1.403562e-04   2.119924e-16   1464
  1.523732e-01   7.659916e-15   1.372200e-04   2.006627e-16   1524
  1.528113e-01   7.567573e-15   1.264504e-04   1.863912e-16   1686
  1.533176e-01   7.945784e-15   1.505644e-04   1.972967e-16   1800
  1.537528e-01   7.925837e-15   1.195338e-04   2.236628e-16   1344
  1.542356e-01   7.210020e-15   1.394596e-04   1.745590e-16   1656
  1.547196e-01   7.476072e-15   1.113514e-04   2.032286e-16   1488
  1.551402e-01   7.939863e-15   1.111701e-04   2.040119e-16   1536
  1.557262e-01   6.969965e-15   1.234973e-04   1.790588e-16   1760
  1.561802e-01   7.508317e-15   1.373667e-04   1.846613e-16   1824
  1.567053e-01   7.586665e-15   1.152763e-04   2.037798e-16   1560
  1.572105e-01   7.706051e-15   1.324056e-04   1.880469e-16   1926
  1.576857e-01   7.299418e-15   9.415777e-05   2.082653e-16   1272
  1.581194e-01   7.240486e-15   1.582320e-04   1.784961e-16   1848
  1.586895e-01   6.872709e-15   1.278379e-04   1.589560e-16   1908
  1.591231e-01   7.416650e-15   1.246890e-04   2.220918e-16   1488
  1.595806e-01   7.041952e-15   1.406224e-04   1.666351e-16   1800
  1.600766e-01   6.548923e-15   1.407610e-04   1.640870e-16   1752
  1.605517e-01   6.876365e-15   1.496769e-04   1.874592e-16   1368
  1.610272e-01   6.490322e-15   1.406675e-04   1.521070e-16   2016
  1.615501e-01   6.946996e-15   1.485794e-04   1.858745e-16   1542
  1.620327e-01   6.751925e-15   1.454994e-04   1.590813e-16   2184
  1.625669e-01   6.758216e-15   1.330990e-04   1.727242e-16   1776
  1.630283e-01   6.580799e-15   1.521522e-04   1.741412e-16   1568
  1.634682e-01   7.000801e-15   1.390081e-04   1.669828e-16   2040
  1.639468e-01   6.254006e-15   1.486121e-04   1.526965e-16   1704
  1.644478e-01   6.057841e-15   1.489728e-04   1.672379e-16   1512
  1.649202e-01   6.230089e-15   1.270742e-04   1.361645e-16   2028
  1.654509e-01   6.316399e-15   1.532841e-04   1.435907e-16   1968
  1.659362e-01   6.261600e-15   1.554838e-04   1.447825e-16   1854
  1.664110e-01   6.277801e-15   1.482240e-04   1.527216e-16   1632
  1.668977e-01   5.884546e-15   1.523128e-04   1.224476e-16   2424
  1.674021e-01   6.058771e-15   1.524713e-04   1.479512e-16   1560
  1.678285e-01   6.423698e-15   1.440852e-04   1.579240e-16   1728
  1.683437e-01   6.073571e-15   1.538043e-04   1.379789e-16   2088
  1.688623e-01   5.772148e-15   1.464052e-04   1.286893e-16   1968
  1.693394e-01   5.740608e-15   1.449552e-04   1.248872e-16   2256
  1.698178e-01   5.936376e-15   1.288813e-04   1.426321e-16   1728
  1.703172e-01   5.528355e-15   1.270494e-04   1.526687e-16   1416
  1.707596e-01   6.028053e-15   1.339356e-04   1.290511e-16   2246
  1.712606e-01   5.846997e-15   1.483321e-04   1.405329e-16   2148
  1.717398e-01   5.797872e-15   1.252967e-04   1.409011e-16   1680
  1.721909e-01   5.574228e-15   1.584012e-04   1.281059e-16   2280
  1.727331e-01   5.524111e-15   1.475065e-04   1.249215e-16   2352
  1.732395e-01   5.272412e-15   1.239422e-04   1.409602e-16   1632
  1.736402e-01   5.629433e-15   1.418228e-04   1.386621e-16   1968
  1.741900e-01   5.236998e-15   1.455103e-04   1.162211e-16   2112
  1.746998e-01   5.407492e-15   1.093039e-04   1.178637e-16   2208
  1.751952e-01   5.527724e-15   1.102112e-04   1.268858e-16   1974
  1.755862e-01   5.554266e-15   1.078165e-04   1.412737e-16   1944
  1.761144e-01   5.708815e-15   1.219820e-04   1.323001e-16   2160
  1.765722e-01   5.091455e-15   1.140807e-04   1.187754e-16   2040
  1.770670e-01   5.370362e-15   1.596015e-04   1.117557e-16   2352
  1.775745e-01   5.437189e-15   1.325904e-04   1.254172e-16   1836
  1.780376e-01   5.062837e-15   1.414413e-04   1.081844e-16   2352
  1.785577e-01   4.724671e-15   1.483527e-04   1.050868e-16   2008
  1.790344e-01   4.920568e-15   1.459431e-04   1.014394e-16   2464
  1.795659e-01   4.940334e-15   1.177095e-04   1.102288e-16   2118
  1.800019e-01   4.980918e-15   1.183276e-04   1.164746e-16   1848
  1.804507e-01   4.787452e-15   1.565861e-04   1.116349e-16   2280
  1.809928e-01   4.874339e-15   1.489508e-04   9.812200e-17   2472
  1.814993e-01   4.658016e-15   9.953927e-05   1.007651e-16   2280
  1.819245e-01   4.784806e-15   1.216700e-04   1.114878e-16   1992
  1.823831e-01   4.738326e-15   1.279126e-04   1.081473e-16   2184
  1.829118e-01   4.685842e-15   1.543068e-04   9.814729e-17   2352
  1.834214e-01   4.846436e-15   1.626118e-04   1.000444e-16   2496
  1.839203e-01   4.745926e-15   1.518813e-04   1.165294e-16   1770
  1.843678e-01   4.671295e-15   1.310496e-04   9.480662e-17   2568
  1.849057e-01   4.403419e-15   1.607377e-04   8.675601e-17   2712
  1.853947e-01   4.634712e-15   1.276489e-04   9.242922e-17   2448
  1.858830e-01   4.399583e-15   1.076015e-04   1.023654e-16   2064
  1.862881e-01   4.523916e-15   1.135758e-04   1.166845e-16   1944
  1.868133e-01   4.347571e-15   1.403079e-04   9.350033e-17   2480
  1.873491e-01   4.310257e-15   1.524155e-04   8.590258e-17   2880
  1.878237e-01   4.143018e-15   1.462067e-04   8.894558e-17   2304
  1.883193e-01   4.383856e-15   1.343278e-04   1.137919e-16   1806
  1.887589e-01   4.351521e-15   1.317346e-04   9.663385e-17   2856
  1.893097e-01   4.331624e-15   1.263374e-04   8.952308e-17   2568
  1.897288e-01   4.313808e-15   1.267515e-04   9.374574e-17   2112
  1.901850e-01   4.267472e-15   1.220840e-04   9.620625e-17   2028
  1.906744e-01   4.205248e-15   1.445115e-04   8.539083e-17   2712
  1.911714e-01   3.957004e-15   1.556884e-04   7.524785e-17   2952
  1.917055e-01   4.027435e-15   1.202957e-04   9.205147e-17   2112
  1.921372e-01   4.158264e-15   1.409804e-04   9.045268e-17   2520
  1.926559e-01   3.977355e-15   1.359784e-04   8.537798e-17   2376
  1.931282e-01   3.964737e-15   1.090048e-04   8.329528e-17   2526
  1.936186e-01   4.033858e-15   1.356536e-04   8.630431e-17   2664
  1.941040e-01   4.184104e-15   1.617960e-04   9.771738e-17   2408
  1.945694e-01   3.794616e-15   1.296049e-04   8.230297e-17   2568
  1.950440e-01   3.964549e-15   1.221942e-04   7.985523e-17   2904
  1.955589e-01   3.912039e-15   1.371053e-04   8.237184e-17   2544
  1.960480e-01   3.620069e-15   1.009875e-04   8.212649e-17   2160
  1.965096e-01   3.752947e-15   1.745958e-04   7.962909e-17   2652
  1.970194e-01   3.638562e-15   1.382439e-04   7.611033e-17   2784
  1.975101e-01   3.619759e-15   1.365199e-04   7.203693e-17   2694
  1.980185e-01   3.688721e-15   1.226932e-04   7.252700e-17   2952
  1.984602e-01   3.709996e-15   1.162128e-04   7.931888e-17   2208
  1.989102e-01   3.835492e-15   1.238599e-04   9.114988e-17   2304
  1.994125e-01   3.629815e-15   1.610662e-04   6.667697e-17   3504
  1.999983e-01   3.467243e-15   1.304210e-04   6.896135e-17   2616
  2.004552e-01   3.421584e-15   1.274108e-04   6.721360e-17   2664
  2.008953e-01   3.491708e-15   1.183758e-04   7.419567e-17   2448
  2.013388e-01   3.504943e-15   1.648584e-04   7.269636e-17   2472
  2.018606e-01   3.322790e-15   1.310718e-04   6.287625e-17   3134
  2.023516e-01   3.239091e-15   1.433541e-04   6.611921e-17   2616
  2.028419e-01   3.507334e-15   1.161223e-04   7.515692e-17   2712
  2.033463e-01   3.309051e-15   1.331755e-04   6.017270e-17   3204
  2.038284e-01   3.303616e-15   1.533782e-04   6.483146e-17   2760
  2.042862e-01   3.278158e-15   1.338200e-04   6.617638e-17   2688
  2.047911e-01   3.379090e-15   1.265264e-04   6.852795e-17   2760
  2.052376e-01   3.127644e-15   1.044749e-04   6.858005e-17   2568
  2.057517e-01   3.077484e-15   1.622443e-04   5.469271e-17   3336
  2.062452e-01   3.066803e-15   1.373220e-04   6.910371e-17   2334
  2.067435e-01   3.112887e-15   1.519616e-04   5.859189e-17   3264
  2.072092e-01   3.247087e-15   1.104877e-04   6.722584e-17   2760
  2.076868e-01   3.004915e-15   1.334378e-04   5.612518e-17   3192
  2.081730e-01   2.937353e-15   1.385370e-04   5.883171e-17   2904
  2.086902e-01   2.999143e-15   1.390027e-04   6.196996e-17   2784
  2.091231e-01   3.090782e-15   1.144018e-04   6.411718e-17   2592
  2.096156e-01   2.673200e-15   1.559460e-04   4.905630e-17   3284
  2.101389e-01   2.961756e-15   1.566406e-04   5.559014e-17   3168
  2.106071e-01   2.891283e-15   1.292397e-04   6.118327e-17   2616
  2.110994e-01   2.846051e-15   1.248775e-04   5.498300e-17   3222
  2.115781e-01   2.845821e-15   1.401164e-04   5.372800e-17   3240
  2.120418e-01   2.958841e-15   1.417503e-04   6.450218e-17   2568
  2.125690e-01   2.715986e-15   1.300629e-04   5.391942e-17   3120
  2.130097e-01   2.788029e-15   1.429850e-04   5.204651e-17   3168
  2.134838e-01   2.772206e-15   1.251725e-04   5.297895e-17   3240
  2.140024e-01   2.707218e-15   1.284239e-04   5.021404e-17   3144
  2.145062e-01   2.681724e-15   1.224103e-04   5.475712e-17   2856
  2.149823e-01   2.661061e-15   1.307392e-04   4.977871e-17   3264
  2.155212e-01   2.604633e-15   1.444609e-04   5.031314e-17   3318
  2.159452e-01   2.698623e-15   1.011723e-04   5.708885e-17   2556
  2.164506e-01   2.508655e-15   1.728209e-04   4.293026e-17   4008
  2.169623e-01   2.439007e-15   1.275720e-04   4.792726e-17   2904
  2.174000e-01   2.464258e-15   1.304469e-04   4.598540e-17   3144
  2.178983e-01   2.610939e-15   1.359922e-04   5.001682e-17   3200
  2.184140e-01   2.319573e-15   1.341212e-04   4.179897e-17   3312
  2.188763e-01   2.462852e-15   1.080957e-04   5.103962e-17   2832
  2.193924e-01   2.377402e-15   1.555565e-04   4.185869e-17   3984
  2.198717e-01   2.425160e-15   1.264601e-04   5.670596e-17   2238
  2.203092e-01   2.423994e-15   1.488218e-04   4.260076e-17   3984
  2.208520e-01   2.380600e-15   1.414250e-04   4.383063e-17   3384
  2.213029e-01   2.515250e-15   1.321942e-04   5.020940e-17   3048
  2.217737e-01   2.225364e-15   1.213801e-04   4.412719e-17   3096
  2.222656e-01   2.357823e-15   1.375807e-04   4.167342e-17   3708
  2.227545e-01   2.255180e-15   1.304078e-04   4.483784e-17   2784
  2.232087e-01   2.266566e-15   1.354535e-04   4.057864e-17   3648
  2.237247e-01   2.169670e-15   1.394108e-04   3.596788e-17   3888
  2.242738e-01   2.199839e-15   1.488252e-04   4.341255e-17   2958
  2.246837e-01   2.347890e-15   1.270361e-04   4.524267e-17   3264
  2.251777e-01   2.227527e-15   1.402443e-04   4.177223e-17   3160
  2.256445e-01   2.252469e-15   1.271016e-04   4.133135e-17   3736
  2.260868e-01   2.104497e-15   1.158193e-04   3.910881e-17   3216
  2.266085e-01   2.181572e-15   1.419303e-04   3.539298e-17   4032
  2.271526e-01   2.043160e-15   1.295798e-04   3.793905e-17   3528
  2.276165e-01   2.075841e-15   1.143819e-04   4.101767e-17   3192
  2.280803e-01   2.024673e-15   1.252686e-04   3.678383e-17   3456
  2.285834e-01   2.002204e-15   1.298903e-04   4.105586e-17   3060
  2.290876e-01   2.049230e-15   1.544545e-04   3.247916e-17   4518
  2.295790e-01   2.074117e-15   1.375990e-04   3.713573e-17   3528
  2.300307e-01   2.121836e-15   1.155591e-04   4.500700e-17   3024
  2.305122e-01   1.962775e-15   1.564624e-04   3.470790e-17   3672
  2.310028e-01   1.990679e-15   1.342922e-04   3.594785e-17   3864
  2.315474e-01   1.947323e-15   1.423480e-04   3.414061e-17   3816
  2.319928e-01   1.867062e-15   1.295052e-04   3.491203e-17   3456
  2.324198e-01   1.892395e-15   1.172315e-04   4.090133e-17   2688
  2.329230e-01   1.801014e-15   1.390930e-04   3.085773e-17   4248
  2.334218e-01   1.873619e-15   1.332244e-04   3.215943e-17   3926
  2.339228e-01   1.878360e-15   1.406621e-04   3.387970e-17   3504
  2.344067e-01   1.808652e-15   1.257540e-04   3.022056e-17   3960
  2.349411e-01   1.887674e-15   1.415697e-04   3.617963e-17   3684
  2.353994e-01   1.709827e-15   1.415603e-04   2.891332e-17   4104
  2.358576e-01   1.854054e-15   1.342621e-04   3.401723e-17   3144
  2.363498e-01   1.709981e-15   1.470632e-04   2.772861e-17   4224
  2.368909e-01   1.731922e-15   1.305314e-04   2.957135e-17   4008
  2.373532e-01   1.732326e-15   1.436052e-04   3.121305e-17   3312
  2.378293e-01   1.701283e-15   1.428317e-04   2.989292e-17   3726
  2.383356e-01   1.763186e-15   1.467057e-04   2.941168e-17   3936
  2.387852e-01   1.693850e-15   1.512247e-04   3.045310e-17   3888
  2.392518e-01   1.654823e-15   1.429975e-04   3.017607e-17   3864
  2.397372e-01   1.692522e-15   1.520184e-04   3.134822e-17   3888
  2.402373e-01   1.655580e-15   1.433767e-04   2.838149e-17   4080
  2.407309e-01   1.621615e-15   1.521663e-04   3.190429e-17   3400
  2.412345e-01   1.611670e-15   1.395519e-04   2.573981e-17   4588
  2.417438e-01   1.484985e-15   1.381276e-04   2.607924e-17   3816
  2.421888e-01   1.487102e-15   1.308874e-04   2.727479e-17   3534
  2.426599e-01   1.585665e-15   1.292818e-04   2.671550e-17   4080
  2.431528e-01   1.509425e-15   1.351361e-04   2.497947e-17   4248
  2.436477e-01   1.552459e-15   1.361762e-04   2.800321e-17   3528
  2.441045e-01   1.460880e-15   1.392215e-04   2.386280e-17   4248
  2.445661e-01   1.534228e-15   1.361726e-04   2.763417e-17   3696
  2.450802e-01   1.471764e-15   1.412982e-04   2.353788e-17   4560
  2.455678e-01   1.508390e-15   1.323495e-04   2.605014e-17   3864
  2.460685e-01   1.430978e-15   1.441083e-04   2.286426e-17   4440
  2.465431e-01   1.443449e-15   1.344565e-04   2.615279e-17   3432
  2.470417e-01   1.442820e-15   1.318374e-04   2.318610e-17   4470
  2.475323e-01   1.434633e-15   1.171596e-04   2.483065e-17   4188
  2.480144e-01   1.359170e-15   1.500979e-04   2.162569e-17   4392
  2.484933e-01   1.371183e-15   1.161150e-04   2.529284e-17   3960
  2.489913e-01   1.342134e-15   1.311762e-04   2.282687e-17   4328
  2.494737e-01   1.344863e-15   1.365155e-04   2.311179e-17   4320
  2.499612e-01   1.346512e-15   1.427527e-04   2.280292e-17   4152
  2.504133e-01   1.282113e-15   1.194148e-04   2.310074e-17   3528
  2.509246e-01   1.292852e-15   1.292483e-04   2.011753e-17   4512
  2.514030e-01   1.326169e-15   1.321235e-04   2.291350e-17   4134
  2.518889e-01   1.333395e-15   1.407559e-04   2.107503e-17   5208
  2.523561e-01   1.300845e-15   1.226327e-04   2.527257e-17   3240
  2.528396e-01   1.299975e-15   1.352583e-04   2.072242e-17   4680
  2.533316e-01   1.274303e-15   1.339167e-04   2.010608e-17   4440
  2.538242e-01   1.293521e-15   1.517493e-04   2.368038e-17   4260
  2.542967e-01   1.183763e-15   1.238886e-04   2.034161e-17   4056
  2.547833e-01   1.182388e-15   1.373522e-04   1.822777e-17   4704
  2.552940e-01   1.159990e-15   1.598328e-04   1.806677e-17   4800
  2.558338e-01   1.236582e-15   1.384828e-04   1.951921e-17   4806
  2.563004e-01   1.244120e-15   1.380453e-04   2.363602e-17   3552
  2.567447e-01   1.160399e-15   1.384155e-04   1.878554e-17   4304
  2.572463e-01   1.146421e-15   1.342317e-04   1.713085e-17   5280
  2.577424e-01   1.133847e-15   1.287726e-04   1.868439e-17   4320
  2.582120e-01   1.180497e-15   1.454180e-04   1.980355e-17   4296
  2.587071e-01   1.120098e-15   1.616686e-04   1.825366e-17   4608
  2.592079e-01   1.168626e-15   1.548872e-04   1.811492e-17   4824
  2.597037e-01   1.037881e-15   1.462245e-04   1.659360e-17   4488
  2.602357e-01   1.089670e-15   1.365163e-04   1.764654e-17   4530
  2.606750e-01   1.090779e-15   1.332969e-04   1.956946e-17   4464
  2.611146e-01   1.035421e-15   1.256224e-04   1.787001e-17   4104
  2.616192e-01   1.110342e-15   1.354472e-04   1.577376e-17   5424
  2.621157e-01   1.012518e-15   1.458006e-04   1.718872e-17   4392
  2.626209e-01   1.036592e-15   1.427447e-04   1.613418e-17   4896
  2.630796e-01   1.057293e-15   1.399190e-04   1.821727e-17   4104
  2.635583e-01   1.001847e-15   1.261700e-04   1.526805e-17   4824
  2.640634e-01   9.893168e-16   1.205890e-04   1.527771e-17   4680
  2.645034e-01   1.039402e-15   1.233362e-04   1.793539e-17   4328
  2.650142e-01   9.782693e-16   1.421747e-04   1.536768e-17   5118
  2.655274e-01   1.006327e-15   1.647184e-04   1.501807e-17   5304
  2.659905e-01   9.800147e-16   1.297081e-04   1.736091e-17   4392
  2.664951e-01   9.610921e-16   1.301864e-04   1.527136e-17   4476
  2.669364e-01   9.737539e-16   1.292906e-04   1.612683e-17   4704
  2.674274e-01   9.699381e-16   1.564908e-04   1.456361e-17   5208
  2.679435e-01   9.266420e-16   1.319479e-04   1.435538e-17   5304
  2.684190e-01   9.117732e-16   1.413346e-04   1.548026e-17   4296
  2.689066e-01   9.280239e-16   1.340217e-04   1.481009e-17   4752
  2.694189e-01   9.419430e-16   1.345359e-04   1.538679e-17   4950
  2.698794e-01   9.155019e-16   1.406262e-04   1.491722e-17   5064
  2.703399e-01   9.162861e-16   1.178265e-04   1.519694e-17   4872
  2.708057e-01   8.791955e-16   1.240390e-04   1.485556e-17   4224
  2.713029e-01   8.857312e-16   1.370167e-04   1.325881e-17   6120
  2.718321e-01   8.668458e-16   1.507358e-04   1.411333e-17   4968
  2.723121e-01   8.760964e-16   1.333881e-04   1.505522e-17   4424
  2.728088e-01   8.241196e-16   1.703749e-04   1.237195e-17   5436
  2.732993e-01   8.401712e-16   1.452596e-04   1.338615e-17   4896
  2.737736e-01   7.928632e-16   1.390702e-04   1.289626e-17   5214
  2.742308e-01   8.472496e-16   1.182169e-04   1.418751e-17   4656
  2.747387e-01   8.382144e-16   1.503032e-04   1.321751e-17   5448
  2.752241e-01   8.215530e-16   1.269422e-04   1.318345e-17   4992
  2.756994e-01   8.265186e-16   1.404898e-04   1.241707e-17   5400
  2.762219e-01   8.047285e-16   1.557062e-04   1.243227e-17   5328
  2.767032e-01   7.913062e-16   1.392299e-04   1.281421e-17   4776
  2.771561e-01   7.702791e-16   1.308295e-04   1.290725e-17   4800
  2.776593e-01   7.650201e-16   1.682401e-04   1.087782e-17   6552
  2.781857e-01   8.051468e-16   1.271030e-04   1.480851e-17   3942
  2.786419e-01   7.551840e-16   1.601990e-04   1.087791e-17   6072
  2.791470e-01   7.989057e-16   1.244164e-04   1.357328e-17   4692
  2.795705e-01   7.594796e-16   1.298888e-04   1.148186e-17   4944
  2.800665e-01   7.163620e-16   1.394107e-04   1.079966e-17   5840
  2.805759e-01   7.358639e-16   1.492333e-04   1.087934e-17   5712
  2.810773e-01   7.486466e-16   1.250671e-04   1.243585e-17   4800
  2.815348e-01   7.289313e-16   1.656330e-04   1.090659e-17   5688
  2.820359e-01   7.061579e-16   1.306810e-04   1.198174e-17   4848
  2.825324e-01   7.167400e-16   1.454557e-04   1.096127e-17   5406
  2.830037e-01   6.709783e-16   1.312973e-04   1.018716e-17   5568
  2.834769e-01   6.447750e-16   1.180275e-04   9.825383e-18   5736
  2.839884e-01   6.599292e-16   1.465826e-04   1.019435e-17   5280
  2.844524e-01   6.509822e-16   1.355263e-04   9.835483e-18   5592
  2.849301e-01   6.383917e-16   1.551417e-04   1.039147e-17   4968
  2.854352e-01   6.686238e-16   1.391053e-04   9.353693e-18   5964
  2.859279e-01   5.955578e-16   1.397517e-04   9.115676e-18   5376
  2.863756e-01   6.080015e-16   1.349389e-04   9.581836e-18   5472
  2.868946e-01   6.237985e-16   1.281532e-04   9.137032e-18   5472
  2.873693e-01   6.257818e-16   1.457059e-04   9.951673e-18   5415
  2.878292e-01   5.963954e-16   1.281660e-04   9.653502e-18   5096
  2.883268e-01   5.885801e-16   1.648183e-04   8.122119e-18   6372
  2.888302e-01   5.987652e-16   1.337920e-04   1.022903e-17   4656
  2.892814e-01   5.529328e-16   1.460580e-04   7.928490e-18   5844
  2.897668e-01   5.745045e-16   1.284189e-04   8.853320e-18   5508
  2.902812e-01   5.520425e-16   1.456803e-04   7.998620e-18   6324
  2.907860e-01   5.519798e-16   1.251396e-04   9.428891e-18   4752
  2.912474e-01   5.474308e-16   1.401041e-04   8.287550e-18   5676
  2.917468e-01   5.396558e-16   1.281684e-04   8.774373e-18   5472
  2.922209e-01   5.246135e-16   1.445704e-04   8.090874e-18   5556
  2.927301e-01   5.285918e-16   1.408810e-04   7.833701e-18   5436
  2.932217e-01   5.209526e-16   1.442016e-04   7.880710e-18   5916
  2.937264e-01   5.071917e-16   1.500331e-04   7.713099e-18   5520
  2.941809e-01   5.131581e-16   1.364480e-04   8.263284e-18   5280
  2.946466e-01   5.044404e-16   1.340724e-04   8.487175e-18   4416
  2.951720e-01   4.865560e-16   1.306879e-04   6.663751e-18   6260
  2.956655e-01   4.732342e-16   1.554038e-04   6.884555e-18   5940
  2.961126e-01   4.741748e-16   1.217066e-04   8.200235e-18   4188
  2.966047e-01   4.638510e-16   1.556122e-04   6.829853e-18   6360
  2.971222e-01   4.613985e-16   1.387995e-04   7.309076e-18   5256
  2.976029e-01   4.632106e-16   1.312113e-04   7.414355e-18   4848
  2.980147e-01   4.419901e-16   1.189499e-04   7.325774e-18   4704
  2.985217e-01   4.429825e-16   1.459205e-04   6.645009e-18   5784
  2.990374e-01   4.151078e-16   1.544008e-04   6.112271e-18   5820
  2.995352e-01   4.377021e-16   1.383100e-04   6.632423e-18   5700
  3.000361e-01   4.186338e-16   1.282634e-04   6.545811e-18   5232
  3.005375e-01   4.050937e-16   1.423193e-04   6.327054e-18   4932
  3.009817e-01   4.183818e-16   1.224997e-04   6.982284e-18   4716
  3.014485e-01   4.100437e-16   1.560382e-04   6.007083e-18   5616
  3.019287e-01   3.952058e-16   1.378046e-04   6.106282e-18   5184
  3.024240e-01   3.879352e-16   1.390111e-04   6.074385e-18   5064
  3.028912e-01   3.753545e-16   1.423406e-04   5.576694e-18   5544
  3.034093e-01   3.852229e-16   1.428860e-04   6.194130e-18   5192
  3.038807e-01   3.646820e-16   1.284053e-04   5.664521e-18   5244
  3.043764e-01   3.689335e-16   1.389360e-04   5.509252e-18   5112
  3.048691e-01   3.515322e-16   1.275010e-04   5.583701e-18   5040
  3.053213e-01   3.396187e-16   1.340439e-04   5.282560e-18   5124
  3.058494e-01   3.528306e-16   1.504823e-04   5.114315e-18   5952
  3.063369e-01   3.476008e-16   1.318531e-04   5.608608e-18   4824
  3.067788e-01   3.595483e-16   1.330892e-04   6.211404e-18   4536
  3.072903e-01   3.357185e-16   1.414616e-04   4.706310e-18   5712
  3.078157e-01   3.431647e-16   1.547976e-04   5.166090e-18   5352
  3.083112e-01   3.258372e-16   1.348344e-04   5.138931e-18   5004
  3.087539e-01   3.194644e-16   1.348711e-04   4.992553e-18   4800
  3.092296e-01   3.040040e-16   1.449374e-04   4.776488e-18   5148
  3.097567e-01   3.209981e-16   1.505363e-04   4.473862e-18   5664
  3.102329e-01   3.071719e-16   1.352034e-04   5.089690e-18   4692
  3.106729e-01   3.158535e-16   1.256056e-04   5.437286e-18   4008
  3.111861e-01   2.896060e-16   1.439712e-04   4.143294e-18   5852
  3.117078e-01   2.990294e-16   1.363273e-04   4.412679e-18   5784
  3.121712e-01   2.860790e-16   1.256700e-04   4.806309e-18   4392
  3.126481e-01   2.899991e-16   1.232703e-04   4.610281e-18   4944
  3.131489e-01   2.921401e-16   1.453336e-04   4.688535e-18   4776
  3.136211e-01   2.813969e-16   1.398188e-04   4.245840e-18   5244
  3.141336e-01   2.880982e-16   1.395722e-04   4.512047e-18   4884
  3.145636e-01   2.615666e-16   1.183681e-04   4.121937e-18   4488
  3.150636e-01   2.736205e-16   1.406525e-04   4.072137e-18   5160
  3.155671e-01   2.781774e-16   1.432039e-04   4.016346e-18   5316
  3.160521e-01   2.542130e-16   1.447892e-04   3.951436e-18   4896
  3.165249e-01   2.565575e-16   1.345344e-04   4.257832e-18   4188
  3.170014e-01   2.451740e-16   1.467406e-04   3.709753e-18   4836
  3.174880e-01   2.701749e-16   1.455680e-04   3.967210e-18   5316
  3.179808e-01   2.351244e-16   1.347408e-04   3.686358e-18   4920
  3.184417e-01   2.571721e-16   1.357413e-04   4.176972e-18   4128
  3.189362e-01   2.368295e-16   1.460260e-04   3.411627e-18   5348
  3.194229e-01   2.478481e-16   1.267067e-04   3.736403e-18   4836
  3.198876e-01   2.353763e-16   1.365306e-04   4.026806e-18   4392
  3.203882e-01   2.359711e-16   1.199532e-04   3.634440e-18   4632
  3.208388e-01   2.294378e-16   1.340287e-04   3.507819e-18   4596
  3.213563e-01   2.332556e-16   1.347844e-04   3.376611e-18   5424
  3.218683e-01   2.201915e-16   1.387362e-04   3.371954e-18   5256
  3.223958e-01   2.279264e-16   1.409032e-04   3.705079e-18   4524
  3.228350e-01   2.215574e-16   1.340268e-04   3.629366e-18   4440
  3.233270e-01   2.224585e-16   1.146101e-04   3.616589e-18   4380
  3.238085e-01   2.085432e-16   1.499870e-04   3.237400e-18   4812
  3.243210e-01   2.087047e-16   1.489725e-04   3.047808e-18   5376
  3.247896e-01   2.087194e-16   1.189892e-04   3.577361e-18   3888
  3.252385e-01   2.087654e-16   1.362564e-04   3.193323e-18   4896
  3.257395e-01   2.035475e-16   1.437728e-04   3.103891e-18   4608
  3.262654e-01   2.113726e-16   1.357127e-04   3.270923e-18   4448
  3.267232e-01   1.916387e-16   1.400926e-04   2.989675e-18   4752
  3.272056e-01   1.985747e-16   1.467382e-04   3.310196e-18   4356
  3.277129e-01   1.939562e-16   1.412082e-04   2.879864e-18   5232
  3.282173e-01   1.875560e-16   1.423025e-04   3.053414e-18   4548
  3.287063e-01   1.940911e-16   1.383360e-04   2.908372e-18   4608
  3.291837e-01   1.877493e-16   1.256671e-04   3.214439e-18   3936
  3.296343e-01   1.815238e-16   1.502088e-04   2.952104e-18   4260
  3.301407e-01   1.793873e-16   1.346643e-04   2.728568e-18   5004
  3.306038e-01   1.753539e-16   1.330711e-04   2.839955e-18   4224
  3.311115e-01   1.781278e-16   1.437697e-04   2.742395e-18   4788
  3.316047e-01   1.758561e-16   1.511985e-04   2.863546e-18   4428
  3.320852e-01   1.717607e-16   1.263467e-04   2.903612e-18   4080
  3.325477e-01   1.675612e-16   1.381486e-04   2.646243e-18   4632
  3.330347e-01   1.685269e-16   1.436640e-04   2.797511e-18   4056
  3.335467e-01   1.674951e-16   1.352621e-04   2.636899e-18   4536
  3.340144e-01   1.648257e-16   1.379585e-04   2.473177e-18   4668
  3.345266e-01   1.490909e-16   1.478669e-04   2.358521e-18   4604
  3.350255e-01   1.569015e-16   1.328598e-04   2.650068e-18   4152
  3.354859e-01   1.653985e-16   1.287622e-04   2.685728e-18   4224
  3.359739e-01   1.575427e-16   1.237953e-04   2.509280e-18   4152
  3.364615e-01   1.560538e-16   1.404246e-04   2.529603e-18   4224
  3.369356e-01   1.467446e-16   1.298644e-04   2.338767e-18   3960
  3.373922e-01   1.534184e-16   1.340119e-04   2.436530e-18   4656
  3.378910e-01   1.450983e-16   1.445961e-04   2.252345e-18   4452
  3.384025e-01   1.419051e-16   1.470057e-04   2.501272e-18   4056
  3.388784e-01   1.462869e-16   1.456648e-04   2.355766e-18   4212
  3.393606e-01   1.536833e-16   1.210536e-04   2.713847e-18   3432
  3.398492e-01   1.338151e-16   1.548628e-04   1.963454e-18   5352
  3.403267e-01   1.322134e-16   1.134185e-04   2.245699e-18   3600
  3.408466e-01   1.378303e-16   1.251027e-04   2.113051e-18   4584
  3.413005e-01   1.376914e-16   1.247343e-04   2.383671e-18   3768
  3.417680e-01   1.347350e-16   1.331557e-04   2.307529e-18   3848
  3.422347e-01   1.334980e-16   1.220886e-04   2.346375e-18   3720
  3.427639e-01   1.245405e-16   1.532392e-04   1.840177e-18   4764
  3.432311e-01   1.340334e-16   1.234001e-04   2.200562e-18   3864
  3.437109e-01   1.305926e-16   1.528459e-04   2.055249e-18   4332
  3.442342e-01   1.279047e-16   1.304937e-04   2.164654e-18   3792
  3.447018e-01   1.263423e-16   1.480185e-04   2.026419e-18   4284
  3.451974e-01   1.167975e-16   1.401572e-04   2.025063e-18   3840
  3.456664e-01   1.176218e-16   1.334113e-04   2.128443e-18   3480
  3.461427e-01   1.169376e-16   1.488614e-04   1.809896e-18   4380
  3.466576e-01   1.266801e-16   1.398292e-04   2.011775e-18   4200
  3.471635e-01   1.223090e-16   1.344014e-04   2.132132e-18   4056
  3.476333e-01   1.143775e-16   1.350788e-04   2.001323e-18   3600
  3.480735e-01   1.160412e-16   1.345848e-04   1.976419e-18   3492
  3.485878e-01   1.145584e-16   1.571647e-04   1.782254e-18   4500
  3.491126e-01   1.140445e-16   1.376975e-04   1.957699e-18   3516
  3.495636e-01   1.134713e-16   1.439500e-04   1.834961e-18   3968
  3.500690e-01   1.081532e-16   1.383484e-04   1.874173e-18   3648
  3.505165e-01   1.105270e-16   1.322992e-04   1.717187e-18   4224
  3.510237e-01   1.003611e-16   1.484940e-04   1.810857e-18   3588
  3.514997e-01   1.055467e-16   1.369683e-04   1.889778e-18   3456
  3.519786e-01   1.060091e-16   1.216448e-04   1.885020e-18   3660
  3.524735e-01   1.043870e-16   1.335194e-04   1.802132e-18   3768
  3.529347e-01   9.865872e-17   1.350276e-04   1.639206e-18   3744
  3.534301e-01   9.642457e-17   1.482149e-04   1.571899e-18   4176
  3.539572e-01   1.037338e-16   1.367120e-04   1.884506e-18   3612
  3.543928e-01   1.024305e-16   1.485682e-04   1.893127e-18   3216
  3.548913e-01   9.751486e-17   1.436402e-04   1.594652e-18   3624
  3.553925e-01   1.019901e-16   1.350690e-04   1.707844e-18   3744
  3.558768e-01   9.251509e-17   1.441176e-04   1.593100e-18   3672
  3.563547e-01   9.628395e-17   1.306896e-04   1.577345e-18   3852
  3.568482e-01   9.370805e-17   1.345097e-04   1.593666e-18   3672
  3.573731e-01   9.195882e-17   1.310574e-04   1.605409e-18   3248
  3.578115e-01   9.312533e-17   1.341465e-04   1.722945e-18   3336
  3.582900e-01   8.974929e-17   1.365492e-04   1.534441e-18   3576
  3.587793e-01   9.066434e-17   1.159180e-04   1.590733e-18   3336
  3.592778e-01   8.493584e-17   1.376902e-04   1.466497e-18   3936
  3.597697e-01   8.458529e-17   1.466440e-04   1.538517e-18   3408
  3.602575e-01   8.703424e-17   1.291957e-04   1.541044e-18   3336
  3.607316e-01   8.478068e-17   1.451163e-04   1.648024e-18   3312
  3.612054e-01   8.255985e-17   1.469319e-04   1.535268e-18   3432
  3.617101e-01   8.142047e-17   1.273841e-04   1.515523e-18   3144
  3.621706e-01   8.145769e-17   1.382881e-04   1.405637e-18   3456
  3.626887e-01   8.220698e-17   1.329107e-04   1.405231e-18   3792
  3.631568e-01   8.036066e-17   1.305556e-04   1.551350e-18   2868
  3.636625e-01   8.020638e-17   1.352551e-04   1.351137e-18   3888
  3.641351e-01   7.103174e-17   1.174435e-04   1.298671e-18   2784
  3.646004e-01   7.860189e-17   1.341238e-04   1.485498e-18   2964
  3.651086e-01   7.889003e-17   1.381212e-04   1.321922e-18   3432
  3.655924e-01   7.421847e-17   1.429694e-04   1.289759e-18   3416
  3.660820e-01   7.516229e-17   1.528218e-04   1.259057e-18   3528
  3.665830e-01   7.541752e-17   1.226504e-04   1.449788e-18   2904
  3.670262e-01   7.592973e-17   1.375270e-04   1.366311e-18   3072
  3.675416e-01   7.201960e-17   1.544586e-04   1.304039e-18   3216
  3.680569e-01   7.018469e-17   1.250951e-04   1.390486e-18   2844
  3.685093e-01   6.999884e-17   1.431483e-04   1.236174e-18   3432
  3.689737e-01   7.114841e-17   1.150574e-04   1.344807e-18   2880
  3.694925e-01   6.743888e-17   1.524100e-04   1.096917e-18   3576
  3.699812e-01   7.372495e-17   1.362332e-04   1.478829e-18   2700
  3.704492e-01   6.456117e-17   1.530237e-04   1.199126e-18   3000
  3.709392e-01   6.818655e-17   1.270553e-04   1.347390e-18   2556
  3.714151e-01   6.555285e-17   1.361780e-04   1.203903e-18   3360
  3.719070e-01   6.412839e-17   1.323185e-04   1.183220e-18   3120
  3.724371e-01   6.594699e-17   1.557809e-04   1.220509e-18   3216
  3.728935e-01   6.754998e-17   1.098680e-04   1.343490e-18   2628
  3.734065e-01   6.466875e-17   1.452297e-04   1.218119e-18   3200
  3.738745e-01   6.314513e-17   1.370102e-04   1.379998e-18   2232
  3.743471e-01   6.429190e-17   1.563929e-04   1.261692e-18   3108
  3.748177e-01   6.081215e-17   1.373821e-04   1.249733e-18   2604
  3.752991e-01   6.123058e-17   1.479994e-04   1.170428e-18   3096
  3.758288e-01   5.911396e-17   1.348469e-04   1.099997e-18   3084
  3.762884e-01   6.169900e-17   1.376092e-04   1.171149e-18   2664
  3.767621e-01   6.093648e-17   1.213497e-04   1.353875e-18   2232
  3.772262e-01   5.715915e-17   1.494845e-04   1.120735e-18   2808
  3.777344e-01   5.990554e-17   1.412112e-04   1.229846e-18   2592
  3.782089e-01   5.650032e-17   1.449703e-04   1.073339e-18   2952
  3.787074e-01   5.893832e-17   1.368697e-04   1.127122e-18   2772
  3.791921e-01   5.604882e-17   1.471948e-04   1.009551e-18   3036
  3.796993e-01   5.819568e-17   1.427797e-04   1.216487e-18   2136
  3.801616e-01   5.627312e-17   1.138671e-04   1.155960e-18   2496
  3.806364e-01   5.412413e-17   1.516625e-04   1.120680e-18   2228
  3.811316e-01   5.556699e-17   1.413981e-04   9.990771e-19   3048
  3.816243e-01   5.205258e-17   1.350676e-04   1.006128e-18   2676
  3.821140e-01   5.372995e-17   1.345571e-04   9.868194e-19   2784
  3.825820e-01   5.590238e-17   1.307225e-04   1.316007e-18   1920
  3.830514e-01   5.017175e-17   1.395126e-04   1.026115e-18   2400
  3.835600e-01   5.207528e-17   1.279618e-04   1.023026e-18   2532
  3.840860e-01   5.118353e-17   1.421350e-04   1.084665e-18   2544
  3.845592e-01   4.951370e-17   1.486925e-04   9.798538e-19   2772
  3.850254e-01   4.974770e-17   1.392746e-04   1.103044e-18   2160
  3.854884e-01   5.157492e-17   1.500120e-04   1.103872e-18   2304
  3.860241e-01   4.847247e-17   1.467945e-04   1.028693e-18   2328
  3.865043e-01   4.649271e-17   1.407449e-04   1.117600e-18   2304
  3.869492e-01   4.832563e-17   1.330938e-04   1.110809e-18   1908
  3.874552e-01   5.152541e-17   1.488569e-04   9.844535e-19   2736
  3.879425e-01   4.926905e-17   1.410418e-04   1.077357e-18   2448
  3.884609e-01   4.614359e-17   1.318665e-04   1.005036e-18   2040
  3.889299e-01   4.271306e-17   1.372999e-04   9.189337e-19   2120
  3.893809e-01   4.577869e-17   1.138355e-04   1.037989e-18   2040
  3.898664e-01   4.326777e-17   1.412334e-04   9.976660e-19   2208
  3.904158e-01   4.589197e-17   1.268062e-04   1.031960e-18   2208
  3.908608e-01   4.800381e-17   1.405255e-04   1.007878e-18   2196
  3.913207e-01   4.061092e-17   1.236152e-04   9.836360e-19   1848
  3.917886e-01   4.324096e-17   1.401960e-04   9.479973e-19   2124
  3.923120e-01   4.542687e-17   1.470626e-04   9.865065e-19   2328
  3.928231e-01   4.203457e-17   1.497225e-04   1.038416e-18   1920
  3.933200e-01   4.115479e-17   1.374435e-04   1.112233e-18   1548
  3.937619e-01   4.277388e-17   1.507712e-04   9.000721e-19   2388
  3.942832e-01   3.969211e-17   1.395210e-04   9.073998e-19   2160
  3.947606e-01   4.013813e-17   1.269906e-04   9.775629e-19   1704
  3.952179e-01   4.089728e-17   1.430661e-04   9.624686e-19   1776
  3.956506e-01   3.958963e-17   1.338203e-04   9.897799e-19   1800
  3.961977e-01   4.087766e-17   1.544832e-04   1.040626e-18   1700
  3.967087e-01   3.864299e-17   1.390936e-04   8.525817e-19   2292
  3.971846e-01   3.980963e-17   1.291201e-04   1.010298e-18   1704
  3.976337e-01   3.873389e-17   1.443780e-04   9.798467e-19   1728
  3.981255e-01   3.774075e-17   1.336251e-04   8.972434e-19   1728
  3.986075e-01   4.086030e-17   1.334994e-04   1.071632e-18   1680
  3.991202e-01   3.443510e-17   1.537953e-04   8.887454e-19   1704
  3.996310e-01   3.528217e-17   1.207753e-04   7.839535e-19   1752
  4.000877e-01   3.955223e-17   1.435789e-04   1.054277e-18   1872
  4.005817e-01   4.119460e-17   1.407232e-04   1.131149e-18   1500
  4.010829e-01   3.558461e-17   1.232237e-04   9.061237e-19   1656
  4.015697e-01   3.670330e-17   1.321192e-04   1.043276e-18   1464
  4.020023e-01   3.130750e-17   1.157232e-04   8.473009e-19   1488
  4.025329e-01   3.563489e-17   1.396693e-04   8.857071e-19   1680
  4.030178e-01   3.502489e-17   1.459194e-04   9.226806e-19   1692
  4.034716e-01   3.320486e-17   1.397252e-04   1.077799e-18   1128
  4.039751e-01   3.627221e-17   1.345433e-04   9.991459e-19   1536
  4.044663e-01   3.331680e-17   1.402479e-04   8.473151e-19   1616
  4.049637e-01   3.157130e-17   1.352429e-04   8.603616e-19   1476
  4.054650e-01   2.998530e-17   1.488381e-04   8.883787e-19   1176
  4.059124e-01   3.216269e-17   1.599107e-04   7.971642e-19   1656
  4.063997e-01   3.408906e-17   1.404668e-04   1.149749e-18   891
  4.069020e-01   3.116542e-17   1.497388e-04   8.486395e-19   1596
  4.073915e-01   2.937450e-17   1.305762e-04   8.115815e-19   1422
  4.078742e-01   3.096460e-17   1.252138e-04   9.259904e-19   1254
  4.083284e-01   2.893056e-17   1.279202e-04   9.943714e-19   918
  4.088148e-01   3.020020e-17   1.400009e-04   7.609751e-19   1614
  4.093049e-01   2.703964e-17   1.209347e-04   1.022279e-18   798
  4.097922e-01   2.963771e-17   1.550239e-04   8.935357e-19   1458
  4.102863e-01   2.885665e-17   1.419502e-04   7.926323e-19   1374
  4.107747e-01   2.864142e-17   1.212349e-04   1.044969e-18   984
  4.112591e-01   2.816289e-17   1.668024e-04   9.609790e-19   1062
  4.117525e-01   3.215860e-17   1.413965e-04   9.500326e-19   1246
  4.122317e-01   2.524253e-17   1.311095e-04   8.363730e-19   1072
  4.127436e-01   2.528899e-17   1.419832e-04   7.896225e-19   1110
  4.132166e-01   2.766064e-17   1.538182e-04   8.367242e-19   1254
  4.137139e-01   2.618386e-17   1.459816e-04   8.250862e-19   1032
  4.142557e-01   2.734514e-17   1.352509e-04   1.009517e-18   786
  4.146677e-01   2.733716e-17   1.386613e-04   9.345552e-19   1152
  4.151502e-01   2.571649e-17   1.511270e-04   8.000581e-19   1086
  4.156529e-01   2.396490e-17   1.363503e-04   8.043560e-19   912
  4.161175e-01   2.756815e-17   1.366785e-04   8.912929e-19   1062
  4.165917e-01   2.385999e-17   1.362355e-04   8.246129e-19   912
  4.171397e-01   2.194891e-17   1.520835e-04   8.743607e-19   750
  4.175668e-01   2.438492e-17   1.465336e-04   7.431078e-19   1200
  4.180611e-01   2.252370e-17   1.326977e-04   7.335077e-19   918
  4.185524e-01   2.239845e-17   1.377357e-04   8.034282e-19   876
  4.190517e-01   2.550655e-17   1.203534e-04   8.504032e-19   870
  4.194890e-01   2.568842e-17   1.403731e-04   1.011757e-18   768
  4.200015e-01   2.182788e-17   1.286594e-04   7.314207e-19   830
  4.204761e-01   2.243946e-17   1.332096e-04   7.278991e-19   1080
  4.209676e-01   2.236264e-17   1.498783e-04   7.737840e-19   840
  4.214632e-01   2.254293e-17   1.443163e-04   8.063334e-19   798
  4.220251e-01   2.480670e-17   1.145461e-04   9.607575e-19   792
  4.224609e-01   2.113584e-17   1.335978e-04   8.978737e-19   726
  4.229181e-01   1.809942e-17   1.497038e-04   6.309959e-19   864
  4.234189e-01   2.366399e-17   1.281430e-04   8.117368e-19   900
  4.239267e-01   2.003448e-17   1.424135e-04   7.713675e-19   726
  4.243623e-01   2.078306e-17   1.232527e-04   8.814231e-19   576
  4.249434e-01   2.050086e-17   1.282664e-04   6.854803e-19   840
  4.253523e-01   1.859538e-17   1.331485e-04   7.633855e-19   750
  4.258366e-01   1.919205e-17   1.335529e-04   7.374851e-19   720
  4.262936e-01   2.189547e-17   1.351090e-04   8.737167e-19   702
  4.268271e-01   2.149239e-17   1.475571e-04   7.747104e-19   696
  4.272662e-01   2.051566e-17   1.319621e-04   1.013936e-18   480
  4.277837e-01   1.989625e-17   1.250396e-04   6.477577e-19   830
  4.282419e-01   2.035702e-17   1.454616e-04   7.938989e-19   756
  4.287552e-01   1.923511e-17   1.396687e-04   7.972964e-19   624
  4.292083e-01   1.668152e-17   1.475796e-04   6.912445e-19   582
  4.297440e-01   2.004469e-17   1.132706e-04   8.413571e-19   576
  4.302073e-01   1.801611e-17   1.517064e-04   6.694821e-19   624
  4.306823e-01   1.851692e-17   1.238986e-04   8.109348e-19   702
  4.311525e-01   1.821064e-17   1.425165e-04   7.744717e-19   624
  4.317110e-01   1.888676e-17   1.378751e-04   7.511429e-19   672
  4.321659e-01   1.634884e-17   1.032125e-04   9.285887e-19   342
  4.326655e-01   1.895813e-17   1.290292e-04   7.486445e-19   660
  4.331249e-01   1.620668e-17   1.326364e-04   7.231093e-19   576
  4.335992e-01   1.683392e-17   1.289493e-04   6.516397e-19   600
  4.340787e-01   1.690420e-17   1.491476e-04   9.056896e-19   510
  4.346181e-01   1.740201e-17   1.397290e-04   6.715650e-19   600
  4.350341e-01   1.609905e-17   1.112888e-04   9.859687e-19   216
  4.355185e-01   1.576148e-17   1.354577e-04   5.768033e-19   758
  4.360833e-01   1.528210e-17   1.482975e-04   6.099873e-19   576
  4.365782e-01   1.518397e-17   1.259005e-04   6.836280e-19   528
  4.370248e-01   1.806351e-17   8.670054e-05   1.007632e-18   318
  4.375047e-01   1.698599e-17   1.497759e-04   7.647366e-19   540
  4.380721e-01   1.261302e-17   1.058893e-04   6.498927e-19   384
  4.384565e-01   1.570798e-17   1.463022e-04   6.514649e-19   576
  4.389570e-01   1.336043e-17   1.195560e-04   5.592136e-19   414
  4.394302e-01   1.686263e-17   1.335050e-04   7.299808e-19   504
  4.399357e-01   1.438097e-17   1.465573e-04   7.315831e-19   312
  4.404212e-01   1.598716e-17   1.327827e-04   7.906586e-19   414
  4.409029e-01   1.467978e-17   1.226699e-04   7.201962e-19   432
  4.413512e-01   1.367153e-17   1.624587e-04   6.735698e-19   504
  4.418701e-01   1.542306e-17   1.564660e-04   7.475281e-19   432
  4.423558e-01   1.472725e-17   1.281691e-04   7.301947e-19   354
  4.428506e-01   1.536086e-17   1.865017e-04   1.104579e-18   200
  4.432750e-01   1.312065e-17   1.323290e-04   5.919863e-19   480
  4.438485e-01   1.467454e-17   1.512148e-04   6.200495e-19   552
  4.443745e-01   1.505195e-17   9.419478e-05   7.803122e-19   366
  4.447799e-01   1.387730e-17   1.002751e-04   8.597717e-19   240
  4.452261e-01   1.530119e-17   1.401886e-04   8.810708e-19   288
  4.458541e-01   1.272488e-17   9.634579e-05   6.707025e-19   366
  4.462600e-01   1.358296e-17   1.562070e-04   6.628048e-19   408
  4.467132e-01   1.579556e-17   1.174273e-04   8.269741e-19   360
  4.471820e-01   1.329003e-17   1.094619e-04   7.611550e-19   324
  4.476367e-01   1.235604e-17   1.292780e-04   7.777877e-19   174
  4.481783e-01   1.293303e-17   1.485222e-04   8.361736e-19   264
  4.486867e-01   1.236499e-17   1.354596e-04   6.020678e-19   456
  4.491937e-01   1.262465e-17   1.362099e-04   6.261240e-19   360
  4.496105e-01   1.535173e-17   1.500483e-04   9.211353e-19   270
  4.501209e-01   1.340181e-17   1.641082e-04   8.625064e-19   240
  4.507604e-01   1.358668e-17   1.195905e-04   1.321188e-18   120
  4.510747e-01   9.843705e-18   1.248485e-04   5.346163e-19   320
  4.515822e-01   1.115169e-17   1.544785e-04   5.062059e-19   462
  4.521137e-01   1.340210e-17   8.987666e-05   8.028466e-19   276
  4.525754e-01   1.275107e-17   1.019637e-04   1.096638e-18   144
  4.530202e-01   1.396527e-17   1.070818e-04   1.033863e-18   120
  4.536115e-01   1.094966e-17   8.108908e-05   5.173524e-19   294
  4.540583e-01   1.108001e-17   1.438563e-04   4.864081e-19   384
  4.544753e-01   1.272105e-17   9.523196e-05   8.958821e-19   216
  4.548743e-01   1.301353e-17   8.843896e-05   1.142970e-18   168
  4.553251e-01   1.162565e-17   1.052282e-04   1.182147e-18   102
  4.559768e-01   1.109192e-17   1.596520e-04   8.431253e-19   168
  4.564337e-01   1.248722e-17   1.397340e-04   5.684567e-19   384
  4.569346e-01   1.111785e-17   1.419732e-04   6.295713e-19   300
  4.574008e-01   1.114216e-17   1.520225e-04   9.958137e-19   144
  4.579263e-01   1.301059e-17   1.556925e-04   1.479312e-18   102
  4.585568e-01   1.521595e-17   3.685588e-05   1.844051e-18   56
  4.588590e-01   1.039807e-17   1.199932e-04   5.882748e-19   288
  4.593328e-01   1.000116e-17   1.561557e-04   5.463431e-19   360
  4.598487e-01   9.942530e-18   8.376686e-05   7.832896e-19   126
  4.602834e-01   1.310961e-17   4.125612e-05   1.246725e-18   72
  4.607572e-01   1.371787e-17   2.185755e-05   2.415811e-18   48
  4.613754e-01   1.011043e-17   8.842417e-05   5.937691e-19   240
  4.617816e-01   9.011852e-18   1.311982e-04   4.474459e-19   306
  4.621975e-01   1.083236e-17   7.291699e-05   8.129312e-19   120
  4.626766e-01   1.166696e-17   1.794585e-04   1.004948e-18   96
  4.630248e-01   1.669781e-17   0.000000e+00   3.494524e-18   24
  4.638071e-01   1.047154e-17   1.554065e-04   1.117195e-18   120
  4.641905e-01   9.220553e-18   1.343981e-04   5.762334e-19   318
  4.646594e-01   9.716534e-18   1.436227e-04   8.523639e-19   168
  4.651731e-01   9.435145e-18   1.541232e-04   1.156407e-18   72
  4.657357e-01   1.078458e-17   0.000000e+00   1.436227e-18   24
  4.663408e-01   1.147791e-17   7.481195e-05   1.998262e-18   14
  4.666286e-01   7.751251e-18   1.179951e-04   4.592747e-19   288
  4.670757e-01   1.054916e-17   1.419546e-04   8.194068e-19   204
  4.675916e-01   1.252393e-17   2.153808e-05   1.255133e-18   48
  4.680007e-01   9.469076e-18   0.000000e+00   9.883178e-19   24
  4.684739e-01   1.864936e-18   0.000000e+00   6.607719e-19   6
  4.691541e-01   9.729658e-18   8.821950e-05   5.853353e-19   216
  4.695046e-01   9.746939e-18   1.174842e-04   6.751735e-19   192
  4.699334e-01   1.013129e-17   2.143075e-05   1.379109e-18   48
  4.703832e-01   6.647331e-18   1.712353e-04   8.629061e-19   30
  4.716555e-01   9.070531e-18   3.540978e-05   1.028825e-18   96
  4.719167e-01   7.692238e-18   1.160286e-04   4.830585e-19   228
  4.724128e-01   8.988516e-18   1.517284e-04   1.015486e-18   72
  4.730094e-01   3.162445e-17   0.000000e+00   1.345057e-17   6
  4.743680e-01   9.508107e-18   1.145631e-04   6.275080e-19   248
  4.748016e-01   8.966985e-18   1.311235e-04   8.349821e-19   72
  4.753245e-01   1.625408e-17   7.266090e-09   7.065383e-18   6
  4.769053e-01   7.873500e-18   8.141014e-05   6.157855e-19   180
  4.772205e-01   7.849319e-18   1.107713e-04   9.826551e-19   72
  4.776705e-01   1.396546e-17   0.000000e+00   6.709925e-18   6
  4.794278e-01   6.659688e-18   3.483570e-05   5.497147e-19   96
  4.796378e-01   7.554873e-18   9.563861e-05   8.684496e-19   96
  4.800471e-01   1.432768e-17   0.000000e+00   1.797935e-18   6
  4.820778e-01   1.006330e-17   9.153355e-05   7.066034e-19   140
  4.824537e-01   5.818402e-18   0.000000e+00   1.423865e-18   6
  4.846301e-01   8.392865e-18   6.146888e-05   7.002628e-19   96
  4.848898e-01   6.228134e-18   0.000000e+00   2.659637e-18   6
  4.871898e-01   7.065545e-18   3.697860e-05   8.014217e-19   60
  4.873552e-01   1.391459e-17   0.000000e+00   1.374167e-18   6
  4.897713e-01   7.211601e-18   3.748867e-05   1.072171e-18   38
  4.923442e-01   8.841442e-18   1.928513e-05   1.464940e-18   18
  4.949217e-01   7.256512e-19   7.266090e-09   3.101054e-20   6
