# power spectrum of pi_k * H (dimensionless)
# redshift z=48.519783
# k              Pk             sigma(k)       sigma(Pk)      count
  4.487990e-03   8.150372e-11   0.000000e+00   3.285338e-11   6
  6.346976e-03   4.869266e-11   0.000000e+00   9.719685e-12   12
  7.773426e-03   3.701464e-11   8.514949e-11   7.535069e-12   8
  8.975979e-03   1.241862e-10   0.000000e+00   1.336228e-11   6
  1.003545e-02   8.679281e-11   1.605594e-10   2.766827e-11   24
  1.099328e-02   1.244302e-10   1.605594e-10   2.096597e-11   24
  1.269395e-02   5.565284e-11   0.000000e+00   2.504749e-11   12
  1.346397e-02   6.464796e-11   1.816523e-10   1.189834e-11   30
  1.419227e-02   8.106291e-11   0.000000e+00   1.786364e-11   24
  1.488498e-02   7.388952e-11   2.780971e-10   1.831852e-11   24
  1.554685e-02   8.603424e-11   1.702990e-10   1.743702e-11   8
  1.618168e-02   7.292714e-11   2.270653e-10   9.062834e-12   24
  1.679252e-02   6.849508e-11   0.000000e+00   9.626390e-12   48
  1.795196e-02   8.120258e-11   0.000000e+00   3.570466e-11   6
  1.850445e-02   6.467145e-11   2.270653e-10   9.076393e-12   48
  1.904093e-02   5.992321e-11   2.140792e-10   6.237915e-12   36
  1.956269e-02   8.576111e-11   2.270653e-10   1.793698e-11   24
  2.007090e-02   5.036549e-11   3.211188e-10   8.666125e-12   24
  2.056655e-02   4.496776e-11   0.000000e+00   6.113007e-12   48
  2.105054e-02   6.933865e-11   3.211188e-10   9.870313e-12   24
  2.198657e-02   5.508257e-11   3.211188e-10   8.662174e-12   24
  2.243995e-02   3.754391e-11   0.000000e+00   6.144931e-12   30
  2.288435e-02   4.003850e-11   0.000000e+00   4.415691e-12   72
  2.332028e-02   3.909290e-11   3.405980e-10   7.968178e-12   32
  2.416856e-02   5.160522e-11   0.000000e+00   5.977944e-12   72
  2.458173e-02   3.148458e-11   0.000000e+00   4.603856e-12   48
  2.538790e-02   1.657702e-11   0.000000e+00   4.930212e-12   12
  2.597539e-02   3.075504e-11   1.938570e-04   2.846373e-12   96
  2.655130e-02   3.816986e-11   3.211188e-10   4.816856e-12   48
  2.692794e-02   4.569957e-11   3.633045e-10   8.006454e-12   30
  2.757421e-02   4.143817e-11   1.586779e-04   3.899450e-12   96
  2.838454e-02   2.453538e-11   0.000000e+00   4.657985e-12   24
  2.885327e-02   3.429216e-11   1.642099e-04   2.776228e-12   144
  2.942972e-02   2.369082e-11   5.561942e-10   5.816954e-12   24
  3.002225e-02   3.496804e-11   1.456630e-04   3.984882e-12   96
  3.043903e-02   3.057062e-11   0.000000e+00   4.705622e-12   48
  3.137435e-02   3.694639e-11   1.080207e-04   4.177695e-12   62
  3.184971e-02   2.669379e-11   1.519035e-04   3.216713e-12   132
  3.236335e-02   1.746626e-11   4.541306e-10   3.113869e-12   24
  3.284837e-02   2.723640e-11   1.518246e-04   2.308344e-12   168
  3.373431e-02   3.134322e-11   1.492698e-04   2.618518e-12   96
  3.439955e-02   2.101846e-11   1.270423e-04   1.985624e-12   96
  3.521583e-02   2.171081e-11   1.416056e-04   1.789566e-12   168
  3.590392e-02   2.967962e-11   0.000000e+00   1.304016e-11   6
  3.618333e-02   2.386941e-11   0.000000e+00   2.320151e-12   96
  3.651563e-02   2.272132e-11   1.100713e-04   2.239120e-12   120
  3.718966e-02   1.799578e-11   1.278125e-04   1.419383e-12   144
  3.754921e-02   2.058723e-11   0.000000e+00   2.775603e-12   48
  3.823245e-02   1.817987e-11   1.304211e-04   1.954473e-12   84
  3.860715e-02   1.994955e-11   8.899106e-10   1.788286e-12   120
  3.894461e-02   1.532657e-11   1.183479e-04   1.758752e-12   80
  3.946692e-02   1.445019e-11   1.201620e-04   1.059665e-12   144
  4.014180e-02   1.809988e-11   6.422377e-10   3.357720e-12   24
  4.047145e-02   1.970766e-11   1.159510e-04   1.644913e-12   150
  4.098576e-02   1.758963e-11   1.203057e-04   1.284667e-12   120
  4.155056e-02   1.584628e-11   1.096333e-04   1.341951e-12   168
  4.210107e-02   2.314844e-11   6.422377e-10   3.869654e-12   24
  4.244743e-02   1.364601e-11   1.181082e-04   8.660628e-13   264
  4.281269e-02   1.087855e-11   6.422377e-10   1.525002e-12   48
  4.343532e-02   1.392059e-11   1.093985e-04   1.145535e-12   144
  4.412543e-02   1.680504e-11   1.076845e-04   2.049117e-12   72
  4.451927e-02   1.328221e-11   1.107671e-04   8.472435e-13   180
  4.506982e-02   1.390614e-11   8.025835e-05   1.034436e-12   198
  4.532647e-02   1.477881e-11   0.000000e+00   1.630998e-12   48
  4.589413e-02   1.177868e-11   1.086319e-04   8.866590e-13   168
  4.631540e-02   1.378660e-11   1.087222e-04   1.259355e-12   144
  4.695270e-02   1.283688e-11   1.527607e-04   6.726361e-13   248
  4.781330e-02   9.024797e-12   1.053161e-04   6.342888e-13   192
  4.839932e-02   1.171562e-11   1.626762e-04   7.684966e-13   240
  4.875204e-02   1.274604e-11   0.000000e+00   1.381335e-12   72
  4.929001e-02   1.312398e-11   9.927197e-05   1.146811e-12   126
  4.962939e-02   1.385267e-11   9.159181e-05   1.092060e-12   168
  5.027740e-02   1.292559e-11   1.001546e-04   7.204770e-13   288
  5.095853e-02   1.166998e-11   5.274950e-05   9.988685e-13   156
  5.131126e-02   9.967438e-12   8.873998e-05   8.666246e-13   168
  5.184617e-02   1.046001e-11   1.521290e-04   6.437794e-13   264
  5.233850e-02   9.656307e-12   0.000000e+00   1.182859e-12   48
  5.270435e-02   9.796446e-12   1.514052e-04   6.406187e-13   264
  5.322882e-02   9.985581e-12   8.924381e-05   8.297538e-13   144
  5.362492e-02   1.090606e-11   1.825884e-04   1.238658e-12   78
  5.420192e-02   8.927182e-12   1.186900e-04   4.936898e-13   336
  5.474604e-02   8.237720e-12   9.030373e-05   5.594849e-13   200
  5.510338e-02   7.995043e-12   1.768159e-04   6.078555e-13   192
  5.558581e-02   9.838429e-12   8.873069e-05   6.971087e-13   240
  5.602902e-02   1.047658e-11   1.778215e-04   7.260451e-13   168
  5.648434e-02   8.594170e-12   1.423690e-04   7.391427e-13   120
  5.703118e-02   9.418908e-12   1.112738e-04   4.997891e-13   324
  5.756179e-02   8.411098e-12   8.748012e-05   5.723950e-13   192
  5.792293e-02   9.334781e-12   1.568908e-04   6.736146e-13   168
  5.853721e-02   7.055986e-12   1.292197e-04   3.864066e-13   342
  5.909109e-02   9.612713e-12   1.040479e-04   4.947237e-13   336
  5.965251e-02   1.056056e-11   7.962394e-05   1.158066e-12   72
  6.003109e-02   8.420734e-12   1.273478e-04   5.598887e-13   288
  6.047058e-02   8.281415e-12   8.293768e-05   5.994455e-13   264
  6.108439e-02   7.325898e-12   1.090835e-04   3.972012e-13   384
  6.163419e-02   7.629511e-12   1.309286e-04   5.733324e-13   240
  6.186267e-02   7.900768e-12   0.000000e+00   9.645370e-13   48
  6.252352e-02   7.803648e-12   1.071736e-04   3.925792e-13   392
  6.302771e-02   7.174660e-12   1.176177e-04   4.078393e-13   294
  6.356985e-02   7.091755e-12   7.644534e-05   5.303268e-13   228
  6.392640e-02   8.338143e-12   1.160935e-04   5.438070e-13   216
  6.437004e-02   6.916944e-12   7.071608e-05   3.663302e-13   336
  6.491309e-02   7.281156e-12   8.402231e-05   4.139275e-13   360
  6.536140e-02   7.822078e-12   1.280140e-04   4.827139e-13   240
  6.582853e-02   7.227257e-12   1.514699e-04   5.094521e-13   168
  6.626426e-02   6.496084e-12   1.192252e-04   3.684516e-13   312
  6.678338e-02   6.501156e-12   7.461529e-05   3.292789e-13   336
  6.734419e-02   6.943741e-12   1.017891e-04   4.227087e-13   294
  6.776702e-02   7.775286e-12   1.356641e-04   4.786476e-13   288
  6.809058e-02   5.453840e-12   8.488954e-05   3.546885e-13   264
  6.866755e-02   6.298007e-12   1.458184e-04   3.162089e-13   480
  6.914996e-02   6.947037e-12   7.133389e-05   4.143600e-13   240
  6.974139e-02   6.805077e-12   7.213111e-05   3.965269e-13   276
  7.020800e-02   6.277376e-12   1.583420e-04   2.634588e-13   488
  7.076234e-02   7.053717e-12   6.973720e-05   6.207356e-13   240
  7.108411e-02   6.430019e-12   1.354117e-04   3.206791e-13   360
  7.153530e-02   5.400528e-12   4.817743e-05   3.980754e-13   198
  7.211554e-02   5.208705e-12   1.627935e-04   2.257482e-13   480
  7.254038e-02   5.202149e-12   6.008787e-05   3.131253e-13   288
  7.312796e-02   5.942440e-12   1.270121e-04   2.825141e-13   480
  7.365633e-02   5.982217e-12   7.825550e-05   2.563864e-13   480
  7.419894e-02   5.208590e-12   1.012105e-04   3.458091e-13   288
  7.453749e-02   5.882479e-12   1.079729e-04   3.356943e-13   288
  7.506996e-02   5.491690e-12   1.877112e-04   2.665983e-13   456
  7.560610e-02   6.076914e-12   1.767802e-04   3.016394e-13   360
  7.595177e-02   5.398992e-12   1.059672e-04   3.361773e-13   180
  7.645202e-02   4.542245e-12   1.154112e-04   1.934958e-13   486
  7.695907e-02   5.095199e-12   1.535340e-04   2.292213e-13   504
  7.747462e-02   5.386260e-12   1.192882e-04   2.537180e-13   456
  7.790209e-02   5.086664e-12   9.910745e-05   2.961296e-13   296
  7.846686e-02   4.822025e-12   9.779604e-05   2.106943e-13   528
  7.889160e-02   4.839031e-12   9.649931e-05   2.434817e-13   336
  7.951717e-02   4.775108e-12   1.070358e-04   1.977924e-13   600
  7.997507e-02   3.970703e-12   6.270729e-05   2.348767e-13   264
  8.043396e-02   4.628635e-12   6.781049e-05   2.266030e-13   360
  8.090234e-02   4.432847e-12   1.357633e-04   1.932053e-13   630
  8.141847e-02   5.126555e-12   7.007974e-05   2.423253e-13   432
  8.187631e-02   4.861371e-12   1.350259e-04   2.334941e-13   408
  8.243827e-02   4.371976e-12   8.962194e-05   2.357591e-13   324
  8.285635e-02   4.134332e-12   1.277222e-04   1.553622e-13   744
  8.336064e-02   3.899366e-12   1.021054e-04   2.169947e-13   336
  8.384245e-02   4.495647e-12   1.403689e-04   1.945390e-13   528
  8.437080e-02   3.772230e-12   7.162045e-05   2.047376e-13   408
  8.472109e-02   3.639825e-12   1.218981e-04   1.788414e-13   408
  8.529988e-02   3.729063e-12   1.006308e-04   1.693858e-13   470
  8.572148e-02   3.978239e-12   1.208902e-04   1.815215e-13   528
  8.631019e-02   3.367014e-12   1.007343e-04   1.258862e-13   624
  8.674381e-02   3.832377e-12   7.664930e-05   1.787506e-13   504
  8.719116e-02   3.286443e-12   1.067668e-04   1.401394e-13   552
  8.763489e-02   3.558287e-12   5.190111e-05   1.789168e-13   336
  8.819051e-02   3.799404e-12   1.104770e-04   1.683706e-13   528
  8.862093e-02   3.526314e-12   1.257802e-04   1.401364e-13   564
  8.912507e-02   3.271021e-12   1.157674e-04   1.568278e-13   528
  8.967166e-02   3.626404e-12   1.797324e-04   1.572004e-13   582
  9.016871e-02   3.328530e-12   1.383668e-04   1.333467e-13   624
  9.060342e-02   3.210795e-12   1.581799e-04   1.621344e-13   432
  9.112208e-02   3.311768e-12   1.759475e-04   1.122947e-13   816
  9.165576e-02   3.370997e-12   8.018898e-05   1.885553e-13   312
  9.200488e-02   2.918192e-12   1.299641e-04   1.282327e-13   552
  9.256787e-02   3.050315e-12   8.185444e-05   1.133227e-13   744
  9.297574e-02   3.268064e-12   7.646869e-05   1.781430e-13   408
  9.350218e-02   2.839699e-12   1.095830e-04   1.161511e-13   632
  9.404906e-02   3.238390e-12   1.860997e-04   1.207731e-13   750
  9.449396e-02   3.248665e-12   1.280227e-04   1.733220e-13   312
  9.498974e-02   2.936162e-12   1.890077e-04   1.009911e-13   876
  9.548011e-02   2.407901e-12   1.234108e-04   9.906257e-14   552
  9.603265e-02   2.841614e-12   1.020603e-04   1.112831e-13   696
  9.640905e-02   2.852203e-12   1.126552e-04   1.238836e-13   576
  9.692128e-02   2.555001e-12   1.192748e-04   1.183108e-13   576
  9.735848e-02   2.783808e-12   1.598285e-04   1.099754e-13   648
  9.788685e-02   2.750836e-12   1.599783e-04   1.015346e-13   672
  9.847019e-02   2.652404e-12   6.785687e-05   1.261604e-13   480
  9.884355e-02   2.449530e-12   1.050846e-04   8.800033e-14   726
  9.932431e-02   2.689976e-12   1.190745e-04   9.591376e-14   792
  9.984502e-02   2.466018e-12   1.651878e-04   9.038646e-14   768
  1.003938e-01   2.560572e-12   1.350017e-04   9.602805e-14   672
  1.008970e-01   2.462742e-12   9.055629e-05   9.599261e-14   608
  1.012613e-01   2.304220e-12   8.693679e-05   9.052061e-14   624
  1.017809e-01   2.282800e-12   1.129736e-04   8.263695e-14   684
  1.022864e-01   2.299299e-12   1.668752e-04   7.964855e-14   768
  1.027568e-01   2.387720e-12   1.334155e-04   8.168766e-14   744
  1.033173e-01   2.209364e-12   8.400635e-05   7.632502e-14   750
  1.037259e-01   2.081510e-12   1.248642e-04   9.194525e-14   600
  1.041677e-01   2.188028e-12   1.325833e-04   8.922769e-14   600
  1.047135e-01   2.211324e-12   1.527941e-04   6.862077e-14   1008
  1.051470e-01   2.222452e-12   8.474486e-05   8.406484e-14   696
  1.056273e-01   2.275913e-12   1.119517e-04   9.411871e-14   624
  1.061102e-01   2.163289e-12   1.742111e-04   8.092304e-14   840
  1.066588e-01   2.287234e-12   1.185366e-04   7.956039e-14   816
  1.071038e-01   2.017948e-12   7.873478e-05   6.878971e-14   744
  1.075531e-01   2.066994e-12   1.391901e-04   8.726941e-14   510
  1.080960e-01   2.107804e-12   1.336339e-04   6.731667e-14   1020
  1.086012e-01   2.073349e-12   1.078294e-04   6.689075e-14   912
  1.090992e-01   2.116753e-12   1.597552e-04   7.548640e-14   752
  1.095110e-01   2.037696e-12   1.325595e-04   7.955370e-14   888
  1.100730e-01   1.944856e-12   8.554013e-05   6.842531e-14   768
  1.105327e-01   1.932859e-12   1.554339e-04   6.924391e-14   720
  1.110617e-01   1.924753e-12   1.370195e-04   6.232661e-14   1056
  1.115309e-01   1.935020e-12   9.479589e-05   8.504440e-14   504
  1.119154e-01   1.729142e-12   1.480257e-04   6.554136e-14   774
  1.124652e-01   1.874648e-12   1.423615e-04   5.738513e-14   1272
  1.129816e-01   1.910619e-12   9.326921e-05   7.360703e-14   744
  1.134632e-01   1.748514e-12   1.523027e-04   6.347341e-14   768
  1.139050e-01   1.831616e-12   1.288282e-04   6.150869e-14   840
  1.144011e-01   1.878893e-12   8.734207e-05   6.018998e-14   924
  1.148789e-01   1.803149e-12   1.539839e-04   5.906468e-14   936
  1.153484e-01   1.661603e-12   1.070130e-04   5.421758e-14   840
  1.158214e-01   1.819486e-12   1.272259e-04   5.682941e-14   1008
  1.164225e-01   1.660016e-12   1.436262e-04   6.168733e-14   696
  1.167996e-01   1.621405e-12   1.276589e-04   5.298519e-14   974
  1.173599e-01   1.767910e-12   1.695459e-04   5.101960e-14   1152
  1.178471e-01   1.711675e-12   6.634378e-05   5.767945e-14   816
  1.182260e-01   1.593748e-12   1.459488e-04   5.321146e-14   816
  1.187357e-01   1.672680e-12   1.288794e-04   4.928906e-14   1152
  1.192732e-01   1.664134e-12   1.160356e-04   5.347882e-14   912
  1.197621e-01   1.746889e-12   1.409833e-04   5.348900e-14   1056
  1.201806e-01   1.678114e-12   1.205660e-04   6.956828e-14   624
  1.207435e-01   1.593577e-12   1.506027e-04   4.779210e-14   1260
  1.212292e-01   1.635337e-12   9.083716e-05   5.461762e-14   894
  1.217037e-01   1.718954e-12   1.556364e-04   4.725052e-14   1176
  1.221783e-01   1.502988e-12   1.288208e-04   5.642953e-14   840
  1.227186e-01   1.590160e-12   1.464236e-04   4.045814e-14   1440
  1.232859e-01   1.450619e-12   8.232021e-05   4.702721e-14   864
  1.237160e-01   1.619485e-12   1.412655e-04   5.152181e-14   1056
  1.241441e-01   1.650589e-12   8.328830e-05   6.823041e-14   624
  1.246641e-01   1.536273e-12   1.542356e-04   3.940928e-14   1496
  1.251612e-01   1.538693e-12   1.088958e-04   5.924011e-14   936
  1.256039e-01   1.461016e-12   1.576468e-04   4.731198e-14   966
  1.260801e-01   1.462958e-12   1.117465e-04   4.765167e-14   936
  1.265804e-01   1.516045e-12   1.382244e-04   4.182857e-14   1248
  1.270926e-01   1.404352e-12   9.744205e-05   4.189631e-14   1044
  1.275698e-01   1.402306e-12   1.509409e-04   3.991765e-14   1392
  1.279478e-01   1.353868e-12   1.162549e-04   5.222492e-14   600
  1.284885e-01   1.351499e-12   1.320778e-04   3.522763e-14   1416
  1.289955e-01   1.400004e-12   1.421656e-04   4.042122e-14   1152
  1.295092e-01   1.362098e-12   1.363856e-04   4.337451e-14   936
  1.299230e-01   1.369433e-12   1.462802e-04   4.648370e-14   870
  1.304147e-01   1.440669e-12   1.226502e-04   4.158546e-14   1368
  1.309604e-01   1.378747e-12   1.612530e-04   3.527468e-14   1632
  1.314267e-01   1.449835e-12   7.000699e-05   5.083760e-14   816
  1.319315e-01   1.352728e-12   1.597143e-04   3.838075e-14   1200
  1.323720e-01   1.368182e-12   1.527057e-04   3.900394e-14   1184
  1.328194e-01   1.429317e-12   1.158936e-04   4.590564e-14   984
  1.333683e-01   1.299575e-12   1.414942e-04   3.405828e-14   1572
  1.338659e-01   1.413189e-12   7.792333e-05   5.140725e-14   840
  1.343297e-01   1.246805e-12   1.812138e-04   3.327846e-14   1392
  1.348193e-01   1.242498e-12   1.330470e-04   3.870134e-14   1158
  1.352564e-01   1.313779e-12   1.211496e-04   3.742531e-14   1272
  1.357826e-01   1.324497e-12   1.234623e-04   3.698843e-14   1320
  1.362769e-01   1.243311e-12   1.208065e-04   3.844190e-14   1104
  1.367472e-01   1.223573e-12   1.367360e-04   3.494990e-14   1392
  1.372408e-01   1.159435e-12   1.478938e-04   3.332555e-14   1296
  1.377492e-01   1.177524e-12   1.544255e-04   3.164232e-14   1392
  1.382262e-01   1.177474e-12   1.132835e-04   3.578200e-14   1104
  1.386675e-01   1.143361e-12   1.426913e-04   3.043325e-14   1320
  1.392961e-01   1.156994e-12   1.089713e-04   3.142328e-14   1422
  1.396977e-01   1.150716e-12   1.357176e-04   3.507573e-14   1212
  1.401589e-01   1.098829e-12   1.483027e-04   3.028488e-14   1280
  1.406327e-01   1.180913e-12   1.544235e-04   3.320215e-14   1272
  1.410869e-01   1.187561e-12   1.336382e-04   2.942074e-14   1680
  1.416252e-01   1.021888e-12   1.262633e-04   3.129157e-14   1152
  1.421207e-01   1.077708e-12   1.462174e-04   2.658351e-14   1512
  1.426417e-01   1.042817e-12   6.173239e-05   3.587806e-14   912
  1.430535e-01   1.078799e-12   1.556147e-04   2.542263e-14   1680
  1.436012e-01   9.600033e-13   1.378563e-04   2.462659e-14   1518
  1.440071e-01   1.076403e-12   1.276288e-04   3.191758e-14   1056
  1.444347e-01   1.026160e-12   1.288698e-04   2.611065e-14   1344
  1.449875e-01   1.156102e-12   1.383780e-04   2.820046e-14   1680
  1.454876e-01   9.963857e-13   1.363571e-04   2.565499e-14   1656
  1.460341e-01   9.819844e-13   1.159057e-04   3.304293e-14   1140
  1.464444e-01   9.653027e-13   1.342100e-04   2.750925e-14   1368
  1.469271e-01   9.674156e-13   1.526647e-04   2.471569e-14   1656
  1.474179e-01   9.896933e-13   1.563614e-04   2.761343e-14   1448
  1.479520e-01   9.395879e-13   1.468912e-04   2.409163e-14   1422
  1.484453e-01   9.792971e-13   1.621619e-04   2.572998e-14   1512
  1.488673e-01   9.811046e-13   1.236275e-04   2.850052e-14   1296
  1.493554e-01   9.204558e-13   1.128801e-04   2.272530e-14   1824
  1.498832e-01   9.117917e-13   1.463660e-04   2.346172e-14   1464
  1.504163e-01   8.486460e-13   1.306107e-04   1.911141e-14   1824
  1.509111e-01   9.251364e-13   1.038421e-04   2.447561e-14   1416
  1.513416e-01   8.694108e-13   1.521007e-04   2.350005e-14   1392
  1.518062e-01   8.636029e-13   1.403562e-04   2.271022e-14   1464
  1.523732e-01   7.949145e-13   1.372200e-04   2.177053e-14   1524
  1.528113e-01   8.338204e-13   1.264504e-04   2.167905e-14   1686
  1.533176e-01   8.327671e-13   1.505644e-04   2.104277e-14   1800
  1.537528e-01   9.055448e-13   1.195338e-04   2.782728e-14   1344
  1.542356e-01   8.482758e-13   1.394596e-04   2.291477e-14   1656
  1.547196e-01   8.409759e-13   1.113514e-04   2.125154e-14   1488
  1.551402e-01   8.560128e-13   1.111701e-04   2.173647e-14   1536
  1.557262e-01   7.943330e-13   1.234973e-04   2.030774e-14   1760
  1.561802e-01   7.655514e-13   1.373667e-04   1.789744e-14   1824
  1.567053e-01   8.323281e-13   1.152763e-04   2.139445e-14   1560
  1.572105e-01   8.098976e-13   1.324056e-04   2.011065e-14   1926
  1.576857e-01   8.116729e-13   9.415777e-05   2.363455e-14   1272
  1.581194e-01   7.562965e-13   1.582320e-04   1.824961e-14   1848
  1.586895e-01   7.820054e-13   1.278379e-04   1.783319e-14   1908
  1.591231e-01   7.667557e-13   1.246890e-04   2.050957e-14   1488
  1.595806e-01   7.082496e-13   1.406224e-04   1.794044e-14   1800
  1.600766e-01   7.183291e-13   1.407610e-04   1.761643e-14   1752
  1.605517e-01   7.005817e-13   1.496769e-04   1.886600e-14   1368
  1.610272e-01   7.220599e-13   1.406675e-04   1.544998e-14   2016
  1.615501e-01   7.512337e-13   1.485794e-04   1.955954e-14   1542
  1.620327e-01   6.960913e-13   1.454994e-04   1.632410e-14   2184
  1.625669e-01   7.300065e-13   1.330990e-04   1.719492e-14   1776
  1.630283e-01   6.871122e-13   1.521522e-04   1.906362e-14   1568
  1.634682e-01   7.128689e-13   1.390081e-04   1.685452e-14   2040
  1.639468e-01   7.264835e-13   1.486121e-04   1.787706e-14   1704
  1.644478e-01   6.526854e-13   1.489728e-04   1.710978e-14   1512
  1.649202e-01   6.773990e-13   1.270742e-04   1.515400e-14   2028
  1.654509e-01   6.705165e-13   1.532841e-04   1.499992e-14   1968
  1.659362e-01   6.389657e-13   1.554838e-04   1.485113e-14   1854
  1.664110e-01   6.520565e-13   1.482240e-04   1.602892e-14   1632
  1.668977e-01   6.609153e-13   1.523128e-04   1.356962e-14   2424
  1.674021e-01   6.444439e-13   1.524713e-04   1.639763e-14   1560
  1.678285e-01   6.543978e-13   1.440852e-04   1.513892e-14   1728
  1.683437e-01   6.279369e-13   1.538043e-04   1.490061e-14   2088
  1.688623e-01   5.874617e-13   1.464052e-04   1.359763e-14   1968
  1.693394e-01   6.105868e-13   1.449552e-04   1.443769e-14   2256
  1.698178e-01   6.172073e-13   1.288813e-04   1.437919e-14   1728
  1.703172e-01   6.060863e-13   1.270494e-04   1.673066e-14   1416
  1.707596e-01   6.386032e-13   1.339356e-04   1.353446e-14   2246
  1.712606e-01   6.067545e-13   1.483321e-04   1.444731e-14   2148
  1.717398e-01   6.247328e-13   1.252967e-04   1.636926e-14   1680
  1.721909e-01   5.981924e-13   1.584012e-04   1.181653e-14   2280
  1.727331e-01   6.038902e-13   1.475065e-04   1.265272e-14   2352
  1.732395e-01   5.796604e-13   1.239422e-04   1.441977e-14   1632
  1.736402e-01   5.931860e-13   1.418228e-04   1.393370e-14   1968
  1.741900e-01   5.560547e-13   1.455103e-04   1.299656e-14   2112
  1.746998e-01   5.661607e-13   1.093039e-04   1.345332e-14   2208
  1.751952e-01   5.588171e-13   1.102112e-04   1.255331e-14   1974
  1.755862e-01   5.576684e-13   1.078165e-04   1.313844e-14   1944
  1.761144e-01   5.875032e-13   1.219820e-04   1.299854e-14   2160
  1.765722e-01   5.599269e-13   1.140807e-04   1.317069e-14   2040
  1.770670e-01   5.791566e-13   1.596015e-04   1.311710e-14   2352
  1.775745e-01   5.843845e-13   1.325904e-04   1.358431e-14   1836
  1.780376e-01   5.461342e-13   1.414413e-04   1.153179e-14   2352
  1.785577e-01   5.207244e-13   1.483527e-04   1.177785e-14   2008
  1.790344e-01   5.404406e-13   1.459431e-04   1.166867e-14   2464
  1.795659e-01   5.302064e-13   1.177095e-04   1.159339e-14   2118
  1.800019e-01   5.316532e-13   1.183276e-04   1.319133e-14   1848
  1.804507e-01   5.896946e-13   1.565861e-04   1.395700e-14   2280
  1.809928e-01   5.559784e-13   1.489508e-04   1.191660e-14   2472
  1.814993e-01   5.061363e-13   9.953927e-05   1.117375e-14   2280
  1.819245e-01   5.615226e-13   1.216700e-04   1.366421e-14   1992
  1.823831e-01   5.358741e-13   1.279126e-04   1.129526e-14   2184
  1.829118e-01   4.801993e-13   1.543068e-04   1.053169e-14   2352
  1.834214e-01   5.215275e-13   1.626118e-04   1.078301e-14   2496
  1.839203e-01   4.911318e-13   1.518813e-04   1.212384e-14   1770
  1.843678e-01   5.420111e-13   1.310496e-04   1.156487e-14   2568
  1.849057e-01   5.252528e-13   1.607377e-04   1.093350e-14   2712
  1.853947e-01   5.320762e-13   1.276489e-04   1.175285e-14   2448
  1.858830e-01   5.267436e-13   1.076015e-04   1.199992e-14   2064
  1.862881e-01   5.003302e-13   1.135758e-04   1.285531e-14   1944
  1.868133e-01   4.862236e-13   1.403079e-04   1.052994e-14   2480
  1.873491e-01   4.858790e-13   1.524155e-04   9.529769e-15   2880
  1.878237e-01   4.865991e-13   1.462067e-04   1.086585e-14   2304
  1.883193e-01   4.898057e-13   1.343278e-04   1.162534e-14   1806
  1.887589e-01   4.955465e-13   1.317346e-04   9.936077e-15   2856
  1.893097e-01   5.089507e-13   1.263374e-04   1.093246e-14   2568
  1.897288e-01   4.659806e-13   1.267515e-04   1.099230e-14   2112
  1.901850e-01   4.921141e-13   1.220840e-04   1.255623e-14   2028
  1.906744e-01   4.665297e-13   1.445115e-04   9.364903e-15   2712
  1.911714e-01   4.859640e-13   1.556884e-04   9.525190e-15   2952
  1.917055e-01   4.673190e-13   1.202957e-04   1.030110e-14   2112
  1.921372e-01   4.592890e-13   1.409804e-04   9.412934e-15   2520
  1.926559e-01   4.417719e-13   1.359784e-04   9.433829e-15   2376
  1.931282e-01   4.699783e-13   1.090048e-04   9.796087e-15   2526
  1.936186e-01   4.885544e-13   1.356536e-04   1.035356e-14   2664
  1.941040e-01   4.873053e-13   1.617960e-04   1.099189e-14   2408
  1.945694e-01   4.590268e-13   1.296049e-04   1.005154e-14   2568
  1.950440e-01   4.713963e-13   1.221942e-04   8.895586e-15   2904
  1.955589e-01   4.515073e-13   1.371053e-04   9.164453e-15   2544
  1.960480e-01   4.542323e-13   1.009875e-04   1.056906e-14   2160
  1.965096e-01   4.725996e-13   1.745958e-04   1.003103e-14   2652
  1.970194e-01   4.205906e-13   1.382439e-04   8.307300e-15   2784
  1.975101e-01   4.595350e-13   1.365199e-04   8.965792e-15   2694
  1.980185e-01   4.291218e-13   1.226932e-04   8.677186e-15   2952
  1.984602e-01   4.561149e-13   1.162128e-04   1.016591e-14   2208
  1.989102e-01   4.487733e-13   1.238599e-04   9.874708e-15   2304
  1.994125e-01   4.151990e-13   1.610662e-04   7.163500e-15   3504
  1.999983e-01   4.293665e-13   1.304210e-04   9.159675e-15   2616
  2.004552e-01   4.202058e-13   1.274108e-04   8.782672e-15   2664
  2.008953e-01   4.112932e-13   1.183758e-04   8.731066e-15   2448
  2.013388e-01   4.227939e-13   1.648584e-04   8.797675e-15   2472
  2.018606e-01   4.239118e-13   1.310718e-04   7.995415e-15   3134
  2.023516e-01   4.278195e-13   1.433541e-04   9.003533e-15   2616
  2.028419e-01   4.030662e-13   1.161223e-04   8.657945e-15   2712
  2.033463e-01   4.073703e-13   1.331755e-04   7.856877e-15   3204
  2.038284e-01   3.951744e-13   1.533782e-04   8.250716e-15   2760
  2.042862e-01   3.850556e-13   1.338200e-04   7.948835e-15   2688
  2.047911e-01   3.958998e-13   1.265264e-04   8.127809e-15   2760
  2.052376e-01   3.719803e-13   1.044749e-04   8.110659e-15   2568
  2.057517e-01   3.713010e-13   1.622443e-04   6.762482e-15   3336
  2.062452e-01   3.896324e-13   1.373220e-04   8.564855e-15   2334
  2.067435e-01   3.780552e-13   1.519616e-04   7.336793e-15   3264
  2.072092e-01   4.027802e-13   1.104877e-04   9.228524e-15   2760
  2.076868e-01   3.676489e-13   1.334378e-04   6.963546e-15   3192
  2.081730e-01   3.784664e-13   1.385370e-04   8.152383e-15   2904
  2.086902e-01   3.674582e-13   1.390027e-04   7.556954e-15   2784
  2.091231e-01   3.902270e-13   1.144018e-04   8.405315e-15   2592
  2.096156e-01   3.507555e-13   1.559460e-04   6.629927e-15   3284
  2.101389e-01   3.571586e-13   1.566406e-04   6.936510e-15   3168
  2.106071e-01   3.586700e-13   1.292397e-04   7.297545e-15   2616
  2.110994e-01   3.379166e-13   1.248775e-04   6.899581e-15   3222
  2.115781e-01   3.602879e-13   1.401164e-04   6.773702e-15   3240
  2.120418e-01   3.692171e-13   1.417503e-04   8.262933e-15   2568
  2.125690e-01   3.696971e-13   1.300629e-04   7.935266e-15   3120
  2.130097e-01   3.643925e-13   1.429850e-04   7.359724e-15   3168
  2.134838e-01   3.406466e-13   1.251725e-04   7.377634e-15   3240
  2.140024e-01   3.332993e-13   1.284239e-04   6.355349e-15   3144
  2.145062e-01   3.239862e-13   1.224103e-04   6.425120e-15   2856
  2.149823e-01   3.314808e-13   1.307392e-04   6.083841e-15   3264
  2.155212e-01   3.351415e-13   1.444609e-04   6.461220e-15   3318
  2.159452e-01   3.527204e-13   1.011723e-04   8.593649e-15   2556
  2.164506e-01   3.244609e-13   1.728209e-04   5.834134e-15   4008
  2.169623e-01   3.367354e-13   1.275720e-04   7.204294e-15   2904
  2.174000e-01   3.136925e-13   1.304469e-04   5.974991e-15   3144
  2.178983e-01   3.129464e-13   1.359922e-04   6.379576e-15   3200
  2.184140e-01   3.039294e-13   1.341212e-04   5.820865e-15   3312
  2.188763e-01   3.189949e-13   1.080957e-04   6.561526e-15   2832
  2.193924e-01   3.094038e-13   1.555565e-04   5.439432e-15   3984
  2.198717e-01   3.294133e-13   1.264601e-04   7.623208e-15   2238
  2.203092e-01   3.171322e-13   1.488218e-04   6.016715e-15   3984
  2.208520e-01   3.058606e-13   1.414250e-04   6.033259e-15   3384
  2.213029e-01   3.333908e-13   1.321942e-04   7.022598e-15   3048
  2.217737e-01   2.895747e-13   1.213801e-04   5.886844e-15   3096
  2.222656e-01   3.114924e-13   1.375807e-04   5.563799e-15   3708
  2.227545e-01   2.889277e-13   1.304078e-04   6.183241e-15   2784
  2.232087e-01   3.104258e-13   1.354535e-04   5.886776e-15   3648
  2.237247e-01   2.941778e-13   1.394108e-04   5.597271e-15   3888
  2.242738e-01   2.788561e-13   1.488252e-04   5.646853e-15   2958
  2.246837e-01   2.910968e-13   1.270361e-04   5.430000e-15   3264
  2.251777e-01   3.144303e-13   1.402443e-04   6.523526e-15   3160
  2.256445e-01   2.788759e-13   1.271016e-04   5.256249e-15   3736
  2.260868e-01   2.848212e-13   1.158193e-04   6.181174e-15   3216
  2.266085e-01   2.894532e-13   1.419303e-04   5.153031e-15   4032
  2.271526e-01   2.782286e-13   1.295798e-04   4.964588e-15   3528
  2.276165e-01   2.844173e-13   1.143819e-04   5.581829e-15   3192
  2.280803e-01   2.691013e-13   1.252686e-04   5.204235e-15   3456
  2.285834e-01   2.669605e-13   1.298903e-04   5.316284e-15   3060
  2.290876e-01   2.778973e-13   1.544545e-04   4.911961e-15   4518
  2.295790e-01   2.753925e-13   1.375990e-04   5.263501e-15   3528
  2.300307e-01   2.912096e-13   1.155591e-04   6.530752e-15   3024
  2.305122e-01   2.629915e-13   1.564624e-04   4.968287e-15   3672
  2.310028e-01   2.688915e-13   1.342922e-04   5.103745e-15   3864
  2.315474e-01   2.614764e-13   1.423480e-04   4.796282e-15   3816
  2.319928e-01   2.551583e-13   1.295052e-04   4.825922e-15   3456
  2.324198e-01   2.618603e-13   1.172315e-04   5.468489e-15   2688
  2.329230e-01   2.562713e-13   1.390930e-04   4.286363e-15   4248
  2.334218e-01   2.638709e-13   1.332244e-04   5.070631e-15   3926
  2.339228e-01   2.607280e-13   1.406621e-04   5.242302e-15   3504
  2.344067e-01   2.679018e-13   1.257540e-04   4.874865e-15   3960
  2.349411e-01   2.519841e-13   1.415697e-04   4.788764e-15   3684
  2.353994e-01   2.420167e-13   1.415603e-04   4.488917e-15   4104
  2.358576e-01   2.560340e-13   1.342621e-04   4.994408e-15   3144
  2.363498e-01   2.451846e-13   1.470632e-04   4.350682e-15   4224
  2.368909e-01   2.370221e-13   1.305314e-04   4.130568e-15   4008
  2.373532e-01   2.458689e-13   1.436052e-04   4.560179e-15   3312
  2.378293e-01   2.456550e-13   1.428317e-04   4.836061e-15   3726
  2.383356e-01   2.464154e-13   1.467057e-04   4.658348e-15   3936
  2.387852e-01   2.589110e-13   1.512247e-04   5.250299e-15   3888
  2.392518e-01   2.448850e-13   1.429975e-04   4.622096e-15   3864
  2.397372e-01   2.413817e-13   1.520184e-04   4.661781e-15   3888
  2.402373e-01   2.277382e-13   1.433767e-04   4.249661e-15   4080
  2.407309e-01   2.411314e-13   1.521663e-04   4.745133e-15   3400
  2.412345e-01   2.333964e-13   1.395519e-04   4.021634e-15   4588
  2.417438e-01   2.308000e-13   1.381276e-04   4.331786e-15   3816
  2.421888e-01   2.319054e-13   1.308874e-04   4.286038e-15   3534
  2.426599e-01   2.485535e-13   1.292818e-04   4.535834e-15   4080
  2.431528e-01   2.437926e-13   1.351361e-04   4.329237e-15   4248
  2.436477e-01   2.427773e-13   1.361762e-04   5.185033e-15   3528
  2.441045e-01   2.401338e-13   1.392215e-04   4.286490e-15   4248
  2.445661e-01   2.267488e-13   1.361726e-04   4.332242e-15   3696
  2.450802e-01   2.274221e-13   1.412982e-04   3.794186e-15   4560
  2.455678e-01   2.289076e-13   1.323495e-04   4.167764e-15   3864
  2.460685e-01   2.175520e-13   1.441083e-04   3.759958e-15   4440
  2.465431e-01   2.213028e-13   1.344565e-04   4.741111e-15   3432
  2.470417e-01   2.266080e-13   1.318374e-04   4.117006e-15   4470
  2.475323e-01   2.308125e-13   1.171596e-04   4.200434e-15   4188
  2.480144e-01   2.242131e-13   1.500979e-04   3.949294e-15   4392
  2.484933e-01   2.343755e-13   1.161150e-04   4.679863e-15   3960
  2.489913e-01   2.274890e-13   1.311762e-04   4.101902e-15   4328
  2.494737e-01   2.160796e-13   1.365155e-04   3.797625e-15   4320
  2.499612e-01   2.183244e-13   1.427527e-04   3.859792e-15   4152
  2.504133e-01   2.358985e-13   1.194148e-04   4.883073e-15   3528
  2.509246e-01   2.091471e-13   1.292483e-04   3.477419e-15   4512
  2.514030e-01   2.220056e-13   1.321235e-04   4.340560e-15   4134
  2.518889e-01   2.313879e-13   1.407559e-04   3.900385e-15   5208
  2.523561e-01   2.242248e-13   1.226327e-04   4.555654e-15   3240
  2.528396e-01   2.319612e-13   1.352583e-04   4.102327e-15   4680
  2.533316e-01   2.151488e-13   1.339167e-04   4.005840e-15   4440
  2.538242e-01   2.028927e-13   1.517493e-04   3.745046e-15   4260
  2.542967e-01   2.049783e-13   1.238886e-04   3.896302e-15   4056
  2.547833e-01   2.017148e-13   1.373522e-04   3.383792e-15   4704
  2.552940e-01   2.154908e-13   1.598328e-04   3.824184e-15   4800
  2.558338e-01   2.071985e-13   1.384828e-04   3.584883e-15   4806
  2.563004e-01   2.434093e-13   1.380453e-04   5.139471e-15   3552
  2.567447e-01   2.035108e-13   1.384155e-04   4.012074e-15   4304
  2.572463e-01   2.102434e-13   1.342317e-04   3.569260e-15   5280
  2.577424e-01   2.043603e-13   1.287726e-04   3.639178e-15   4320
  2.582120e-01   2.032594e-13   1.454180e-04   3.733664e-15   4296
  2.587071e-01   2.024332e-13   1.616686e-04   3.367588e-15   4608
  2.592079e-01   2.044150e-13   1.548872e-04   3.439363e-15   4824
  2.597037e-01   1.925364e-13   1.462245e-04   3.458458e-15   4488
  2.602357e-01   2.077994e-13   1.365163e-04   3.849780e-15   4530
  2.606750e-01   1.988365e-13   1.332969e-04   3.731623e-15   4464
  2.611146e-01   2.036968e-13   1.256224e-04   3.758197e-15   4104
  2.616192e-01   1.959136e-13   1.354472e-04   3.183821e-15   5424
  2.621157e-01   2.005058e-13   1.458006e-04   3.787266e-15   4392
  2.626209e-01   2.013915e-13   1.427447e-04   3.575238e-15   4896
  2.630796e-01   1.910421e-13   1.399190e-04   3.527744e-15   4104
  2.635583e-01   2.034647e-13   1.261700e-04   3.692743e-15   4824
  2.640634e-01   1.800183e-13   1.205890e-04   3.143268e-15   4680
  2.645034e-01   1.839336e-13   1.233362e-04   3.335500e-15   4328
  2.650142e-01   1.908684e-13   1.421747e-04   3.291500e-15   5118
  2.655274e-01   1.984875e-13   1.647184e-04   3.517383e-15   5304
  2.659905e-01   2.104643e-13   1.297081e-04   4.069898e-15   4392
  2.664951e-01   1.909689e-13   1.301864e-04   3.488152e-15   4476
  2.669364e-01   1.837477e-13   1.292906e-04   3.360183e-15   4704
  2.674274e-01   1.856904e-13   1.564908e-04   3.027198e-15   5208
  2.679435e-01   1.777731e-13   1.319479e-04   3.188599e-15   5304
  2.684190e-01   1.799379e-13   1.413346e-04   3.171545e-15   4296
  2.689066e-01   1.850160e-13   1.340217e-04   3.197195e-15   4752
  2.694189e-01   1.807875e-13   1.345359e-04   3.168339e-15   4950
  2.698794e-01   1.852277e-13   1.406262e-04   3.315035e-15   5064
  2.703399e-01   1.878038e-13   1.178265e-04   3.494268e-15   4872
  2.708057e-01   1.822342e-13   1.240390e-04   3.783440e-15   4224
  2.713029e-01   1.828699e-13   1.370167e-04   3.025752e-15   6120
  2.718321e-01   1.705551e-13   1.507358e-04   2.985238e-15   4968
  2.723121e-01   1.811659e-13   1.333881e-04   3.359404e-15   4424
  2.728088e-01   1.776163e-13   1.703749e-04   3.239772e-15   5436
  2.732993e-01   1.694049e-13   1.452596e-04   2.944231e-15   4896
  2.737736e-01   1.641235e-13   1.390702e-04   3.018911e-15   5214
  2.742308e-01   1.849310e-13   1.182169e-04   3.511407e-15   4656
  2.747387e-01   1.838486e-13   1.503032e-04   3.355368e-15   5448
  2.752241e-01   1.751679e-13   1.269422e-04   3.468863e-15   4992
  2.756994e-01   1.811373e-13   1.404898e-04   3.457563e-15   5400
  2.762219e-01   1.755013e-13   1.557062e-04   3.008961e-15   5328
  2.767032e-01   1.664340e-13   1.392299e-04   3.071927e-15   4776
  2.771561e-01   1.600557e-13   1.308295e-04   2.825467e-15   4800
  2.776593e-01   1.652568e-13   1.682401e-04   2.587141e-15   6552
  2.781857e-01   1.733856e-13   1.271030e-04   3.789003e-15   3942
  2.786419e-01   1.651304e-13   1.601990e-04   2.834798e-15   6072
  2.791470e-01   1.782655e-13   1.244164e-04   3.731327e-15   4692
  2.795705e-01   1.669587e-13   1.298888e-04   2.997747e-15   4944
  2.800665e-01   1.633263e-13   1.394107e-04   2.727719e-15   5840
  2.805759e-01   1.592712e-13   1.492333e-04   2.944794e-15   5712
  2.810773e-01   1.606352e-13   1.250671e-04   3.087812e-15   4800
  2.815348e-01   1.574940e-13   1.656330e-04   2.766255e-15   5688
  2.820359e-01   1.548850e-13   1.306810e-04   2.801546e-15   4848
  2.825324e-01   1.260820e-13   1.454557e-04   2.558631e-15   5406
  2.830037e-01   3.642179e-17   1.312973e-04   5.421165e-19   5568
  2.834769e-01   3.739771e-17   1.180275e-04   5.676090e-19   5736
  2.839884e-01   3.713206e-17   1.465826e-04   5.763677e-19   5280
  2.844524e-01   3.639642e-17   1.355263e-04   5.386894e-19   5592
  2.849301e-01   3.547104e-17   1.551417e-04   5.439620e-19   4968
  2.854352e-01   3.621173e-17   1.391053e-04   5.169287e-19   5964
  2.859279e-01   3.680580e-17   1.397517e-04   5.352884e-19   5376
  2.863756e-01   3.675077e-17   1.349389e-04   5.567914e-19   5472
  2.868946e-01   3.559736e-17   1.281532e-04   5.132179e-19   5472
  2.873693e-01   3.488276e-17   1.457059e-04   5.528887e-19   5415
  2.878292e-01   3.411520e-17   1.281660e-04   5.096481e-19   5096
  2.883268e-01   3.309442e-17   1.648183e-04   4.600516e-19   6372
  2.888302e-01   3.503308e-17   1.337920e-04   5.687593e-19   4656
  2.892814e-01   3.548098e-17   1.460580e-04   5.060366e-19   5844
  2.897668e-01   3.404257e-17   1.284189e-04   4.920248e-19   5508
  2.902812e-01   3.544488e-17   1.456803e-04   4.742607e-19   6324
  2.907860e-01   3.379233e-17   1.251396e-04   5.280142e-19   4752
  2.912474e-01   3.311922e-17   1.401041e-04   4.666565e-19   5676
  2.917468e-01   3.418785e-17   1.281684e-04   5.054278e-19   5472
  2.922209e-01   3.428003e-17   1.445704e-04   4.983963e-19   5556
  2.927301e-01   3.267864e-17   1.408810e-04   4.572320e-19   5436
  2.932217e-01   3.355321e-17   1.442016e-04   4.789697e-19   5916
  2.937264e-01   3.381097e-17   1.500331e-04   4.900845e-19   5520
  2.941809e-01   3.144499e-17   1.364480e-04   4.636350e-19   5280
  2.946466e-01   3.426115e-17   1.340724e-04   5.237778e-19   4416
  2.951720e-01   3.234415e-17   1.306879e-04   4.310871e-19   6260
  2.956655e-01   3.297156e-17   1.554038e-04   4.549916e-19   5940
  2.961126e-01   3.291328e-17   1.217066e-04   5.295051e-19   4188
  2.966047e-01   3.261505e-17   1.556122e-04   4.300806e-19   6360
  2.971222e-01   3.174214e-17   1.387995e-04   4.514425e-19   5256
  2.976029e-01   3.196978e-17   1.312113e-04   5.006211e-19   4848
  2.980147e-01   3.059030e-17   1.189499e-04   4.545700e-19   4704
  2.985217e-01   3.178687e-17   1.459205e-04   4.324774e-19   5784
  2.990374e-01   3.060048e-17   1.544008e-04   4.247631e-19   5820
  2.995352e-01   3.142434e-17   1.383100e-04   4.248267e-19   5700
  3.000361e-01   3.124261e-17   1.282634e-04   4.520713e-19   5232
  3.005375e-01   3.195630e-17   1.423193e-04   4.583947e-19   4932
  3.009817e-01   3.076343e-17   1.224997e-04   4.603339e-19   4716
  3.014485e-01   3.277638e-17   1.560382e-04   4.776491e-19   5616
  3.019287e-01   2.986166e-17   1.378046e-04   4.311327e-19   5184
  3.024240e-01   2.960559e-17   1.390111e-04   4.332326e-19   5064
  3.028912e-01   3.009314e-17   1.423406e-04   4.242683e-19   5544
  3.034093e-01   2.956324e-17   1.428860e-04   4.175825e-19   5192
  3.038807e-01   2.997368e-17   1.284053e-04   4.346755e-19   5244
  3.043764e-01   2.910924e-17   1.389360e-04   4.190632e-19   5112
  3.048691e-01   3.022055e-17   1.275010e-04   4.569631e-19   5040
  3.053213e-01   3.026026e-17   1.340439e-04   4.391349e-19   5124
  3.058494e-01   2.908639e-17   1.504823e-04   4.015399e-19   5952
  3.063369e-01   2.998351e-17   1.318531e-04   4.405116e-19   4824
  3.067788e-01   2.865582e-17   1.330892e-04   4.391147e-19   4536
  3.072903e-01   2.867458e-17   1.414616e-04   3.872714e-19   5712
  3.078157e-01   2.949824e-17   1.547976e-04   4.221191e-19   5352
  3.083112e-01   2.935390e-17   1.348344e-04   4.228087e-19   5004
  3.087539e-01   2.906841e-17   1.348711e-04   4.327826e-19   4800
  3.092296e-01   2.829032e-17   1.449374e-04   4.039709e-19   5148
  3.097567e-01   2.837907e-17   1.505363e-04   3.912164e-19   5664
  3.102329e-01   2.734544e-17   1.352034e-04   4.141321e-19   4692
  3.106729e-01   2.799155e-17   1.256056e-04   4.499888e-19   4008
  3.111861e-01   2.813868e-17   1.439712e-04   3.795567e-19   5852
  3.117078e-01   2.698469e-17   1.363273e-04   3.741870e-19   5784
  3.121712e-01   2.827282e-17   1.256700e-04   4.535025e-19   4392
  3.126481e-01   2.800204e-17   1.232703e-04   4.198450e-19   4944
  3.131489e-01   2.658268e-17   1.453336e-04   3.920527e-19   4776
  3.136211e-01   2.614820e-17   1.398188e-04   3.728690e-19   5244
  3.141336e-01   2.642324e-17   1.395722e-04   3.712830e-19   4884
  3.145636e-01   2.640703e-17   1.183681e-04   4.069375e-19   4488
  3.150636e-01   2.702675e-17   1.406525e-04   3.932896e-19   5160
  3.155671e-01   2.700962e-17   1.432039e-04   3.813549e-19   5316
  3.160521e-01   2.651440e-17   1.447892e-04   4.088238e-19   4896
  3.165249e-01   2.705080e-17   1.345344e-04   4.514558e-19   4188
  3.170014e-01   2.499782e-17   1.467406e-04   3.666799e-19   4836
  3.174880e-01   2.621147e-17   1.455680e-04   3.643296e-19   5316
  3.179808e-01   2.595811e-17   1.347408e-04   3.783197e-19   4920
  3.184417e-01   2.726502e-17   1.357413e-04   4.512578e-19   4128
  3.189362e-01   2.589528e-17   1.460260e-04   3.789330e-19   5348
  3.194229e-01   2.555043e-17   1.267067e-04   3.826173e-19   4836
  3.198876e-01   2.521314e-17   1.365306e-04   4.120142e-19   4392
  3.203882e-01   2.550904e-17   1.199532e-04   3.991927e-19   4632
  3.208388e-01   2.574126e-17   1.340287e-04   4.097143e-19   4596
  3.213563e-01   2.496271e-17   1.347844e-04   3.622784e-19   5424
  3.218683e-01   2.377796e-17   1.387362e-04   3.408492e-19   5256
  3.223958e-01   2.448266e-17   1.409032e-04   3.842642e-19   4524
  3.228350e-01   2.494354e-17   1.340268e-04   4.111663e-19   4440
  3.233270e-01   2.434065e-17   1.146101e-04   3.728956e-19   4380
  3.238085e-01   2.424387e-17   1.499870e-04   3.762461e-19   4812
  3.243210e-01   2.451322e-17   1.489725e-04   3.623523e-19   5376
  3.247896e-01   2.325129e-17   1.189892e-04   3.909947e-19   3888
  3.252385e-01   2.454556e-17   1.362564e-04   3.670143e-19   4896
  3.257395e-01   2.404292e-17   1.437728e-04   3.733683e-19   4608
  3.262654e-01   2.453612e-17   1.357127e-04   3.851953e-19   4448
  3.267232e-01   2.239810e-17   1.400926e-04   3.468277e-19   4752
  3.272056e-01   2.404686e-17   1.467382e-04   3.984330e-19   4356
  3.277129e-01   2.380853e-17   1.412082e-04   3.647567e-19   5232
  3.282173e-01   2.236278e-17   1.423025e-04   3.627559e-19   4548
  3.287063e-01   2.278223e-17   1.383360e-04   3.496709e-19   4608
  3.291837e-01   2.325203e-17   1.256671e-04   4.107804e-19   3936
  3.296343e-01   2.274056e-17   1.502088e-04   3.860822e-19   4260
  3.301407e-01   2.243885e-17   1.346643e-04   3.447186e-19   5004
  3.306038e-01   2.353988e-17   1.330711e-04   4.037499e-19   4224
  3.311115e-01   2.275205e-17   1.437697e-04   3.663966e-19   4788
  3.316047e-01   2.306450e-17   1.511985e-04   3.885865e-19   4428
  3.320852e-01   2.184095e-17   1.263467e-04   3.799609e-19   4080
  3.325477e-01   2.302739e-17   1.381486e-04   3.520219e-19   4632
  3.330347e-01   2.147759e-17   1.436640e-04   3.778785e-19   4056
  3.335467e-01   2.185212e-17   1.352621e-04   3.658177e-19   4536
  3.340144e-01   2.257510e-17   1.379585e-04   3.688129e-19   4668
  3.345266e-01   2.094448e-17   1.478669e-04   3.501939e-19   4604
  3.350255e-01   2.139832e-17   1.328598e-04   3.610580e-19   4152
  3.354859e-01   2.152460e-17   1.287622e-04   3.654158e-19   4224
  3.359739e-01   2.087465e-17   1.237953e-04   3.607821e-19   4152
  3.364615e-01   2.250932e-17   1.404246e-04   3.847642e-19   4224
  3.369356e-01   2.179535e-17   1.298644e-04   3.884690e-19   3960
  3.373922e-01   2.092553e-17   1.340119e-04   3.414272e-19   4656
  3.378910e-01   2.043658e-17   1.445961e-04   3.410328e-19   4452
  3.384025e-01   2.006680e-17   1.470057e-04   3.548534e-19   4056
  3.388784e-01   2.043842e-17   1.456648e-04   3.471967e-19   4212
  3.393606e-01   2.146999e-17   1.210536e-04   4.140484e-19   3432
  3.398492e-01   2.072939e-17   1.548628e-04   3.222006e-19   5352
  3.403267e-01   2.082487e-17   1.134185e-04   3.951121e-19   3600
  3.408466e-01   1.994559e-17   1.251027e-04   3.369888e-19   4584
  3.413005e-01   2.066827e-17   1.247343e-04   3.784011e-19   3768
  3.417680e-01   2.002049e-17   1.331557e-04   3.806820e-19   3848
  3.422347e-01   1.974588e-17   1.220886e-04   3.818463e-19   3720
  3.427639e-01   1.895963e-17   1.532392e-04   3.084079e-19   4764
  3.432311e-01   2.038695e-17   1.234001e-04   3.656178e-19   3864
  3.437109e-01   2.065269e-17   1.528459e-04   3.563665e-19   4332
  3.442342e-01   1.975421e-17   1.304937e-04   3.643217e-19   3792
  3.447018e-01   1.827989e-17   1.480185e-04   3.141106e-19   4284
  3.451974e-01   1.833679e-17   1.401572e-04   3.596479e-19   3840
  3.456664e-01   1.773013e-17   1.334113e-04   3.597840e-19   3480
  3.461427e-01   1.842187e-17   1.488614e-04   3.122306e-19   4380
  3.466576e-01   1.872566e-17   1.398292e-04   3.335214e-19   4200
  3.471635e-01   1.968828e-17   1.344014e-04   3.426940e-19   4056
  3.476333e-01   1.826038e-17   1.350788e-04   3.590834e-19   3600
  3.480735e-01   1.851567e-17   1.345848e-04   3.614516e-19   3492
  3.485878e-01   1.769893e-17   1.571647e-04   3.129163e-19   4500
  3.491126e-01   1.917561e-17   1.376975e-04   3.657857e-19   3516
  3.495636e-01   1.961970e-17   1.439500e-04   3.787310e-19   3968
  3.500690e-01   1.817902e-17   1.383484e-04   3.538577e-19   3648
  3.505165e-01   1.801277e-17   1.322992e-04   3.533277e-19   4224
  3.510237e-01   1.672068e-17   1.484940e-04   3.347571e-19   3588
  3.514997e-01   1.767239e-17   1.369683e-04   3.508815e-19   3456
  3.519786e-01   1.655046e-17   1.216448e-04   3.212434e-19   3660
  3.524735e-01   1.766813e-17   1.335194e-04   3.451511e-19   3768
  3.529347e-01   1.790734e-17   1.350276e-04   3.443093e-19   3744
  3.534301e-01   1.707690e-17   1.482149e-04   3.116446e-19   4176
  3.539572e-01   1.807803e-17   1.367120e-04   3.591101e-19   3612
  3.543928e-01   1.742780e-17   1.485682e-04   3.657136e-19   3216
  3.548913e-01   1.679063e-17   1.436402e-04   3.470595e-19   3624
  3.553925e-01   1.680725e-17   1.350690e-04   3.268250e-19   3744
  3.558768e-01   1.753397e-17   1.441176e-04   3.548348e-19   3672
  3.563547e-01   1.710193e-17   1.306896e-04   3.356941e-19   3852
  3.568482e-01   1.727339e-17   1.345097e-04   3.295158e-19   3672
  3.573731e-01   1.721881e-17   1.310574e-04   4.074392e-19   3248
  3.578115e-01   1.529300e-17   1.341465e-04   3.287143e-19   3336
  3.582900e-01   1.516307e-17   1.365492e-04   3.072440e-19   3576
  3.587793e-01   1.641317e-17   1.159180e-04   3.348241e-19   3336
  3.592778e-01   1.641548e-17   1.376902e-04   3.188260e-19   3936
  3.597697e-01   1.693181e-17   1.466440e-04   3.469029e-19   3408
  3.602575e-01   1.681960e-17   1.291957e-04   3.707880e-19   3336
  3.607316e-01   1.330694e-17   1.451163e-04   2.945088e-19   3312
  3.612054e-01   1.537991e-17   1.469319e-04   3.335267e-19   3432
  3.617101e-01   1.628227e-17   1.273841e-04   3.604885e-19   3144
  3.621706e-01   1.559987e-17   1.382881e-04   3.335127e-19   3456
  3.626887e-01   1.546152e-17   1.329107e-04   3.078230e-19   3792
  3.631568e-01   1.619450e-17   1.305556e-04   3.799182e-19   2868
  3.636625e-01   1.449281e-17   1.352551e-04   2.756604e-19   3888
  3.641351e-01   1.385059e-17   1.174435e-04   3.243978e-19   2784
  3.646004e-01   1.477738e-17   1.341238e-04   3.793359e-19   2964
  3.651086e-01   1.504624e-17   1.381212e-04   3.275519e-19   3432
  3.655924e-01   1.481011e-17   1.429694e-04   3.206646e-19   3416
  3.660820e-01   1.472629e-17   1.528218e-04   3.196612e-19   3528
  3.665830e-01   1.585632e-17   1.226504e-04   3.756942e-19   2904
  3.670262e-01   1.370983e-17   1.375270e-04   3.168342e-19   3072
  3.675416e-01   1.371297e-17   1.544586e-04   3.075511e-19   3216
  3.680569e-01   1.356279e-17   1.250951e-04   3.361029e-19   2844
  3.685093e-01   1.374607e-17   1.431483e-04   3.118364e-19   3432
  3.689737e-01   1.530293e-17   1.150574e-04   3.765585e-19   2880
  3.694925e-01   1.384554e-17   1.524100e-04   3.155073e-19   3576
  3.699812e-01   1.475982e-17   1.362332e-04   3.846317e-19   2700
  3.704492e-01   1.323483e-17   1.530237e-04   3.022074e-19   3000
  3.709392e-01   1.247205e-17   1.270553e-04   3.134850e-19   2556
  3.714151e-01   1.396024e-17   1.361780e-04   3.184933e-19   3360
  3.719070e-01   1.383043e-17   1.323185e-04   3.124550e-19   3120
  3.724371e-01   1.386020e-17   1.557809e-04   3.399976e-19   3216
  3.728935e-01   1.476938e-17   1.098680e-04   3.798522e-19   2628
  3.734065e-01   1.299613e-17   1.452297e-04   3.262962e-19   3200
  3.738745e-01   1.205360e-17   1.370102e-04   3.263852e-19   2232
  3.743471e-01   1.193377e-17   1.563929e-04   3.087321e-19   3108
  3.748177e-01   1.474487e-17   1.373821e-04   4.089243e-19   2604
  3.752991e-01   1.394492e-17   1.479994e-04   3.362193e-19   3096
  3.758288e-01   1.295520e-17   1.348469e-04   3.079679e-19   3084
  3.762884e-01   1.220078e-17   1.376092e-04   3.146924e-19   2664
  3.767621e-01   1.289921e-17   1.213497e-04   3.699436e-19   2232
  3.772262e-01   1.073469e-17   1.494845e-04   2.710262e-19   2808
  3.777344e-01   1.288164e-17   1.412112e-04   3.639562e-19   2592
  3.782089e-01   1.422724e-17   1.449703e-04   3.705321e-19   2952
  3.787074e-01   1.209814e-17   1.368697e-04   3.304169e-19   2772
  3.791921e-01   1.211738e-17   1.471948e-04   3.073894e-19   3036
  3.796993e-01   1.141166e-17   1.427797e-04   3.500499e-19   2136
  3.801616e-01   1.090862e-17   1.138671e-04   3.195150e-19   2496
  3.806364e-01   1.308496e-17   1.516625e-04   3.880255e-19   2228
  3.811316e-01   1.351977e-17   1.413981e-04   3.765445e-19   3048
  3.816243e-01   1.217316e-17   1.350676e-04   3.527177e-19   2676
  3.821140e-01   1.098635e-17   1.345571e-04   2.855616e-19   2784
  3.825820e-01   1.129626e-17   1.307225e-04   3.462463e-19   1920
  3.830514e-01   1.040735e-17   1.395126e-04   2.911234e-19   2400
  3.835600e-01   1.007334e-17   1.279618e-04   2.767670e-19   2532
  3.840860e-01   1.181921e-17   1.421350e-04   3.465123e-19   2544
  3.845592e-01   1.305772e-17   1.486925e-04   3.653023e-19   2772
  3.850254e-01   1.057045e-17   1.392746e-04   3.620965e-19   2160
  3.854884e-01   1.140972e-17   1.500120e-04   3.436678e-19   2304
  3.860241e-01   1.038725e-17   1.467945e-04   3.319007e-19   2328
  3.865043e-01   8.974284e-18   1.407449e-04   2.730695e-19   2304
  3.869492e-01   9.208882e-18   1.330938e-04   2.980877e-19   1908
  3.874552e-01   1.267054e-17   1.488569e-04   4.032975e-19   2736
  3.879425e-01   1.148394e-17   1.410418e-04   3.655382e-19   2448
  3.884609e-01   1.171011e-17   1.318665e-04   3.693372e-19   2040
  3.889299e-01   8.449241e-18   1.372999e-04   3.074049e-19   2120
  3.893809e-01   1.047043e-17   1.138355e-04   3.285242e-19   2040
  3.898664e-01   8.640661e-18   1.412334e-04   3.177634e-19   2208
  3.904158e-01   1.172181e-17   1.268062e-04   3.920556e-19   2208
  3.908608e-01   1.340005e-17   1.405255e-04   4.269446e-19   2196
  3.913207e-01   8.033266e-18   1.236152e-04   2.717386e-19   1848
  3.917886e-01   1.002445e-17   1.401960e-04   3.523295e-19   2124
  3.923120e-01   9.183298e-18   1.470626e-04   3.011497e-19   2328
  3.928231e-01   8.864851e-18   1.497225e-04   3.199542e-19   1920
  3.933200e-01   8.453823e-18   1.374435e-04   3.176327e-19   1548
  3.937619e-01   1.147784e-17   1.507712e-04   3.686712e-19   2388
  3.942832e-01   8.664863e-18   1.395210e-04   3.294612e-19   2160
  3.947606e-01   9.072484e-18   1.269906e-04   3.673854e-19   1704
  3.952179e-01   8.463036e-18   1.430661e-04   3.431034e-19   1776
  3.956506e-01   8.317562e-18   1.338203e-04   3.110162e-19   1800
  3.961977e-01   7.307341e-18   1.544832e-04   2.774846e-19   1700
  3.967087e-01   1.058222e-17   1.390936e-04   3.906209e-19   2292
  3.971846e-01   8.970514e-18   1.291201e-04   3.716993e-19   1704
  3.976337e-01   8.792654e-18   1.443780e-04   3.549961e-19   1728
  3.981255e-01   7.492230e-18   1.336251e-04   3.174170e-19   1728
  3.986075e-01   9.477510e-18   1.334994e-04   3.805623e-19   1680
  3.991202e-01   6.062797e-18   1.537953e-04   2.469037e-19   1704
  3.996310e-01   6.759287e-18   1.207753e-04   2.433442e-19   1752
  4.000877e-01   9.184690e-18   1.435789e-04   3.871843e-19   1872
  4.005817e-01   8.426689e-18   1.407232e-04   3.829847e-19   1500
  4.010829e-01   7.306700e-18   1.232237e-04   3.117839e-19   1656
  4.015697e-01   8.057409e-18   1.321192e-04   3.177759e-19   1464
  4.020023e-01   5.617408e-18   1.157232e-04   2.911403e-19   1488
  4.025329e-01   6.367215e-18   1.396693e-04   2.476470e-19   1680
  4.030178e-01   7.309764e-18   1.459194e-04   3.153383e-19   1692
  4.034716e-01   7.041184e-18   1.397252e-04   3.576047e-19   1128
  4.039751e-01   7.055660e-18   1.345433e-04   3.201205e-19   1536
  4.044663e-01   5.673607e-18   1.402479e-04   3.020960e-19   1616
  4.049637e-01   5.733663e-18   1.352429e-04   2.714730e-19   1476
  4.054650e-01   5.461034e-18   1.488381e-04   3.146582e-19   1176
  4.059124e-01   5.849497e-18   1.599107e-04   2.363685e-19   1656
  4.063997e-01   6.485233e-18   1.404668e-04   4.448915e-19   891
  4.069020e-01   5.116826e-18   1.497388e-04   2.031861e-19   1596
  4.073915e-01   4.841886e-18   1.305762e-04   2.498404e-19   1422
  4.078742e-01   4.968138e-18   1.252138e-04   2.320887e-19   1254
  4.083284e-01   3.890002e-18   1.279202e-04   1.804383e-19   918
  4.088148e-01   5.148090e-18   1.400009e-04   1.958436e-19   1614
  4.093049e-01   4.000728e-18   1.209347e-04   2.406090e-19   798
  4.097922e-01   3.832965e-18   1.550239e-04   1.706095e-19   1458
  4.102863e-01   4.272993e-18   1.419502e-04   1.718126e-19   1374
  4.107747e-01   3.408785e-18   1.212349e-04   1.851580e-19   984
  4.112591e-01   3.910614e-18   1.668024e-04   1.733227e-19   1062
  4.117525e-01   4.538806e-18   1.413965e-04   2.038271e-19   1246
  4.122317e-01   2.873278e-18   1.311095e-04   1.516723e-19   1072
  4.127436e-01   3.059282e-18   1.419832e-04   1.742059e-19   1110
  4.132166e-01   3.948810e-18   1.538182e-04   1.668078e-19   1254
  4.137139e-01   3.291392e-18   1.459816e-04   1.828213e-19   1032
  4.142557e-01   3.625375e-18   1.352509e-04   2.355722e-19   786
  4.146677e-01   3.565765e-18   1.386613e-04   1.506448e-19   1152
  4.151502e-01   2.897628e-18   1.511270e-04   1.419877e-19   1086
  4.156529e-01   2.019359e-18   1.363503e-04   7.805588e-20   912
  4.161175e-01   4.463814e-18   1.366785e-04   2.032336e-19   1062
  4.165917e-01   2.542596e-18   1.362355e-04   1.019010e-19   912
  4.171397e-01   2.139134e-18   1.520835e-04   1.144789e-19   750
  4.175668e-01   3.357616e-18   1.465336e-04   1.447706e-19   1200
  4.180611e-01   2.553409e-18   1.326977e-04   1.445468e-19   918
  4.185524e-01   2.163646e-18   1.377357e-04   1.075397e-19   876
  4.190517e-01   3.308548e-18   1.203534e-04   1.490254e-19   870
  4.194890e-01   2.658712e-18   1.403731e-04   1.266309e-19   768
  4.200015e-01   1.690591e-18   1.286594e-04   8.054449e-20   830
  4.204761e-01   2.554251e-18   1.332096e-04   1.184629e-19   1080
  4.209676e-01   2.327998e-18   1.498783e-04   1.116179e-19   840
  4.214632e-01   1.781502e-18   1.443163e-04   8.063898e-20   798
  4.220251e-01   3.150172e-18   1.145461e-04   1.681326e-19   792
  4.224609e-01   1.933108e-18   1.335978e-04   9.897430e-20   726
  4.229181e-01   1.469752e-18   1.497038e-04   5.063908e-20   864
  4.234189e-01   2.092513e-18   1.281430e-04   1.157054e-19   900
  4.239267e-01   1.586745e-18   1.424135e-04   6.456155e-20   726
  4.243623e-01   1.677020e-18   1.232527e-04   7.536515e-20   576
  4.249434e-01   1.987540e-18   1.282664e-04   1.007768e-19   840
  4.253523e-01   1.645534e-18   1.331485e-04   9.007253e-20   750
  4.258366e-01   1.464639e-18   1.335529e-04   6.775898e-20   720
  4.262936e-01   1.955373e-18   1.351090e-04   1.076656e-19   702
  4.268271e-01   1.674724e-18   1.475571e-04   7.908384e-20   696
  4.272662e-01   1.694040e-18   1.319621e-04   9.961583e-20   480
  4.277837e-01   1.652323e-18   1.250396e-04   8.665859e-20   830
  4.282419e-01   1.532689e-18   1.454616e-04   7.059627e-20   756
  4.287552e-01   1.518314e-18   1.396687e-04   7.644190e-20   624
  4.292083e-01   1.398788e-18   1.475796e-04   7.958933e-20   582
  4.297440e-01   1.712185e-18   1.132706e-04   1.002978e-19   576
  4.302073e-01   1.268733e-18   1.517064e-04   6.160413e-20   624
  4.306823e-01   1.440287e-18   1.238986e-04   7.266610e-20   702
  4.311525e-01   1.314989e-18   1.425165e-04   6.557701e-20   624
  4.317110e-01   1.435038e-18   1.378751e-04   6.810966e-20   672
  4.321659e-01   1.002802e-18   1.032125e-04   5.980429e-20   342
  4.326655e-01   1.348391e-18   1.290292e-04   7.950180e-20   660
  4.331249e-01   1.011258e-18   1.326364e-04   6.606414e-20   576
  4.335992e-01   1.120268e-18   1.289493e-04   6.682155e-20   600
  4.340787e-01   1.011601e-18   1.491476e-04   6.196364e-20   510
  4.346181e-01   1.233924e-18   1.397290e-04   6.204747e-20   600
  4.350341e-01   8.906828e-19   1.112888e-04   5.973460e-20   216
  4.355185e-01   9.897352e-19   1.354577e-04   4.684475e-20   758
  4.360833e-01   8.647548e-19   1.482975e-04   5.181461e-20   576
  4.365782e-01   1.083351e-18   1.259005e-04   5.453311e-20   528
  4.370248e-01   9.390457e-19   8.670054e-05   6.998422e-20   318
  4.375047e-01   1.146364e-18   1.497759e-04   5.755182e-20   540
  4.380721e-01   5.072460e-19   1.058893e-04   3.046879e-20   384
  4.384565e-01   9.531656e-19   1.463022e-04   5.368092e-20   576
  4.389570e-01   6.874497e-19   1.195560e-04   3.857002e-20   414
  4.394302e-01   9.832243e-19   1.335050e-04   5.669493e-20   504
  4.399357e-01   9.146528e-19   1.465573e-04   4.877769e-20   312
  4.404212e-01   8.711485e-19   1.327827e-04   6.111968e-20   414
  4.409029e-01   5.883666e-19   1.226699e-04   3.258398e-20   432
  4.413512e-01   7.204755e-19   1.624587e-04   4.085246e-20   504
  4.418701e-01   7.972482e-19   1.564660e-04   4.630862e-20   432
  4.423558e-01   7.084756e-19   1.281691e-04   3.880968e-20   354
  4.428506e-01   8.113624e-19   1.865017e-04   6.187628e-20   200
  4.432750e-01   5.814100e-19   1.323290e-04   3.470761e-20   480
  4.438485e-01   5.931616e-19   1.512148e-04   3.190538e-20   552
  4.443745e-01   6.014714e-19   9.419478e-05   4.257978e-20   366
  4.447799e-01   7.504706e-19   1.002751e-04   7.440349e-20   240
  4.452261e-01   7.452061e-19   1.401886e-04   4.146252e-20   288
  4.458541e-01   5.642006e-19   9.634579e-05   3.629801e-20   366
  4.462600e-01   4.346318e-19   1.562070e-04   2.479133e-20   408
  4.467132e-01   5.074984e-19   1.174273e-04   3.648616e-20   360
  4.471820e-01   5.565207e-19   1.094619e-04   3.342688e-20   324
  4.476367e-01   5.715507e-19   1.292780e-04   4.474136e-20   174
  4.481783e-01   5.140094e-19   1.485222e-04   3.740653e-20   264
  4.486867e-01   4.366369e-19   1.354596e-04   2.808610e-20   456
  4.491937e-01   4.496285e-19   1.362099e-04   2.840591e-20   360
  4.496105e-01   4.215533e-19   1.500483e-04   3.347562e-20   270
  4.501209e-01   5.494781e-19   1.641082e-04   4.210290e-20   240
  4.507604e-01   7.039343e-19   1.195905e-04   5.721873e-20   120
  4.510747e-01   2.188558e-19   1.248485e-04   1.383064e-20   320
  4.515822e-01   3.865968e-19   1.544785e-04   1.914043e-20   462
  4.521137e-01   3.981149e-19   8.987666e-05   2.447160e-20   276
  4.525754e-01   4.411948e-19   1.019637e-04   3.748611e-20   144
  4.530202e-01   5.907146e-19   1.070818e-04   6.002841e-20   120
  4.536115e-01   2.551388e-19   8.108908e-05   1.434690e-20   294
  4.540583e-01   3.238649e-19   1.438563e-04   2.038842e-20   384
  4.544753e-01   2.837787e-19   9.523196e-05   1.842442e-20   216
  4.548743e-01   4.699276e-19   8.843896e-05   3.853147e-20   168
  4.553251e-01   3.803257e-19   1.052282e-04   3.813942e-20   102
  4.559768e-01   2.913630e-19   1.596520e-04   2.451787e-20   168
  4.564337e-01   2.693376e-19   1.397340e-04   1.580503e-20   384
  4.569346e-01   3.115038e-19   1.419732e-04   2.605748e-20   300
  4.574008e-01   3.210171e-19   1.520225e-04   2.227302e-20   144
  4.579263e-01   3.579454e-19   1.556925e-04   3.591145e-20   102
  4.585568e-01   3.983816e-19   3.685588e-05   4.735184e-20   56
  4.588590e-01   1.708945e-19   1.199932e-04   1.106186e-20   288
  4.593328e-01   2.121977e-19   1.561557e-04   9.912352e-21   360
  4.598487e-01   2.222488e-19   8.376686e-05   1.679717e-20   126
  4.602834e-01   2.230947e-19   4.125612e-05   2.509648e-20   72
  4.607572e-01   3.697106e-19   2.185755e-05   4.411746e-20   48
  4.613754e-01   1.433285e-19   8.842417e-05   1.085299e-20   240
  4.617816e-01   2.106800e-19   1.311982e-04   1.204719e-20   306
  4.621975e-01   2.347489e-19   7.291699e-05   2.113855e-20   120
  4.626766e-01   3.101050e-19   1.794585e-04   3.432082e-20   96
  4.630248e-01   3.779166e-19   0.000000e+00   4.673897e-20   24
  4.638071e-01   1.224099e-19   1.554065e-04   1.288053e-20   120
  4.641905e-01   1.398217e-19   1.343981e-04   8.369645e-21   318
  4.646594e-01   2.078711e-19   1.436227e-04   1.273532e-20   168
  4.651731e-01   2.661692e-19   1.541232e-04   2.526761e-20   72
  4.657357e-01   1.933822e-19   0.000000e+00   2.676274e-20   24
  4.663408e-01   1.845246e-19   7.481195e-05   4.830755e-20   14
  4.666286e-01   9.774357e-20   1.179951e-04   5.579283e-21   288
  4.670757e-01   1.329052e-19   1.419546e-04   1.040126e-20   204
  4.675916e-01   2.333290e-19   2.153808e-05   3.043282e-20   48
  4.680007e-01   4.165301e-19   0.000000e+00   8.175019e-20   24
  4.684739e-01   1.869842e-19   0.000000e+00   4.571680e-20   6
  4.691541e-01   8.054602e-20   8.821950e-05   5.994513e-21   216
  4.695046e-01   1.294962e-19   1.174842e-04   9.195858e-21   192
  4.699334e-01   1.016120e-19   2.143075e-05   1.857641e-20   48
  4.703832e-01   2.629807e-19   1.712353e-04   3.394870e-20   30
  4.716555e-01   7.891485e-20   3.540978e-05   7.488170e-21   96
  4.719167e-01   7.558740e-20   1.160286e-04   4.748569e-21   228
  4.724128e-01   1.530036e-19   1.517284e-04   1.902470e-20   72
  4.730094e-01   1.761278e-19   0.000000e+00   6.505917e-20   6
  4.743680e-01   7.295844e-20   1.145631e-04   4.594534e-21   248
  4.748016e-01   9.065353e-20   1.311235e-04   1.034955e-20   72
  4.753245e-01   9.043064e-20   7.266090e-09   2.687882e-20   6
  4.769053e-01   4.976238e-20   8.141014e-05   3.463885e-21   180
  4.772205e-01   7.932544e-20   1.107713e-04   7.825556e-21   72
  4.776705e-01   5.772485e-20   0.000000e+00   1.895826e-20   6
  4.794278e-01   4.023464e-20   3.483570e-05   4.283128e-21   96
  4.796378e-01   4.936448e-20   9.563861e-05   4.760458e-21   96
  4.800471e-01   2.207113e-19   0.000000e+00   1.713851e-20   6
  4.820778e-01   3.445380e-20   9.153355e-05   2.763388e-21   140
  4.824537e-01   3.264376e-20   0.000000e+00   7.049877e-21   6
  4.846301e-01   2.877691e-20   6.146888e-05   3.206357e-21   96
  4.848898e-01   4.482711e-20   0.000000e+00   9.384907e-21   6
  4.871898e-01   2.581928e-20   3.697860e-05   3.238968e-21   60
  4.873552e-01   3.283575e-20   0.000000e+00   8.914158e-21   6
  4.897713e-01   1.142003e-20   3.748867e-05   1.707444e-21   38
  4.923442e-01   1.021311e-20   1.928513e-05   3.211449e-21   18
  4.949217e-01   4.046387e-21   7.266090e-09   8.702356e-22   6
