# power spectrum of pi_k * H (dimensionless)
# redshift z=88.687978
# k              Pk             sigma(k)       sigma(Pk)      count
  4.487990e-03   5.214466e-12   0.000000e+00   2.101906e-12   6
  6.346976e-03   3.081425e-12   0.000000e+00   6.151021e-13   12
  7.773426e-03   2.328185e-12   8.514949e-11   4.738759e-13   8
  8.975979e-03   7.789416e-12   0.000000e+00   8.381857e-13   6
  1.003545e-02   5.443523e-12   1.605594e-10   1.735332e-12   24
  1.099328e-02   7.808051e-12   1.605594e-10   1.315548e-12   24
  1.269395e-02   3.493680e-12   0.000000e+00   1.572483e-12   12
  1.346397e-02   4.059141e-12   1.816523e-10   7.473811e-13   30
  1.419227e-02   5.083627e-12   0.000000e+00   1.120292e-12   24
  1.488498e-02   4.636103e-12   2.780971e-10   1.149276e-12   24
  1.554685e-02   5.404330e-12   1.702990e-10   1.095364e-12   8
  1.618168e-02   4.577223e-12   2.270653e-10   5.687229e-13   24
  1.679252e-02   4.300960e-12   0.000000e+00   6.044289e-13   48
  1.795196e-02   5.088080e-12   0.000000e+00   2.237114e-12   6
  1.850445e-02   4.060206e-12   2.270653e-10   5.699554e-13   48
  1.904093e-02   3.760875e-12   2.140792e-10   3.913394e-13   36
  1.956269e-02   5.392049e-12   2.270653e-10   1.127622e-12   24
  2.007090e-02   3.162727e-12   3.211188e-10   5.443606e-13   24
  2.056655e-02   2.825192e-12   0.000000e+00   3.841236e-13   48
  2.105054e-02   4.365933e-12   3.211188e-10   6.214810e-13   24
  2.198657e-02   3.464832e-12   3.211188e-10   5.449216e-13   24
  2.243995e-02   2.361953e-12   0.000000e+00   3.865871e-13   30
  2.288435e-02   2.517442e-12   0.000000e+00   2.778194e-13   72
  2.332028e-02   2.453675e-12   3.405980e-10   4.998809e-13   32
  2.416856e-02   3.249759e-12   0.000000e+00   3.766595e-13   72
  2.458173e-02   1.978502e-12   0.000000e+00   2.892720e-13   48
  2.538790e-02   1.044480e-12   0.000000e+00   3.106811e-13   12
  2.597539e-02   1.937949e-12   1.938570e-04   1.793724e-13   96
  2.655130e-02   2.404273e-12   3.211188e-10   3.033683e-13   48
  2.692794e-02   2.880608e-12   3.633045e-10   5.048051e-13   30
  2.757421e-02   2.605064e-12   1.586779e-04   2.447862e-13   96
  2.838454e-02   1.541740e-12   0.000000e+00   2.926690e-13   24
  2.885327e-02   2.163130e-12   1.642099e-04   1.752718e-13   144
  2.942972e-02   1.496865e-12   5.561942e-10   3.675943e-13   24
  3.002225e-02   2.206709e-12   1.456630e-04   2.515835e-13   96
  3.043903e-02   1.926045e-12   0.000000e+00   2.964679e-13   48
  3.137435e-02   2.329905e-12   1.080207e-04   2.630232e-13   62
  3.184971e-02   1.685298e-12   1.519035e-04   2.034738e-13   132
  3.236335e-02   1.102601e-12   4.541306e-10   1.966135e-13   24
  3.284837e-02   1.718341e-12   1.518246e-04   1.457393e-13   168
  3.373431e-02   1.982453e-12   1.492698e-04   1.656706e-13   96
  3.439955e-02   1.326958e-12   1.270423e-04   1.252951e-13   96
  3.521583e-02   1.374166e-12   1.416056e-04   1.132802e-13   168
  3.590392e-02   1.859368e-12   0.000000e+00   8.173230e-13   6
  3.618333e-02   1.508467e-12   0.000000e+00   1.463627e-13   96
  3.651563e-02   1.436299e-12   1.100713e-04   1.415513e-13   120
  3.718966e-02   1.136622e-12   1.278125e-04   8.979146e-14   144
  3.754921e-02   1.308730e-12   0.000000e+00   1.763789e-13   48
  3.823245e-02   1.150084e-12   1.304211e-04   1.239082e-13   84
  3.860715e-02   1.262933e-12   8.899106e-10   1.132755e-13   120
  3.894461e-02   9.727777e-13   1.183479e-04   1.116532e-13   80
  3.946692e-02   9.169056e-13   1.201620e-04   6.725331e-14   144
  4.014180e-02   1.143525e-12   6.422377e-10   2.121009e-13   24
  4.047145e-02   1.247340e-12   1.159510e-04   1.040935e-13   150
  4.098576e-02   1.114220e-12   1.203057e-04   8.133210e-14   120
  4.155056e-02   1.001795e-12   1.096333e-04   8.470206e-14   168
  4.210107e-02   1.478782e-12   6.422377e-10   2.473283e-13   24
  4.244743e-02   8.666020e-13   1.181082e-04   5.497890e-14   264
  4.281269e-02   6.855543e-13   6.422377e-10   9.609657e-14   48
  4.343532e-02   8.843759e-13   1.093985e-04   7.289630e-14   144
  4.412543e-02   1.071656e-12   1.076845e-04   1.310613e-13   72
  4.451927e-02   8.446702e-13   1.107671e-04   5.394075e-14   180
  4.506982e-02   8.842386e-13   8.025835e-05   6.593743e-14   198
  4.532647e-02   9.333630e-13   0.000000e+00   1.025041e-13   48
  4.589413e-02   7.465460e-13   1.086319e-04   5.620723e-14   168
  4.631540e-02   8.766498e-13   1.087222e-04   8.002083e-14   144
  4.695270e-02   8.157342e-13   1.527607e-04   4.266086e-14   248
  4.781330e-02   5.753851e-13   1.053161e-04   4.044624e-14   192
  4.839932e-02   7.468422e-13   1.626762e-04   4.903236e-14   240
  4.875204e-02   8.110055e-13   0.000000e+00   8.790365e-14   72
  4.929001e-02   8.353666e-13   9.927197e-05   7.290328e-14   126
  4.962939e-02   8.829482e-13   9.159181e-05   6.970011e-14   168
  5.027740e-02   8.219153e-13   1.001546e-04   4.586293e-14   288
  5.095853e-02   7.439249e-13   5.274950e-05   6.350046e-14   156
  5.131126e-02   6.341108e-13   8.873998e-05   5.522072e-14   168
  5.184617e-02   6.674292e-13   1.521290e-04   4.096546e-14   264
  5.233850e-02   6.210607e-13   0.000000e+00   7.634375e-14   48
  5.270435e-02   6.261667e-13   1.514052e-04   4.098354e-14   264
  5.322882e-02   6.364549e-13   8.924381e-05   5.284740e-14   144
  5.362492e-02   7.003254e-13   1.825884e-04   7.965466e-14   78
  5.420192e-02   5.691384e-13   1.186900e-04   3.143444e-14   336
  5.474604e-02   5.256074e-13   9.030373e-05   3.564805e-14   200
  5.510338e-02   5.107463e-13   1.768159e-04   3.885254e-14   192
  5.558581e-02   6.302705e-13   8.873069e-05   4.473445e-14   240
  5.602902e-02   6.684774e-13   1.778215e-04   4.618021e-14   168
  5.648434e-02   5.490603e-13   1.423690e-04   4.719873e-14   120
  5.703118e-02   6.039584e-13   1.112738e-04   3.212249e-14   324
  5.756179e-02   5.398726e-13   8.748012e-05   3.679338e-14   192
  5.792293e-02   6.022385e-13   1.568908e-04   4.354664e-14   168
  5.853721e-02   4.507200e-13   1.292197e-04   2.477382e-14   342
  5.909109e-02   6.152142e-13   1.040479e-04   3.157664e-14   336
  5.965251e-02   6.765313e-13   7.962394e-05   7.468561e-14   72
  6.003109e-02   5.392445e-13   1.273478e-04   3.588055e-14   288
  6.047058e-02   5.323097e-13   8.293768e-05   3.856501e-14   264
  6.108439e-02   4.702530e-13   1.090835e-04   2.545183e-14   384
  6.163419e-02   4.897851e-13   1.309286e-04   3.670604e-14   240
  6.186267e-02   5.122265e-13   0.000000e+00   6.255269e-14   48
  6.252352e-02   5.026194e-13   1.071736e-04   2.530973e-14   392
  6.302771e-02   4.610406e-13   1.176177e-04   2.619448e-14   294
  6.356985e-02   4.551930e-13   7.644534e-05   3.390454e-14   228
  6.392640e-02   5.365444e-13   1.160935e-04   3.502455e-14   216
  6.437004e-02   4.444562e-13   7.071608e-05   2.349963e-14   336
  6.491309e-02   4.691774e-13   8.402231e-05   2.675272e-14   360
  6.536140e-02   5.049572e-13   1.280140e-04   3.115747e-14   240
  6.582853e-02   4.619855e-13   1.514699e-04   3.244800e-14   168
  6.626426e-02   4.213687e-13   1.192252e-04   2.392904e-14   312
  6.678338e-02   4.188008e-13   7.461529e-05   2.126552e-14   336
  6.734419e-02   4.487390e-13   1.017891e-04   2.727849e-14   294
  6.776702e-02   5.022878e-13   1.356641e-04   3.091796e-14   288
  6.809058e-02   3.517606e-13   8.488954e-05   2.292528e-14   264
  6.866755e-02   4.058967e-13   1.458184e-04   2.048467e-14   480
  6.914996e-02   4.481568e-13   7.133389e-05   2.675050e-14   240
  6.974139e-02   4.386524e-13   7.213111e-05   2.561652e-14   276
  7.020800e-02   4.068745e-13   1.583420e-04   1.705938e-14   488
  7.076234e-02   4.590473e-13   6.973720e-05   4.046537e-14   240
  7.108411e-02   4.165080e-13   1.354117e-04   2.070478e-14   360
  7.153530e-02   3.494859e-13   4.817743e-05   2.585635e-14   198
  7.211554e-02   3.372055e-13   1.627935e-04   1.463801e-14   480
  7.254038e-02   3.364678e-13   6.008787e-05   2.031067e-14   288
  7.312796e-02   3.844598e-13   1.270121e-04   1.823966e-14   480
  7.365633e-02   3.885873e-13   7.825550e-05   1.654040e-14   480
  7.419894e-02   3.377066e-13   1.012105e-04   2.252010e-14   288
  7.453749e-02   3.799445e-13   1.079729e-04   2.164812e-14   288
  7.506996e-02   3.577493e-13   1.877112e-04   1.732462e-14   456
  7.560610e-02   3.955158e-13   1.767802e-04   1.955987e-14   360
  7.595177e-02   3.512662e-13   1.059672e-04   2.183077e-14   180
  7.645202e-02   2.955356e-13   1.154112e-04   1.258320e-14   486
  7.695907e-02   3.305735e-13   1.535340e-04   1.485246e-14   504
  7.747462e-02   3.502586e-13   1.192882e-04   1.655166e-14   456
  7.790209e-02   3.329943e-13   9.910745e-05   1.942992e-14   296
  7.846686e-02   3.140885e-13   9.779604e-05   1.376405e-14   528
  7.889160e-02   3.153007e-13   9.649931e-05   1.589844e-14   336
  7.951717e-02   3.125265e-13   1.070358e-04   1.293826e-14   600
  7.997507e-02   2.597494e-13   6.270729e-05   1.537436e-14   264
  8.043396e-02   3.033576e-13   6.781049e-05   1.485526e-14   360
  8.090234e-02   2.893490e-13   1.357633e-04   1.260163e-14   630
  8.141847e-02   3.329681e-13   7.007974e-05   1.577322e-14   432
  8.187631e-02   3.162648e-13   1.350259e-04   1.505627e-14   408
  8.243827e-02   2.858508e-13   8.962194e-05   1.542291e-14   324
  8.285635e-02   2.701729e-13   1.277222e-04   1.015173e-14   744
  8.336064e-02   2.574974e-13   1.021054e-04   1.434435e-14   336
  8.384245e-02   2.943123e-13   1.403689e-04   1.279360e-14   528
  8.437080e-02   2.471165e-13   7.162045e-05   1.328373e-14   408
  8.472109e-02   2.392165e-13   1.218981e-04   1.178945e-14   408
  8.529988e-02   2.445569e-13   1.006308e-04   1.105605e-14   470
  8.572148e-02   2.597187e-13   1.208902e-04   1.180605e-14   528
  8.631019e-02   2.206709e-13   1.007343e-04   8.213042e-15   624
  8.674381e-02   2.510289e-13   7.664930e-05   1.164887e-14   504
  8.719116e-02   2.159556e-13   1.067668e-04   9.264454e-15   552
  8.763489e-02   2.346142e-13   5.190111e-05   1.180167e-14   336
  8.819051e-02   2.496107e-13   1.104770e-04   1.097371e-14   528
  8.862093e-02   2.325129e-13   1.257802e-04   9.221678e-15   564
  8.912507e-02   2.173318e-13   1.157674e-04   1.043802e-14   528
  8.967166e-02   2.389415e-13   1.797324e-04   1.040390e-14   582
  9.016871e-02   2.187872e-13   1.383668e-04   8.720628e-15   624
  9.060342e-02   2.113424e-13   1.581799e-04   1.064660e-14   432
  9.112208e-02   2.180334e-13   1.759475e-04   7.413210e-15   816
  9.165576e-02   2.228509e-13   8.018898e-05   1.237691e-14   312
  9.200488e-02   1.937236e-13   1.299641e-04   8.566551e-15   552
  9.256787e-02   2.015136e-13   8.185444e-05   7.478390e-15   744
  9.297574e-02   2.175467e-13   7.646869e-05   1.183966e-14   408
  9.350218e-02   1.881332e-13   1.095830e-04   7.645164e-15   632
  9.404906e-02   2.153706e-13   1.860997e-04   7.984635e-15   750
  9.449396e-02   2.114464e-13   1.280227e-04   1.123448e-14   312
  9.498974e-02   1.945543e-13   1.890077e-04   6.681704e-15   876
  9.548011e-02   1.585334e-13   1.234108e-04   6.554151e-15   552
  9.603265e-02   1.897215e-13   1.020603e-04   7.440319e-15   696
  9.640905e-02   1.892790e-13   1.126552e-04   8.138284e-15   576
  9.692128e-02   1.686530e-13   1.192748e-04   7.801838e-15   576
  9.735848e-02   1.861870e-13   1.598285e-04   7.347743e-15   648
  9.788685e-02   1.834236e-13   1.599783e-04   6.740138e-15   672
  9.847019e-02   1.765897e-13   6.785687e-05   8.392044e-15   480
  9.884355e-02   1.634790e-13   1.050846e-04   5.855685e-15   726
  9.932431e-02   1.792032e-13   1.190745e-04   6.320636e-15   792
  9.984502e-02   1.639952e-13   1.651878e-04   6.000017e-15   768
  1.003938e-01   1.701650e-13   1.350017e-04   6.367688e-15   672
  1.008970e-01   1.639939e-13   9.055629e-05   6.369030e-15   608
  1.012613e-01   1.543545e-13   8.693679e-05   6.069968e-15   624
  1.017809e-01   1.532654e-13   1.129736e-04   5.546245e-15   684
  1.022864e-01   1.544746e-13   1.668752e-04   5.320994e-15   768
  1.027568e-01   1.598927e-13   1.334155e-04   5.470608e-15   744
  1.033173e-01   1.480891e-13   8.400635e-05   5.105098e-15   750
  1.037259e-01   1.387116e-13   1.248642e-04   6.070592e-15   600
  1.041677e-01   1.458339e-13   1.325833e-04   5.912816e-15   600
  1.047135e-01   1.483666e-13   1.527941e-04   4.567737e-15   1008
  1.051470e-01   1.487772e-13   8.474486e-05   5.614854e-15   696
  1.056273e-01   1.522399e-13   1.119517e-04   6.227704e-15   624
  1.061102e-01   1.456335e-13   1.742111e-04   5.398135e-15   840
  1.066588e-01   1.535842e-13   1.185366e-04   5.302907e-15   816
  1.071038e-01   1.363158e-13   7.873478e-05   4.656287e-15   744
  1.075531e-01   1.395954e-13   1.391901e-04   5.863176e-15   510
  1.080960e-01   1.418188e-13   1.336339e-04   4.527595e-15   1020
  1.086012e-01   1.390474e-13   1.078294e-04   4.441031e-15   912
  1.090992e-01   1.422573e-13   1.597552e-04   5.061512e-15   752
  1.095110e-01   1.377116e-13   1.325595e-04   5.311467e-15   888
  1.100730e-01   1.305957e-13   8.554013e-05   4.584686e-15   768
  1.105327e-01   1.311577e-13   1.554339e-04   4.697524e-15   720
  1.110617e-01   1.298366e-13   1.370195e-04   4.160729e-15   1056
  1.115309e-01   1.305611e-13   9.479589e-05   5.693439e-15   504
  1.119154e-01   1.188205e-13   1.480257e-04   4.489932e-15   774
  1.124652e-01   1.261113e-13   1.423615e-04   3.841322e-15   1272
  1.129816e-01   1.287367e-13   9.326921e-05   4.918585e-15   744
  1.134632e-01   1.177663e-13   1.523027e-04   4.226591e-15   768
  1.139050e-01   1.237869e-13   1.288282e-04   4.107919e-15   840
  1.144011e-01   1.278877e-13   8.734207e-05   4.088210e-15   924
  1.148789e-01   1.226264e-13   1.539839e-04   4.003590e-15   936
  1.153484e-01   1.131976e-13   1.070130e-04   3.693990e-15   840
  1.158214e-01   1.245043e-13   1.272259e-04   3.877740e-15   1008
  1.164225e-01   1.134416e-13   1.436262e-04   4.192465e-15   696
  1.167996e-01   1.095999e-13   1.276589e-04   3.520674e-15   974
  1.173599e-01   1.202113e-13   1.695459e-04   3.439133e-15   1152
  1.178471e-01   1.173292e-13   6.634378e-05   3.921680e-15   816
  1.182260e-01   1.077260e-13   1.459488e-04   3.548190e-15   816
  1.187357e-01   1.138962e-13   1.288794e-04   3.299141e-15   1152
  1.192732e-01   1.136527e-13   1.160356e-04   3.619390e-15   912
  1.197621e-01   1.195598e-13   1.409833e-04   3.607892e-15   1056
  1.201806e-01   1.152993e-13   1.205660e-04   4.660550e-15   624
  1.207435e-01   1.089836e-13   1.506027e-04   3.257426e-15   1260
  1.212292e-01   1.121668e-13   9.083716e-05   3.742977e-15   894
  1.217037e-01   1.176319e-13   1.556364e-04   3.195713e-15   1176
  1.221783e-01   1.019310e-13   1.288208e-04   3.781341e-15   840
  1.227186e-01   1.093894e-13   1.464236e-04   2.770525e-15   1440
  1.232859e-01   9.953030e-14   8.232021e-05   3.211412e-15   864
  1.237160e-01   1.113802e-13   1.412655e-04   3.539398e-15   1056
  1.241441e-01   1.128506e-13   8.328830e-05   4.590288e-15   624
  1.246641e-01   1.065216e-13   1.542356e-04   2.731905e-15   1496
  1.251612e-01   1.061040e-13   1.088958e-04   4.016701e-15   936
  1.256039e-01   1.010668e-13   1.576468e-04   3.251105e-15   966
  1.260801e-01   1.005489e-13   1.117465e-04   3.255584e-15   936
  1.265804e-01   1.035935e-13   1.382244e-04   2.839781e-15   1248
  1.270926e-01   9.627448e-14   9.744205e-05   2.823745e-15   1044
  1.275698e-01   9.752814e-14   1.509409e-04   2.753343e-15   1392
  1.279478e-01   9.247018e-14   1.162549e-04   3.542528e-15   600
  1.284885e-01   9.395186e-14   1.320778e-04   2.428648e-15   1416
  1.289955e-01   9.704038e-14   1.421656e-04   2.788367e-15   1152
  1.295092e-01   9.481047e-14   1.363856e-04   2.995544e-15   936
  1.299230e-01   9.536512e-14   1.462802e-04   3.222619e-15   870
  1.304147e-01   9.999970e-14   1.226502e-04   2.884753e-15   1368
  1.309604e-01   9.567989e-14   1.612530e-04   2.451021e-15   1632
  1.314267e-01   9.911637e-14   7.000699e-05   3.470196e-15   816
  1.319315e-01   9.476229e-14   1.597143e-04   2.687741e-15   1200
  1.323720e-01   9.558223e-14   1.527057e-04   2.721208e-15   1184
  1.328194e-01   9.889481e-14   1.158936e-04   3.172800e-15   984
  1.333683e-01   9.091625e-14   1.414942e-04   2.362090e-15   1572
  1.338659e-01   9.863065e-14   7.792333e-05   3.522344e-15   840
  1.343297e-01   8.758965e-14   1.812138e-04   2.302241e-15   1392
  1.348193e-01   8.632698e-14   1.330470e-04   2.662386e-15   1158
  1.352564e-01   9.115158e-14   1.211496e-04   2.560265e-15   1272
  1.357826e-01   9.189706e-14   1.234623e-04   2.518216e-15   1320
  1.362769e-01   8.690305e-14   1.208065e-04   2.679861e-15   1104
  1.367472e-01   8.512972e-14   1.367360e-04   2.400494e-15   1392
  1.372408e-01   8.151253e-14   1.478938e-04   2.329072e-15   1296
  1.377492e-01   8.322223e-14   1.544255e-04   2.217965e-15   1392
  1.382262e-01   8.313721e-14   1.132835e-04   2.503610e-15   1104
  1.386675e-01   8.018430e-14   1.426913e-04   2.120803e-15   1320
  1.392961e-01   8.106314e-14   1.089713e-04   2.167620e-15   1422
  1.396977e-01   7.965200e-14   1.357176e-04   2.362127e-15   1212
  1.401589e-01   7.713133e-14   1.483027e-04   2.089864e-15   1280
  1.406327e-01   8.308873e-14   1.544235e-04   2.320140e-15   1272
  1.410869e-01   8.356834e-14   1.336382e-04   2.058529e-15   1680
  1.416252e-01   7.228716e-14   1.262633e-04   2.168494e-15   1152
  1.421207e-01   7.589149e-14   1.462174e-04   1.851911e-15   1512
  1.426417e-01   7.387516e-14   6.173239e-05   2.507652e-15   912
  1.430535e-01   7.689018e-14   1.556147e-04   1.784128e-15   1680
  1.436012e-01   6.768908e-14   1.378563e-04   1.709773e-15   1518
  1.440071e-01   7.602707e-14   1.276288e-04   2.231904e-15   1056
  1.444347e-01   7.259292e-14   1.288698e-04   1.842401e-15   1344
  1.449875e-01   8.130654e-14   1.383780e-04   1.959144e-15   1680
  1.454876e-01   7.086311e-14   1.363571e-04   1.796101e-15   1656
  1.460341e-01   6.898270e-14   1.159057e-04   2.247232e-15   1140
  1.464444e-01   6.871665e-14   1.342100e-04   1.941145e-15   1368
  1.469271e-01   6.908076e-14   1.526647e-04   1.741404e-15   1656
  1.474179e-01   7.076670e-14   1.563614e-04   1.961439e-15   1448
  1.479520e-01   6.725010e-14   1.468912e-04   1.708752e-15   1422
  1.484453e-01   6.936833e-14   1.621619e-04   1.786061e-15   1512
  1.488673e-01   6.939489e-14   1.236275e-04   1.989683e-15   1296
  1.493554e-01   6.522729e-14   1.128801e-04   1.577717e-15   1824
  1.498832e-01   6.514171e-14   1.463660e-04   1.658312e-15   1464
  1.504163e-01   6.099336e-14   1.306107e-04   1.353177e-15   1824
  1.509111e-01   6.582971e-14   1.038421e-04   1.720253e-15   1416
  1.513416e-01   6.300594e-14   1.521007e-04   1.684688e-15   1392
  1.518062e-01   6.189358e-14   1.403562e-04   1.596190e-15   1464
  1.523732e-01   5.702904e-14   1.372200e-04   1.538944e-15   1524
  1.528113e-01   5.976381e-14   1.264504e-04   1.521134e-15   1686
  1.533176e-01   5.961380e-14   1.505644e-04   1.488848e-15   1800
  1.537528e-01   6.411275e-14   1.195338e-04   1.908014e-15   1344
  1.542356e-01   6.135053e-14   1.394596e-04   1.640393e-15   1656
  1.547196e-01   6.039112e-14   1.113514e-04   1.501698e-15   1488
  1.551402e-01   6.131505e-14   1.111701e-04   1.547747e-15   1536
  1.557262e-01   5.737437e-14   1.234973e-04   1.430168e-15   1760
  1.561802e-01   5.610145e-14   1.373667e-04   1.292174e-15   1824
  1.567053e-01   5.993391e-14   1.152763e-04   1.508923e-15   1560
  1.572105e-01   5.796260e-14   1.324056e-04   1.383361e-15   1926
  1.576857e-01   5.811822e-14   9.415777e-05   1.643789e-15   1272
  1.581194e-01   5.450855e-14   1.582320e-04   1.281873e-15   1848
  1.586895e-01   5.693067e-14   1.278379e-04   1.269104e-15   1908
  1.591231e-01   5.494677e-14   1.246890e-04   1.430610e-15   1488
  1.595806e-01   5.166677e-14   1.406224e-04   1.283074e-15   1800
  1.600766e-01   5.238564e-14   1.407610e-04   1.265389e-15   1752
  1.605517e-01   5.086196e-14   1.496769e-04   1.348820e-15   1368
  1.610272e-01   5.292103e-14   1.406675e-04   1.114493e-15   2016
  1.615501e-01   5.444648e-14   1.485794e-04   1.381986e-15   1542
  1.620327e-01   5.051204e-14   1.454994e-04   1.154583e-15   2184
  1.625669e-01   5.287275e-14   1.330990e-04   1.220234e-15   1776
  1.630283e-01   5.017806e-14   1.521522e-04   1.402451e-15   1568
  1.634682e-01   5.196974e-14   1.390081e-04   1.188758e-15   2040
  1.639468e-01   5.296613e-14   1.486121e-04   1.280861e-15   1704
  1.644478e-01   4.793751e-14   1.489728e-04   1.239297e-15   1512
  1.649202e-01   4.980038e-14   1.270742e-04   1.103181e-15   2028
  1.654509e-01   4.917994e-14   1.532841e-04   1.078609e-15   1968
  1.659362e-01   4.728948e-14   1.554838e-04   1.067109e-15   1854
  1.664110e-01   4.704533e-14   1.482240e-04   1.117431e-15   1632
  1.668977e-01   4.834157e-14   1.523128e-04   9.567370e-16   2424
  1.674021e-01   4.683887e-14   1.524713e-04   1.164378e-15   1560
  1.678285e-01   4.792469e-14   1.440852e-04   1.086033e-15   1728
  1.683437e-01   4.606084e-14   1.538043e-04   1.062376e-15   2088
  1.688623e-01   4.365205e-14   1.464052e-04   9.957558e-16   1968
  1.693394e-01   4.522955e-14   1.449552e-04   1.029500e-15   2256
  1.698178e-01   4.585820e-14   1.288813e-04   1.049732e-15   1728
  1.703172e-01   4.494953e-14   1.270494e-04   1.229114e-15   1416
  1.707596e-01   4.724541e-14   1.339356e-04   9.887098e-16   2246
  1.712606e-01   4.443919e-14   1.483321e-04   1.029070e-15   2148
  1.717398e-01   4.600039e-14   1.252967e-04   1.162821e-15   1680
  1.721909e-01   4.420731e-14   1.584012e-04   8.526148e-16   2280
  1.727331e-01   4.469287e-14   1.475065e-04   9.029094e-16   2352
  1.732395e-01   4.354132e-14   1.239422e-04   1.073535e-15   1632
  1.736402e-01   4.398028e-14   1.418228e-04   1.012899e-15   1968
  1.741900e-01   4.185511e-14   1.455103e-04   9.434243e-16   2112
  1.746998e-01   4.187109e-14   1.093039e-04   9.621515e-16   2208
  1.751952e-01   4.179053e-14   1.102112e-04   9.148821e-16   1974
  1.755862e-01   4.113175e-14   1.078165e-04   9.424988e-16   1944
  1.761144e-01   4.366917e-14   1.219820e-04   9.441526e-16   2160
  1.765722e-01   4.173393e-14   1.140807e-04   9.567113e-16   2040
  1.770670e-01   4.302321e-14   1.596015e-04   9.406170e-16   2352
  1.775745e-01   4.363764e-14   1.325904e-04   9.976000e-16   1836
  1.780376e-01   4.107904e-14   1.414413e-04   8.333830e-16   2352
  1.785577e-01   3.949631e-14   1.483527e-04   8.761561e-16   2008
  1.790344e-01   4.043480e-14   1.459431e-04   8.554999e-16   2464
  1.795659e-01   4.007460e-14   1.177095e-04   8.532647e-16   2118
  1.800019e-01   3.980254e-14   1.183276e-04   9.460473e-16   1848
  1.804507e-01   4.355443e-14   1.565861e-04   9.941021e-16   2280
  1.809928e-01   4.151200e-14   1.489508e-04   8.619644e-16   2472
  1.814993e-01   3.859686e-14   9.953927e-05   8.339911e-16   2280
  1.819245e-01   4.222676e-14   1.216700e-04   9.985379e-16   1992
  1.823831e-01   4.055440e-14   1.279126e-04   8.192465e-16   2184
  1.829118e-01   3.641853e-14   1.543068e-04   7.766977e-16   2352
  1.834214e-01   3.931279e-14   1.626118e-04   7.919040e-16   2496
  1.839203e-01   3.709702e-14   1.518813e-04   8.946048e-16   1770
  1.843678e-01   4.063757e-14   1.310496e-04   8.341321e-16   2568
  1.849057e-01   3.945003e-14   1.607377e-04   7.841224e-16   2712
  1.853947e-01   3.991289e-14   1.276489e-04   8.488614e-16   2448
  1.858830e-01   4.004832e-14   1.076015e-04   8.785974e-16   2064
  1.862881e-01   3.751647e-14   1.135758e-04   9.223248e-16   1944
  1.868133e-01   3.693544e-14   1.403079e-04   7.753059e-16   2480
  1.873491e-01   3.734129e-14   1.524155e-04   7.132316e-16   2880
  1.878237e-01   3.733139e-14   1.462067e-04   7.918279e-16   2304
  1.883193e-01   3.740655e-14   1.343278e-04   8.512598e-16   1806
  1.887589e-01   3.742889e-14   1.317346e-04   7.114019e-16   2856
  1.893097e-01   3.835784e-14   1.263374e-04   7.903219e-16   2568
  1.897288e-01   3.524917e-14   1.267515e-04   7.974203e-16   2112
  1.901850e-01   3.712128e-14   1.220840e-04   8.960477e-16   2028
  1.906744e-01   3.594552e-14   1.445115e-04   6.869517e-16   2712
  1.911714e-01   3.719750e-14   1.556884e-04   7.014437e-16   2952
  1.917055e-01   3.627857e-14   1.202957e-04   7.789894e-16   2112
  1.921372e-01   3.548245e-14   1.409804e-04   7.022815e-16   2520
  1.926559e-01   3.431562e-14   1.359784e-04   7.141786e-16   2376
  1.931282e-01   3.595044e-14   1.090048e-04   7.265705e-16   2526
  1.936186e-01   3.709150e-14   1.356536e-04   7.492880e-16   2664
  1.941040e-01   3.685152e-14   1.617960e-04   7.777978e-16   2408
  1.945694e-01   3.547325e-14   1.296049e-04   7.376724e-16   2568
  1.950440e-01   3.635829e-14   1.221942e-04   6.667693e-16   2904
  1.955589e-01   3.482711e-14   1.371053e-04   6.832574e-16   2544
  1.960480e-01   3.495455e-14   1.009875e-04   7.750754e-16   2160
  1.965096e-01   3.661298e-14   1.745958e-04   7.426405e-16   2652
  1.970194e-01   3.306434e-14   1.382439e-04   6.341062e-16   2784
  1.975101e-01   3.537495e-14   1.365199e-04   6.575504e-16   2694
  1.980185e-01   3.302503e-14   1.226932e-04   6.313622e-16   2952
  1.984602e-01   3.542357e-14   1.162128e-04   7.516807e-16   2208
  1.989102e-01   3.405811e-14   1.238599e-04   7.148691e-16   2304
  1.994125e-01   3.218873e-14   1.610662e-04   5.270394e-16   3504
  1.999983e-01   3.355878e-14   1.304210e-04   6.993601e-16   2616
  2.004552e-01   3.310414e-14   1.274108e-04   6.631915e-16   2664
  2.008953e-01   3.229895e-14   1.183758e-04   6.560983e-16   2448
  2.013388e-01   3.312168e-14   1.648584e-04   6.634770e-16   2472
  2.018606e-01   3.312845e-14   1.310718e-04   5.976082e-16   3134
  2.023516e-01   3.305945e-14   1.433541e-04   6.623977e-16   2616
  2.028419e-01   3.113279e-14   1.161223e-04   6.305665e-16   2712
  2.033463e-01   3.154793e-14   1.331755e-04   5.765625e-16   3204
  2.038284e-01   3.089004e-14   1.533782e-04   6.215359e-16   2760
  2.042862e-01   3.032787e-14   1.338200e-04   5.949125e-16   2688
  2.047911e-01   3.111910e-14   1.265264e-04   6.205502e-16   2760
  2.052376e-01   2.945651e-14   1.044749e-04   6.081269e-16   2568
  2.057517e-01   2.938358e-14   1.622443e-04   5.117945e-16   3336
  2.062452e-01   3.054699e-14   1.373220e-04   6.322269e-16   2334
  2.067435e-01   2.939482e-14   1.519616e-04   5.349430e-16   3264
  2.072092e-01   3.109380e-14   1.104877e-04   6.469668e-16   2760
  2.076868e-01   2.897845e-14   1.334378e-04   5.208340e-16   3192
  2.081730e-01   2.956459e-14   1.385370e-04   5.944132e-16   2904
  2.086902e-01   2.902064e-14   1.390027e-04   5.701550e-16   2784
  2.091231e-01   3.062408e-14   1.144018e-04   6.337905e-16   2592
  2.096156e-01   2.800691e-14   1.559460e-04   4.937789e-16   3284
  2.101389e-01   2.863546e-14   1.566406e-04   5.320007e-16   3168
  2.106071e-01   2.858351e-14   1.292397e-04   5.590014e-16   2616
  2.110994e-01   2.682754e-14   1.248775e-04   5.106492e-16   3222
  2.115781e-01   2.818488e-14   1.401164e-04   4.907228e-16   3240
  2.120418e-01   2.889654e-14   1.417503e-04   6.087386e-16   2568
  2.125690e-01   2.901427e-14   1.300629e-04   5.635870e-16   3120
  2.130097e-01   2.893185e-14   1.429850e-04   5.473159e-16   3168
  2.134838e-01   2.698010e-14   1.251725e-04   5.315916e-16   3240
  2.140024e-01   2.664265e-14   1.284239e-04   4.795762e-16   3144
  2.145062e-01   2.592469e-14   1.224103e-04   4.864520e-16   2856
  2.149823e-01   2.655769e-14   1.307392e-04   4.661533e-16   3264
  2.155212e-01   2.677486e-14   1.444609e-04   4.831927e-16   3318
  2.159452e-01   2.756553e-14   1.011723e-04   6.176617e-16   2556
  2.164506e-01   2.595465e-14   1.728209e-04   4.268471e-16   4008
  2.169623e-01   2.664868e-14   1.275720e-04   5.304990e-16   2904
  2.174000e-01   2.529260e-14   1.304469e-04   4.523459e-16   3144
  2.178983e-01   2.483799e-14   1.359922e-04   4.707084e-16   3200
  2.184140e-01   2.477018e-14   1.341212e-04   4.459404e-16   3312
  2.188763e-01   2.591854e-14   1.080957e-04   5.081284e-16   2832
  2.193924e-01   2.502929e-14   1.555565e-04   4.137952e-16   3984
  2.198717e-01   2.674954e-14   1.264601e-04   5.914874e-16   2238
  2.203092e-01   2.520964e-14   1.488218e-04   4.338902e-16   3984
  2.208520e-01   2.447338e-14   1.414250e-04   4.491071e-16   3384
  2.213029e-01   2.637912e-14   1.321942e-04   5.126043e-16   3048
  2.217737e-01   2.354600e-14   1.213801e-04   4.466827e-16   3096
  2.222656e-01   2.512201e-14   1.375807e-04   4.166864e-16   3708
  2.227545e-01   2.345892e-14   1.304078e-04   4.698663e-16   2784
  2.232087e-01   2.520594e-14   1.354535e-04   4.451322e-16   3648
  2.237247e-01   2.396895e-14   1.394108e-04   4.220124e-16   3888
  2.242738e-01   2.291634e-14   1.488252e-04   4.254451e-16   2958
  2.246837e-01   2.330517e-14   1.270361e-04   4.074955e-16   3264
  2.251777e-01   2.502765e-14   1.402443e-04   4.725687e-16   3160
  2.256445e-01   2.254251e-14   1.271016e-04   3.927818e-16   3736
  2.260868e-01   2.318999e-14   1.158193e-04   4.524976e-16   3216
  2.266085e-01   2.342907e-14   1.419303e-04   3.859067e-16   4032
  2.271526e-01   2.292950e-14   1.295798e-04   3.877729e-16   3528
  2.276165e-01   2.325825e-14   1.143819e-04   4.235308e-16   3192
  2.280803e-01   2.215202e-14   1.252686e-04   3.991376e-16   3456
  2.285834e-01   2.227626e-14   1.298903e-04   4.218327e-16   3060
  2.290876e-01   2.260023e-14   1.544545e-04   3.679615e-16   4518
  2.295790e-01   2.247442e-14   1.375990e-04   3.884774e-16   3528
  2.300307e-01   2.303092e-14   1.155591e-04   4.617133e-16   3024
  2.305122e-01   2.139018e-14   1.564624e-04   3.701327e-16   3672
  2.310028e-01   2.201441e-14   1.342922e-04   3.879339e-16   3864
  2.315474e-01   2.138090e-14   1.423480e-04   3.593905e-16   3816
  2.319928e-01   2.134227e-14   1.295052e-04   3.760655e-16   3456
  2.324198e-01   2.168240e-14   1.172315e-04   4.270307e-16   2688
  2.329230e-01   2.145033e-14   1.390930e-04   3.386979e-16   4248
  2.334218e-01   2.148808e-14   1.332244e-04   3.706156e-16   3926
  2.339228e-01   2.111302e-14   1.406621e-04   3.760106e-16   3504
  2.344067e-01   2.180466e-14   1.257540e-04   3.607002e-16   3960
  2.349411e-01   2.071850e-14   1.415697e-04   3.593720e-16   3684
  2.353994e-01   2.009122e-14   1.415603e-04   3.400922e-16   4104
  2.358576e-01   2.116081e-14   1.342621e-04   3.869937e-16   3144
  2.363498e-01   2.044686e-14   1.470632e-04   3.317116e-16   4224
  2.368909e-01   2.002595e-14   1.305314e-04   3.247476e-16   4008
  2.373532e-01   2.062240e-14   1.436052e-04   3.612935e-16   3312
  2.378293e-01   2.032122e-14   1.428317e-04   3.618930e-16   3726
  2.383356e-01   2.039123e-14   1.467057e-04   3.476178e-16   3936
  2.387852e-01   2.104259e-14   1.512247e-04   3.743568e-16   3888
  2.392518e-01   2.037673e-14   1.429975e-04   3.461541e-16   3864
  2.397372e-01   1.987871e-14   1.520184e-04   3.444926e-16   3888
  2.402373e-01   1.899281e-14   1.433767e-04   3.206550e-16   4080
  2.407309e-01   1.996333e-14   1.521663e-04   3.580174e-16   3400
  2.412345e-01   1.964315e-14   1.395519e-04   3.071411e-16   4588
  2.417438e-01   1.968697e-14   1.381276e-04   3.392035e-16   3816
  2.421888e-01   1.969496e-14   1.308874e-04   3.312324e-16   3534
  2.426599e-01   2.049445e-14   1.292818e-04   3.360767e-16   4080
  2.431528e-01   2.024214e-14   1.351361e-04   3.273471e-16   4248
  2.436477e-01   1.992411e-14   1.361762e-04   3.743716e-16   3528
  2.441045e-01   2.014290e-14   1.392215e-04   3.279108e-16   4248
  2.445661e-01   1.908651e-14   1.361726e-04   3.313441e-16   3696
  2.450802e-01   1.943881e-14   1.412982e-04   3.010603e-16   4560
  2.455678e-01   1.926563e-14   1.323495e-04   3.239588e-16   3864
  2.460685e-01   1.859328e-14   1.441083e-04   2.940068e-16   4440
  2.465431e-01   1.867888e-14   1.344565e-04   3.592100e-16   3432
  2.470417e-01   1.882587e-14   1.318374e-04   3.034816e-16   4470
  2.475323e-01   1.919789e-14   1.171596e-04   3.155718e-16   4188
  2.480144e-01   1.899053e-14   1.500979e-04   3.009672e-16   4392
  2.484933e-01   1.952169e-14   1.161150e-04   3.497516e-16   3960
  2.489913e-01   1.920954e-14   1.311762e-04   3.137323e-16   4328
  2.494737e-01   1.848705e-14   1.365155e-04   3.011218e-16   4320
  2.499612e-01   1.856838e-14   1.427527e-04   2.947171e-16   4152
  2.504133e-01   1.999067e-14   1.194148e-04   3.673510e-16   3528
  2.509246e-01   1.808570e-14   1.292483e-04   2.757212e-16   4512
  2.514030e-01   1.865039e-14   1.321235e-04   3.187520e-16   4134
  2.518889e-01   1.928756e-14   1.407559e-04   2.855531e-16   5208
  2.523561e-01   1.886883e-14   1.226327e-04   3.437792e-16   3240
  2.528396e-01   1.965467e-14   1.352583e-04   3.115829e-16   4680
  2.533316e-01   1.827180e-14   1.339167e-04   3.021950e-16   4440
  2.538242e-01   1.722354e-14   1.517493e-04   2.818184e-16   4260
  2.542967e-01   1.779047e-14   1.238886e-04   3.046611e-16   4056
  2.547833e-01   1.759400e-14   1.373522e-04   2.692674e-16   4704
  2.552940e-01   1.852041e-14   1.598328e-04   2.910244e-16   4800
  2.558338e-01   1.772706e-14   1.384828e-04   2.688144e-16   4806
  2.563004e-01   1.995578e-14   1.380453e-04   3.753043e-16   3552
  2.567447e-01   1.742172e-14   1.384155e-04   3.007320e-16   4304
  2.572463e-01   1.778524e-14   1.342317e-04   2.640621e-16   5280
  2.577424e-01   1.758781e-14   1.287726e-04   2.811043e-16   4320
  2.582120e-01   1.734562e-14   1.454180e-04   2.840130e-16   4296
  2.587071e-01   1.776880e-14   1.616686e-04   2.682165e-16   4608
  2.592079e-01   1.765225e-14   1.548872e-04   2.692914e-16   4824
  2.597037e-01   1.702828e-14   1.462245e-04   2.731439e-16   4488
  2.602357e-01   1.784264e-14   1.365163e-04   2.925968e-16   4530
  2.606750e-01   1.698888e-14   1.332969e-04   2.723306e-16   4464
  2.611146e-01   1.750568e-14   1.256224e-04   2.882483e-16   4104
  2.616192e-01   1.673506e-14   1.354472e-04   2.419767e-16   5424
  2.621157e-01   1.716615e-14   1.458006e-04   2.735323e-16   4392
  2.626209e-01   1.749466e-14   1.427447e-04   2.741697e-16   4896
  2.630796e-01   1.678995e-14   1.399190e-04   2.780095e-16   4104
  2.635583e-01   1.760250e-14   1.261700e-04   2.824166e-16   4824
  2.640634e-01   1.612899e-14   1.205890e-04   2.562820e-16   4680
  2.645034e-01   1.617158e-14   1.233362e-04   2.593896e-16   4328
  2.650142e-01   1.650675e-14   1.421747e-04   2.461953e-16   5118
  2.655274e-01   1.707200e-14   1.647184e-04   2.594370e-16   5304
  2.659905e-01   1.760549e-14   1.297081e-04   2.902572e-16   4392
  2.664951e-01   1.674558e-14   1.301864e-04   2.674249e-16   4476
  2.669364e-01   1.599367e-14   1.292906e-04   2.514186e-16   4704
  2.674274e-01   1.633239e-14   1.564908e-04   2.370799e-16   5208
  2.679435e-01   1.558478e-14   1.319479e-04   2.422505e-16   5304
  2.684190e-01   1.611827e-14   1.413346e-04   2.586511e-16   4296
  2.689066e-01   1.645841e-14   1.340217e-04   2.556157e-16   4752
  2.694189e-01   1.560658e-14   1.345359e-04   2.387427e-16   4950
  2.698794e-01   1.603883e-14   1.406262e-04   2.472852e-16   5064
  2.703399e-01   1.614712e-14   1.178265e-04   2.578129e-16   4872
  2.708057e-01   1.576249e-14   1.240390e-04   2.818661e-16   4224
  2.713029e-01   1.594738e-14   1.370167e-04   2.272249e-16   6120
  2.718321e-01   1.511268e-14   1.507358e-04   2.302317e-16   4968
  2.723121e-01   1.588981e-14   1.333881e-04   2.564752e-16   4424
  2.728088e-01   1.582546e-14   1.703749e-04   2.444717e-16   5436
  2.732993e-01   1.514491e-14   1.452596e-04   2.364363e-16   4896
  2.737736e-01   1.465056e-14   1.390702e-04   2.279545e-16   5214
  2.742308e-01   1.590637e-14   1.182169e-04   2.569146e-16   4656
  2.747387e-01   1.589407e-14   1.503032e-04   2.489510e-16   5448
  2.752241e-01   1.539126e-14   1.269422e-04   2.512374e-16   4992
  2.756994e-01   1.565276e-14   1.404898e-04   2.502664e-16   5400
  2.762219e-01   1.553759e-14   1.557062e-04   2.299947e-16   5328
  2.767032e-01   1.459507e-14   1.392299e-04   2.283283e-16   4776
  2.771561e-01   1.469131e-14   1.308295e-04   2.254381e-16   4800
  2.776593e-01   1.481375e-14   1.682401e-04   2.005363e-16   6552
  2.781857e-01   1.508677e-14   1.271030e-04   2.747562e-16   3942
  2.786419e-01   1.448295e-14   1.601990e-04   2.111500e-16   6072
  2.791470e-01   1.515950e-14   1.244164e-04   2.634615e-16   4692
  2.795705e-01   1.496877e-14   1.298888e-04   2.289620e-16   4944
  2.800665e-01   1.451141e-14   1.394107e-04   2.035734e-16   5840
  2.805759e-01   1.416279e-14   1.492333e-04   2.213907e-16   5712
  2.810773e-01   1.420631e-14   1.250671e-04   2.308015e-16   4800
  2.815348e-01   1.420207e-14   1.656330e-04   2.162440e-16   5688
  2.820359e-01   1.413991e-14   1.306810e-04   2.232675e-16   4848
  2.825324e-01   1.152610e-14   1.454557e-04   2.027403e-16   5406
  2.830037e-01   1.146849e-18   1.312973e-04   1.829360e-20   5568
  2.834769e-01   1.189264e-18   1.180275e-04   1.923626e-20   5736
  2.839884e-01   1.166116e-18   1.465826e-04   1.960172e-20   5280
  2.844524e-01   1.153797e-18   1.355263e-04   1.852956e-20   5592
  2.849301e-01   1.110345e-18   1.551417e-04   1.832827e-20   4968
  2.854352e-01   1.121830e-18   1.391053e-04   1.731027e-20   5964
  2.859279e-01   1.156123e-18   1.397517e-04   1.811810e-20   5376
  2.863756e-01   1.166839e-18   1.349389e-04   1.885988e-20   5472
  2.868946e-01   1.100518e-18   1.281532e-04   1.705953e-20   5472
  2.873693e-01   1.090139e-18   1.457059e-04   1.886618e-20   5415
  2.878292e-01   1.064302e-18   1.281660e-04   1.713106e-20   5096
  2.883268e-01   1.032020e-18   1.648183e-04   1.530137e-20   6372
  2.888302e-01   1.093538e-18   1.337920e-04   1.920811e-20   4656
  2.892814e-01   1.103578e-18   1.460580e-04   1.676708e-20   5844
  2.897668e-01   1.044797e-18   1.284189e-04   1.626993e-20   5508
  2.902812e-01   1.099982e-18   1.456803e-04   1.571729e-20   6324
  2.907860e-01   1.058175e-18   1.251396e-04   1.757631e-20   4752
  2.912474e-01   1.006258e-18   1.401041e-04   1.526133e-20   5676
  2.917468e-01   1.057796e-18   1.281684e-04   1.682501e-20   5472
  2.922209e-01   1.072533e-18   1.445704e-04   1.671996e-20   5556
  2.927301e-01   1.005886e-18   1.408810e-04   1.508255e-20   5436
  2.932217e-01   1.044971e-18   1.442016e-04   1.591230e-20   5916
  2.937264e-01   1.054429e-18   1.500331e-04   1.636325e-20   5520
  2.941809e-01   9.688812e-19   1.364480e-04   1.534479e-20   5280
  2.946466e-01   1.060683e-18   1.340724e-04   1.726655e-20   4416
  2.951720e-01   9.983049e-19   1.306879e-04   1.404828e-20   6260
  2.956655e-01   1.028917e-18   1.554038e-04   1.504417e-20   5940
  2.961126e-01   1.022666e-18   1.217066e-04   1.726807e-20   4188
  2.966047e-01   1.025186e-18   1.556122e-04   1.430403e-20   6360
  2.971222e-01   9.814071e-19   1.387995e-04   1.461508e-20   5256
  2.976029e-01   9.820399e-19   1.312113e-04   1.618796e-20   4848
  2.980147e-01   9.493113e-19   1.189499e-04   1.485127e-20   4704
  2.985217e-01   9.960618e-19   1.459205e-04   1.432369e-20   5784
  2.990374e-01   9.493862e-19   1.544008e-04   1.379889e-20   5820
  2.995352e-01   9.763898e-19   1.383100e-04   1.381691e-20   5700
  3.000361e-01   9.637426e-19   1.282634e-04   1.465525e-20   5232
  3.005375e-01   1.005425e-18   1.423193e-04   1.499702e-20   4932
  3.009817e-01   9.595757e-19   1.224997e-04   1.505453e-20   4716
  3.014485e-01   1.034564e-18   1.560382e-04   1.578023e-20   5616
  3.019287e-01   9.343450e-19   1.378046e-04   1.407889e-20   5184
  3.024240e-01   9.302377e-19   1.390111e-04   1.416030e-20   5064
  3.028912e-01   9.462313e-19   1.423406e-04   1.376566e-20   5544
  3.034093e-01   9.182349e-19   1.428860e-04   1.344100e-20   5192
  3.038807e-01   9.368748e-19   1.284053e-04   1.408945e-20   5244
  3.043764e-01   9.172271e-19   1.389360e-04   1.364219e-20   5112
  3.048691e-01   9.510544e-19   1.275010e-04   1.494902e-20   5040
  3.053213e-01   9.590751e-19   1.340439e-04   1.434013e-20   5124
  3.058494e-01   9.136296e-19   1.504823e-04   1.293743e-20   5952
  3.063369e-01   9.507439e-19   1.318531e-04   1.437580e-20   4824
  3.067788e-01   9.028124e-19   1.330892e-04   1.407873e-20   4536
  3.072903e-01   9.030383e-19   1.414616e-04   1.245441e-20   5712
  3.078157e-01   9.251773e-19   1.547976e-04   1.365452e-20   5352
  3.083112e-01   9.368850e-19   1.348344e-04   1.376122e-20   5004
  3.087539e-01   9.339638e-19   1.348711e-04   1.431678e-20   4800
  3.092296e-01   8.976857e-19   1.449374e-04   1.304023e-20   5148
  3.097567e-01   8.952036e-19   1.505363e-04   1.254723e-20   5664
  3.102329e-01   8.725995e-19   1.352034e-04   1.336943e-20   4692
  3.106729e-01   8.885582e-19   1.256056e-04   1.456967e-20   4008
  3.111861e-01   9.081754e-19   1.439712e-04   1.252798e-20   5852
  3.117078e-01   8.570138e-19   1.363273e-04   1.196417e-20   5784
  3.121712e-01   9.127696e-19   1.256700e-04   1.493428e-20   4392
  3.126481e-01   8.934945e-19   1.232703e-04   1.344509e-20   4944
  3.131489e-01   8.486306e-19   1.453336e-04   1.264567e-20   4776
  3.136211e-01   8.376383e-19   1.398188e-04   1.203304e-20   5244
  3.141336e-01   8.502145e-19   1.395722e-04   1.211203e-20   4884
  3.145636e-01   8.574742e-19   1.183681e-04   1.348557e-20   4488
  3.150636e-01   8.788715e-19   1.406525e-04   1.278641e-20   5160
  3.155671e-01   8.608043e-19   1.432039e-04   1.227607e-20   5316
  3.160521e-01   8.720093e-19   1.447892e-04   1.355096e-20   4896
  3.165249e-01   8.635470e-19   1.345344e-04   1.444147e-20   4188
  3.170014e-01   8.145690e-19   1.467406e-04   1.190715e-20   4836
  3.174880e-01   8.482761e-19   1.455680e-04   1.186940e-20   5316
  3.179808e-01   8.501732e-19   1.347408e-04   1.252330e-20   4920
  3.184417e-01   8.836059e-19   1.357413e-04   1.479565e-20   4128
  3.189362e-01   8.510701e-19   1.460260e-04   1.244548e-20   5348
  3.194229e-01   8.278896e-19   1.267067e-04   1.239611e-20   4836
  3.198876e-01   8.223796e-19   1.365306e-04   1.325173e-20   4392
  3.203882e-01   8.356483e-19   1.199532e-04   1.303160e-20   4632
  3.208388e-01   8.516990e-19   1.340287e-04   1.377457e-20   4596
  3.213563e-01   8.141104e-19   1.347844e-04   1.176192e-20   5424
  3.218683e-01   7.858454e-19   1.387362e-04   1.117105e-20   5256
  3.223958e-01   8.037204e-19   1.409032e-04   1.257472e-20   4524
  3.228350e-01   8.195340e-19   1.340268e-04   1.344420e-20   4440
  3.233270e-01   7.989643e-19   1.146101e-04   1.214691e-20   4380
  3.238085e-01   8.040688e-19   1.499870e-04   1.241696e-20   4812
  3.243210e-01   8.103965e-19   1.489725e-04   1.197305e-20   5376
  3.247896e-01   7.759516e-19   1.189892e-04   1.289478e-20   3888
  3.252385e-01   8.101151e-19   1.362564e-04   1.199235e-20   4896
  3.257395e-01   8.002806e-19   1.437728e-04   1.224402e-20   4608
  3.262654e-01   8.105799e-19   1.357127e-04   1.264820e-20   4448
  3.267232e-01   7.521845e-19   1.400926e-04   1.149876e-20   4752
  3.272056e-01   8.035178e-19   1.467382e-04   1.311423e-20   4356
  3.277129e-01   7.980545e-19   1.412082e-04   1.208460e-20   5232
  3.282173e-01   7.484230e-19   1.423025e-04   1.215668e-20   4548
  3.287063e-01   7.608023e-19   1.383360e-04   1.150130e-20   4608
  3.291837e-01   7.831242e-19   1.256671e-04   1.369981e-20   3936
  3.296343e-01   7.610342e-19   1.502088e-04   1.276802e-20   4260
  3.301407e-01   7.565751e-19   1.346643e-04   1.145406e-20   5004
  3.306038e-01   7.960416e-19   1.330711e-04   1.355743e-20   4224
  3.311115e-01   7.692948e-19   1.437697e-04   1.219046e-20   4788
  3.316047e-01   7.768109e-19   1.511985e-04   1.298809e-20   4428
  3.320852e-01   7.408581e-19   1.263467e-04   1.266943e-20   4080
  3.325477e-01   7.802462e-19   1.381486e-04   1.184323e-20   4632
  3.330347e-01   7.275062e-19   1.436640e-04   1.257988e-20   4056
  3.335467e-01   7.448516e-19   1.352621e-04   1.245891e-20   4536
  3.340144e-01   7.639840e-19   1.379585e-04   1.241583e-20   4668
  3.345266e-01   7.212764e-19   1.478669e-04   1.193256e-20   4604
  3.350255e-01   7.263917e-19   1.328598e-04   1.216446e-20   4152
  3.354859e-01   7.331878e-19   1.287622e-04   1.220546e-20   4224
  3.359739e-01   7.156975e-19   1.237953e-04   1.211957e-20   4152
  3.364615e-01   7.664388e-19   1.404246e-04   1.299542e-20   4224
  3.369356e-01   7.528725e-19   1.298644e-04   1.340125e-20   3960
  3.373922e-01   7.205188e-19   1.340119e-04   1.170265e-20   4656
  3.378910e-01   7.028697e-19   1.445961e-04   1.160601e-20   4452
  3.384025e-01   6.929129e-19   1.470057e-04   1.199385e-20   4056
  3.388784e-01   7.037402e-19   1.456648e-04   1.174447e-20   4212
  3.393606e-01   7.320126e-19   1.210536e-04   1.392038e-20   3432
  3.398492e-01   7.205057e-19   1.548628e-04   1.102529e-20   5352
  3.403267e-01   7.226925e-19   1.134185e-04   1.354543e-20   3600
  3.408466e-01   6.908252e-19   1.251027e-04   1.152149e-20   4584
  3.413005e-01   7.130611e-19   1.247343e-04   1.286540e-20   3768
  3.417680e-01   6.954976e-19   1.331557e-04   1.309874e-20   3848
  3.422347e-01   6.820698e-19   1.220886e-04   1.295908e-20   3720
  3.427639e-01   6.613389e-19   1.532392e-04   1.063313e-20   4764
  3.432311e-01   7.128481e-19   1.234001e-04   1.277134e-20   3864
  3.437109e-01   7.229062e-19   1.528459e-04   1.237181e-20   4332
  3.442342e-01   6.934802e-19   1.304937e-04   1.271051e-20   3792
  3.447018e-01   6.386308e-19   1.480185e-04   1.082124e-20   4284
  3.451974e-01   6.389433e-19   1.401572e-04   1.217796e-20   3840
  3.456664e-01   6.238480e-19   1.334113e-04   1.261979e-20   3480
  3.461427e-01   6.485559e-19   1.488614e-04   1.090990e-20   4380
  3.466576e-01   6.546573e-19   1.398292e-04   1.151582e-20   4200
  3.471635e-01   6.928308e-19   1.344014e-04   1.189562e-20   4056
  3.476333e-01   6.446165e-19   1.350788e-04   1.242857e-20   3600
  3.480735e-01   6.494746e-19   1.345848e-04   1.255971e-20   3492
  3.485878e-01   6.242711e-19   1.571647e-04   1.078052e-20   4500
  3.491126e-01   6.728881e-19   1.376975e-04   1.258709e-20   3516
  3.495636e-01   6.970948e-19   1.439500e-04   1.329155e-20   3968
  3.500690e-01   6.461228e-19   1.383484e-04   1.237864e-20   3648
  3.505165e-01   6.366247e-19   1.322992e-04   1.242697e-20   4224
  3.510237e-01   5.922223e-19   1.484940e-04   1.173186e-20   3588
  3.514997e-01   6.245932e-19   1.369683e-04   1.220860e-20   3456
  3.519786e-01   5.894173e-19   1.216448e-04   1.121281e-20   3660
  3.524735e-01   6.339973e-19   1.335194e-04   1.224351e-20   3768
  3.529347e-01   6.401846e-19   1.350276e-04   1.217767e-20   3744
  3.534301e-01   6.131464e-19   1.482149e-04   1.094597e-20   4176
  3.539572e-01   6.387026e-19   1.367120e-04   1.252737e-20   3612
  3.543928e-01   6.242229e-19   1.485682e-04   1.287697e-20   3216
  3.548913e-01   6.010055e-19   1.436402e-04   1.219529e-20   3624
  3.553925e-01   6.044760e-19   1.350690e-04   1.163802e-20   3744
  3.558768e-01   6.308727e-19   1.441176e-04   1.260062e-20   3672
  3.563547e-01   6.144919e-19   1.306896e-04   1.182103e-20   3852
  3.568482e-01   6.196535e-19   1.345097e-04   1.165588e-20   3672
  3.573731e-01   6.217267e-19   1.310574e-04   1.448737e-20   3248
  3.578115e-01   5.526669e-19   1.341465e-04   1.175743e-20   3336
  3.582900e-01   5.478050e-19   1.365492e-04   1.097931e-20   3576
  3.587793e-01   5.947281e-19   1.159180e-04   1.199790e-20   3336
  3.592778e-01   5.913852e-19   1.376902e-04   1.130938e-20   3936
  3.597697e-01   6.170866e-19   1.466440e-04   1.257033e-20   3408
  3.602575e-01   6.103024e-19   1.291957e-04   1.331871e-20   3336
  3.607316e-01   4.840818e-19   1.451163e-04   1.057918e-20   3312
  3.612054e-01   5.564406e-19   1.469319e-04   1.177599e-20   3432
  3.617101e-01   5.935027e-19   1.273841e-04   1.291426e-20   3144
  3.621706e-01   5.718482e-19   1.382881e-04   1.206445e-20   3456
  3.626887e-01   5.672529e-19   1.329107e-04   1.131490e-20   3792
  3.631568e-01   5.929183e-19   1.305556e-04   1.370288e-20   2868
  3.636625e-01   5.337075e-19   1.352551e-04   1.007800e-20   3888
  3.641351e-01   5.092856e-19   1.174435e-04   1.181933e-20   2784
  3.646004e-01   5.404588e-19   1.341238e-04   1.367573e-20   2964
  3.651086e-01   5.530431e-19   1.381212e-04   1.199815e-20   3432
  3.655924e-01   5.480142e-19   1.429694e-04   1.179622e-20   3416
  3.660820e-01   5.392666e-19   1.528218e-04   1.156793e-20   3528
  3.665830e-01   5.834659e-19   1.226504e-04   1.366600e-20   2904
  3.670262e-01   5.035073e-19   1.375270e-04   1.147207e-20   3072
  3.675416e-01   5.065077e-19   1.544586e-04   1.130226e-20   3216
  3.680569e-01   5.003911e-19   1.250951e-04   1.222086e-20   2844
  3.685093e-01   5.112993e-19   1.431483e-04   1.147670e-20   3432
  3.689737e-01   5.648054e-19   1.150574e-04   1.361721e-20   2880
  3.694925e-01   5.109354e-19   1.524100e-04   1.146942e-20   3576
  3.699812e-01   5.436552e-19   1.362332e-04   1.399704e-20   2700
  3.704492e-01   4.904063e-19   1.530237e-04   1.098148e-20   3000
  3.709392e-01   4.624072e-19   1.270553e-04   1.137704e-20   2556
  3.714151e-01   5.203057e-19   1.361780e-04   1.179600e-20   3360
  3.719070e-01   5.162639e-19   1.323185e-04   1.153394e-20   3120
  3.724371e-01   5.152344e-19   1.557809e-04   1.249944e-20   3216
  3.728935e-01   5.477243e-19   1.098680e-04   1.407162e-20   2628
  3.734065e-01   4.866171e-19   1.452297e-04   1.217491e-20   3200
  3.738745e-01   4.499666e-19   1.370102e-04   1.214530e-20   2232
  3.743471e-01   4.451818e-19   1.563929e-04   1.131913e-20   3108
  3.748177e-01   5.473524e-19   1.373821e-04   1.499511e-20   2604
  3.752991e-01   5.204359e-19   1.479994e-04   1.239759e-20   3096
  3.758288e-01   4.846944e-19   1.348469e-04   1.136162e-20   3084
  3.762884e-01   4.570749e-19   1.376092e-04   1.163470e-20   2664
  3.767621e-01   4.834993e-19   1.213497e-04   1.363476e-20   2232
  3.772262e-01   4.046833e-19   1.494845e-04   9.966158e-21   2808
  3.777344e-01   4.830722e-19   1.412112e-04   1.354324e-20   2592
  3.782089e-01   5.348853e-19   1.449703e-04   1.374435e-20   2952
  3.787074e-01   4.561914e-19   1.368697e-04   1.247837e-20   2772
  3.791921e-01   4.557266e-19   1.471948e-04   1.144776e-20   3036
  3.796993e-01   4.278137e-19   1.427797e-04   1.290661e-20   2136
  3.801616e-01   4.162857e-19   1.138671e-04   1.201042e-20   2496
  3.806364e-01   4.942622e-19   1.516625e-04   1.448662e-20   2228
  3.811316e-01   5.101382e-19   1.413981e-04   1.411480e-20   3048
  3.816243e-01   4.617021e-19   1.350676e-04   1.320446e-20   2676
  3.821140e-01   4.161766e-19   1.345571e-04   1.062447e-20   2784
  3.825820e-01   4.271002e-19   1.307225e-04   1.300366e-20   1920
  3.830514e-01   3.971169e-19   1.395126e-04   1.101551e-20   2400
  3.835600e-01   3.820344e-19   1.279618e-04   1.027175e-20   2532
  3.840860e-01   4.460749e-19   1.421350e-04   1.290925e-20   2544
  3.845592e-01   4.934775e-19   1.486925e-04   1.364031e-20   2772
  3.850254e-01   4.034143e-19   1.392746e-04   1.369641e-20   2160
  3.854884e-01   4.335438e-19   1.500120e-04   1.285173e-20   2304
  3.860241e-01   3.966522e-19   1.467945e-04   1.251231e-20   2328
  3.865043e-01   3.446999e-19   1.407449e-04   1.024984e-20   2304
  3.869492e-01   3.521027e-19   1.330938e-04   1.121165e-20   1908
  3.874552e-01   4.789842e-19   1.488569e-04   1.499936e-20   2736
  3.879425e-01   4.358120e-19   1.410418e-04   1.372503e-20   2448
  3.884609e-01   4.489564e-19   1.318665e-04   1.412197e-20   2040
  3.889299e-01   3.271314e-19   1.372999e-04   1.174775e-20   2120
  3.893809e-01   4.007825e-19   1.138355e-04   1.228954e-20   2040
  3.898664e-01   3.326649e-19   1.412334e-04   1.191768e-20   2208
  3.904158e-01   4.471698e-19   1.268062e-04   1.472489e-20   2208
  3.908608e-01   5.083769e-19   1.405255e-04   1.587041e-20   2196
  3.913207e-01   3.114961e-19   1.236152e-04   1.047361e-20   1848
  3.917886e-01   3.839079e-19   1.401960e-04   1.327048e-20   2124
  3.923120e-01   3.560022e-19   1.470626e-04   1.171723e-20   2328
  3.928231e-01   3.387409e-19   1.497225e-04   1.193281e-20   1920
  3.933200e-01   3.265329e-19   1.374435e-04   1.204300e-20   1548
  3.937619e-01   4.394168e-19   1.507712e-04   1.404357e-20   2388
  3.942832e-01   3.350878e-19   1.395210e-04   1.239390e-20   2160
  3.947606e-01   3.541108e-19   1.269906e-04   1.429860e-20   1704
  3.952179e-01   3.284762e-19   1.430661e-04   1.311394e-20   1776
  3.956506e-01   3.242672e-19   1.338203e-04   1.186323e-20   1800
  3.961977e-01   2.825486e-19   1.544832e-04   1.059462e-20   1700
  3.967087e-01   4.056828e-19   1.390936e-04   1.463787e-20   2292
  3.971846e-01   3.471910e-19   1.291201e-04   1.414662e-20   1704
  3.976337e-01   3.394873e-19   1.443780e-04   1.346095e-20   1728
  3.981255e-01   2.920596e-19   1.336251e-04   1.224918e-20   1728
  3.986075e-01   3.698556e-19   1.334994e-04   1.462173e-20   1680
  3.991202e-01   2.378636e-19   1.537953e-04   9.438581e-21   1704
  3.996310e-01   2.657187e-19   1.207753e-04   9.423029e-21   1752
  4.000877e-01   3.524780e-19   1.435789e-04   1.435871e-20   1872
  4.005817e-01   3.286894e-19   1.407232e-04   1.443531e-20   1500
  4.010829e-01   2.833690e-19   1.232237e-04   1.166547e-20   1656
  4.015697e-01   3.167548e-19   1.321192e-04   1.235012e-20   1464
  4.020023e-01   2.224440e-19   1.157232e-04   1.134496e-20   1488
  4.025329e-01   2.493943e-19   1.396693e-04   9.620421e-21   1680
  4.030178e-01   2.816077e-19   1.459194e-04   1.182239e-20   1692
  4.034716e-01   2.782155e-19   1.397252e-04   1.401165e-20   1128
  4.039751e-01   2.752052e-19   1.345433e-04   1.221712e-20   1536
  4.044663e-01   2.238428e-19   1.402479e-04   1.200084e-20   1616
  4.049637e-01   2.280012e-19   1.352429e-04   1.052915e-20   1476
  4.054650e-01   2.153972e-19   1.488381e-04   1.206106e-20   1176
  4.059124e-01   2.314143e-19   1.599107e-04   9.174317e-21   1656
  4.063997e-01   2.542804e-19   1.404668e-04   1.696668e-20   891
  4.069020e-01   2.011727e-19   1.497388e-04   7.745047e-21   1596
  4.073915e-01   1.933608e-19   1.305762e-04   9.769211e-21   1422
  4.078742e-01   1.976673e-19   1.252138e-04   9.079510e-21   1254
  4.083284e-01   1.561705e-19   1.279202e-04   7.030728e-21   918
  4.088148e-01   2.048784e-19   1.400009e-04   7.650694e-21   1614
  4.093049e-01   1.593480e-19   1.209347e-04   9.434957e-21   798
  4.097922e-01   1.543160e-19   1.550239e-04   6.683372e-21   1458
  4.102863e-01   1.713228e-19   1.419502e-04   6.728075e-21   1374
  4.107747e-01   1.373980e-19   1.212349e-04   7.161834e-21   984
  4.112591e-01   1.575699e-19   1.668024e-04   6.825751e-21   1062
  4.117525e-01   1.806625e-19   1.413965e-04   7.913511e-21   1246
  4.122317e-01   1.173879e-19   1.311095e-04   6.006561e-21   1072
  4.127436e-01   1.245951e-19   1.419832e-04   7.051777e-21   1110
  4.132166e-01   1.567326e-19   1.538182e-04   6.339641e-21   1254
  4.137139e-01   1.332062e-19   1.459816e-04   7.247743e-21   1032
  4.142557e-01   1.454947e-19   1.352509e-04   9.122206e-21   786
  4.146677e-01   1.439108e-19   1.386613e-04   5.982638e-21   1152
  4.151502e-01   1.178680e-19   1.511270e-04   5.559745e-21   1086
  4.156529e-01   8.336552e-20   1.363503e-04   3.197921e-21   912
  4.161175e-01   1.789339e-19   1.366785e-04   8.042754e-21   1062
  4.165917e-01   1.049266e-19   1.362355e-04   4.165874e-21   912
  4.171397e-01   8.850965e-20   1.520835e-04   4.630636e-21   750
  4.175668e-01   1.356675e-19   1.465336e-04   5.698092e-21   1200
  4.180611e-01   1.050764e-19   1.326977e-04   5.832462e-21   918
  4.185524e-01   8.993777e-20   1.377357e-04   4.361934e-21   876
  4.190517e-01   1.344341e-19   1.203534e-04   5.957106e-21   870
  4.194890e-01   1.097712e-19   1.403731e-04   5.187025e-21   768
  4.200015e-01   7.061489e-20   1.286594e-04   3.259284e-21   830
  4.204761e-01   1.052336e-19   1.332096e-04   4.800761e-21   1080
  4.209676e-01   9.699519e-20   1.498783e-04   4.603515e-21   840
  4.214632e-01   7.393734e-20   1.443163e-04   3.282309e-21   798
  4.220251e-01   1.293521e-19   1.145461e-04   6.803327e-21   792
  4.224609e-01   7.966560e-20   1.335978e-04   3.954222e-21   726
  4.229181e-01   6.207740e-20   1.497038e-04   2.139727e-21   864
  4.234189e-01   8.645166e-20   1.281430e-04   4.641996e-21   900
  4.239267e-01   6.608082e-20   1.424135e-04   2.640143e-21   726
  4.243623e-01   7.066515e-20   1.232527e-04   3.140451e-21   576
  4.249434e-01   8.205809e-20   1.282664e-04   4.102309e-21   840
  4.253523e-01   6.848188e-20   1.331485e-04   3.716370e-21   750
  4.258366e-01   6.142430e-20   1.335529e-04   2.809143e-21   720
  4.262936e-01   8.183904e-20   1.351090e-04   4.435828e-21   702
  4.268271e-01   7.065918e-20   1.475571e-04   3.323887e-21   696
  4.272662e-01   7.116507e-20   1.319621e-04   4.171998e-21   480
  4.277837e-01   6.897886e-20   1.250396e-04   3.462999e-21   830
  4.282419e-01   6.346901e-20   1.454616e-04   2.845669e-21   756
  4.287552e-01   6.366531e-20   1.396687e-04   3.194684e-21   624
  4.292083e-01   5.932317e-20   1.475796e-04   3.307949e-21   582
  4.297440e-01   7.249395e-20   1.132706e-04   4.185744e-21   576
  4.302073e-01   5.337438e-20   1.517064e-04   2.521933e-21   624
  4.306823e-01   6.034719e-20   1.238986e-04   2.980444e-21   702
  4.311525e-01   5.556521e-20   1.425165e-04   2.723709e-21   624
  4.317110e-01   6.090940e-20   1.378751e-04   2.890207e-21   672
  4.321659e-01   4.303324e-20   1.032125e-04   2.540395e-21   342
  4.326655e-01   5.716804e-20   1.290292e-04   3.329967e-21   660
  4.331249e-01   4.275430e-20   1.326364e-04   2.746655e-21   576
  4.335992e-01   4.792114e-20   1.289493e-04   2.860413e-21   600
  4.340787e-01   4.317529e-20   1.491476e-04   2.588980e-21   510
  4.346181e-01   5.228283e-20   1.397290e-04   2.626283e-21   600
  4.350341e-01   3.834865e-20   1.112888e-04   2.541035e-21   216
  4.355185e-01   4.228539e-20   1.354577e-04   1.958656e-21   758
  4.360833e-01   3.703823e-20   1.482975e-04   2.182816e-21   576
  4.365782e-01   4.627944e-20   1.259005e-04   2.302422e-21   528
  4.370248e-01   4.021182e-20   8.670054e-05   2.943414e-21   318
  4.375047e-01   4.891566e-20   1.497759e-04   2.446034e-21   540
  4.380721e-01   2.229590e-20   1.058893e-04   1.342245e-21   384
  4.384565e-01   4.106274e-20   1.463022e-04   2.276526e-21   576
  4.389570e-01   2.965663e-20   1.195560e-04   1.636815e-21   414
  4.394302e-01   4.199564e-20   1.335050e-04   2.381995e-21   504
  4.399357e-01   3.948336e-20   1.465573e-04   2.081326e-21   312
  4.404212e-01   3.736522e-20   1.327827e-04   2.582881e-21   414
  4.409029e-01   2.564070e-20   1.226699e-04   1.401998e-21   432
  4.413512e-01   3.099983e-20   1.624587e-04   1.734444e-21   504
  4.418701e-01   3.453392e-20   1.564660e-04   1.968711e-21   432
  4.423558e-01   3.059720e-20   1.281691e-04   1.668876e-21   354
  4.428506e-01   3.479604e-20   1.865017e-04   2.612123e-21   200
  4.432750e-01   2.504710e-20   1.323290e-04   1.476797e-21   480
  4.438485e-01   2.570208e-20   1.512148e-04   1.376540e-21   552
  4.443745e-01   2.596252e-20   9.419478e-05   1.804289e-21   366
  4.447799e-01   3.276829e-20   1.002751e-04   3.205432e-21   240
  4.452261e-01   3.223407e-20   1.401886e-04   1.760375e-21   288
  4.458541e-01   2.431518e-20   9.634579e-05   1.541506e-21   366
  4.462600e-01   1.926158e-20   1.562070e-04   1.076869e-21   408
  4.467132e-01   2.203833e-20   1.174273e-04   1.572225e-21   360
  4.471820e-01   2.398202e-20   1.094619e-04   1.422793e-21   324
  4.476367e-01   2.484728e-20   1.292780e-04   1.941061e-21   174
  4.481783e-01   2.230215e-20   1.485222e-04   1.602038e-21   264
  4.486867e-01   1.914813e-20   1.354596e-04   1.234462e-21   456
  4.491937e-01   1.967882e-20   1.362099e-04   1.236452e-21   360
  4.496105e-01   1.848943e-20   1.500483e-04   1.436828e-21   270
  4.501209e-01   2.379307e-20   1.641082e-04   1.824922e-21   240
  4.507604e-01   3.083576e-20   1.195905e-04   2.531460e-21   120
  4.510747e-01   9.794753e-21   1.248485e-04   6.018234e-22   320
  4.515822e-01   1.691051e-20   1.544785e-04   8.224737e-22   462
  4.521137e-01   1.730909e-20   8.987666e-05   1.041110e-21   276
  4.525754e-01   1.933773e-20   1.019637e-04   1.615961e-21   144
  4.530202e-01   2.554582e-20   1.070818e-04   2.559828e-21   120
  4.536115e-01   1.126183e-20   8.108908e-05   6.260195e-22   294
  4.540583e-01   1.418959e-20   1.438563e-04   8.823768e-22   384
  4.544753e-01   1.247375e-20   9.523196e-05   8.036383e-22   216
  4.548743e-01   2.025249e-20   8.843896e-05   1.657354e-21   168
  4.553251e-01   1.668630e-20   1.052282e-04   1.689261e-21   102
  4.559768e-01   1.261532e-20   1.596520e-04   1.082428e-21   168
  4.564337e-01   1.185011e-20   1.397340e-04   6.930663e-22   384
  4.569346e-01   1.377772e-20   1.419732e-04   1.152825e-21   300
  4.574008e-01   1.416237e-20   1.520225e-04   9.926866e-22   144
  4.579263e-01   1.587585e-20   1.556925e-04   1.596176e-21   102
  4.585568e-01   1.719324e-20   3.685588e-05   2.173477e-21   56
  4.588590e-01   7.545453e-21   1.199932e-04   4.807333e-22   288
  4.593328e-01   9.522718e-21   1.561557e-04   4.466067e-22   360
  4.598487e-01   9.638301e-21   8.376686e-05   7.330940e-22   126
  4.602834e-01   9.661201e-21   4.125612e-05   1.076361e-21   72
  4.607572e-01   1.603769e-20   2.185755e-05   1.850418e-21   48
  4.613754e-01   6.391741e-21   8.842417e-05   4.856341e-22   240
  4.617816e-01   9.338061e-21   1.311982e-04   5.426120e-22   306
  4.621975e-01   1.052831e-20   7.291699e-05   9.603869e-22   120
  4.626766e-01   1.384427e-20   1.794585e-04   1.542611e-21   96
  4.630248e-01   1.706072e-20   0.000000e+00   2.026475e-21   24
  4.638071e-01   5.418614e-21   1.554065e-04   5.830575e-22   120
  4.641905e-01   6.149846e-21   1.343981e-04   3.728832e-22   318
  4.646594e-01   9.315720e-21   1.436227e-04   5.861281e-22   168
  4.651731e-01   1.189856e-20   1.541232e-04   1.121438e-21   72
  4.657357e-01   8.264233e-21   0.000000e+00   1.090856e-21   24
  4.663408e-01   7.953568e-21   7.481195e-05   2.141273e-21   14
  4.666286e-01   4.411456e-21   1.179951e-04   2.473617e-22   288
  4.670757e-01   6.010981e-21   1.419546e-04   4.735857e-22   204
  4.675916e-01   1.054556e-20   2.153808e-05   1.365240e-21   48
  4.680007e-01   1.823008e-20   0.000000e+00   3.516293e-21   24
  4.684739e-01   8.665475e-21   0.000000e+00   1.777691e-21   6
  4.691541e-01   3.475504e-21   8.821950e-05   2.589027e-22   216
  4.695046e-01   5.545983e-21   1.174842e-04   3.993498e-22   192
  4.699334e-01   4.672880e-21   2.143075e-05   8.277787e-22   48
  4.703832e-01   1.202686e-20   1.712353e-04   1.562919e-21   30
  4.716555e-01   3.429383e-21   3.540978e-05   3.301351e-22   96
  4.719167e-01   3.392242e-21   1.160286e-04   2.066168e-22   228
  4.724128e-01   6.739821e-21   1.517284e-04   8.423348e-22   72
  4.730094e-01   7.158796e-21   0.000000e+00   2.564791e-21   6
  4.743680e-01   3.258690e-21   1.145631e-04   2.079264e-22   248
  4.748016e-01   3.891368e-21   1.311235e-04   4.546613e-22   72
  4.753245e-01   3.819822e-21   7.266090e-09   1.045177e-21   6
  4.769053e-01   2.104990e-21   8.141014e-05   1.534051e-22   180
  4.772205e-01   3.504409e-21   1.107713e-04   3.474909e-22   72
  4.776705e-01   2.233246e-21   0.000000e+00   7.417707e-22   6
  4.794278e-01   1.756547e-21   3.483570e-05   1.952760e-22   96
  4.796378e-01   2.102374e-21   9.563861e-05   1.980896e-22   96
  4.800471e-01   1.057422e-20   0.000000e+00   4.791593e-22   6
  4.820778e-01   1.404303e-21   9.153355e-05   1.068796e-22   140
  4.824537e-01   1.962862e-21   0.000000e+00   2.956510e-22   6
  4.846301e-01   1.279266e-21   6.146888e-05   1.535283e-22   96
  4.848898e-01   2.194182e-21   0.000000e+00   4.652566e-22   6
  4.871898e-01   9.514402e-22   3.697860e-05   1.159864e-22   60
  4.873552e-01   1.071414e-21   0.000000e+00   3.286621e-22   6
  4.897713e-01   4.140221e-22   3.748867e-05   6.485690e-23   38
  4.923442e-01   3.477684e-22   1.928513e-05   8.451605e-23   18
  4.949217e-01   7.818463e-23   7.266090e-09   2.189282e-23   6
