# power spectrum of zeta (dimensionless)
# redshift z=96.079122
# k              Pk             sigma(k)       sigma(Pk)      count
  4.487990e-03   6.287098e-21   0.000000e+00   1.362059e-21   6
  6.346976e-03   6.527751e-21   0.000000e+00   6.887673e-22   12
  7.773426e-03   1.759136e-20   8.514949e-11   7.962962e-21   8
  8.975979e-03   1.447021e-19   0.000000e+00   2.826978e-20   6
  1.003545e-02   3.029773e-20   1.605594e-10   7.100348e-21   24
  1.099328e-02   5.677434e-20   1.605594e-10   9.950551e-21   24
  1.269395e-02   4.199859e-20   0.000000e+00   7.535035e-21   12
  1.346397e-02   1.202512e-19   1.816523e-10   3.074317e-20   30
  1.419227e-02   4.196677e-20   0.000000e+00   7.310219e-21   24
  1.488498e-02   7.873225e-20   2.780971e-10   2.046429e-20   24
  1.554685e-02   2.294495e-20   1.702990e-10   7.257452e-21   8
  1.618168e-02   7.566573e-20   2.270653e-10   1.311149e-20   24
  1.679252e-02   1.031136e-19   0.000000e+00   1.271054e-20   48
  1.795196e-02   3.612729e-18   0.000000e+00   1.141846e-18   6
  1.850445e-02   4.805903e-20   2.270653e-10   7.160098e-21   48
  1.904093e-02   9.122326e-20   2.140792e-10   1.177000e-20   36
  1.956269e-02   1.403223e-19   2.270653e-10   2.710768e-20   24
  2.007090e-02   5.492519e-20   3.211188e-10   1.193792e-20   24
  2.056655e-02   8.273407e-20   0.000000e+00   8.682015e-21   48
  2.105054e-02   1.070393e-19   3.211188e-10   1.772567e-20   24
  2.198657e-02   7.560413e-20   3.211188e-10   1.332238e-20   24
  2.243995e-02   2.012052e-19   0.000000e+00   7.676885e-20   30
  2.288435e-02   1.384932e-19   0.000000e+00   1.440991e-20   72
  2.332028e-02   1.921133e-19   3.405980e-10   3.138783e-20   32
  2.416856e-02   1.222520e-19   0.000000e+00   1.181158e-20   72
  2.458173e-02   1.713518e-19   0.000000e+00   2.332883e-20   48
  2.538790e-02   7.096036e-20   0.000000e+00   1.681735e-20   12
  2.597539e-02   1.381504e-19   1.938570e-04   1.709315e-20   96
  2.655130e-02   1.578385e-19   3.211188e-10   1.953518e-20   48
  2.692794e-02   6.878508e-19   3.633045e-10   3.028652e-19   30
  2.757421e-02   1.404670e-19   1.586779e-04   1.502897e-20   96
  2.838454e-02   1.251806e-19   0.000000e+00   3.075186e-20   24
  2.885327e-02   1.754324e-19   1.642099e-04   1.446259e-20   144
  2.942972e-02   1.703826e-19   5.561942e-10   3.933020e-20   24
  3.002225e-02   9.966904e-20   1.456630e-04   8.629012e-21   96
  3.043903e-02   2.131104e-19   0.000000e+00   2.907628e-20   48
  3.137435e-02   2.918300e-19   1.080207e-04   1.128529e-19   62
  3.184971e-02   1.540539e-19   1.519035e-04   1.515633e-20   132
  3.236335e-02   1.119097e-19   4.541306e-10   1.762421e-20   24
  3.284837e-02   1.959028e-19   1.518246e-04   1.528670e-20   168
  3.373431e-02   1.243373e-19   1.492698e-04   1.102646e-20   96
  3.439955e-02   1.780785e-19   1.270423e-04   1.864753e-20   96
  3.521583e-02   9.287854e-20   1.416056e-04   7.571932e-21   168
  3.590392e-02   2.939344e-17   0.000000e+00   1.033550e-17   6
  3.618333e-02   1.514018e-19   0.000000e+00   1.169116e-20   96
  3.651563e-02   2.053103e-19   1.100713e-04   2.294119e-20   120
  3.718966e-02   2.352974e-19   1.278125e-04   2.212206e-20   144
  3.754921e-02   9.309430e-20   0.000000e+00   1.184301e-20   48
  3.823245e-02   1.439176e-19   1.304211e-04   1.283359e-20   84
  3.860715e-02   1.553819e-19   8.899106e-10   1.419324e-20   120
  3.894461e-02   1.250969e-19   1.183479e-04   1.147590e-20   80
  3.946692e-02   1.255063e-19   1.201620e-04   1.158110e-20   144
  4.014180e-02   1.867945e-19   6.422377e-10   4.640833e-20   24
  4.047145e-02   3.334450e-19   1.159510e-04   9.499274e-20   150
  4.098576e-02   1.774517e-19   1.203057e-04   3.467472e-20   120
  4.155056e-02   2.712265e-19   1.096333e-04   2.916800e-20   168
  4.210107e-02   1.277451e-19   6.422377e-10   2.006134e-20   24
  4.244743e-02   1.309973e-19   1.181082e-04   9.728304e-21   264
  4.281269e-02   4.118995e-19   6.422377e-10   5.579219e-20   48
  4.343532e-02   1.633726e-19   1.093985e-04   1.506422e-20   144
  4.412543e-02   1.245690e-19   1.076845e-04   1.497528e-20   72
  4.451927e-02   1.443595e-19   1.107671e-04   1.533356e-20   180
  4.506982e-02   6.476454e-19   8.025835e-05   2.396407e-19   198
  4.532647e-02   3.361836e-19   0.000000e+00   5.532889e-20   48
  4.589413e-02   4.269662e-19   1.086319e-04   4.527715e-20   168
  4.631540e-02   1.568540e-19   1.087222e-04   1.355080e-20   144
  4.695270e-02   2.360370e-19   1.527607e-04   2.565298e-20   248
  4.781330e-02   1.361429e-19   1.053161e-04   1.077939e-20   192
  4.839932e-02   1.684929e-19   1.626762e-04   1.372965e-20   240
  4.875204e-02   1.528250e-19   0.000000e+00   2.231315e-20   72
  4.929001e-02   4.534042e-19   9.927197e-05   2.007425e-19   126
  4.962939e-02   2.502215e-19   9.159181e-05   4.548911e-20   168
  5.027740e-02   3.235136e-19   1.001546e-04   3.211132e-20   288
  5.095853e-02   1.554659e-19   5.274950e-05   1.692774e-20   156
  5.131126e-02   2.604083e-19   8.873998e-05   2.901164e-20   168
  5.184617e-02   1.546727e-19   1.521290e-04   1.340250e-20   264
  5.233850e-02   8.876063e-20   0.000000e+00   9.900429e-21   48
  5.270435e-02   1.883392e-19   1.514052e-04   1.645344e-20   264
  5.322882e-02   1.514897e-19   8.924381e-05   1.865843e-20   144
  5.362492e-02   7.407369e-18   1.825884e-04   3.846261e-18   78
  5.420192e-02   2.830021e-19   1.186900e-04   2.827221e-20   336
  5.474604e-02   3.692619e-19   9.030373e-05   4.606330e-20   200
  5.510338e-02   1.425859e-19   1.768159e-04   1.204169e-20   192
  5.558581e-02   2.408275e-19   8.873069e-05   2.630813e-20   240
  5.602902e-02   2.310947e-19   1.778215e-04   3.366345e-20   168
  5.648434e-02   1.840420e-19   1.423690e-04   3.514046e-20   120
  5.703118e-02   1.482534e-19   1.112738e-04   1.503381e-20   324
  5.756179e-02   1.042128e-19   8.748012e-05   9.129558e-21   192
  5.792293e-02   6.214878e-20   1.568908e-04   5.679514e-21   168
  5.853721e-02   5.080714e-19   1.292197e-04   1.278999e-19   342
  5.909109e-02   3.880416e-19   1.040479e-04   4.280793e-20   336
  5.965251e-02   3.078436e-19   7.962394e-05   4.370180e-20   72
  6.003109e-02   2.539991e-19   1.273478e-04   3.030998e-20   288
  6.047058e-02   1.661744e-19   8.293768e-05   2.079154e-20   264
  6.108439e-02   1.546202e-19   1.090835e-04   1.157828e-20   384
  6.163419e-02   1.987973e-19   1.309286e-04   2.795465e-20   240
  6.186267e-02   7.087879e-20   0.000000e+00   8.979546e-21   48
  6.252352e-02   1.639599e-19   1.071736e-04   1.254020e-20   392
  6.302771e-02   1.179954e-18   1.176177e-04   4.073354e-19   294
  6.356985e-02   6.590374e-19   7.644534e-05   8.124995e-20   228
  6.392640e-02   1.269953e-19   1.160935e-04   1.249316e-20   216
  6.437004e-02   3.606583e-19   7.071608e-05   4.732688e-20   336
  6.491309e-02   1.450060e-19   8.402231e-05   1.388700e-20   360
  6.536140e-02   2.694319e-19   1.280140e-04   3.108350e-20   240
  6.582853e-02   2.294247e-19   1.514699e-04   2.527842e-20   168
  6.626426e-02   7.876298e-20   1.192252e-04   5.197448e-21   312
  6.678338e-02   1.616852e-19   7.461529e-05   1.288544e-20   336
  6.734419e-02   5.165477e-19   1.017891e-04   2.144656e-19   294
  6.776702e-02   4.070132e-19   1.356641e-04   7.331875e-20   288
  6.809058e-02   4.787565e-19   8.488954e-05   6.966568e-20   264
  6.866755e-02   3.002363e-19   1.458184e-04   2.759153e-20   480
  6.914996e-02   1.959924e-19   7.133389e-05   2.799053e-20   240
  6.974139e-02   2.332203e-19   7.213111e-05   2.314822e-20   276
  7.020800e-02   1.751030e-19   1.583420e-04   2.075144e-20   488
  7.076234e-02   8.267834e-20   6.973720e-05   6.120971e-21   240
  7.108411e-02   1.950992e-19   1.354117e-04   1.766635e-20   360
  7.153530e-02   6.392005e-18   4.817743e-05   3.338412e-18   198
  7.211554e-02   3.859607e-19   1.627935e-04   4.624074e-20   480
  7.254038e-02   4.651205e-19   6.008787e-05   5.951344e-20   288
  7.312796e-02   2.837291e-19   1.270121e-04   3.047018e-20   480
  7.365633e-02   1.634170e-19   7.825550e-05   2.224903e-20   480
  7.419894e-02   3.398530e-19   1.012105e-04   4.325661e-20   288
  7.453749e-02   1.647397e-19   1.079729e-04   1.322329e-20   288
  7.506996e-02   1.376884e-19   1.877112e-04   1.351977e-20   456
  7.560610e-02   1.884228e-19   1.767802e-04   1.769019e-20   360
  7.595177e-02   1.354670e-19   1.059672e-04   1.384358e-20   180
  7.645202e-02   5.774168e-19   1.154112e-04   1.833029e-19   486
  7.695907e-02   4.922655e-19   1.535340e-04   5.815513e-20   504
  7.747462e-02   3.712605e-19   1.192882e-04   3.986587e-20   456
  7.790209e-02   2.137708e-19   9.910745e-05   3.299069e-20   296
  7.846686e-02   2.324286e-19   9.779604e-05   2.387554e-20   528
  7.889160e-02   1.994003e-19   9.649931e-05   2.505049e-20   336
  7.951717e-02   1.809288e-19   1.070358e-04   1.550579e-20   600
  7.997507e-02   1.255058e-19   6.270729e-05   1.231297e-20   264
  8.043396e-02   1.210278e-19   6.781049e-05   1.261470e-20   360
  8.090234e-02   1.071666e-18   1.357633e-04   3.762384e-19   630
  8.141847e-02   6.695154e-19   7.007974e-05   8.381559e-20   432
  8.187631e-02   5.316228e-19   1.350259e-04   7.307430e-20   408
  8.243827e-02   2.121594e-19   8.962194e-05   3.101781e-20   324
  8.285635e-02   2.413917e-19   1.277222e-04   2.149598e-20   744
  8.336064e-02   1.198225e-19   1.021054e-04   1.483374e-20   336
  8.384245e-02   1.657253e-19   1.403689e-04   1.372889e-20   528
  8.437080e-02   1.334022e-19   7.162045e-05   1.354718e-20   408
  8.472109e-02   1.360088e-19   1.218981e-04   1.358659e-20   408
  8.529988e-02   6.146174e-19   1.006308e-04   2.483662e-19   470
  8.572148e-02   7.392193e-19   1.208902e-04   9.462685e-20   528
  8.631019e-02   3.603767e-19   1.007343e-04   4.006608e-20   624
  8.674381e-02   2.170060e-19   7.664930e-05   2.771011e-20   504
  8.719116e-02   2.763821e-19   1.067668e-04   3.169075e-20   552
  8.763489e-02   1.922358e-19   5.190111e-05   3.081588e-20   336
  8.819051e-02   2.414704e-19   1.104770e-04   2.319375e-20   528
  8.862093e-02   1.141486e-19   1.257802e-04   8.648104e-21   564
  8.912507e-02   1.210223e-19   1.157674e-04   1.325134e-20   528
  8.967166e-02   4.019845e-18   1.797324e-04   2.048869e-18   582
  9.016871e-02   6.643946e-19   1.383668e-04   7.728633e-20   624
  9.060342e-02   2.553505e-19   1.581799e-04   2.998017e-20   432
  9.112208e-02   3.280779e-19   1.759475e-04   3.547270e-20   816
  9.165576e-02   5.010706e-19   8.018898e-05   7.206657e-20   312
  9.200488e-02   1.126840e-19   1.299641e-04   1.108268e-20   552
  9.256787e-02   2.185096e-19   8.185444e-05   1.832700e-20   744
  9.297574e-02   1.341283e-19   7.646869e-05   1.662242e-20   408
  9.350218e-02   1.177786e-19   1.095830e-04   8.454412e-21   632
  9.404906e-02   4.565425e-19   1.860997e-04   1.960692e-19   750
  9.449396e-02   9.677788e-19   1.280227e-04   1.633010e-19   312
  9.498974e-02   4.447931e-19   1.890077e-04   5.299308e-20   876
  9.548011e-02   4.769677e-19   1.234108e-04   5.748991e-20   552
  9.603265e-02   2.484037e-19   1.020603e-04   3.072305e-20   696
  9.640905e-02   1.556343e-19   1.126552e-04   2.311251e-20   576
  9.692128e-02   2.907267e-19   1.192748e-04   2.554265e-20   576
  9.735848e-02   1.373228e-19   1.598285e-04   1.290129e-20   648
  9.788685e-02   1.240312e-19   1.599783e-04   1.125753e-20   672
  9.847019e-02   1.180062e-19   6.785687e-05   1.059981e-20   480
  9.884355e-02   1.475221e-18   1.050846e-04   5.448720e-19   726
  9.932431e-02   6.052959e-19   1.190745e-04   7.759378e-20   792
  9.984502e-02   5.507287e-19   1.651878e-04   6.685504e-20   768
  1.003938e-01   3.510810e-19   1.350017e-04   3.849152e-20   672
  1.008970e-01   1.398931e-19   9.055629e-05   1.346716e-20   608
  1.012613e-01   2.073502e-19   8.693679e-05   1.901117e-20   624
  1.017809e-01   1.558579e-19   1.129736e-04   1.580396e-20   684
  1.022864e-01   1.436780e-19   1.668752e-04   1.225403e-20   768
  1.027568e-01   1.025800e-19   1.334155e-04   6.954845e-21   744
  1.033173e-01   7.734173e-19   8.400635e-05   2.591327e-19   750
  1.037259e-01   7.978898e-19   1.248642e-04   1.061323e-19   600
  1.041677e-01   5.260666e-19   1.325833e-04   6.414880e-20   600
  1.047135e-01   2.573443e-19   1.527941e-04   2.705763e-20   1008
  1.051470e-01   2.773990e-19   8.474486e-05   3.911332e-20   696
  1.056273e-01   2.949198e-19   1.119517e-04   2.933557e-20   624
  1.061102e-01   1.279203e-19   1.742111e-04   1.244713e-20   840
  1.066588e-01   1.344540e-19   1.185366e-04   1.195868e-20   816
  1.071038e-01   9.696547e-20   7.873478e-05   7.786392e-21   744
  1.075531e-01   6.928154e-18   1.391901e-04   3.585712e-18   510
  1.080960e-01   6.694321e-19   1.336339e-04   7.379500e-20   1020
  1.086012e-01   3.490385e-19   1.078294e-04   4.239305e-20   912
  1.090992e-01   4.674866e-19   1.597552e-04   5.780392e-20   752
  1.095110e-01   1.573879e-19   1.325595e-04   1.429686e-20   888
  1.100730e-01   2.750466e-19   8.554013e-05   2.622935e-20   768
  1.105327e-01   1.483576e-19   1.554339e-04   1.629144e-20   720
  1.110617e-01   1.232694e-19   1.370195e-04   8.052278e-21   1056
  1.115309e-01   1.796953e-19   9.479589e-05   1.860067e-20   504
  1.119154e-01   5.280672e-19   1.480257e-04   2.824481e-19   774
  1.124652e-01   6.757642e-19   1.423615e-04   7.884367e-20   1272
  1.129816e-01   5.173644e-19   9.326921e-05   6.339238e-20   744
  1.134632e-01   2.966291e-19   1.523027e-04   3.706260e-20   768
  1.139050e-01   3.405940e-19   1.288282e-04   4.129367e-20   840
  1.144011e-01   2.478413e-19   8.734207e-05   2.442428e-20   924
  1.148789e-01   1.317863e-19   1.539839e-04   1.280402e-20   936
  1.153484e-01   1.336430e-19   1.070130e-04   1.305569e-20   840
  1.158214e-01   9.173748e-20   1.272259e-04   7.611092e-21   1008
  1.164225e-01   9.120737e-20   1.436262e-04   8.554184e-21   696
  1.167996e-01   1.753171e-18   1.276589e-04   5.869027e-19   974
  1.173599e-01   8.404172e-19   1.695459e-04   9.509921e-20   1152
  1.178471e-01   1.958754e-19   6.634378e-05   2.739168e-20   816
  1.182260e-01   4.772174e-19   1.459488e-04   4.771569e-20   816
  1.187357e-01   1.728432e-19   1.288794e-04   1.558467e-20   1152
  1.192732e-01   1.557404e-19   1.160356e-04   1.669055e-20   912
  1.197621e-01   1.562341e-19   1.409833e-04   1.306700e-20   1056
  1.201806e-01   1.185258e-19   1.205660e-04   1.152319e-20   624
  1.207435e-01   1.080865e-19   1.506027e-04   1.027337e-20   1260
  1.212292e-01   8.994482e-19   9.083716e-05   3.011765e-19   894
  1.217037e-01   6.909667e-19   1.556364e-04   8.076063e-20   1176
  1.221783e-01   5.122902e-19   1.288208e-04   6.463941e-20   840
  1.227186e-01   2.962056e-19   1.464236e-04   3.107128e-20   1440
  1.232859e-01   2.817697e-19   8.232021e-05   2.991093e-20   864
  1.237160e-01   1.397209e-19   1.412655e-04   1.377621e-20   1056
  1.241441e-01   1.965261e-19   8.328830e-05   2.109312e-20   624
  1.246641e-01   9.190525e-20   1.542356e-04   6.567207e-21   1496
  1.251612e-01   9.435180e-20   1.088958e-04   7.019080e-21   936
  1.256039e-01   5.346339e-18   1.576468e-04   2.601938e-18   966
  1.260801e-01   6.705256e-19   1.117465e-04   8.443507e-20   936
  1.265804e-01   4.468534e-19   1.382244e-04   5.079716e-20   1248
  1.270926e-01   4.060927e-19   9.744205e-05   4.752663e-20   1044
  1.275698e-01   1.945130e-19   1.509409e-04   1.978468e-20   1392
  1.279478e-01   2.421976e-19   1.162549e-04   2.592706e-20   600
  1.284885e-01   1.065258e-19   1.320778e-04   8.100167e-21   1416
  1.289955e-01   1.389096e-19   1.421656e-04   1.189925e-20   1152
  1.295092e-01   1.087425e-19   1.363856e-04   8.653659e-21   936
  1.299230e-01   6.385348e-19   1.462802e-04   3.368206e-19   870
  1.304147e-01   7.948343e-19   1.226502e-04   1.000413e-19   1368
  1.309604e-01   4.326464e-19   1.612530e-04   4.425296e-20   1632
  1.314267e-01   4.101028e-19   7.000699e-05   5.095544e-20   816
  1.319315e-01   2.511854e-19   1.597143e-04   2.896415e-20   1200
  1.323720e-01   2.144554e-19   1.527057e-04   2.095884e-20   1184
  1.328194e-01   1.456402e-19   1.158936e-04   1.451645e-20   984
  1.333683e-01   1.027619e-19   1.414942e-04   7.739446e-21   1572
  1.338659e-01   8.844331e-20   7.792333e-05   7.694659e-21   840
  1.343297e-01   8.920439e-20   1.812138e-04   6.894807e-21   1392
  1.348193e-01   2.387718e-18   1.330470e-04   6.501121e-19   1158
  1.352564e-01   5.292286e-19   1.211496e-04   7.622941e-20   1272
  1.357826e-01   4.272875e-19   1.234623e-04   4.238483e-20   1320
  1.362769e-01   1.948528e-19   1.208065e-04   1.817622e-20   1104
  1.367472e-01   1.819341e-19   1.367360e-04   1.821400e-20   1392
  1.372408e-01   1.794988e-19   1.478938e-04   1.608220e-20   1296
  1.377492e-01   1.209776e-19   1.544255e-04   1.240935e-20   1392
  1.382262e-01   8.703685e-20   1.132835e-04   8.186015e-21   1104
  1.386675e-01   8.519217e-20   1.426913e-04   5.959064e-21   1320
  1.392961e-01   8.990235e-19   1.089713e-04   2.482710e-19   1422
  1.396977e-01   8.867217e-19   1.357176e-04   9.841690e-20   1212
  1.401589e-01   3.374173e-19   1.483027e-04   3.788511e-20   1280
  1.406327e-01   2.557654e-19   1.544235e-04   3.880065e-20   1272
  1.410869e-01   2.398206e-19   1.336382e-04   2.126363e-20   1680
  1.416252e-01   1.805015e-19   1.262633e-04   1.921018e-20   1152
  1.421207e-01   1.154315e-19   1.462174e-04   8.366731e-21   1512
  1.426417e-01   9.265781e-20   6.173239e-05   8.258172e-21   912
  1.430535e-01   8.156004e-20   1.556147e-04   6.771833e-21   1680
  1.436012e-01   4.265686e-18   1.378563e-04   2.075745e-18   1518
  1.440071e-01   8.038042e-19   1.276288e-04   9.445566e-20   1056
  1.444347e-01   4.882179e-19   1.288698e-04   6.174990e-20   1344
  1.449875e-01   2.663799e-19   1.383780e-04   3.124653e-20   1680
  1.454876e-01   2.567879e-19   1.363571e-04   2.296833e-20   1656
  1.460341e-01   1.763110e-19   1.159057e-04   1.469749e-20   1140
  1.464444e-01   1.191708e-19   1.342100e-04   1.203612e-20   1368
  1.469271e-01   9.702704e-20   1.526647e-04   6.830766e-21   1656
  1.474179e-01   9.846861e-20   1.563614e-04   8.396383e-21   1448
  1.479520e-01   5.892042e-19   1.468912e-04   2.564025e-19   1422
  1.484453e-01   8.507103e-19   1.621619e-04   1.096177e-19   1512
  1.488673e-01   5.328570e-19   1.236275e-04   6.608705e-20   1296
  1.493554e-01   3.052098e-19   1.128801e-04   3.303883e-20   1824
  1.498832e-01   2.849604e-19   1.463660e-04   2.680965e-20   1464
  1.504163e-01   1.346112e-19   1.306107e-04   1.226992e-20   1824
  1.509111e-01   9.763181e-20   1.038421e-04   9.033845e-21   1416
  1.513416e-01   9.926705e-20   1.521007e-04   8.003752e-21   1392
  1.518062e-01   8.960173e-20   1.403562e-04   7.673196e-21   1464
  1.523732e-01   7.305917e-20   1.372200e-04   4.434423e-21   1524
  1.528113e-01   1.963925e-18   1.264504e-04   5.342099e-19   1686
  1.533176e-01   5.248607e-19   1.505644e-04   6.727308e-20   1800
  1.537528e-01   4.419393e-19   1.195338e-04   4.503832e-20   1344
  1.542356e-01   2.218657e-19   1.394596e-04   2.027339e-20   1656
  1.547196e-01   1.360994e-19   1.113514e-04   1.377016e-20   1488
  1.551402e-01   1.410113e-19   1.111701e-04   1.189273e-20   1536
  1.557262e-01   1.024752e-19   1.234973e-04   1.131435e-20   1760
  1.561802e-01   7.365634e-20   1.373667e-04   5.378727e-21   1824
  1.567053e-01   7.238666e-20   1.152763e-04   5.334066e-21   1560
  1.572105e-01   1.077501e-18   1.324056e-04   2.209134e-19   1926
  1.576857e-01   4.978672e-19   9.415777e-05   6.395715e-20   1272
  1.581194e-01   4.398126e-19   1.582320e-04   4.352721e-20   1848
  1.586895e-01   1.997812e-19   1.278379e-04   2.063282e-20   1908
  1.591231e-01   1.807133e-19   1.246890e-04   1.776383e-20   1488
  1.595806e-01   1.132945e-19   1.406224e-04   9.480994e-21   1800
  1.600766e-01   8.863132e-20   1.407610e-04   6.856725e-21   1752
  1.605517e-01   1.023637e-19   1.496769e-04   9.886633e-21   1368
  1.610272e-01   6.513823e-20   1.406675e-04   4.314816e-21   2016
  1.615501e-01   4.788060e-18   1.485794e-04   2.338842e-18   1542
  1.620327e-01   6.061903e-19   1.454994e-04   6.120705e-20   2184
  1.625669e-01   4.199004e-19   1.330990e-04   4.954361e-20   1776
  1.630283e-01   2.863813e-19   1.521522e-04   2.700969e-20   1568
  1.634682e-01   1.283304e-19   1.390081e-04   1.197499e-20   2040
  1.639468e-01   1.581238e-19   1.486121e-04   1.322778e-20   1704
  1.644478e-01   1.106458e-19   1.489728e-04   8.528183e-21   1512
  1.649202e-01   8.228908e-20   1.270742e-04   6.734466e-21   2028
  1.654509e-01   6.738654e-20   1.532841e-04   4.425967e-21   1968
  1.659362e-01   4.924238e-19   1.554838e-04   2.207463e-19   1854
  1.664110e-01   9.461652e-19   1.482240e-04   1.160197e-19   1632
  1.668977e-01   3.691577e-19   1.523128e-04   3.983412e-20   2424
  1.674021e-01   3.438133e-19   1.524713e-04   4.111539e-20   1560
  1.678285e-01   2.004122e-19   1.440852e-04   1.982635e-20   1728
  1.683437e-01   1.399886e-19   1.538043e-04   1.126451e-20   2088
  1.688623e-01   8.542592e-20   1.464052e-04   6.476082e-21   1968
  1.693394e-01   6.871306e-20   1.449552e-04   5.651367e-21   2256
  1.698178e-01   6.598914e-20   1.288813e-04   4.393520e-21   1728
  1.703172e-01   7.052475e-20   1.270494e-04   5.709033e-21   1416
  1.707596e-01   1.623285e-18   1.339356e-04   4.436848e-19   2246
  1.712606e-01   5.295787e-19   1.483321e-04   6.278882e-20   2148
  1.717398e-01   3.068854e-19   1.252967e-04   3.750035e-20   1680
  1.721909e-01   2.086548e-19   1.584012e-04   1.752376e-20   2280
  1.727331e-01   1.427901e-19   1.475065e-04   1.106182e-20   2352
  1.732395e-01   8.198454e-20   1.239422e-04   1.172417e-20   1632
  1.736402e-01   9.123601e-20   1.418228e-04   7.190042e-21   1968
  1.741900e-01   6.537063e-20   1.455103e-04   4.801864e-21   2112
  1.746998e-01   5.500044e-20   1.093039e-04   3.153922e-21   2208
  1.751952e-01   1.119121e-18   1.102112e-04   2.324997e-19   1974
  1.755862e-01   4.802773e-19   1.078165e-04   5.106462e-20   1944
  1.761144e-01   2.961291e-19   1.219820e-04   3.434452e-20   2160
  1.765722e-01   2.331893e-19   1.140807e-04   2.160840e-20   2040
  1.770670e-01   1.389927e-19   1.596015e-04   1.255450e-20   2352
  1.775745e-01   7.236151e-20   1.325904e-04   6.798418e-21   1836
  1.780376e-01   8.687103e-20   1.414413e-04   7.112462e-21   2352
  1.785577e-01   7.108692e-20   1.483527e-04   5.254004e-21   2008
  1.790344e-01   5.345819e-20   1.459431e-04   3.345139e-21   2464
  1.795659e-01   3.734503e-18   1.177095e-04   1.790509e-18   2118
  1.800019e-01   6.533186e-19   1.183276e-04   7.012108e-20   1848
  1.804507e-01   3.780634e-19   1.565861e-04   4.136210e-20   2280
  1.809928e-01   2.098563e-19   1.489508e-04   1.876496e-20   2472
  1.814993e-01   1.085577e-19   9.953927e-05   9.091367e-21   2280
  1.819245e-01   1.125360e-19   1.216700e-04   1.033826e-20   1992
  1.823831e-01   1.002073e-19   1.279126e-04   7.905334e-21   2184
  1.829118e-01   7.046126e-20   1.543068e-04   4.884107e-21   2352
  1.834214e-01   5.247377e-20   1.626118e-04   3.218108e-21   2496
  1.839203e-01   6.843633e-19   1.518813e-04   2.454396e-19   1770
  1.843678e-01   6.482543e-19   1.310496e-04   6.683625e-20   2568
  1.849057e-01   3.103240e-19   1.607377e-04   3.101332e-20   2712
  1.853947e-01   1.964341e-19   1.276489e-04   1.877691e-20   2448
  1.858830e-01   1.264918e-19   1.076015e-04   1.217630e-20   2064
  1.862881e-01   1.019846e-19   1.135758e-04   8.874827e-21   1944
  1.868133e-01   8.268415e-20   1.403079e-04   6.028742e-21   2480
  1.873491e-01   5.119176e-20   1.524155e-04   3.374376e-21   2880
  1.878237e-01   5.205226e-20   1.462067e-04   3.750095e-21   2304
  1.883193e-01   1.109934e-18   1.343278e-04   5.417970e-19   1806
  1.887589e-01   7.033728e-19   1.317346e-04   7.590858e-20   2856
  1.893097e-01   4.792853e-19   1.263374e-04   5.240291e-20   2568
  1.897288e-01   1.924104e-19   1.267515e-04   1.733321e-20   2112
  1.901850e-01   1.556827e-19   1.220840e-04   1.532895e-20   2028
  1.906744e-01   1.122669e-19   1.445115e-04   1.010368e-20   2712
  1.911714e-01   6.824770e-20   1.556884e-04   5.255207e-21   2952
  1.917055e-01   4.093070e-20   1.202957e-04   3.202507e-21   2112
  1.921372e-01   6.176688e-20   1.409804e-04   3.977927e-21   2520
  1.926559e-01   4.029299e-20   1.359784e-04   2.760226e-21   2376
  1.931282e-01   8.754448e-19   1.090048e-04   1.785712e-19   2526
  1.936186e-01   3.740688e-19   1.356536e-04   3.763920e-20   2664
  1.941040e-01   3.082810e-19   1.617960e-04   3.251589e-20   2408
  1.945694e-01   1.563880e-19   1.296049e-04   1.444785e-20   2568
  1.950440e-01   7.820111e-20   1.221942e-04   6.359851e-21   2904
  1.955589e-01   9.759355e-20   1.371053e-04   7.289533e-21   2544
  1.960480e-01   3.949426e-20   1.009875e-04   3.153562e-21   2160
  1.965096e-01   6.096506e-20   1.745958e-04   4.124905e-21   2652
  1.970194e-01   3.403034e-20   1.382439e-04   2.291780e-21   2784
  1.975101e-01   3.036302e-18   1.365199e-04   1.351027e-18   2694
  1.980185e-01   2.851410e-19   1.226932e-04   3.235648e-20   2952
  1.984602e-01   2.630183e-19   1.162128e-04   3.305143e-20   2208
  1.989102e-01   2.268225e-19   1.238599e-04   1.990083e-20   2304
  1.994125e-01   9.856824e-20   1.610662e-04   7.037809e-21   3504
  1.999983e-01   9.392366e-20   1.304210e-04   6.882180e-21   2616
  2.004552e-01   4.241624e-20   1.274108e-04   3.225374e-21   2664
  2.008953e-01   5.253687e-20   1.183758e-04   3.691484e-21   2448
  2.013388e-01   4.321812e-20   1.648584e-04   2.857781e-21   2472
  2.018606e-01   3.739300e-19   1.310718e-04   1.304249e-19   3134
  2.023516e-01   5.913709e-19   1.433541e-04   6.165255e-20   2616
  2.028419e-01   2.833780e-19   1.161223e-04   2.901777e-20   2712
  2.033463e-01   1.648443e-19   1.331755e-04   1.415295e-20   3204
  2.038284e-01   1.038244e-19   1.533782e-04   8.303326e-21   2760
  2.042862e-01   7.036903e-20   1.338200e-04   5.412584e-21   2688
  2.047911e-01   4.616455e-20   1.265264e-04   3.638208e-21   2760
  2.052376e-01   4.191258e-20   1.044749e-04   2.824757e-21   2568
  2.057517e-01   3.389909e-20   1.622443e-04   2.274504e-21   3336
  2.062452e-01   7.975929e-19   1.373220e-04   3.823798e-19   2334
  2.067435e-01   6.995575e-19   1.519616e-04   6.865269e-20   3264
  2.072092e-01   2.746470e-19   1.104877e-04   2.583166e-20   2760
  2.076868e-01   1.190417e-19   1.334378e-04   1.083051e-20   3192
  2.081730e-01   1.177813e-19   1.385370e-04   9.358895e-21   2904
  2.086902e-01   7.326042e-20   1.390027e-04   7.488145e-21   2784
  2.091231e-01   5.243152e-20   1.144018e-04   3.844308e-21   2592
  2.096156e-01   4.181022e-20   1.559460e-04   2.924032e-21   3284
  2.101389e-01   3.435221e-20   1.566406e-04   2.061382e-21   3168
  2.106071e-01   4.034060e-20   1.292397e-04   2.764075e-21   2616
  2.110994e-01   6.511406e-19   1.248775e-04   1.240039e-19   3222
  2.115781e-01   3.170562e-19   1.401164e-04   3.041754e-20   3240
  2.120418e-01   1.911704e-19   1.417503e-04   1.875479e-20   2568
  2.125690e-01   1.025252e-19   1.300629e-04   9.200185e-21   3120
  2.130097e-01   5.511030e-20   1.429850e-04   4.394281e-21   3168
  2.134838e-01   5.949074e-20   1.251725e-04   4.812094e-21   3240
  2.140024e-01   4.366581e-20   1.284239e-04   2.917030e-21   3144
  2.145062e-01   3.394980e-20   1.224103e-04   2.419839e-21   2856
  2.149823e-01   3.230705e-20   1.307392e-04   1.920924e-21   3264
  2.155212e-01   2.104190e-18   1.444609e-04   9.390318e-19   3318
  2.159452e-01   3.261123e-19   1.011723e-04   3.521479e-20   2556
  2.164506e-01   1.739499e-19   1.728209e-04   1.609672e-20   4008
  2.169623e-01   1.076144e-19   1.275720e-04   8.561716e-21   2904
  2.174000e-01   5.885377e-20   1.304469e-04   5.450526e-21   3144
  2.178983e-01   7.171020e-20   1.359922e-04   4.908895e-21   3200
  2.184140e-01   4.013799e-20   1.341212e-04   2.560736e-21   3312
  2.188763e-01   2.988392e-20   1.080957e-04   2.099685e-21   2832
  2.193924e-01   2.891150e-20   1.555565e-04   1.507744e-21   3984
  2.198717e-01   4.184684e-19   1.264601e-04   1.504739e-19   2238
  2.203092e-01   3.713960e-19   1.488218e-04   3.547976e-20   3984
  2.208520e-01   1.871940e-19   1.414250e-04   1.728785e-20   3384
  2.213029e-01   1.104564e-19   1.321942e-04   1.013747e-20   3048
  2.217737e-01   7.013329e-20   1.213801e-04   5.606211e-21   3096
  2.222656e-01   4.658161e-20   1.375807e-04   3.190869e-21   3708
  2.227545e-01   3.842523e-20   1.304078e-04   2.753765e-21   2784
  2.232087e-01   2.788909e-20   1.354535e-04   1.907122e-21   3648
  2.237247e-01   2.641786e-20   1.394108e-04   1.362465e-21   3888
  2.242738e-01   5.807073e-19   1.488252e-04   2.417253e-19   2958
  2.246837e-01   4.912434e-19   1.270361e-04   4.917003e-20   3264
  2.251777e-01   1.943649e-19   1.402443e-04   1.838793e-20   3160
  2.256445e-01   9.808075e-20   1.271016e-04   8.219781e-21   3736
  2.260868e-01   7.784931e-20   1.158193e-04   6.304671e-21   3216
  2.266085e-01   5.429822e-20   1.419303e-04   4.500550e-21   4032
  2.271526e-01   3.429618e-20   1.295798e-04   2.290809e-21   3528
  2.276165e-01   2.766591e-20   1.143819e-04   1.701837e-21   3192
  2.280803e-01   2.475219e-20   1.252686e-04   1.526295e-21   3456
  2.285834e-01   2.222723e-20   1.298903e-04   1.539432e-21   3060
  2.290876e-01   3.891838e-19   1.544545e-04   6.895250e-20   4518
  2.295790e-01   2.375078e-19   1.375990e-04   2.221130e-20   3528
  2.300307e-01   1.119245e-19   1.155591e-04   1.002671e-20   3024
  2.305122e-01   6.946159e-20   1.564624e-04   6.056914e-21   3672
  2.310028e-01   4.981943e-20   1.342922e-04   3.710619e-21   3864
  2.315474e-01   3.153471e-20   1.423480e-04   2.177480e-21   3816
  2.319928e-01   2.452378e-20   1.295052e-04   1.663474e-21   3456
  2.324198e-01   2.841352e-20   1.172315e-04   1.946729e-21   2688
  2.329230e-01   1.591864e-20   1.390930e-04   7.091771e-22   4248
  2.334218e-01   1.312367e-18   1.332244e-04   5.808098e-19   3926
  2.339228e-01   2.392665e-19   1.406621e-04   2.235600e-20   3504
  2.344067e-01   1.012362e-19   1.257540e-04   8.266586e-21   3960
  2.349411e-01   6.861406e-20   1.415697e-04   5.026494e-21   3684
  2.353994e-01   3.945475e-20   1.415603e-04   2.643523e-21   4104
  2.358576e-01   3.231851e-20   1.342621e-04   2.772109e-21   3144
  2.363498e-01   3.099090e-20   1.470632e-04   1.766058e-21   4224
  2.368909e-01   1.860955e-20   1.305314e-04   1.091430e-21   4008
  2.373532e-01   1.891390e-20   1.436052e-04   1.023844e-21   3312
  2.378293e-01   2.248419e-19   1.428317e-04   6.458743e-20   3726
  2.383356e-01   2.419006e-19   1.467057e-04   2.422836e-20   3936
  2.387852e-01   1.285263e-19   1.512247e-04   1.098724e-20   3888
  2.392518e-01   5.338720e-20   1.429975e-04   4.296871e-21   3864
  2.397372e-01   4.526176e-20   1.520184e-04   3.180569e-21   3888
  2.402373e-01   2.671687e-20   1.433767e-04   2.013679e-21   4080
  2.407309e-01   2.935439e-20   1.521663e-04   1.809397e-21   3400
  2.412345e-01   1.863326e-20   1.395519e-04   9.335077e-22   4588
  2.417438e-01   1.381698e-20   1.381276e-04   6.785989e-22   3816
  2.421888e-01   3.252695e-19   1.308874e-04   1.327077e-19   3534
  2.426599e-01   2.940062e-19   1.292818e-04   2.777356e-20   4080
  2.431528e-01   9.610089e-20   1.351361e-04   8.508967e-21   4248
  2.436477e-01   8.216925e-20   1.361762e-04   6.496650e-21   3528
  2.441045e-01   3.080684e-20   1.392215e-04   2.754868e-21   4248
  2.445661e-01   3.451204e-20   1.361726e-04   2.504714e-21   3696
  2.450802e-01   2.275608e-20   1.412982e-04   1.351176e-21   4560
  2.455678e-01   1.823054e-20   1.323495e-04   1.059683e-21   3864
  2.460685e-01   1.537265e-20   1.441083e-04   8.679690e-22   4440
  2.465431e-01   1.794559e-20   1.344565e-04   9.710960e-22   3432
  2.470417e-01   2.865851e-19   1.318374e-04   4.348536e-20   4470
  2.475323e-01   9.825014e-20   1.171596e-04   9.603723e-21   4188
  2.480144e-01   6.540790e-20   1.500979e-04   5.196439e-21   4392
  2.484933e-01   3.471521e-20   1.161150e-04   2.608191e-21   3960
  2.489913e-01   2.874969e-20   1.311762e-04   2.261105e-21   4328
  2.494737e-01   2.153585e-20   1.365155e-04   1.375031e-21   4320
  2.499612e-01   1.870861e-20   1.427527e-04   1.131748e-21   4152
  2.504133e-01   1.519681e-20   1.194148e-04   8.990436e-22   3528
  2.509246e-01   1.278245e-20   1.292483e-04   5.850267e-22   4512
  2.514030e-01   7.223623e-19   1.321235e-04   3.112911e-19   4134
  2.518889e-01   1.014542e-19   1.407559e-04   9.267705e-21   5208
  2.523561e-01   6.884525e-20   1.226327e-04   6.042530e-21   3240
  2.528396e-01   3.515380e-20   1.352583e-04   2.306265e-21   4680
  2.533316e-01   2.807147e-20   1.339167e-04   1.837374e-21   4440
  2.538242e-01   2.272613e-20   1.517493e-04   1.351478e-21   4260
  2.542967e-01   1.374446e-20   1.238886e-04   8.097423e-22   4056
  2.547833e-01   1.389681e-20   1.373522e-04   7.456254e-22   4704
  2.552940e-01   1.220978e-20   1.598328e-04   5.878000e-22   4800
  2.558338e-01   1.362498e-19   1.384828e-04   2.697000e-20   4806
  2.563004e-01   1.114753e-19   1.380453e-04   1.046623e-20   3552
  2.567447e-01   6.294119e-20   1.384155e-04   5.356508e-21   4304
  2.572463e-01   2.939887e-20   1.342317e-04   1.900994e-21   5280
  2.577424e-01   2.245874e-20   1.287726e-04   1.445238e-21   4320
  2.582120e-01   1.622358e-20   1.454180e-04   8.909566e-22   4296
  2.587071e-01   1.384463e-20   1.616686e-04   8.199989e-22   4608
  2.592079e-01   1.249224e-20   1.548872e-04   5.593540e-22   4824
  2.597037e-01   9.850764e-21   1.462245e-04   4.159391e-22   4488
  2.602357e-01   1.397130e-19   1.365163e-04   4.715088e-20   4530
  2.606750e-01   1.255909e-19   1.332969e-04   1.305186e-20   4464
  2.611146e-01   6.126046e-20   1.256224e-04   4.941142e-21   4104
  2.616192e-01   3.139855e-20   1.354472e-04   2.136135e-21   5424
  2.621157e-01   2.511815e-20   1.458006e-04   1.813602e-21   4392
  2.626209e-01   1.505347e-20   1.427447e-04   8.206806e-22   4896
  2.630796e-01   1.106718e-20   1.399190e-04   5.586493e-22   4104
  2.635583e-01   1.344345e-20   1.261700e-04   6.895311e-22   4824
  2.640634e-01   8.946067e-21   1.205890e-04   4.052375e-22   4680
  2.645034e-01   9.938374e-21   1.233362e-04   4.628503e-22   4328
  2.650142e-01   1.178875e-19   1.421747e-04   1.535432e-20   5118
  2.655274e-01   4.866557e-20   1.647184e-04   3.911816e-21   5304
  2.659905e-01   3.275523e-20   1.297081e-04   2.376111e-21   4392
  2.664951e-01   1.656750e-20   1.301864e-04   1.073833e-21   4476
  2.669364e-01   1.569924e-20   1.292906e-04   1.240829e-21   4704
  2.674274e-01   1.392156e-20   1.564908e-04   8.126471e-22   5208
  2.679435e-01   1.083772e-20   1.319479e-04   5.450623e-22   5304
  2.684190e-01   8.952876e-21   1.413346e-04   3.906916e-22   4296
  2.689066e-01   8.669931e-21   1.340217e-04   4.043991e-22   4752
  2.694189e-01   2.080179e-19   1.345359e-04   8.117648e-20   4950
  2.698794e-01   4.340489e-20   1.406262e-04   4.059927e-21   5064
  2.703399e-01   3.080284e-20   1.178265e-04   2.198293e-21   4872
  2.708057e-01   1.905191e-20   1.240390e-04   1.232826e-21   4224
  2.713029e-01   1.486542e-20   1.370167e-04   7.903216e-22   6120
  2.718321e-01   1.195513e-20   1.507358e-04   6.337714e-22   4968
  2.723121e-01   9.873798e-21   1.333881e-04   5.266605e-22   4424
  2.728088e-01   8.066860e-21   1.703749e-04   3.411357e-22   5436
  2.732993e-01   8.487808e-21   1.452596e-04   3.895261e-22   4896
  2.737736e-01   4.469497e-20   1.390702e-04   6.416991e-21   5214
  2.742308e-01   3.971547e-20   1.182169e-04   3.264650e-21   4656
  2.747387e-01   2.472745e-20   1.503032e-04   1.808343e-21   5448
  2.752241e-01   1.600811e-20   1.269422e-04   9.994417e-22   4992
  2.756994e-01   1.238276e-20   1.404898e-04   6.839405e-22   5400
  2.762219e-01   1.072134e-20   1.557062e-04   5.063100e-22   5328
  2.767032e-01   9.284825e-21   1.392299e-04   4.287055e-22   4776
  2.771561e-01   6.448593e-21   1.308295e-04   2.525800e-22   4800
  2.776593e-01   8.062824e-21   1.682401e-04   2.885671e-22   6552
  2.781857e-01   3.969851e-20   1.271030e-04   8.390026e-21   3942
  2.786419e-01   4.056753e-20   1.601990e-04   3.663393e-21   6072
  2.791470e-01   2.286223e-20   1.244164e-04   1.602680e-21   4692
  2.795705e-01   1.613912e-20   1.298888e-04   1.060997e-21   4944
  2.800665e-01   1.205160e-20   1.394107e-04   7.086015e-22   5840
  2.805759e-01   9.396442e-21   1.492333e-04   4.857153e-22   5712
  2.810773e-01   8.042880e-21   1.250671e-04   3.990085e-22   4800
  2.815348e-01   8.522665e-21   1.656330e-04   3.840011e-22   5688
  2.820359e-01   7.136042e-21   1.306810e-04   3.303825e-22   4848
  2.825324e-01   8.406029e-21   1.454557e-04   8.168477e-22   5406
  2.830037e-01   3.741496e-20   1.312973e-04   3.016467e-21   5568
  2.834769e-01   1.980969e-20   1.180275e-04   1.391823e-21   5736
  2.839884e-01   1.588795e-20   1.465826e-04   1.170116e-21   5280
  2.844524e-01   1.122803e-20   1.355263e-04   7.439233e-22   5592
  2.849301e-01   9.869331e-21   1.551417e-04   5.231237e-22   4968
  2.854352e-01   8.246864e-21   1.391053e-04   3.597712e-22   5964
  2.859279e-01   6.458731e-21   1.397517e-04   2.794227e-22   5376
  2.863756e-01   7.764813e-21   1.349389e-04   3.388644e-22   5472
  2.868946e-01   6.445197e-21   1.281532e-04   2.848742e-22   5472
  2.873693e-01   1.779434e-20   1.457059e-04   1.633081e-21   5415
  2.878292e-01   1.191833e-20   1.281660e-04   1.027817e-21   5096
  2.883268e-01   1.147328e-20   1.648183e-04   8.592646e-22   6372
  2.888302e-01   9.268633e-21   1.337920e-04   5.576134e-22   4656
  2.892814e-01   6.756787e-21   1.460580e-04   3.622363e-22   5844
  2.897668e-01   5.924406e-21   1.284189e-04   2.729726e-22   5508
  2.902812e-01   5.676459e-21   1.456803e-04   2.650396e-22   6324
  2.907860e-01   5.901406e-21   1.251396e-04   2.915048e-22   4752
  2.912474e-01   5.090130e-21   1.401041e-04   1.929698e-22   5676
  2.917468e-01   4.944228e-21   1.281684e-04   1.910707e-22   5472
  2.922209e-01   4.646810e-21   1.445704e-04   1.734022e-22   5556
  2.927301e-01   4.232347e-21   1.408810e-04   1.202831e-22   5436
  2.932217e-01   3.847275e-21   1.442016e-04   1.032884e-22   5916
  2.937264e-01   3.580824e-21   1.500331e-04   1.031757e-22   5520
  2.941809e-01   3.935125e-21   1.364480e-04   1.109147e-22   5280
  2.946466e-01   4.059513e-21   1.340724e-04   1.386081e-22   4416
  2.951720e-01   3.552785e-21   1.306879e-04   9.795057e-23   6260
  2.956655e-01   3.537674e-21   1.554038e-04   1.017876e-22   5940
  2.961126e-01   3.241024e-21   1.217066e-04   9.633140e-23   4188
  2.966047e-01   3.016941e-21   1.556122e-04   7.026815e-23   6360
  2.971222e-01   3.223956e-21   1.387995e-04   7.990306e-23   5256
  2.976029e-01   2.986911e-21   1.312113e-04   7.953591e-23   4848
  2.980147e-01   3.008331e-21   1.189499e-04   8.439182e-23   4704
  2.985217e-01   2.897533e-21   1.459205e-04   7.258330e-23   5784
  2.990374e-01   2.455059e-21   1.544008e-04   6.493492e-23   5820
  2.995352e-01   2.651868e-21   1.383100e-04   6.182920e-23   5700
  3.000361e-01   2.835241e-21   1.282634e-04   7.278848e-23   5232
  3.005375e-01   2.386294e-21   1.423193e-04   5.581953e-23   4932
  3.009817e-01   2.663332e-21   1.224997e-04   7.237258e-23   4716
  3.014485e-01   2.515251e-21   1.560382e-04   5.700132e-23   5616
  3.019287e-01   2.273471e-21   1.378046e-04   4.856931e-23   5184
  3.024240e-01   2.383532e-21   1.390111e-04   5.605302e-23   5064
  3.028912e-01   2.269604e-21   1.423406e-04   5.452054e-23   5544
  3.034093e-01   2.167536e-21   1.428860e-04   4.469836e-23   5192
  3.038807e-01   2.179964e-21   1.284053e-04   5.072045e-23   5244
  3.043764e-01   2.319538e-21   1.389360e-04   5.440677e-23   5112
  3.048691e-01   2.047049e-21   1.275010e-04   4.340525e-23   5040
  3.053213e-01   1.988287e-21   1.340439e-04   4.258642e-23   5124
  3.058494e-01   2.172326e-21   1.504823e-04   4.319949e-23   5952
  3.063369e-01   1.960400e-21   1.318531e-04   4.276090e-23   4824
  3.067788e-01   1.935897e-21   1.330892e-04   4.624032e-23   4536
  3.072903e-01   1.854018e-21   1.414616e-04   3.481129e-23   5712
  3.078157e-01   1.978368e-21   1.547976e-04   3.937067e-23   5352
  3.083112e-01   1.801929e-21   1.348344e-04   3.889989e-23   5004
  3.087539e-01   1.750513e-21   1.348711e-04   4.002723e-23   4800
  3.092296e-01   1.791602e-21   1.449374e-04   3.905736e-23   5148
  3.097567e-01   1.907571e-21   1.505363e-04   4.019270e-23   5664
  3.102329e-01   1.786039e-21   1.352034e-04   4.042745e-23   4692
  3.106729e-01   1.748046e-21   1.256056e-04   4.257088e-23   4008
  3.111861e-01   1.601910e-21   1.439712e-04   2.955379e-23   5852
  3.117078e-01   1.633502e-21   1.363273e-04   3.144772e-23   5784
  3.121712e-01   1.536352e-21   1.256700e-04   3.286640e-23   4392
  3.126481e-01   1.563018e-21   1.232703e-04   3.069699e-23   4944
  3.131489e-01   1.633154e-21   1.453336e-04   3.611208e-23   4776
  3.136211e-01   1.589040e-21   1.398188e-04   3.070903e-23   5244
  3.141336e-01   1.540959e-21   1.395722e-04   3.211694e-23   4884
  3.145636e-01   1.459020e-21   1.183681e-04   2.893744e-23   4488
  3.150636e-01   1.363957e-21   1.406525e-04   2.571636e-23   5160
  3.155671e-01   1.502212e-21   1.432039e-04   3.038210e-23   5316
  3.160521e-01   1.279660e-21   1.447892e-04   2.426435e-23   4896
  3.165249e-01   1.452035e-21   1.345344e-04   3.181249e-23   4188
  3.170014e-01   1.354723e-21   1.467406e-04   2.902523e-23   4836
  3.174880e-01   1.426651e-21   1.455680e-04   2.927526e-23   5316
  3.179808e-01   1.265061e-21   1.347408e-04   2.322806e-23   4920
  3.184417e-01   1.355100e-21   1.357413e-04   2.992321e-23   4128
  3.189362e-01   1.269753e-21   1.460260e-04   2.267475e-23   5348
  3.194229e-01   1.308825e-21   1.267067e-04   2.512728e-23   4836
  3.198876e-01   1.316786e-21   1.365306e-04   2.722255e-23   4392
  3.203882e-01   1.236615e-21   1.199532e-04   2.459658e-23   4632
  3.208388e-01   1.209998e-21   1.340287e-04   2.564200e-23   4596
  3.213563e-01   1.312382e-21   1.347844e-04   2.460140e-23   5424
  3.218683e-01   1.143001e-21   1.387362e-04   2.176492e-23   5256
  3.223958e-01   1.153726e-21   1.409032e-04   2.164811e-23   4524
  3.228350e-01   1.116174e-21   1.340268e-04   2.278058e-23   4440
  3.233270e-01   1.208149e-21   1.146101e-04   2.829794e-23   4380
  3.238085e-01   1.125456e-21   1.499870e-04   2.148249e-23   4812
  3.243210e-01   1.078843e-21   1.489725e-04   1.946796e-23   5376
  3.247896e-01   9.963406e-22   1.189892e-04   2.015137e-23   3888
  3.252385e-01   1.075999e-21   1.362564e-04   2.128770e-23   4896
  3.257395e-01   1.064003e-21   1.437728e-04   2.136000e-23   4608
  3.262654e-01   1.029535e-21   1.357127e-04   1.965517e-23   4448
  3.267232e-01   9.657282e-22   1.400926e-04   1.825320e-23   4752
  3.272056e-01   1.050061e-21   1.467382e-04   2.177514e-23   4356
  3.277129e-01   9.788290e-22   1.412082e-04   1.802463e-23   5232
  3.282173e-01   9.123634e-22   1.423025e-04   1.708384e-23   4548
  3.287063e-01   9.712853e-22   1.383360e-04   1.913886e-23   4608
  3.291837e-01   9.904769e-22   1.256671e-04   2.128778e-23   3936
  3.296343e-01   9.228704e-22   1.502088e-04   1.905412e-23   4260
  3.301407e-01   8.894960e-22   1.346643e-04   1.690467e-23   5004
  3.306038e-01   9.468328e-22   1.330711e-04   1.983834e-23   4224
  3.311115e-01   8.788183e-22   1.437697e-04   1.682551e-23   4788
  3.316047e-01   9.034576e-22   1.511985e-04   1.694502e-23   4428
  3.320852e-01   8.371382e-22   1.263467e-04   1.736817e-23   4080
  3.325477e-01   8.096570e-22   1.381486e-04   1.567061e-23   4632
  3.330347e-01   8.271768e-22   1.436640e-04   1.798552e-23   4056
  3.335467e-01   8.523124e-22   1.352621e-04   1.667479e-23   4536
  3.340144e-01   8.684367e-22   1.379585e-04   1.596851e-23   4668
  3.345266e-01   7.943618e-22   1.478669e-04   1.606729e-23   4604
  3.350255e-01   7.897584e-22   1.328598e-04   1.699872e-23   4152
  3.354859e-01   7.719316e-22   1.287622e-04   1.525157e-23   4224
  3.359739e-01   7.523344e-22   1.237953e-04   1.478562e-23   4152
  3.364615e-01   7.402909e-22   1.404246e-04   1.559750e-23   4224
  3.369356e-01   6.659039e-22   1.298644e-04   1.278451e-23   3960
  3.373922e-01   7.741661e-22   1.340119e-04   1.473719e-23   4656
  3.378910e-01   7.544476e-22   1.445961e-04   1.484482e-23   4452
  3.384025e-01   7.020940e-22   1.470057e-04   1.333390e-23   4056
  3.388784e-01   7.074400e-22   1.456648e-04   1.398607e-23   4212
  3.393606e-01   7.340434e-22   1.210536e-04   1.721080e-23   3432
  3.398492e-01   6.574180e-22   1.548628e-04   1.172941e-23   5352
  3.403267e-01   6.190303e-22   1.134185e-04   1.304592e-23   3600
  3.408466e-01   6.388151e-22   1.251027e-04   1.186562e-23   4584
  3.413005e-01   6.534287e-22   1.247343e-04   1.328916e-23   3768
  3.417680e-01   6.605688e-22   1.331557e-04   1.428541e-23   3848
  3.422347e-01   6.238721e-22   1.220886e-04   1.347348e-23   3720
  3.427639e-01   5.960278e-22   1.532392e-04   1.208603e-23   4764
  3.432311e-01   5.843033e-22   1.234001e-04   1.149134e-23   3864
  3.437109e-01   5.540280e-22   1.528459e-04   1.068468e-23   4332
  3.442342e-01   6.058579e-22   1.304937e-04   1.293042e-23   3792
  3.447018e-01   6.154390e-22   1.480185e-04   1.298198e-23   4284
  3.451974e-01   5.642724e-22   1.401572e-04   1.181629e-23   3840
  3.456664e-01   5.864747e-22   1.334113e-04   1.378099e-23   3480
  3.461427e-01   5.403107e-22   1.488614e-04   1.018652e-23   4380
  3.466576e-01   5.895044e-22   1.398292e-04   1.203780e-23   4200
  3.471635e-01   4.988000e-22   1.344014e-04   9.779895e-24   4056
  3.476333e-01   4.785664e-22   1.350788e-04   9.613073e-24   3600
  3.480735e-01   5.174491e-22   1.345848e-04   1.116028e-23   3492
  3.485878e-01   5.147419e-22   1.571647e-04   1.045093e-23   4500
  3.491126e-01   5.053190e-22   1.376975e-04   1.085213e-23   3516
  3.495636e-01   4.614807e-22   1.439500e-04   8.624378e-24   3968
  3.500690e-01   4.542193e-22   1.383484e-04   9.249125e-24   3648
  3.505165e-01   4.731448e-22   1.322992e-04   9.479262e-24   4224
  3.510237e-01   4.658089e-22   1.484940e-04   1.102436e-23   3588
  3.514997e-01   4.574277e-22   1.369683e-04   9.804813e-24   3456
  3.519786e-01   4.677998e-22   1.216448e-04   1.040951e-23   3660
  3.524735e-01   4.226809e-22   1.335194e-04   8.704704e-24   3768
  3.529347e-01   4.572789e-22   1.350276e-04   9.612289e-24   3744
  3.534301e-01   4.315399e-22   1.482149e-04   9.531078e-24   4176
  3.539572e-01   4.470040e-22   1.367120e-04   1.033992e-23   3612
  3.543928e-01   4.035585e-22   1.485682e-04   9.194577e-24   3216
  3.548913e-01   4.156824e-22   1.436402e-04   9.510555e-24   3624
  3.553925e-01   3.866361e-22   1.350690e-04   8.874169e-24   3744
  3.558768e-01   3.759901e-22   1.441176e-04   8.503762e-24   3672
  3.563547e-01   3.714709e-22   1.306896e-04   7.595126e-24   3852
  3.568482e-01   3.761670e-22   1.345097e-04   8.070993e-24   3672
  3.573731e-01   3.861063e-22   1.310574e-04   8.962755e-24   3248
  3.578115e-01   3.410290e-22   1.341465e-04   8.595734e-24   3336
  3.582900e-01   3.427635e-22   1.365492e-04   7.953680e-24   3576
  3.587793e-01   3.436449e-22   1.159180e-04   8.512591e-24   3336
  3.592778e-01   3.640091e-22   1.376902e-04   7.993192e-24   3936
  3.597697e-01   3.446818e-22   1.466440e-04   7.792232e-24   3408
  3.602575e-01   3.648054e-22   1.291957e-04   8.518608e-24   3336
  3.607316e-01   2.716693e-22   1.451163e-04   6.235301e-24   3312
  3.612054e-01   3.055289e-22   1.469319e-04   6.965362e-24   3432
  3.617101e-01   3.235142e-22   1.273841e-04   7.686143e-24   3144
  3.621706e-01   2.971692e-22   1.382881e-04   6.372522e-24   3456
  3.626887e-01   2.879562e-22   1.329107e-04   6.493105e-24   3792
  3.631568e-01   2.715946e-22   1.305556e-04   7.265064e-24   2868
  3.636625e-01   2.891534e-22   1.352551e-04   6.303548e-24   3888
  3.641351e-01   2.607483e-22   1.174435e-04   6.333197e-24   2784
  3.646004e-01   2.725979e-22   1.341238e-04   7.370394e-24   2964
  3.651086e-01   2.781291e-22   1.381212e-04   6.832393e-24   3432
  3.655924e-01   2.523484e-22   1.429694e-04   6.025995e-24   3416
  3.660820e-01   2.640079e-22   1.528218e-04   6.177106e-24   3528
  3.665830e-01   2.363128e-22   1.226504e-04   6.015710e-24   2904
  3.670262e-01   2.406845e-22   1.375270e-04   5.863475e-24   3072
  3.675416e-01   2.537717e-22   1.544586e-04   6.732258e-24   3216
  3.680569e-01   2.263077e-22   1.250951e-04   5.601014e-24   2844
  3.685093e-01   2.179970e-22   1.431483e-04   5.249237e-24   3432
  3.689737e-01   2.185805e-22   1.150574e-04   6.146433e-24   2880
  3.694925e-01   2.210269e-22   1.524100e-04   5.056306e-24   3576
  3.699812e-01   2.074342e-22   1.362332e-04   5.145161e-24   2700
  3.704492e-01   1.984550e-22   1.530237e-04   5.011409e-24   3000
  3.709392e-01   1.856384e-22   1.270553e-04   5.021858e-24   2556
  3.714151e-01   1.897616e-22   1.361780e-04   4.805923e-24   3360
  3.719070e-01   1.973026e-22   1.323185e-04   5.061594e-24   3120
  3.724371e-01   1.948266e-22   1.557809e-04   4.861896e-24   3216
  3.728935e-01   1.943662e-22   1.098680e-04   5.274867e-24   2628
  3.734065e-01   1.724692e-22   1.452297e-04   4.764882e-24   3200
  3.738745e-01   1.703463e-22   1.370102e-04   5.531253e-24   2232
  3.743471e-01   1.526340e-22   1.563929e-04   4.110310e-24   3108
  3.748177e-01   1.705264e-22   1.373821e-04   4.471187e-24   2604
  3.752991e-01   1.672921e-22   1.479994e-04   4.189819e-24   3096
  3.758288e-01   1.450280e-22   1.348469e-04   3.840294e-24   3084
  3.762884e-01   1.375018e-22   1.376092e-04   3.813710e-24   2664
  3.767621e-01   1.559526e-22   1.213497e-04   5.132878e-24   2232
  3.772262e-01   1.199975e-22   1.494845e-04   3.382144e-24   2808
  3.777344e-01   1.441434e-22   1.412112e-04   3.630032e-24   2592
  3.782089e-01   1.424914e-22   1.449703e-04   3.662632e-24   2952
  3.787074e-01   1.211663e-22   1.368697e-04   3.446186e-24   2772
  3.791921e-01   1.188038e-22   1.471948e-04   3.155584e-24   3036
  3.796993e-01   1.179170e-22   1.427797e-04   3.796711e-24   2136
  3.801616e-01   1.085731e-22   1.138671e-04   3.133340e-24   2496
  3.806364e-01   1.187017e-22   1.516625e-04   3.696713e-24   2228
  3.811316e-01   1.066831e-22   1.413981e-04   2.791036e-24   3048
  3.816243e-01   1.121926e-22   1.350676e-04   3.099626e-24   2676
  3.821140e-01   9.468549e-23   1.345571e-04   2.564829e-24   2784
  3.825820e-01   1.039848e-22   1.307225e-04   3.532306e-24   1920
  3.830514e-01   7.804418e-23   1.395126e-04   2.287421e-24   2400
  3.835600e-01   9.172840e-23   1.279618e-04   3.096552e-24   2532
  3.840860e-01   8.904195e-23   1.421350e-04   2.667365e-24   2544
  3.845592e-01   9.285156e-23   1.486925e-04   2.540090e-24   2772
  3.850254e-01   8.249345e-23   1.392746e-04   2.799161e-24   2160
  3.854884e-01   8.611468e-23   1.500120e-04   2.700038e-24   2304
  3.860241e-01   7.394601e-23   1.467945e-04   2.600151e-24   2328
  3.865043e-01   6.495666e-23   1.407449e-04   2.315633e-24   2304
  3.869492e-01   6.903503e-23   1.330938e-04   2.502469e-24   1908
  3.874552e-01   7.566752e-23   1.488569e-04   2.031510e-24   2736
  3.879425e-01   6.954607e-23   1.410418e-04   2.001892e-24   2448
  3.884609e-01   6.466696e-23   1.318665e-04   2.059084e-24   2040
  3.889299e-01   4.814016e-23   1.372999e-04   1.592198e-24   2120
  3.893809e-01   5.277083e-23   1.138355e-04   1.806108e-24   2040
  3.898664e-01   4.906135e-23   1.412334e-04   1.808987e-24   2208
  3.904158e-01   5.723097e-23   1.268062e-04   1.876049e-24   2208
  3.908608e-01   6.501936e-23   1.405255e-04   2.049077e-24   2196
  3.913207e-01   4.380305e-23   1.236152e-04   1.684428e-24   1848
  3.917886e-01   4.867816e-23   1.401960e-04   1.580151e-24   2124
  3.923120e-01   3.958793e-23   1.470626e-04   1.157357e-24   2328
  3.928231e-01   3.894856e-23   1.497225e-04   1.407001e-24   1920
  3.933200e-01   3.698533e-23   1.374435e-04   1.460714e-24   1548
  3.937619e-01   4.166124e-23   1.507712e-04   1.201822e-24   2388
  3.942832e-01   3.886234e-23   1.395210e-04   1.215240e-24   2160
  3.947606e-01   3.289692e-23   1.269906e-04   1.143315e-24   1704
  3.952179e-01   2.882283e-23   1.430661e-04   9.775458e-25   1776
  3.956506e-01   2.951790e-23   1.338203e-04   1.030816e-24   1800
  3.961977e-01   2.902638e-23   1.544832e-04   1.039500e-24   1700
  3.967087e-01   2.965694e-23   1.390936e-04   9.265104e-25   2292
  3.971846e-01   2.883156e-23   1.291201e-04   9.928941e-25   1704
  3.976337e-01   3.162775e-23   1.443780e-04   1.093486e-24   1728
  3.981255e-01   2.450102e-23   1.336251e-04   8.264647e-25   1728
  3.986075e-01   2.703574e-23   1.334994e-04   8.396951e-25   1680
  3.991202e-01   2.024953e-23   1.537953e-04   7.186327e-25   1704
  3.996310e-01   1.985032e-23   1.207753e-04   6.297262e-25   1752
  4.000877e-01   2.325137e-23   1.435789e-04   7.896900e-25   1872
  4.005817e-01   2.197883e-23   1.407232e-04   7.347881e-25   1500
  4.010829e-01   1.798105e-23   1.232237e-04   6.432361e-25   1656
  4.015697e-01   1.835384e-23   1.321192e-04   6.353310e-25   1464
  4.020023e-01   1.576627e-23   1.157232e-04   6.502572e-25   1488
  4.025329e-01   1.648213e-23   1.396693e-04   5.451599e-25   1680
  4.030178e-01   1.911485e-23   1.459194e-04   6.937207e-25   1692
  4.034716e-01   1.803131e-23   1.397252e-04   7.540460e-25   1128
  4.039751e-01   1.748238e-23   1.345433e-04   5.943750e-25   1536
  4.044663e-01   1.420640e-23   1.402479e-04   5.094192e-25   1616
  4.049637e-01   1.379826e-23   1.352429e-04   4.642566e-25   1476
  4.054650e-01   1.218879e-23   1.488381e-04   4.378686e-25   1176
  4.059124e-01   1.438884e-23   1.599107e-04   4.305863e-25   1656
  4.063997e-01   1.554885e-23   1.404668e-04   9.370522e-25   891
  4.069020e-01   1.340824e-23   1.497388e-04   5.966761e-25   1596
  4.073915e-01   1.176710e-23   1.305762e-04   4.811212e-25   1422
  4.078742e-01   1.232090e-23   1.252138e-04   4.806299e-25   1254
  4.083284e-01   9.612216e-24   1.279202e-04   3.296397e-25   918
  4.088148e-01   1.211761e-23   1.400009e-04   3.760087e-25   1614
  4.093049e-01   1.199867e-23   1.209347e-04   6.148587e-25   798
  4.097922e-01   1.051358e-23   1.550239e-04   3.502235e-25   1458
  4.102863e-01   1.144143e-23   1.419502e-04   3.446756e-25   1374
  4.107747e-01   9.637124e-24   1.212349e-04   3.536105e-25   984
  4.112591e-01   1.021995e-23   1.668024e-04   4.889998e-25   1062
  4.117525e-01   1.167293e-23   1.413965e-04   3.673417e-25   1246
  4.122317e-01   7.791187e-24   1.311095e-04   2.658004e-25   1072
  4.127436e-01   7.691439e-24   1.419832e-04   2.475595e-25   1110
  4.132166e-01   9.064455e-24   1.538182e-04   3.042392e-25   1254
  4.137139e-01   8.296033e-24   1.459816e-04   3.082316e-25   1032
  4.142557e-01   8.505292e-24   1.352509e-04   3.540199e-25   786
  4.146677e-01   8.805725e-24   1.386613e-04   2.940472e-25   1152
  4.151502e-01   7.986913e-24   1.511270e-04   2.816318e-25   1086
  4.156529e-01   7.054896e-24   1.363503e-04   2.769596e-25   912
  4.161175e-01   9.692785e-24   1.366785e-04   3.513084e-25   1062
  4.165917e-01   7.851544e-24   1.362355e-04   2.923783e-25   912
  4.171397e-01   7.141564e-24   1.520835e-04   2.835525e-25   750
  4.175668e-01   8.257614e-24   1.465336e-04   2.655165e-25   1200
  4.180611e-01   7.291368e-24   1.326977e-04   2.692839e-25   918
  4.185524e-01   6.661171e-24   1.377357e-04   2.441363e-25   876
  4.190517e-01   8.074875e-24   1.203534e-04   3.343379e-25   870
  4.194890e-01   6.924939e-24   1.403731e-04   2.702340e-25   768
  4.200015e-01   5.655248e-24   1.286594e-04   2.125606e-25   830
  4.204761e-01   6.816866e-24   1.332096e-04   2.029733e-25   1080
  4.209676e-01   7.112532e-24   1.498783e-04   2.685663e-25   840
  4.214632e-01   7.103300e-24   1.443163e-04   2.609419e-25   798
  4.220251e-01   7.191520e-24   1.145461e-04   2.862270e-25   792
  4.224609e-01   7.187685e-24   1.335978e-04   4.595222e-25   726
  4.229181e-01   5.699288e-24   1.497038e-04   2.196478e-25   864
  4.234189e-01   6.046597e-24   1.281430e-04   2.335204e-25   900
  4.239267e-01   6.051542e-24   1.424135e-04   2.596433e-25   726
  4.243623e-01   6.023410e-24   1.232527e-04   2.985348e-25   576
  4.249434e-01   6.239055e-24   1.282664e-04   2.228190e-25   840
  4.253523e-01   5.549518e-24   1.331485e-04   2.156475e-25   750
  4.258366e-01   5.042789e-24   1.335529e-04   1.983846e-25   720
  4.262936e-01   5.367512e-24   1.351090e-04   2.406101e-25   702
  4.268271e-01   5.708708e-24   1.475571e-04   2.169818e-25   696
  4.272662e-01   6.110741e-24   1.319621e-04   2.816353e-25   480
  4.277837e-01   5.284788e-24   1.250396e-04   2.088871e-25   830
  4.282419e-01   5.791769e-24   1.454616e-04   2.266932e-25   756
  4.287552e-01   5.535267e-24   1.396687e-04   2.231007e-25   624
  4.292083e-01   5.027414e-24   1.475796e-04   1.989837e-25   582
  4.297440e-01   5.128359e-24   1.132706e-04   2.285227e-25   576
  4.302073e-01   4.807684e-24   1.517064e-04   1.853362e-25   624
  4.306823e-01   4.597898e-24   1.238986e-04   1.807270e-25   702
  4.311525e-01   4.718531e-24   1.425165e-04   2.099469e-25   624
  4.317110e-01   5.167974e-24   1.378751e-04   2.100098e-25   672
  4.321659e-01   4.230743e-24   1.032125e-04   2.281682e-25   342
  4.326655e-01   4.830622e-24   1.290292e-04   2.114332e-25   660
  4.331249e-01   4.553542e-24   1.326364e-04   2.164525e-25   576
  4.335992e-01   4.338384e-24   1.289493e-04   1.937316e-25   600
  4.340787e-01   4.726354e-24   1.491476e-04   1.972831e-25   510
  4.346181e-01   4.649958e-24   1.397290e-04   1.869604e-25   600
  4.350341e-01   4.255418e-24   1.112888e-04   3.117063e-25   216
  4.355185e-01   4.497973e-24   1.354577e-04   1.597645e-25   758
  4.360833e-01   4.051582e-24   1.482975e-04   2.105879e-25   576
  4.365782e-01   4.784241e-24   1.259005e-04   2.020622e-25   528
  4.370248e-01   4.407213e-24   8.670054e-05   3.483162e-25   318
  4.375047e-01   4.588257e-24   1.497759e-04   2.126743e-25   540
  4.380721e-01   3.103256e-24   1.058893e-04   1.600138e-25   384
  4.384565e-01   4.071867e-24   1.463022e-04   1.624651e-25   576
  4.389570e-01   3.728846e-24   1.195560e-04   2.056607e-25   414
  4.394302e-01   4.716105e-24   1.335050e-04   2.106365e-25   504
  4.399357e-01   3.880554e-24   1.465573e-04   2.301142e-25   312
  4.404212e-01   4.029090e-24   1.327827e-04   2.050419e-25   414
  4.409029e-01   3.138403e-24   1.226699e-04   1.511307e-25   432
  4.413512e-01   3.502681e-24   1.624587e-04   1.789627e-25   504
  4.418701e-01   3.802487e-24   1.564660e-04   1.999168e-25   432
  4.423558e-01   3.900993e-24   1.281691e-04   1.834567e-25   354
  4.428506e-01   3.795582e-24   1.865017e-04   3.130222e-25   200
  4.432750e-01   3.702561e-24   1.323290e-04   1.817943e-25   480
  4.438485e-01   3.362599e-24   1.512148e-04   1.454766e-25   552
  4.443745e-01   3.471861e-24   9.419478e-05   1.979591e-25   366
  4.447799e-01   2.960864e-24   1.002751e-04   2.086519e-25   240
  4.452261e-01   3.992560e-24   1.401886e-04   2.399062e-25   288
  4.458541e-01   2.897686e-24   9.634579e-05   1.642664e-25   366
  4.462600e-01   3.353310e-24   1.562070e-04   1.715570e-25   408
  4.467132e-01   3.974179e-24   1.174273e-04   2.172625e-25   360
  4.471820e-01   3.306343e-24   1.094619e-04   1.876692e-25   324
  4.476367e-01   3.323555e-24   1.292780e-04   2.414104e-25   174
  4.481783e-01   3.375795e-24   1.485222e-04   2.085909e-25   264
  4.486867e-01   2.748477e-24   1.354596e-04   1.218036e-25   456
  4.491937e-01   3.122781e-24   1.362099e-04   1.522955e-25   360
  4.496105e-01   3.407952e-24   1.500483e-04   2.396587e-25   270
  4.501209e-01   2.986952e-24   1.641082e-04   2.008646e-25   240
  4.507604e-01   4.390245e-24   1.195905e-04   4.828255e-25   120
  4.510747e-01   2.791980e-24   1.248485e-04   1.378276e-25   320
  4.515822e-01   3.094454e-24   1.544785e-04   1.279635e-25   462
  4.521137e-01   3.335392e-24   8.987666e-05   2.213868e-25   276
  4.525754e-01   2.840828e-24   1.019637e-04   2.137677e-25   144
  4.530202e-01   3.219310e-24   1.070818e-04   2.537091e-25   120
  4.536115e-01   2.490653e-24   8.108908e-05   1.372206e-25   294
  4.540583e-01   2.754844e-24   1.438563e-04   1.326074e-25   384
  4.544753e-01   2.536628e-24   9.523196e-05   1.503253e-25   216
  4.548743e-01   2.607933e-24   8.843896e-05   2.085620e-25   168
  4.553251e-01   3.101594e-24   1.052282e-04   3.915574e-25   102
  4.559768e-01   2.560200e-24   1.596520e-04   1.956811e-25   168
  4.564337e-01   2.756609e-24   1.397340e-04   1.397946e-25   384
  4.569346e-01   2.947824e-24   1.419732e-04   1.738670e-25   300
  4.574008e-01   3.935466e-24   1.520225e-04   3.091511e-25   144
  4.579263e-01   2.951259e-24   1.556925e-04   3.071975e-25   102
  4.585568e-01   3.107193e-24   3.685588e-05   3.769462e-25   56
  4.588590e-01   2.351669e-24   1.199932e-04   1.647205e-25   288
  4.593328e-01   2.689769e-24   1.561557e-04   1.454187e-25   360
  4.598487e-01   2.970176e-24   8.376686e-05   3.744844e-25   126
  4.602834e-01   3.399401e-24   4.125612e-05   3.379340e-25   72
  4.607572e-01   1.735452e-24   2.185755e-05   1.925984e-25   48
  4.613754e-01   2.655274e-24   8.842417e-05   1.675840e-25   240
  4.617816e-01   2.365494e-24   1.311982e-04   1.259497e-25   306
  4.621975e-01   3.231771e-24   7.291699e-05   2.768868e-25   120
  4.626766e-01   3.232164e-24   1.794585e-04   2.721594e-25   96
  4.630248e-01   2.280939e-24   0.000000e+00   5.009047e-25   24
  4.638071e-01   2.526082e-24   1.554065e-04   1.987797e-25   120
  4.641905e-01   2.529673e-24   1.343981e-04   1.580428e-25   318
  4.646594e-01   2.165774e-24   1.436227e-04   1.677809e-25   168
  4.651731e-01   2.146967e-24   1.541232e-04   3.261991e-25   72
  4.657357e-01   4.191284e-24   0.000000e+00   6.191793e-25   24
  4.663408e-01   1.864972e-24   7.481195e-05   4.135367e-25   14
  4.666286e-01   2.305801e-24   1.179951e-04   1.318592e-25   288
  4.670757e-01   2.739653e-24   1.419546e-04   1.802585e-25   204
  4.675916e-01   1.841258e-24   2.153808e-05   2.127219e-25   48
  4.680007e-01   2.192184e-24   0.000000e+00   3.489732e-25   24
  4.684739e-01   4.119585e-24   0.000000e+00   1.291059e-24   6
  4.691541e-01   2.281675e-24   8.821950e-05   1.605194e-25   216
  4.695046e-01   2.210678e-24   1.174842e-04   1.536431e-25   192
  4.699334e-01   2.395727e-24   2.143075e-05   3.089041e-25   48
  4.703832e-01   3.030350e-24   1.712353e-04   4.774117e-25   30
  4.716555e-01   1.853356e-24   3.540978e-05   1.206383e-25   96
  4.719167e-01   2.400641e-24   1.160286e-04   1.590555e-25   228
  4.724128e-01   2.605427e-24   1.517284e-04   2.770921e-25   72
  4.730094e-01   2.640221e-24   0.000000e+00   7.859260e-25   6
  4.743680e-01   2.231536e-24   1.145631e-04   1.476804e-25   248
  4.748016e-01   2.547180e-24   1.311235e-04   2.300586e-25   72
  4.753245e-01   4.404967e-24   7.266090e-09   1.621002e-24   6
  4.769053e-01   1.890073e-24   8.141014e-05   1.285887e-25   180
  4.772205e-01   1.804801e-24   1.107713e-04   2.424744e-25   72
  4.776705e-01   2.192411e-24   0.000000e+00   9.639413e-26   6
  4.794278e-01   2.246353e-24   3.483570e-05   2.320892e-25   96
  4.796378e-01   2.009741e-24   9.563861e-05   1.798723e-25   96
  4.800471e-01   1.231438e-24   0.000000e+00   2.019225e-25   6
  4.820778e-01   2.278037e-24   9.153355e-05   1.809798e-25   140
  4.824537e-01   1.805070e-24   0.000000e+00   4.608682e-25   6
  4.846301e-01   2.318038e-24   6.146888e-05   2.791591e-25   96
  4.848898e-01   1.429750e-24   0.000000e+00   3.475896e-25   6
  4.871898e-01   1.763995e-24   3.697860e-05   3.013240e-25   60
  4.873552e-01   2.531530e-24   0.000000e+00   1.030019e-24   6
  4.897713e-01   2.599228e-24   3.748867e-05   3.035627e-25   38
  4.923442e-01   2.360491e-24   1.928513e-05   5.215564e-25   18
  4.949217e-01   7.211932e-25   7.266090e-09   1.559789e-25   6
