# power spectrum of pi_k * H (dimensionless)
# redshift z=96.079122
# k              Pk             sigma(k)       sigma(Pk)      count
  4.487990e-03   6.596297e-13   0.000000e+00   2.658911e-13   6
  6.346976e-03   3.889379e-13   0.000000e+00   7.763848e-14   12
  7.773426e-03   2.932299e-13   8.514949e-11   5.967912e-14   8
  8.975979e-03   9.837066e-13   0.000000e+00   1.058486e-13   6
  1.003545e-02   6.868805e-13   1.605594e-10   2.189690e-13   24
  1.099328e-02   9.850198e-13   1.605594e-10   1.659558e-13   24
  1.269395e-02   4.414795e-13   0.000000e+00   1.987076e-13   12
  1.346397e-02   5.130487e-13   1.816523e-10   9.439107e-14   30
  1.419227e-02   6.455002e-13   0.000000e+00   1.422530e-13   24
  1.488498e-02   5.881661e-13   2.780971e-10   1.457972e-13   24
  1.554685e-02   6.826682e-13   1.702990e-10   1.383768e-13   8
  1.618168e-02   5.805511e-13   2.270653e-10   7.212565e-14   24
  1.679252e-02   5.452382e-13   0.000000e+00   7.662142e-14   48
  1.795196e-02   6.521555e-13   0.000000e+00   2.867407e-13   6
  1.850445e-02   5.174261e-13   2.270653e-10   7.254580e-14   48
  1.904093e-02   4.804053e-13   2.140792e-10   5.005400e-14   36
  1.956269e-02   6.853911e-13   2.270653e-10   1.433233e-13   24
  2.007090e-02   4.044958e-13   3.211188e-10   6.963195e-14   24
  2.056655e-02   3.611159e-13   0.000000e+00   4.910573e-14   48
  2.105054e-02   5.550387e-13   3.211188e-10   7.900524e-14   24
  2.198657e-02   4.424764e-13   3.211188e-10   6.959966e-14   24
  2.243995e-02   3.023516e-13   0.000000e+00   4.946358e-14   30
  2.288435e-02   3.229016e-13   0.000000e+00   3.555888e-14   72
  2.332028e-02   3.172621e-13   3.405980e-10   6.472738e-14   32
  2.416856e-02   4.163763e-13   0.000000e+00   4.814725e-14   72
  2.458173e-02   2.557090e-13   0.000000e+00   3.738429e-14   48
  2.538790e-02   1.342182e-13   0.000000e+00   3.992436e-14   12
  2.578154e-02   2.652611e-13   0.000000e+00   3.977650e-14   48
  2.616925e-02   2.333867e-13   0.000000e+00   2.318914e-14   48
  2.655130e-02   3.106703e-13   3.211188e-10   3.919079e-14   48
  2.692794e-02   3.715495e-13   3.633045e-10   6.507313e-14   30
  2.729937e-02   3.361541e-13   0.000000e+00   7.560705e-14   24
  2.766583e-02   3.409685e-13   6.769780e-10   3.458254e-14   72
  2.838454e-02   2.023813e-13   0.000000e+00   3.841752e-14   24
  2.873715e-02   3.041733e-13   0.000000e+00   2.995486e-14   96
  2.908550e-02   2.330222e-13   0.000000e+00   3.094441e-14   48
  2.942972e-02   1.932446e-13   5.561942e-10   4.746732e-14   24
  2.976995e-02   1.420608e-13   5.561942e-10   2.917207e-14   24
  3.010635e-02   3.354549e-13   0.000000e+00   4.096044e-14   72
  3.043903e-02   2.521976e-13   0.000000e+00   3.882303e-14   48
  3.109370e-02   2.134672e-13   3.405980e-10   6.371957e-14   8
  3.141593e-02   3.190903e-13   4.036717e-10   3.834597e-14   54
  3.173488e-02   2.121360e-13   0.000000e+00   3.682180e-14   84
  3.205066e-02   2.353357e-13   0.000000e+00   3.381964e-14   48
  3.236335e-02   1.444987e-13   4.541306e-10   2.577614e-14   24
  3.267306e-02   1.926879e-13   6.055075e-10   2.281078e-14   72
  3.297985e-02   2.516235e-13   0.000000e+00   2.852769e-14   96
  3.358504e-02   3.360859e-13   0.000000e+00   3.665655e-14   48
  3.388358e-02   1.838000e-13   0.000000e+00   1.720490e-14   48
  3.417951e-02   1.613816e-13   0.000000e+00   3.139873e-14   24
  3.447290e-02   1.804972e-13   0.000000e+00   1.948896e-14   72
  3.505232e-02   1.831013e-13   0.000000e+00   2.162788e-14   72
  3.533846e-02   1.794046e-13   0.000000e+00   2.045578e-14   96
  3.590392e-02   2.543844e-13   0.000000e+00   1.117961e-13   6
  3.618333e-02   2.007092e-13   0.000000e+00   1.958021e-14   96
  3.646060e-02   2.048976e-13   4.541306e-10   2.187321e-14   96
  3.673578e-02   1.363800e-13   0.000000e+00   3.242716e-14   24
  3.700891e-02   1.512879e-13   4.541306e-10   1.846047e-14   48
  3.728004e-02   1.529022e-13   0.000000e+00   1.540398e-14   96
  3.754921e-02   1.719926e-13   0.000000e+00   2.316928e-14   48
  3.808185e-02   1.540939e-13   4.281585e-10   2.862646e-14   36
  3.834540e-02   1.542069e-13   7.865773e-10   1.932189e-14   48
  3.860715e-02   1.691285e-13   8.899106e-10   1.514835e-14   120
  3.886713e-02   1.490543e-13   0.000000e+00   1.961496e-14   56
  3.912539e-02   8.272272e-14   4.541306e-10   1.447475e-14   24
  3.938195e-02   1.204146e-13   0.000000e+00   1.071571e-14   96
  3.963685e-02   1.262578e-13   0.000000e+00   1.629234e-14   48
  4.014180e-02   1.550494e-13   6.422377e-10   2.876071e-14   24
  4.039191e-02   1.656873e-13   0.000000e+00   1.654058e-14   102
  4.064047e-02   1.752470e-13   4.541306e-10   2.643204e-14   48
  4.088753e-02   1.566469e-13   0.000000e+00   1.568189e-14   72
  4.113310e-02   1.420851e-13   0.000000e+00   1.435228e-14   48
  4.137722e-02   1.549705e-13   0.000000e+00   2.853951e-14   48
  4.161990e-02   1.295877e-13   1.027580e-09   1.154889e-14   120
  4.210107e-02   1.959375e-13   6.422377e-10   3.279704e-14   24
  4.233961e-02   1.162640e-13   6.055075e-10   9.775435e-15   144
  4.257681e-02   1.184257e-13   7.266090e-10   1.142974e-14   120
  4.281269e-02   9.524769e-14   6.422377e-10   1.334625e-14   48
  4.328060e-02   1.368870e-13   6.422377e-10   1.825578e-14   48
  4.351267e-02   1.117949e-13   6.422377e-10   1.153117e-14   96
  4.412543e-02   1.445274e-13   1.076845e-04   1.749763e-14   72
  4.442883e-02   1.077703e-13   5.708779e-10   8.180304e-15   108
  4.465493e-02   1.259029e-13   0.000000e+00   1.349289e-14   72
  4.487990e-02   7.845870e-14   0.000000e+00   1.504182e-14   30
  4.510374e-02   1.285315e-13   0.000000e+00   1.008749e-14   168
  4.532647e-02   1.307460e-13   0.000000e+00   1.462813e-14   48
  4.576869e-02   8.763358e-14   0.000000e+00   1.030255e-14   72
  4.598821e-02   1.159228e-13   0.000000e+00   1.109813e-14   96
  4.620668e-02   1.118416e-13   1.211015e-09   1.717499e-14   72
  4.642412e-02   1.299262e-13   0.000000e+00   1.382970e-14   72
  4.678970e-02   1.170780e-13   9.942967e-05   8.748039e-15   104
  4.707043e-02   1.101761e-13   8.563169e-10   8.081622e-15   144
  4.770798e-02   7.691398e-14   1.436087e-09   7.256215e-15   96
  4.791862e-02   8.173860e-14   0.000000e+00   8.450376e-15   96
  4.825361e-02   1.125460e-13   1.022910e-04   1.044973e-14   120
  4.854503e-02   9.426228e-14   0.000000e+00   8.534310e-15   120
  4.875204e-02   1.131732e-13   0.000000e+00   1.225479e-14   72
  4.916346e-02   1.144817e-13   0.000000e+00   1.516308e-14   48
  4.936788e-02   1.182826e-13   1.117860e-09   1.364335e-14   78
  4.962939e-02   1.234346e-13   9.159181e-05   9.714734e-15   168
  5.017725e-02   1.131205e-13   1.048770e-09   9.727247e-15   144
  5.037756e-02   1.192208e-13   8.563169e-10   8.511527e-15   144
  5.095853e-02   1.048286e-13   5.274950e-05   9.037543e-15   156
  5.117095e-02   7.862419e-14   1.112388e-09   1.487665e-14   48
  5.136739e-02   9.472063e-14   7.266090e-10   9.141736e-15   120
  5.156307e-02   6.659332e-14   0.000000e+00   6.961107e-15   48
  5.190908e-02   1.002963e-13   8.074274e-05   6.902615e-15   216
  5.233850e-02   8.584513e-14   0.000000e+00   1.041539e-14   48
  5.253057e-02   8.141407e-14   6.422377e-10   7.106551e-15   96
  5.280366e-02   9.257240e-14   9.436050e-05   8.098670e-15   168
  5.310261e-02   7.425025e-14   6.422377e-10   1.062057e-14   48
  5.329192e-02   9.961563e-14   0.000000e+00   9.953924e-15   96
  5.348057e-02   9.105469e-14   0.000000e+00   1.657453e-14   48
  5.385587e-02   1.084968e-13   7.266090e-10   1.077985e-14   30
  5.404255e-02   7.010005e-14   0.000000e+00   5.702377e-15   96
  5.426566e-02   8.675056e-14   7.415896e-05   5.922911e-15   240
  5.455256e-02   1.241410e-13   8.000683e-05   1.738416e-14   32
  5.478289e-02   6.656223e-14   0.000000e+00   4.888206e-15   168
  5.496642e-02   7.928290e-14   0.000000e+00   7.730606e-15   120
  5.533165e-02   6.411727e-14   1.353956e-09   7.374056e-15   72
  5.551336e-02   1.012194e-13   6.055075e-10   9.299426e-15   144
  5.569449e-02   7.362239e-14   0.000000e+00   7.371714e-15   96
  5.587502e-02   9.493799e-14   0.000000e+00   7.614295e-15   96
  5.623435e-02   1.001283e-13   0.000000e+00   1.218889e-14   72
  5.641315e-02   7.931932e-14   9.082613e-10   7.719426e-15   96
  5.676908e-02   8.173795e-14   0.000000e+00   1.505202e-14   24
  5.694620e-02   8.901489e-14   0.000000e+00   6.444715e-15   192
  5.715479e-02   8.414760e-14   6.789523e-05   6.254009e-15   132
  5.747431e-02   9.128832e-14   0.000000e+00   8.115038e-15   96
  5.764927e-02   6.475469e-14   0.000000e+00   6.537639e-15   96
  5.782370e-02   8.383524e-14   7.266090e-10   7.063693e-15   120
  5.817099e-02   8.962631e-14   0.000000e+00   1.231167e-14   48
  5.845566e-02   6.062459e-14   8.228355e-05   3.888871e-15   222
  5.868808e-02   7.771387e-14   0.000000e+00   7.314581e-15   120
  5.885943e-02   8.232643e-14   1.112388e-09   1.658943e-14   24
  5.910891e-02   9.141733e-14   8.492858e-05   4.902222e-15   312
  5.965251e-02   9.995085e-14   7.962394e-05   1.081555e-14   72
  5.987725e-02   6.935630e-14   1.112388e-09   9.062473e-15   96
  6.010802e-02   8.526635e-14   8.108596e-05   6.534369e-15   192
  6.037972e-02   7.770694e-14   1.027580e-09   8.013892e-15   120
  6.054629e-02   7.850382e-14   0.000000e+00   7.917226e-15   144
  6.087805e-02   7.126712e-14   0.000000e+00   1.020734e-14   48
  6.111387e-02   6.955737e-14   8.153477e-05   4.087467e-15   336
  6.137233e-02   7.809450e-14   0.000000e+00   1.039573e-14   48
  6.169965e-02   7.166186e-14   0.000000e+00   6.405285e-15   192
  6.186267e-02   7.399313e-14   0.000000e+00   9.042183e-15   48
  6.232604e-02   7.534146e-14   5.659583e-05   9.136628e-15   56
  6.255643e-02   7.452138e-14   7.268827e-05   4.096200e-15   336
  6.283185e-02   7.522201e-14   8.073433e-10   1.080217e-14   54
  6.307177e-02   6.804532e-14   7.983781e-05   4.183864e-15   240
  6.356985e-02   6.904337e-14   7.644534e-05   5.223841e-15   228
  6.378632e-02   8.018572e-14   8.563169e-10   1.027774e-14   72
  6.399644e-02   8.136242e-14   7.415385e-05   6.015226e-15   144
  6.425823e-02   6.714201e-14   0.000000e+00   6.489863e-15   96
  6.441477e-02   6.772698e-14   1.027580e-09   4.313975e-15   240
  6.472671e-02   6.067554e-14   9.082613e-10   1.165920e-14   24
  6.492641e-02   7.162553e-14   7.003773e-05   4.207528e-15   336
  6.519181e-02   6.439321e-14   0.000000e+00   7.586379e-15   72
  6.543408e-02   8.140435e-14   7.617900e-05   5.861277e-15   168
  6.565363e-02   5.587935e-14   0.000000e+00   5.066117e-15   72
  6.595971e-02   8.489112e-14   0.000000e+00   7.957456e-15   96
  6.619675e-02   6.737924e-14   7.560752e-05   4.792911e-15   216
  6.641618e-02   5.287286e-14   0.000000e+00   3.970123e-15   96
  6.671876e-02   6.452860e-14   9.082613e-10   4.247196e-15   192
  6.686954e-02   6.434191e-14   8.563169e-10   5.035368e-15   144
  6.717008e-02   6.492894e-14   0.000000e+00   8.408238e-15   48
  6.737816e-02   6.941808e-14   7.289453e-05   4.748274e-15   246
  6.766089e-02   8.444406e-14   6.720992e-05   6.446730e-15   168
  6.791561e-02   6.730541e-14   1.779821e-09   6.959002e-15   120
  6.806373e-02   5.583544e-14   0.000000e+00   3.789018e-15   240
  6.835902e-02   4.172808e-14   0.000000e+00   8.475555e-15   24
  6.859430e-02   6.363184e-14   7.194229e-05   3.893465e-15   360
  6.888731e-02   6.291075e-14   7.163615e-05   4.733092e-15   120
  6.909172e-02   6.960456e-14   0.000000e+00   5.656359e-15   144
  6.923733e-02   7.092496e-14   0.000000e+00   6.121605e-15   96
  6.967233e-02   6.654841e-14   0.000000e+00   5.222231e-15   144
  6.981673e-02   7.201888e-14   0.000000e+00   6.159247e-15   132
  7.001966e-02   6.323583e-14   7.070381e-05   4.629819e-15   176
  7.031425e-02   6.330499e-14   7.139661e-05   3.251795e-15   312
  7.067693e-02   8.842872e-14   0.000000e+00   1.323250e-14   96
  7.081928e-02   5.906045e-14   0.000000e+00   5.186818e-15   144
  7.103769e-02   6.453885e-14   7.068048e-05   3.639555e-15   312
  7.138584e-02   7.185918e-14   0.000000e+00   7.123936e-15   48
  7.152678e-02   5.632641e-14   9.082613e-10   4.129306e-15   192
  7.180783e-02   2.223887e-14   0.000000e+00   6.853712e-15   6
  7.199456e-02   5.360846e-14   6.592151e-05   2.902951e-15   288
  7.229701e-02   5.365941e-14   6.965036e-05   3.839149e-15   192
  7.250569e-02   5.097746e-14   2.136030e-09   3.242445e-15   216
  7.264446e-02   6.290701e-14   0.000000e+00   8.393706e-15   72
  7.299019e-02   5.358873e-14   6.898890e-05   4.261224e-15   192
  7.321980e-02   6.749816e-14   5.122797e-05   4.013668e-15   288
  7.347155e-02   5.732409e-14   0.000000e+00   1.106657e-14   24
  7.366606e-02   6.233629e-14   6.748859e-05   2.792997e-15   456
  7.401782e-02   4.045234e-14   0.000000e+00   5.919844e-15   48
  7.423517e-02   5.748075e-14   6.647357e-05   4.125101e-15   240
  7.448497e-02   6.592836e-14   6.717903e-05   4.245209e-15   216
  7.469503e-02   5.150948e-14   0.000000e+00   6.274158e-15   72
  7.482974e-02   5.182968e-14   2.321067e-09   4.144686e-15   168
  7.521008e-02   6.058749e-14   4.993319e-05   3.720578e-15   288
  7.542338e-02   6.044310e-14   6.607016e-05   4.184393e-15   168
  7.576598e-02   6.707821e-14   0.000000e+00   4.774799e-15   192
  7.589879e-02   5.351469e-14   8.563169e-10   3.819022e-15   144
  7.616371e-02   7.104772e-14   8.563169e-10   8.921359e-15   36
  7.638837e-02   4.592810e-14   6.033611e-05   2.345201e-15   342
  7.660318e-02   5.429880e-14   6.195787e-05   4.192708e-15   144
  7.687931e-02   5.257746e-14   6.497828e-05   2.709784e-15   384
  7.721429e-02   6.245356e-14   1.779821e-09   5.773438e-15   120
  7.738009e-02   6.206331e-14   5.794173e-05   3.785108e-15   264
  7.760459e-02   5.222151e-14   2.872174e-09   3.746512e-15   192
  7.781602e-02   5.639235e-14   6.244329e-05   4.260280e-15   152
  7.799294e-02   5.161802e-14   1.712634e-09   4.599151e-15   144
  7.836508e-02   4.370112e-14   4.041391e-05   3.178323e-15   216
  7.853733e-02   5.827512e-14   5.400376e-05   3.117671e-15   312
  7.884055e-02   5.003555e-14   6.258929e-05   2.761549e-15   240
  7.901921e-02   5.889242e-14   9.082613e-10   6.082457e-15   96
  7.935833e-02   5.095911e-14   5.983988e-05   4.112828e-15   144
  7.956734e-02   5.190084e-14   5.881734e-05   2.513495e-15   456
  7.990638e-02   4.099178e-14   0.000000e+00   2.669449e-15   120
  8.003232e-02   4.516821e-14   0.000000e+00   4.113346e-15   144
  8.028360e-02   3.536850e-14   1.284475e-09   5.842753e-15   24
  8.044470e-02   5.143175e-14   5.653709e-05   2.595905e-15   336
  8.072332e-02   4.825638e-14   6.235271e-05   3.680930e-15   198
  8.098439e-02   4.941058e-14   6.063443e-05   2.644937e-15   432
  8.128095e-02   5.596961e-14   1.816523e-09   5.597010e-15   48
  8.143566e-02   5.804820e-14   5.352971e-05   2.990727e-15   384
  8.171344e-02   5.306126e-14   6.162404e-05   4.356008e-15   144
  8.196515e-02   5.591027e-14   6.118458e-05   3.449819e-15   264
  8.226621e-02   4.289050e-14   0.000000e+00   4.120877e-15   48
  8.246820e-02   5.013631e-14   5.817654e-05   3.022598e-15   276
  8.266310e-02   4.541108e-14   5.273546e-05   3.803188e-15   192
  8.292356e-02   4.707947e-14   5.926306e-05   1.966216e-15   552
  8.323980e-02   3.330279e-14   1.453218e-09   2.965093e-15   120
  8.342777e-02   4.848649e-14   5.998883e-05   3.279564e-15   216
  8.360198e-02   4.526239e-14   1.453218e-09   3.539098e-15   120
  8.391317e-02   5.279075e-14   5.907428e-05   2.635677e-15   408
  8.420215e-02   4.244015e-14   1.284475e-09   5.680470e-15   24
  8.438134e-02   4.303933e-14   5.967566e-05   2.517274e-15   384
  8.463161e-02   4.043089e-14   5.830526e-05   2.757815e-15   240
  8.484893e-02   4.236570e-14   5.873223e-05   2.902836e-15   168
  8.515361e-02   3.606527e-14   0.000000e+00   3.529847e-15   120
  8.535003e-02   4.517447e-14   6.122527e-05   2.346353e-15   350
  8.566942e-02   4.563716e-14   1.007886e-04   2.437189e-15   384
  8.586029e-02   4.916641e-14   0.000000e+00   4.521323e-15   144
  8.621146e-02   3.848046e-14   1.211015e-09   2.288932e-15   288
  8.639482e-02   3.996318e-14   5.769264e-05   1.967083e-15   336
  8.664426e-02   4.699593e-14   5.252436e-05   3.487198e-15   168
  8.679359e-02   4.393072e-14   3.442699e-09   2.682063e-15   336
  8.710244e-02   3.708937e-14   5.451716e-05   2.199154e-15   288
  8.728795e-02   3.993292e-14   5.136910e-05   2.388615e-15   264
  8.760206e-02   4.165174e-14   0.000000e+00   2.586883e-15   240
  8.771695e-02   4.115990e-14   0.000000e+00   3.434964e-15   96
  8.812928e-02   4.576428e-14   6.985852e-05   2.417869e-15   360
  8.832172e-02   4.355245e-14   5.149772e-05   3.813093e-15   168
  8.856486e-02   4.221616e-14   5.613787e-05   1.891661e-15   456
  8.885766e-02   3.868757e-14   1.614687e-09   3.438533e-15   108
  8.902234e-02   3.817916e-14   5.632711e-05   2.667169e-15   264
  8.922780e-02   3.795730e-14   5.025296e-05   2.483751e-15   264
  8.950914e-02   4.376255e-14   4.742099e-05   2.521138e-15   312
  8.985946e-02   4.305962e-14   3.523897e-05   2.793612e-15   270
  9.000628e-02   3.982295e-14   4.474031e-05   2.793324e-15   240
  9.027023e-02   4.086673e-14   5.534940e-05   2.054296e-15   384
  9.043048e-02   3.414857e-14   1.816523e-09   2.258807e-15   192
  9.074177e-02   4.283661e-14   4.441052e-05   3.076237e-15   240
  9.092233e-02   4.022945e-14   5.480976e-05   2.174023e-15   336
  9.126190e-02   4.056491e-14   5.517650e-05   1.768431e-15   480
  9.153738e-02   4.133592e-14   1.211015e-09   4.635848e-15   72
  9.169127e-02   4.109114e-14   5.380211e-05   2.745015e-15   240
  9.190057e-02   3.610188e-14   5.056661e-05   2.037861e-15   312
  9.214050e-02   3.402667e-14   5.465037e-05   2.297947e-15   240
  9.250305e-02   3.875291e-14   4.152014e-05   1.906803e-15   408
  9.264658e-02   3.625690e-14   3.802244e-05   2.078286e-15   336
  9.292709e-02   3.809196e-14   4.827913e-05   2.761189e-15   264
  9.306493e-02   4.271545e-14   0.000000e+00   3.538931e-15   144
  9.344847e-02   3.739986e-14   6.691774e-05   1.843719e-15   464
  9.365053e-02   2.892548e-14   5.321333e-05   2.046194e-15   168
  9.385003e-02   4.417159e-14   4.846574e-05   2.388667e-15   336
  9.421059e-02   3.665999e-14   5.092274e-05   1.943271e-15   414
  9.441384e-02   4.290341e-14   5.300755e-05   2.768308e-15   216
  9.467424e-02   4.257727e-14   1.284475e-09   4.313780e-15   96
  9.478056e-02   3.559654e-14   3.146309e-09   1.690450e-15   384
  9.515300e-02   3.834453e-14   5.290514e-05   1.880921e-15   492
  9.535260e-02   3.166091e-14   5.173669e-05   1.909659e-15   240
  9.557820e-02   3.073714e-14   5.253086e-05   1.702918e-15   312
  9.588974e-02   3.343613e-14   5.251357e-05   2.536396e-15   192
  9.608709e-02   3.665347e-14   5.089201e-05   1.679033e-15   504
  9.634892e-02   3.537987e-14   3.369138e-05   1.918264e-15   408
  9.655507e-02   3.922575e-14   1.032177e-04   3.132002e-15   168
  9.681304e-02   3.390827e-14   4.902931e-05   2.191410e-15   288
  9.702952e-02   3.299379e-14   5.116628e-05   2.212510e-15   288
  9.725127e-02   3.415905e-14   5.146081e-05   1.701161e-15   432
  9.757291e-02   3.774155e-14   4.866478e-05   2.498891e-15   216
  9.774479e-02   3.396082e-14   4.856211e-05   1.669400e-15   360
  9.805077e-02   3.722972e-14   4.739615e-05   2.131927e-15   312
  9.832692e-02   4.265736e-14   0.000000e+00   6.739895e-15   48
  9.848611e-02   3.379069e-14   5.081550e-05   1.681592e-15   432
  9.877120e-02   3.146290e-14   8.476078e-05   1.485769e-15   414
  9.893956e-02   3.269986e-14   1.936190e-09   1.876360e-15   312
  9.925365e-02   3.520837e-14   7.437288e-05   1.572399e-15   528
  9.946561e-02   3.616926e-14   3.903945e-05   2.411793e-15   264
  9.972025e-02   3.284601e-14   4.629008e-05   1.651086e-15   480
  1.000530e-01   3.323674e-14   0.000000e+00   1.773793e-15   288
  1.001967e-01   3.503237e-14   4.973726e-05   2.928510e-15   168
  1.004595e-01   3.436646e-14   7.873394e-05   1.453508e-15   504
  1.007551e-01   4.033484e-14   1.211015e-09   3.031887e-15   144
  1.009411e-01   3.108041e-14   5.056606e-05   1.435532e-15   464
  1.012205e-01   2.814162e-14   7.420855e-05   1.335060e-15   432
  1.013531e-01   3.684666e-14   1.284475e-09   2.515999e-15   192
  1.016957e-01   2.993564e-14   5.501332e-05   1.337437e-15   396
  1.018981e-01   3.151998e-14   4.941713e-05   1.913570e-15   288
  1.021026e-01   3.202590e-14   4.881567e-05   1.776375e-15   336
  1.024293e-01   3.008436e-14   3.091107e-05   1.363053e-15   432
  1.026367e-01   3.311299e-14   8.011717e-05   1.688761e-15   360
  1.028695e-01   3.215162e-14   4.739049e-05   1.500602e-15   384
  1.032001e-01   2.721123e-14   4.183121e-05   2.020897e-15   198
  1.033594e-01   3.153511e-14   4.754848e-05   1.251512e-15   552
  1.036565e-01   2.746434e-14   6.656461e-05   1.581270e-15   432
  1.039045e-01   3.438500e-14   2.542602e-09   2.590655e-15   168
  1.041126e-01   3.267678e-14   8.251578e-05   1.515547e-15   480
  1.043880e-01   2.392424e-14   0.000000e+00   2.218126e-15   120
  1.045119e-01   2.985419e-14   6.739531e-05   1.874724e-15   336
  1.048143e-01   3.151446e-14   4.754634e-05   1.152333e-15   672
  1.051134e-01   3.256224e-14   6.916265e-05   1.478178e-15   528
  1.052527e-01   2.786671e-14   2.076026e-09   1.784919e-15   168
  1.055745e-01   3.121265e-14   7.715047e-05   1.386087e-15   456
  1.057708e-01   3.622365e-14   4.711644e-05   3.608661e-15   168
  1.059747e-01   3.206265e-14   4.703185e-05   1.626424e-15   504
  1.063135e-01   2.834161e-14   6.052278e-05   1.655364e-15   336
  1.065184e-01   3.433950e-14   4.362976e-05   1.904063e-15   312
  1.067457e-01   3.198900e-14   4.262923e-05   1.499431e-15   504
  1.070448e-01   2.986813e-14   2.957734e-05   1.277035e-15   432
  1.071854e-01   2.697417e-14   4.570679e-05   1.504739e-15   312
  1.074777e-01   2.854106e-14   4.685168e-05   1.345575e-15   384
  1.077830e-01   3.327271e-14   3.980594e-05   3.205453e-15   126
  1.079714e-01   3.004176e-14   6.988975e-05   1.436735e-15   492
  1.082121e-01   3.166313e-14   4.476446e-05   1.393366e-15   528
  1.085129e-01   2.920036e-14   4.547108e-05   1.324846e-15   480
  1.086993e-01   3.258863e-14   6.281804e-05   1.602466e-15   432
  1.089692e-01   3.266411e-14   4.939807e-05   1.554392e-15   440
  1.092826e-01   2.994449e-14   2.456546e-05   1.684961e-15   312
  1.094002e-01   3.066927e-14   3.681340e-05   1.814220e-15   480
  1.096414e-01   2.938153e-14   7.207992e-05   1.605783e-15   408
  1.099939e-01   3.088290e-14   4.316772e-05   1.594529e-15   360
  1.101428e-01   2.816382e-14   4.165528e-05   1.411656e-15   408
  1.104187e-01   2.712550e-14   4.238952e-05   1.249877e-15   456
  1.107295e-01   3.104027e-14   4.051394e-05   1.805919e-15   264
  1.109019e-01   2.899134e-14   4.396779e-05   1.649891e-15   384
  1.111530e-01   2.927956e-14   7.402287e-05   1.217770e-15   672
  1.114432e-01   2.995875e-14   4.427524e-05   2.158201e-15   240
  1.116107e-01   2.937999e-14   4.492830e-05   1.672530e-15   264
  1.118470e-01   2.424840e-14   5.541164e-05   1.062679e-15   624
  1.121997e-01   2.925273e-14   0.000000e+00   2.325781e-15   150
  1.123253e-01   3.202674e-14   6.209312e-05   1.445570e-15   600
  1.125901e-01   2.699313e-14   4.285507e-05   1.165426e-15   672
  1.128900e-01   2.858464e-14   4.030821e-05   1.729229e-15   336
  1.130571e-01   3.127978e-14   4.384359e-05   1.670061e-15   408
  1.133240e-01   2.837151e-14   4.374031e-05   1.540767e-15   408
  1.136209e-01   2.703951e-14   2.211745e-05   1.423863e-15   360
  1.138039e-01   3.018384e-14   8.120816e-05   1.497929e-15   456
  1.140250e-01   2.754854e-14   4.416149e-05   1.351397e-15   384
  1.143063e-01   2.996663e-14   4.076666e-05   1.427839e-15   348
  1.144584e-01   2.914161e-14   5.025723e-05   1.290236e-15   576
  1.147440e-01   2.857445e-14   4.138022e-05   1.314948e-15   504
  1.150362e-01   2.824118e-14   5.836440e-05   1.367346e-15   432
  1.152912e-01   2.594073e-14   7.940448e-05   1.022860e-15   576
  1.154731e-01   2.702064e-14   0.000000e+00   1.641884e-15   264
  1.157616e-01   2.810534e-14   6.318613e-05   1.011557e-15   768
  1.160125e-01   3.007899e-14   8.506861e-05   2.041774e-15   240
  1.162120e-01   2.635406e-14   7.502246e-05   2.118172e-15   192
  1.165026e-01   2.646711e-14   5.522570e-05   1.134399e-15   504
  1.167181e-01   2.669160e-14   7.441870e-05   1.250604e-15   590
  1.169248e-01   2.721661e-14   8.338208e-05   1.435661e-15   384
  1.171839e-01   2.755060e-14   6.968286e-05   1.320488e-15   504
  1.174968e-01   3.048057e-14   6.705897e-05   1.180762e-15   648
  1.178003e-01   2.725396e-14   1.821233e-05   1.280855e-15   504
  1.179227e-01   2.853452e-14   4.154576e-05   1.476810e-15   312
  1.181387e-01   2.653580e-14   5.985722e-05   1.073971e-15   576
  1.184353e-01   2.845834e-14   4.165498e-05   1.992435e-15   240
  1.186082e-01   2.618339e-14   4.209035e-05   1.137137e-15   552
  1.188529e-01   2.982645e-14   3.952187e-05   1.336406e-15   600
  1.192015e-01   2.728800e-14   4.827284e-05   1.100907e-15   600
  1.194111e-01   2.895469e-14   7.730513e-05   1.722043e-15   312
  1.196198e-01   2.977954e-14   6.732512e-05   1.376797e-15   480
  1.198806e-01   2.897132e-14   4.200441e-05   1.312434e-15   576
  1.201101e-01   3.021485e-14   6.763622e-05   1.776370e-15   408
  1.203138e-01   2.432011e-14   7.890077e-05   1.474258e-15   216
  1.205770e-01   2.476791e-14   6.042911e-05   1.177767e-15   516
  1.208589e-01   2.897307e-14   5.765552e-05   1.153699e-15   744
  1.211498e-01   2.804625e-14   3.850879e-05   1.326455e-15   462
  1.213141e-01   2.807978e-14   3.913862e-05   1.402872e-15   432
  1.215691e-01   3.037569e-14   3.630965e-05   1.142119e-15   648
  1.218688e-01   2.954993e-14   5.312777e-05   1.342590e-15   528
  1.221096e-01   2.587124e-14   6.397910e-05   1.070893e-15   600
  1.223502e-01   3.065066e-14   8.066092e-05   2.718122e-15   240
  1.225832e-01   2.600298e-14   6.178548e-05   9.879029e-16   720
  1.228540e-01   2.954095e-14   4.888350e-05   1.082320e-15   720
  1.231542e-01   2.063615e-14   0.000000e+00   1.512237e-15   144
  1.233122e-01   2.676540e-14   6.302546e-05   9.917856e-16   720
  1.235369e-01   3.145545e-14   3.779131e-05   1.669093e-15   384
  1.238183e-01   2.708920e-14   4.189367e-05   1.104737e-15   672
  1.240853e-01   2.945615e-14   7.335120e-05   1.733411e-15   336
  1.242128e-01   3.114877e-14   0.000000e+00   2.071957e-15   288
  1.245250e-01   2.592127e-14   5.805257e-05   9.346516e-16   776
  1.248140e-01   2.831196e-14   4.967278e-05   1.070031e-15   720
  1.250567e-01   2.664093e-14   4.001507e-05   1.369185e-15   432
  1.252509e-01   2.877910e-14   5.704653e-05   1.774816e-15   504
  1.254668e-01   2.579051e-14   3.996919e-05   1.217409e-15   528
  1.257690e-01   2.732383e-14   5.445569e-05   1.318813e-15   438
  1.260177e-01   2.624608e-14   6.338144e-05   1.148777e-15   624
  1.262050e-01   2.958615e-14   7.763371e-05   1.641555e-15   312
  1.264626e-01   2.985610e-14   4.182709e-05   1.103005e-15   696
  1.267289e-01   2.767755e-14   3.784594e-05   1.268782e-15   552
  1.270059e-01   2.522884e-14   2.928013e-05   1.089170e-15   516
  1.271773e-01   2.857428e-14   5.848486e-05   1.340820e-15   528
  1.273859e-01   2.373679e-14   3.803430e-05   1.123587e-15   528
  1.276822e-01   2.724525e-14   5.015953e-05   1.043111e-15   864
  1.278834e-01   2.516824e-14   6.870823e-05   1.299633e-15   408
  1.280847e-01   2.977860e-14   6.807282e-05   1.890728e-15   192
  1.283701e-01   2.654767e-14   5.633353e-05   1.028329e-15   720
  1.286110e-01   2.414112e-14   5.194228e-05   9.255827e-16   696
  1.288973e-01   2.708170e-14   5.609815e-05   1.008977e-15   720
  1.291592e-01   2.610747e-14   7.603431e-05   1.294774e-15   432
  1.293119e-01   2.358247e-14   4.475677e-05   1.520345e-15   264
  1.295867e-01   2.678395e-14   6.180712e-05   1.027938e-15   672
  1.298325e-01   2.740538e-14   6.328100e-05   1.152817e-15   600
  1.301242e-01   2.365373e-14   3.705096e-05   1.484514e-15   270
  1.302712e-01   2.586882e-14   5.577202e-05   1.197444e-15   528
  1.305049e-01   2.987537e-14   3.819070e-05   1.136373e-15   840
  1.308254e-01   2.898087e-14   7.302747e-05   1.054768e-15   888
  1.311216e-01   2.557706e-14   5.441084e-05   9.576914e-16   744
  1.313718e-01   3.050317e-14   2.795923e-05   1.561231e-15   456
  1.314963e-01   2.982885e-14   3.820801e-05   1.455299e-15   360
  1.317093e-01   2.479209e-14   3.310510e-05   1.265227e-15   384
  1.320361e-01   2.746014e-14   5.310026e-05   9.793939e-16   816
  1.322813e-01   2.772248e-14   7.704106e-05   9.498085e-16   824
  1.325794e-01   2.623696e-14   3.581235e-05   1.523596e-15   360
  1.327390e-01   3.155121e-14   5.284558e-05   1.306054e-15   624
  1.329587e-01   2.578160e-14   3.571018e-05   1.356809e-15   360
  1.332513e-01   2.688318e-14   4.857633e-05   9.515708e-16   876
  1.335156e-01   2.552693e-14   5.769416e-05   1.111837e-15   696
  1.337821e-01   2.780284e-14   3.725510e-05   1.585587e-15   336
  1.339218e-01   2.998741e-14   3.721324e-05   1.596107e-15   504
  1.341526e-01   2.618318e-14   3.753571e-05   1.131897e-15   672
  1.344950e-01   2.453699e-14   7.472486e-05   9.315399e-16   720
  1.347324e-01   2.541263e-14   5.644666e-05   1.033193e-15   774
  1.349945e-01   2.954067e-14   3.230860e-05   1.719347e-15   384
  1.351318e-01   2.932921e-14   6.217562e-05   1.471864e-15   528
  1.353448e-01   2.766456e-14   5.925683e-05   1.054212e-15   744
  1.356875e-01   3.019215e-14   4.887432e-05   1.208876e-15   768
  1.359150e-01   2.699880e-14   5.486510e-05   1.254113e-15   552
  1.361989e-01   2.477644e-14   5.979675e-05   9.574965e-16   696
  1.364100e-01   3.032064e-14   7.266345e-05   1.672871e-15   408
  1.365777e-01   2.812678e-14   3.139119e-05   1.350093e-15   504
  1.368434e-01   2.620750e-14   5.639309e-05   1.025922e-15   888
  1.371049e-01   2.477839e-14   5.860872e-05   1.090492e-15   648
  1.373767e-01   2.519600e-14   5.810635e-05   1.035792e-15   648
  1.376324e-01   2.597250e-14   6.265289e-05   9.831768e-16   792
  1.379033e-01   2.426093e-14   9.166547e-05   1.047819e-15   600
  1.381028e-01   2.335260e-14   6.212242e-05   1.157904e-15   456
  1.383129e-01   2.686271e-14   3.027582e-05   1.108555e-15   648
  1.385828e-01   2.428907e-14   5.904226e-05   8.169973e-16   936
  1.388741e-01   2.819620e-14   3.625955e-05   1.392535e-15   384
  1.391277e-01   4.172418e-24   0.000000e+00   2.920837e-25   198
  1.393234e-01   3.841246e-24   9.199360e-05   1.126566e-25   1224
  1.395345e-01   4.148994e-24   6.699966e-05   1.980222e-25   420
  1.397842e-01   3.552917e-24   6.484166e-05   1.288568e-25   792
  1.400283e-01   3.735946e-24   5.361851e-05   1.375425e-25   680
  1.403069e-01   3.748336e-24   4.923504e-05   1.628035e-25   600
  1.405311e-01   3.800484e-24   7.140431e-05   1.233081e-25   840
  1.408304e-01   4.196961e-24   3.371380e-05   2.181211e-25   432
  1.409448e-01   3.914768e-24   3.159427e-05   1.407390e-25   720
  1.411934e-01   3.955561e-24   6.327780e-05   1.329208e-25   960
  1.415027e-01   3.792503e-24   5.640753e-05   1.790617e-25   528
  1.417288e-01   3.813431e-24   5.765925e-05   1.486633e-25   624
  1.419978e-01   4.021422e-24   4.531978e-05   1.451469e-25   816
  1.422648e-01   3.442822e-24   7.452934e-05   1.325179e-25   696
  1.425599e-01   4.073797e-24   4.110321e-09   2.542177e-25   240
  1.426709e-01   4.160489e-24   4.395173e-05   1.560644e-25   672
  1.429185e-01   3.609311e-24   7.854802e-05   1.336569e-25   864
  1.431964e-01   3.332264e-24   6.027286e-05   1.244801e-25   816
  1.434467e-01   3.486094e-24   3.449810e-05   1.441463e-25   648
  1.437164e-01   3.697127e-24   3.526335e-05   1.219772e-25   843
  1.439454e-01   3.300481e-24   6.344743e-05   1.221885e-25   780
  1.442182e-01   3.082385e-24   3.404471e-05   1.980983e-25   216
  1.443865e-01   3.439292e-24   8.209510e-05   1.007558e-25   1056
  1.446454e-01   3.655520e-24   6.716301e-05   2.199622e-25   228
  1.448850e-01   3.730152e-24   8.361962e-05   1.269725e-25   924
  1.451311e-01   3.844939e-24   3.101819e-05   1.364101e-25   696
  1.453916e-01   3.233392e-24   5.520350e-05   1.037106e-25   996
  1.456581e-01   3.342093e-24   3.259105e-05   1.459310e-25   576
  1.459354e-01   3.593885e-24   5.030212e-05   1.870806e-25   552
  1.461376e-01   3.856118e-24   6.005898e-05   1.844850e-25   516
  1.463427e-01   3.295796e-24   8.733821e-05   1.128901e-25   744
  1.465771e-01   3.286846e-24   4.284460e-05   1.439460e-25   576
  1.467810e-01   3.106720e-24   4.409794e-05   1.142277e-25   792
  1.470708e-01   3.271829e-24   5.041212e-05   1.145453e-25   792
  1.472831e-01   3.276704e-24   5.436894e-05   1.287278e-25   720
  1.475703e-01   2.988802e-24   6.196809e-05   1.064906e-25   656
  1.478394e-01   3.328879e-24   6.766594e-05   1.181592e-25   816
  1.481153e-01   3.128450e-24   3.648433e-05   1.355831e-25   492
  1.482721e-01   3.336495e-24   5.248529e-05   1.367749e-25   552
  1.485663e-01   2.928447e-24   9.126553e-05   1.254919e-25   780
  1.487575e-01   3.173780e-24   5.606333e-05   1.583042e-25   528
  1.489634e-01   3.105676e-24   6.544296e-05   1.322241e-25   600
  1.492669e-01   3.442562e-24   5.438828e-05   1.122520e-25   900
  1.494760e-01   3.148854e-24   3.011028e-05   1.347227e-25   696
  1.497638e-01   2.848260e-24   7.613501e-05   1.185063e-25   696
  1.500423e-01   2.929592e-24   3.088725e-05   1.163105e-25   552
  1.502764e-01   2.589772e-24   3.591902e-05   1.016183e-25   708
  1.505217e-01   3.001237e-24   5.930435e-05   1.069662e-25   876
  1.507769e-01   3.427749e-24   3.148943e-05   2.861947e-25   216
  1.509481e-01   2.886947e-24   8.612787e-05   9.426651e-26   1032
  1.512046e-01   2.924918e-24   9.589387e-05   1.268098e-25   600
  1.514708e-01   2.641520e-24   4.575699e-05   1.063446e-25   600
  1.516739e-01   2.966368e-24   8.080257e-05   1.417361e-25   528
  1.519139e-01   2.844754e-24   4.435707e-05   1.062716e-25   732
  1.521668e-01   2.760128e-24   3.275367e-05   1.379729e-25   336
  1.524578e-01   2.654356e-24   4.668048e-05   9.562205e-26   912
  1.526754e-01   2.387841e-24   4.685305e-05   1.008286e-25   624
  1.529130e-01   2.782668e-24   3.948208e-05   1.093245e-25   768
  1.531905e-01   2.966042e-24   7.123345e-05   1.095098e-25   792
  1.534628e-01   2.512226e-24   3.531461e-05   1.089401e-25   660
  1.536565e-01   2.499199e-24   5.204174e-05   1.321776e-25   504
  1.538569e-01   2.599168e-24   8.502625e-05   1.280206e-25   480
  1.541572e-01   2.013967e-24   7.863820e-05   6.843731e-26   912
  1.543923e-01   2.932830e-24   8.757583e-05   1.605252e-25   432
  1.546144e-01   2.535330e-24   5.200047e-05   1.296887e-25   564
  1.548116e-01   2.550602e-24   4.977161e-05   1.136059e-25   600
  1.550891e-01   2.753161e-24   6.937691e-05   1.051654e-25   876
  1.552976e-01   2.660750e-24   3.119395e-05   1.593749e-25   264
  1.555851e-01   2.463332e-24   6.052853e-05   1.043779e-25   560
  1.558161e-01   2.294956e-24   4.113044e-05   7.506344e-26   840
  1.560965e-01   2.272299e-24   6.341128e-05   8.177905e-26   1008
  1.563558e-01   2.395867e-24   2.836595e-05   1.158880e-25   456
  1.565927e-01   2.615780e-24   3.674408e-05   1.127897e-25   576
  1.568116e-01   2.472868e-24   5.646120e-05   1.065680e-25   612
  1.571003e-01   2.330146e-24   5.042901e-05   9.421682e-26   780
  1.573359e-01   2.348374e-24   5.778934e-05   9.705305e-26   648
  1.575770e-01   2.841905e-24   2.693058e-05   1.929619e-25   312
  1.577311e-01   2.197710e-24   6.842617e-05   8.939863e-26   528
  1.579980e-01   2.105429e-24   8.936117e-05   8.531487e-26   720
  1.582533e-01   2.333639e-24   8.964102e-05   1.170817e-25   576
  1.585628e-01   2.278771e-24   7.732694e-05   1.061847e-25   444
  1.587554e-01   2.283003e-24   7.583279e-05   7.595451e-26   996
  1.589914e-01   1.950923e-24   6.334320e-05   1.070658e-25   432
  1.592145e-01   2.311299e-24   6.934834e-05   1.192065e-25   504
  1.594071e-01   2.007563e-24   3.126589e-05   9.379091e-26   504
  1.596815e-01   2.407889e-24   6.153164e-05   9.915919e-26   876
  1.599297e-01   2.016897e-24   7.081706e-05   9.340397e-26   504
  1.601882e-01   1.931880e-24   4.516342e-05   8.376246e-26   696
  1.604019e-01   2.335466e-24   3.860998e-05   1.067505e-25   492
  1.606926e-01   1.864668e-24   5.527206e-05   9.226195e-26   432
  1.609079e-01   2.146108e-24   5.175622e-05   7.901198e-26   768
  1.611631e-01   1.946192e-24   6.446933e-05   9.393999e-26   648
  1.614068e-01   1.853949e-24   4.205932e-05   9.239739e-26   456
  1.616868e-01   1.949592e-24   5.783839e-05   8.812965e-26   552
  1.618813e-01   1.894560e-24   3.964248e-05   9.174416e-26   648
  1.621489e-01   1.712294e-24   6.461501e-05   5.796766e-26   840
  1.624104e-01   2.040443e-24   3.081354e-05   1.003726e-25   432
  1.626721e-01   1.818472e-24   3.774132e-05   8.683639e-26   600
  1.628542e-01   1.874513e-24   4.021090e-05   1.048600e-25   432
  1.631600e-01   1.826066e-24   4.003387e-05   8.159214e-26   560
  1.633670e-01   1.806209e-24   6.336941e-05   7.012635e-26   840
  1.636263e-01   2.031391e-24   3.753463e-05   1.126304e-25   504
  1.638323e-01   1.712458e-24   7.660593e-05   7.026948e-26   696
  1.641226e-01   2.029802e-24   4.183943e-05   1.058228e-25   384
  1.643487e-01   1.558071e-24   6.128984e-05   6.847376e-26   576
  1.646222e-01   1.676364e-24   3.782503e-05   1.074945e-25   360
  1.648426e-01   1.654687e-24   5.633064e-05   6.899796e-26   828
  1.650804e-01   1.675182e-24   5.017290e-05   8.584799e-26   372
  1.652983e-01   1.680144e-24   7.662364e-05   7.374561e-26   576
  1.655869e-01   1.734891e-24   3.208989e-05   7.017308e-26   636
  1.657926e-01   1.624595e-24   6.186102e-05   6.563256e-26   648
  1.660708e-01   1.677385e-24   5.028625e-05   7.461119e-26   576
  1.662705e-01   1.575978e-24   8.111703e-05   7.459557e-26   528
  1.665361e-01   1.453761e-24   3.468088e-05   8.451798e-26   360
  1.667559e-01   1.575146e-24   7.977902e-05   6.093785e-26   672
  1.670430e-01   1.595240e-24   4.086413e-05   5.923372e-26   804
  1.672819e-01   1.722556e-24   4.507802e-05   9.370665e-26   408
  1.675462e-01   1.614751e-24   2.786312e-05   7.774133e-26   384
  1.677241e-01   1.401726e-24   6.376152e-05   7.402877e-26   480
  1.679752e-01   1.506522e-24   4.119929e-05   7.976507e-26   432
  1.682159e-01   1.646408e-24   7.592150e-05   6.696076e-26   648
  1.685009e-01   1.490318e-24   4.710893e-05   6.610268e-26   624
  1.687093e-01   1.595056e-24   4.284955e-05   9.236868e-26   456
  1.689940e-01   1.370461e-24   5.853629e-05   7.134494e-26   588
  1.691847e-01   1.353432e-24   3.734591e-05   6.210680e-26   600
  1.694632e-01   1.368228e-24   5.825046e-05   5.041509e-26   708
  1.696832e-01   1.252804e-24   3.669667e-05   6.254304e-26   360
  1.699263e-01   1.431965e-24   4.218379e-05   7.091738e-26   552
  1.701593e-01   1.350076e-24   2.959293e-05   8.795050e-26   288
  1.703959e-01   1.244160e-24   5.564280e-05   5.662916e-26   528
  1.706182e-01   1.309590e-24   3.753920e-05   6.250166e-26   456
  1.708665e-01   1.454267e-24   6.656515e-05   6.394751e-26   608
  1.711163e-01   1.202123e-24   3.220496e-05   5.325297e-26   504
  1.713892e-01   1.121731e-24   6.914223e-05   5.213175e-26   540
  1.716032e-01   1.368915e-24   7.422222e-05   7.702866e-26   360
  1.718339e-01   1.514083e-24   3.361162e-05   6.664903e-26   540
  1.720380e-01   1.237721e-24   2.885957e-05   5.531437e-26   576
  1.723347e-01   1.259878e-24   6.691555e-05   5.629395e-26   588
  1.726168e-01   1.303537e-24   9.232326e-05   5.717098e-26   672
  1.728592e-01   1.458937e-24   7.056345e-05   6.933029e-26   552
  1.730545e-01   1.059020e-24   7.059913e-05   8.729082e-26   144
  1.733038e-01   1.312525e-24   5.998121e-05   6.197909e-26   600
  1.735402e-01   1.105975e-24   7.516955e-05   4.975037e-26   504
  1.738025e-01   1.109725e-24   7.721430e-05   6.951752e-26   336
  1.740784e-01   1.263576e-24   8.678922e-05   5.088954e-26   600
  1.743256e-01   1.216698e-24   5.601092e-05   5.333354e-26   636
  1.745923e-01   1.180626e-24   4.503329e-05   8.123376e-26   384
  1.747793e-01   1.186610e-24   6.281612e-05   6.381144e-26   504
  1.750488e-01   1.035351e-24   2.636304e-05   6.541819e-26   240
  1.752616e-01   1.160216e-24   6.193054e-05   4.300694e-26   744
  1.755168e-01   1.102124e-24   4.228914e-05   4.598078e-26   648
  1.757436e-01   1.464157e-24   2.807279e-05   1.260171e-25   120
  1.760095e-01   1.034395e-24   4.409871e-05   3.935534e-26   564
  1.762103e-01   1.289134e-24   6.925969e-05   6.245973e-26   432
  1.764784e-01   1.059779e-24   5.375921e-05   6.148793e-26   480
  1.766803e-01   8.754563e-25   3.956814e-05   4.613339e-26   456
  1.769186e-01   1.093680e-24   6.547942e-05   5.921448e-26   444
  1.771890e-01   1.018814e-24   1.001870e-04   4.984836e-26   528
  1.774266e-01   1.098599e-24   7.440679e-05   8.193616e-26   264
  1.776571e-01   1.041471e-24   7.625589e-05   4.992386e-26   444
  1.779672e-01   1.060965e-24   8.352712e-05   3.998951e-26   696
  1.782246e-01   1.013535e-24   4.467309e-05   5.522387e-26   384
  1.784129e-01   9.982057e-25   5.644820e-05   4.673496e-26   432
  1.787057e-01   1.241490e-24   3.900306e-05   6.552510e-26   488
  1.788958e-01   1.153560e-24   5.878247e-05   5.322581e-26   480
  1.791714e-01   9.199482e-25   6.555462e-05   4.814976e-26   480
  1.793849e-01   9.991646e-25   2.750471e-05   5.525302e-26   240
  1.796272e-01   1.012122e-24   6.424882e-05   4.564588e-26   600
  1.798559e-01   9.009474e-25   5.598627e-05   5.289019e-26   288
  1.800993e-01   1.061279e-24   5.385469e-05   5.465922e-26   480
  1.803458e-01   8.781873e-25   9.579788e-05   4.457773e-26   504
  1.805885e-01   1.125710e-24   4.110325e-05   7.138654e-26   216
  1.808981e-01   9.654723e-25   6.729256e-05   5.026365e-26   504
  1.811392e-01   8.489067e-25   5.412370e-05   4.117495e-26   456
  1.814031e-01   1.156264e-24   3.104087e-05   6.419840e-26   384
  1.815779e-01   1.138981e-24   6.300174e-05   6.106476e-26   480
  1.818262e-01   8.475111e-25   5.532259e-05   4.213002e-26   504
  1.820564e-01   9.939049e-25   3.509319e-05   5.470452e-26   312
  1.823043e-01   9.425672e-25   5.655148e-05   4.892306e-26   492
  1.825238e-01   9.862819e-25   5.300385e-05   5.365792e-26   312
  1.828064e-01   8.978951e-25   8.610055e-05   3.457965e-26   576
  1.830551e-01   9.937390e-25   7.947777e-05   6.738516e-26   336
  1.832617e-01   7.367733e-25   6.119421e-05   4.946328e-26   240
  1.835481e-01   9.275458e-25   8.112802e-05   5.125034e-26   468
  1.837954e-01   8.710176e-25   5.079787e-05   7.647462e-26   192
  1.840542e-01   7.762230e-25   5.094927e-05   4.735687e-26   324
  1.842439e-01   8.743933e-25   3.697814e-05   3.884815e-26   600
  1.845024e-01   7.712167e-25   5.999324e-05   3.813151e-26   456
  1.846943e-01   8.506480e-25   2.698496e-05   5.079812e-26   336
  1.850125e-01   8.478020e-25   8.080061e-05   3.851491e-26   612
  1.852440e-01   6.575567e-25   6.781139e-05   7.134317e-26   144
  1.854629e-01   8.893056e-25   7.915330e-05   4.127141e-26   552
  1.857606e-01   6.620406e-25   3.117154e-05   3.839577e-26   264
  1.859288e-01   7.254638e-25   7.217008e-05   4.917092e-26   336
  1.861941e-01   7.974731e-25   4.768752e-05   3.835978e-26   384
  1.864242e-01   7.113295e-25   2.684336e-05   5.045455e-26   216
  1.866789e-01   6.981000e-25   5.691346e-05   4.062181e-26   344
  1.869112e-01   6.792315e-25   8.491756e-05   3.739822e-26   408
  1.871942e-01   7.257626e-25   6.525361e-05   5.305823e-26   264
  1.874450e-01   7.010943e-25   9.096676e-05   3.072574e-26   612
  1.876956e-01   8.548660e-25   4.681845e-05   4.794130e-26   408
  1.879533e-01   6.972978e-25   4.688574e-05   4.216548e-26   444
  1.881426e-01   9.997694e-25   2.622284e-05   8.230979e-26   120
  1.883963e-01   8.121794e-25   7.244892e-05   5.410405e-26   336
  1.885846e-01   6.879589e-25   2.517571e-05   4.148335e-26   288
  1.888390e-01   7.135564e-25   7.834725e-05   3.311103e-26   552
  1.891889e-01   7.657243e-25   0.000000e+00   8.710635e-26   72
  1.893687e-01   7.560947e-25   7.781878e-05   3.713837e-26   504
  1.895788e-01   5.117066e-25   2.504133e-05   3.404112e-26   216
  1.898511e-01   6.247786e-25   4.470956e-05   3.696262e-26   312
  1.900954e-01   5.443677e-25   5.090887e-05   3.470643e-26   336
  1.903283e-01   5.692298e-25   7.056539e-05   3.858074e-26   204
  1.905603e-01   8.485682e-25   8.200772e-05   5.089643e-26   504
  1.908063e-01   7.824423e-25   7.809491e-05   4.133823e-26   396
  1.910429e-01   6.531058e-25   7.161711e-05   4.389892e-26   312
  1.913297e-01   7.846690e-25   4.376572e-05   6.114119e-26   216
  1.915318e-01   6.364069e-25   2.375249e-05   6.220407e-26   168
  1.917774e-01   6.642976e-25   5.997637e-05   2.946152e-26   588
  1.920576e-01   5.740716e-25   8.141090e-05   4.014904e-26   240
  1.922754e-01   5.326773e-25   7.189946e-05   3.671976e-26   264
  1.925307e-01   6.487474e-25   8.891848e-05   4.602339e-26   288
  1.927573e-01   7.366712e-25   4.440219e-05   5.158878e-26   288
  1.930444e-01   4.865222e-25   4.170072e-05   3.002512e-26   288
  1.932378e-01   6.029708e-25   4.830681e-05   4.048472e-26   192
  1.934810e-01   4.840212e-25   5.140329e-05   3.113664e-26   264
  1.937128e-01   8.070722e-25   8.455129e-05   4.808166e-26   372
  1.939621e-01   8.146114e-25   9.131904e-05   6.012853e-26   360
  1.942665e-01   7.228646e-25   3.864708e-05   8.780762e-26   144
  1.944239e-01   5.006575e-25   5.367910e-05   3.479432e-26   296
  1.946722e-01   5.362335e-25   5.783646e-05   4.013543e-26   288
  1.949565e-01   6.269158e-25   8.643513e-05   3.295347e-26   480
  1.952017e-01   5.530559e-25   7.181934e-05   6.444448e-26   192
  1.954402e-01   6.497076e-25   7.703604e-05   4.393819e-26   192
  1.956569e-01   4.913734e-25   4.909597e-05   3.194168e-26   288
  1.959584e-01   4.001270e-25   4.273737e-05   3.972330e-26   108
  1.961102e-01   4.681757e-25   4.108675e-05   3.439040e-26   240
  1.963784e-01   4.824589e-25   7.664829e-05   2.921815e-26   384
  1.966538e-01   5.751518e-25   9.350223e-05   5.306344e-26   108
  1.968974e-01   6.097870e-25   5.482209e-05   3.713747e-26   348
  1.971535e-01   4.632975e-25   5.721449e-05   3.528248e-26   312
  1.973823e-01   4.707880e-25   5.559587e-05   7.472153e-26   96
  1.975926e-01   5.343674e-25   7.401586e-05   3.272835e-26   384
  1.978282e-01   5.808139e-25   5.090793e-05   4.402389e-26   144
  1.980586e-01   5.699524e-25   7.822228e-05   3.241011e-26   408
  1.983451e-01   3.995281e-25   3.489266e-05   4.524027e-26   144
  1.986157e-01   4.947181e-25   6.708152e-05   4.235358e-26   192
  1.987762e-01   6.300789e-25   7.550148e-05   5.377412e-26   144
  1.990378e-01   4.505304e-25   6.138549e-05   4.175379e-26   144
  1.992846e-01   5.427771e-25   7.502301e-05   3.851239e-26   336
  1.995869e-01   4.012634e-25   5.550751e-05   2.741812e-26   240
  1.997786e-01   3.899459e-25   2.520547e-05   3.787367e-26   96
  2.000459e-01   5.343654e-25   7.391551e-05   3.471252e-26   372
  2.003163e-01   4.556448e-25   8.792091e-05   4.754462e-26   132
  2.005538e-01   4.164031e-25   5.440441e-05   2.903806e-26   264
  2.007663e-01   6.580974e-25   4.178011e-05   5.627481e-26   168
  2.009931e-01   5.244724e-25   6.679837e-05   3.613307e-26   216
  2.011935e-01   4.021138e-25   4.086808e-05   3.415626e-26   216
  2.014852e-01   3.482282e-25   7.497591e-05   3.717615e-26   96
  2.017500e-01   5.178349e-25   4.891494e-05   5.229553e-26   120
  2.019928e-01   4.262289e-25   6.218465e-05   3.475578e-26   216
  2.021928e-01   3.770239e-25   2.717490e-05   3.257215e-26   200
  2.024576e-01   4.750064e-25   7.034415e-05   4.285005e-26   288
  2.027972e-01   2.367578e-25   1.850891e-05   1.791127e-26   144
  2.029402e-01   4.466676e-25   5.759860e-05   5.456113e-26   168
  2.032323e-01   4.067608e-25   6.482186e-05   4.683128e-26   159
  2.034603e-01   3.446037e-25   6.801371e-05   2.266258e-26   174
  2.036809e-01   3.309577e-25   6.167246e-05   2.850265e-26   144
  2.039698e-01   4.549559e-25   3.561139e-05   3.239215e-26   222
  2.041630e-01   3.487502e-25   3.593504e-05   2.892376e-26   168
  2.044967e-01   4.755901e-25   7.881934e-05   9.978914e-26   30
  2.046346e-01   2.612315e-25   6.959169e-05   3.158471e-26   72
  2.048942e-01   3.723083e-25   6.210975e-05   2.921525e-26   258
  2.051797e-01   3.347387e-25   3.890094e-05   2.218067e-26   264
  2.053225e-01   3.922057e-25   4.195079e-09   4.324244e-26   72
  2.056199e-01   2.590908e-25   7.710330e-05   1.969803e-26   174
  2.058892e-01   3.759056e-25   8.210077e-05   3.712990e-26   168
  2.061058e-01   1.881820e-25   2.568951e-09   2.777663e-26   48
  2.063382e-01   2.965888e-25   4.636424e-05   2.551447e-26   150
  2.066077e-01   4.491283e-25   8.529035e-05   3.324941e-26   168
  2.068780e-01   2.750615e-25   5.195492e-05   2.657664e-26   144
  2.071265e-01   3.269724e-25   4.853772e-05   4.355328e-26   102
  2.073116e-01   1.966959e-25   7.184416e-05   1.480516e-26   96
  2.076053e-01   1.588306e-25   7.130050e-05   1.152698e-26   120
  2.078228e-01   1.653708e-25   7.647166e-05   1.178785e-26   168
  2.080580e-01   3.940941e-25   5.646827e-05   3.266199e-26   126
  2.082585e-01   2.758582e-25   4.258836e-05   2.709785e-26   168
  2.085346e-01   2.108311e-25   6.829049e-05   2.794679e-26   72
  2.087759e-01   2.353125e-25   8.551492e-05   1.928296e-26   168
  2.089873e-01   3.816460e-25   2.344384e-05   5.759895e-26   78
  2.092770e-01   2.230768e-25   3.849304e-05   2.798781e-26   60
  2.095103e-01   4.233582e-25   6.244194e-05   7.423504e-26   96
  2.097522e-01   2.432286e-25   7.576810e-05   1.907564e-26   168
  2.099796e-01   1.999164e-25   4.794311e-05   2.280040e-26   86
  2.102181e-01   1.894793e-25   4.284977e-05   2.196711e-26   120
  2.105600e-01   2.031436e-25   3.055758e-05   1.854600e-26   168
  2.107444e-01   1.746448e-25   0.000000e+00   1.899067e-26   48
  2.109928e-01   3.227066e-25   5.567259e-05   2.950061e-26   120
  2.111355e-01   2.316852e-25   4.061540e-05   2.397027e-26   126
  2.114838e-01   2.490136e-25   7.143116e-05   2.691217e-26   96
  2.117099e-01   2.784303e-25   2.059722e-05   2.582084e-26   96
  2.118882e-01   1.684317e-25   2.422030e-09   2.113730e-26   72
  2.122681e-01   1.808578e-25   2.568951e-09   3.647660e-26   24
  2.125052e-01   2.340796e-25   4.238860e-05   2.302127e-26   120
  2.126902e-01   1.798299e-25   6.183193e-05   1.716178e-26   126
  2.128959e-01   2.124131e-25   5.154529e-05   1.932052e-26   96
  2.131362e-01   1.430448e-25   8.908530e-05   1.468523e-26   72
  2.134038e-01   1.852861e-25   3.853239e-05   1.480216e-26   144
  2.136239e-01   1.688724e-25   2.222458e-05   1.862147e-26   72
  2.138438e-01   2.473757e-25   4.439042e-05   3.547213e-26   54
  2.140373e-01   2.356925e-25   3.911854e-05   2.372874e-26   108
  2.144395e-01   2.603263e-25   3.834628e-05   2.408347e-26   72
  2.145647e-01   1.922732e-25   2.212712e-05   2.210977e-26   72
  2.148618e-01   1.346134e-25   4.449553e-09   1.739232e-26   24
  2.151428e-01   1.325670e-25   4.681088e-05   1.745786e-26   48
  2.153135e-01   2.088680e-25   3.565781e-05   2.231679e-26   102
  2.155704e-01   1.585304e-25   8.064314e-05   1.142770e-26   168
  2.159060e-01   1.352037e-25   4.398088e-05   1.783737e-26   72
  2.160304e-01   1.564297e-25   0.000000e+00   2.272984e-26   48
  2.162913e-01   1.629572e-25   7.564979e-05   1.405818e-26   120
  2.166356e-01   1.824493e-25   4.648832e-05   1.547152e-26   96
  2.169608e-01   2.887379e-25   4.110321e-09   7.937345e-26   30
  2.173472e-01   1.784051e-25   2.184227e-05   2.409231e-26   72
  2.175171e-01   1.339821e-25   2.568951e-09   4.434396e-26   24
  2.177352e-01   9.672615e-26   3.237565e-05   1.470509e-26   56
  2.179796e-01   1.066956e-25   4.620169e-05   9.630975e-27   96
  2.182720e-01   1.556836e-25   5.101796e-05   1.118982e-26   144
  2.184974e-01   1.840520e-25   2.896600e-05   2.956307e-26   54
  2.188250e-01   1.838407e-25   4.339413e-05   1.741431e-26   108
  2.191546e-01   2.709599e-25   2.297699e-05   3.828686e-26   48
  2.194683e-01   1.410898e-25   8.651572e-05   1.227818e-26   72
  2.202213e-01   2.522355e-25   5.716121e-05   2.488607e-26   78
  2.204299e-01   1.003182e-25   4.307814e-05   9.318582e-27   72
  2.206734e-01   1.053390e-25   4.302466e-05   1.227045e-26   72
  2.209281e-01   1.633659e-25   1.038232e-04   1.280357e-26   96
  2.211293e-01   1.136175e-25   4.293597e-05   9.887551e-27   72
  2.213721e-01   1.376318e-25   0.000000e+00   2.485382e-26   24
  2.216146e-01   1.785404e-25   8.567808e-05   2.081939e-26   72
  2.221623e-01   1.438387e-25   5.440820e-05   1.740865e-26   30
  2.222801e-01   2.207371e-25   0.000000e+00   3.187054e-26   24
  2.229135e-01   1.353235e-25   4.517907e-05   1.846349e-26   48
  2.231122e-01   1.266846e-25   9.722532e-05   1.368181e-26   120
  2.233799e-01   1.114212e-25   4.250917e-05   1.401330e-26   72
  2.236502e-01   1.195902e-25   4.245777e-05   1.408687e-26   36
  2.238360e-01   1.401086e-25   8.391632e-05   1.396664e-26   78
  2.243546e-01   1.329275e-25   4.488887e-05   1.696904e-26   48
  2.250269e-01   1.676154e-25   3.633045e-09   1.551175e-26   24
  2.255059e-01   7.298491e-26   3.125970e-05   1.120213e-26   56
  2.257471e-01   9.838364e-26   4.810277e-05   1.171867e-26   102
  2.260539e-01   1.001931e-25   3.425268e-09   1.047434e-26   72
  2.262321e-01   1.532523e-25   2.568951e-09   2.562861e-26   24
  2.265435e-01   9.776159e-26   4.445516e-05   9.687236e-27   48
  2.271206e-01   1.080389e-25   0.000000e+00   2.588081e-26   24
  2.278290e-01   9.267587e-26   0.000000e+00   3.573006e-26   6
  2.280499e-01   8.786457e-26   0.000000e+00   1.585086e-26   24
  2.281971e-01   8.435529e-26   4.161169e-05   8.350142e-27   72
  2.284659e-01   7.660276e-26   7.763053e-05   8.338692e-27   84
  2.287554e-01   1.277189e-25   0.000000e+00   3.270422e-26   24
  2.288435e-01   6.794052e-26   3.633045e-09   6.168193e-27   24
  2.292831e-01   1.240640e-25   4.449553e-09   1.340355e-26   24
  2.298972e-01   5.889188e-26   0.000000e+00   1.959225e-26   6
  2.306844e-01   6.860316e-26   4.365716e-05   1.274327e-26   48
  2.308735e-01   7.924352e-26   8.224294e-05   8.318557e-27   72
  2.311206e-01   6.602205e-26   4.357477e-05   9.299512e-27   48
  2.315124e-01   1.442869e-25   0.000000e+00   2.465258e-26   24
  2.320338e-01   2.246852e-25   0.000000e+00   4.411387e-26   6
  2.332028e-01   5.970202e-26   0.000000e+00   8.695240e-27   8
  2.332891e-01   1.011386e-25   2.568951e-09   1.453090e-26   48
  2.334962e-01   6.981963e-26   4.225843e-05   7.144298e-27   60
  2.338066e-01   7.782948e-26   0.000000e+00   9.848457e-27   24
  2.342369e-01   4.044923e-26   0.000000e+00   2.085377e-26   6
  2.358224e-01   7.881510e-26   0.000000e+00   1.420929e-26   24
  2.359505e-01   9.879504e-26   4.268279e-05   1.249248e-26   48
  2.361638e-01   8.107515e-26   0.000000e+00   1.781726e-26   24
  2.365047e-01   2.293356e-26   0.000000e+00   1.772599e-27   6
  2.384414e-01   8.247405e-26   3.981898e-05   1.359478e-26   36
  2.385821e-01   1.094914e-25   0.000000e+00   1.640443e-26   24
  2.388353e-01   1.065083e-25   0.000000e+00   3.300330e-26   6
  2.410389e-01   5.391720e-26   3.618719e-05   9.505826e-27   32
  2.412268e-01   4.745035e-26   0.000000e+00   1.290927e-26   6
  2.435949e-01   3.777921e-26   0.000000e+00   4.022199e-27   12
  2.436776e-01   1.373664e-25   0.000000e+00   4.552574e-26   6
  2.461858e-01   7.065428e-26   0.000000e+00   1.923655e-26   6
