# power spectrum of pi_k * H (dimensionless)
# redshift z=9.995300
# k              Pk             sigma(k)       sigma(Pk)      count
  4.487990e-03   1.728233e-10   0.000000e+00   6.966515e-11   6
  6.346976e-03   1.035638e-10   0.000000e+00   2.066871e-11   12
  7.773426e-03   7.871326e-11   8.514949e-11   1.603597e-11   8
  8.975979e-03   2.645802e-10   0.000000e+00   2.846208e-11   6
  1.003545e-02   1.846036e-10   1.605594e-10   5.884439e-11   24
  1.099328e-02   2.641890e-10   1.605594e-10   4.452672e-11   24
  1.269395e-02   1.180016e-10   0.000000e+00   5.309754e-11   12
  1.346397e-02   1.369048e-10   1.816523e-10   2.515311e-11   30
  1.419227e-02   1.722187e-10   0.000000e+00   3.794413e-11   24
  1.488498e-02   1.565895e-10   2.780971e-10   3.883885e-11   24
  1.554685e-02   1.817148e-10   1.702990e-10   3.681860e-11   8
  1.618168e-02   1.543489e-10   2.270653e-10   1.919837e-11   24
  1.679252e-02   1.447509e-10   0.000000e+00   2.034922e-11   48
  1.795196e-02   1.726012e-10   0.000000e+00   7.590388e-11   6
  1.850445e-02   1.367218e-10   2.270653e-10   1.918416e-11   48
  1.904093e-02   1.268677e-10   2.140792e-10   1.322450e-11   36
  1.956269e-02   1.806982e-10   2.270653e-10   3.781759e-11   24
  2.007090e-02   1.064726e-10   3.211188e-10   1.828842e-11   24
  2.056655e-02   9.495422e-11   0.000000e+00   1.289363e-11   48
  2.105054e-02   1.454060e-10   3.211188e-10   2.070295e-11   24
  2.198657e-02   1.159673e-10   3.211188e-10   1.822352e-11   24
  2.243995e-02   7.892475e-11   0.000000e+00   1.292277e-11   30
  2.288435e-02   8.439538e-11   0.000000e+00   9.289945e-12   72
  2.332028e-02   8.274394e-11   3.405980e-10   1.689326e-11   32
  2.416856e-02   1.082770e-10   0.000000e+00   1.252756e-11   72
  2.458173e-02   6.642338e-11   0.000000e+00   9.719331e-12   48
  2.538790e-02   3.470392e-11   0.000000e+00   1.031873e-11   12
  2.597539e-02   6.444268e-11   1.938570e-04   5.957501e-12   96
  2.655130e-02   7.997386e-11   3.211188e-10   1.010435e-11   48
  2.692794e-02   9.565155e-11   3.633045e-10   1.674324e-11   30
  2.757421e-02   8.741415e-11   1.586779e-04   8.257879e-12   96
  2.838454e-02   5.171268e-11   0.000000e+00   9.826614e-12   24
  2.885327e-02   7.162533e-11   1.642099e-04   5.786592e-12   144
  2.942972e-02   4.928374e-11   5.561942e-10   1.208465e-11   24
  3.002225e-02   7.293710e-11   1.456630e-04   8.298098e-12   96
  3.043903e-02   6.407346e-11   0.000000e+00   9.860687e-12   48
  3.137435e-02   7.724145e-11   1.080207e-04   8.774763e-12   62
  3.184971e-02   5.563639e-11   1.519035e-04   6.663756e-12   132
  3.236335e-02   3.645763e-11   4.541306e-10   6.485876e-12   24
  3.284837e-02   5.687623e-11   1.518246e-04   4.814991e-12   168
  3.373431e-02   6.500824e-11   1.492698e-04   5.428344e-12   96
  3.439955e-02   4.380519e-11   1.270423e-04   4.145664e-12   96
  3.521583e-02   4.495144e-11   1.416056e-04   3.704745e-12   168
  3.590392e-02   6.311961e-11   0.000000e+00   2.769673e-11   6
  3.618333e-02   4.962665e-11   0.000000e+00   4.852049e-12   96
  3.651563e-02   4.720644e-11   1.100713e-04   4.655246e-12   120
  3.718966e-02   3.744953e-11   1.278125e-04   2.942203e-12   144
  3.754921e-02   4.208050e-11   0.000000e+00   5.690069e-12   48
  3.823245e-02   3.766553e-11   1.304211e-04   4.021738e-12   84
  3.860715e-02   4.126730e-11   8.899106e-10   3.692798e-12   120
  3.894461e-02   3.153572e-11   1.183479e-04   3.622419e-12   80
  3.946692e-02   2.971708e-11   1.201620e-04   2.176827e-12   144
  4.014180e-02   3.774347e-11   6.422377e-10   7.003027e-12   24
  4.047145e-02   4.081970e-11   1.159510e-04   3.413789e-12   150
  4.098576e-02   3.633759e-11   1.203057e-04   2.656825e-12   120
  4.155056e-02   3.293467e-11   1.096333e-04   2.802071e-12   168
  4.210107e-02   4.668998e-11   6.422377e-10   7.769127e-12   24
  4.244743e-02   2.799917e-11   1.181082e-04   1.781019e-12   264
  4.281269e-02   2.279899e-11   6.422377e-10   3.201006e-12   48
  4.343532e-02   2.853388e-11   1.093985e-04   2.336657e-12   144
  4.412543e-02   3.405479e-11   1.076845e-04   4.119336e-12   72
  4.451927e-02   2.716859e-11   1.107671e-04   1.726440e-12   180
  4.506982e-02   2.844568e-11   8.025835e-05   2.103275e-12   198
  4.532647e-02   3.081908e-11   0.000000e+00   3.438758e-12   48
  4.589413e-02   2.429729e-11   1.086319e-04   1.831792e-12   168
  4.631540e-02   2.817143e-11   1.087222e-04   2.578821e-12   144
  4.695270e-02   2.630881e-11   1.527607e-04   1.385488e-12   248
  4.781330e-02   1.831928e-11   1.053161e-04   1.288152e-12   192
  4.839932e-02   2.378742e-11   1.626762e-04   1.555340e-12   240
  4.875204e-02   2.604066e-11   0.000000e+00   2.824294e-12   72
  4.929001e-02   2.678353e-11   9.927197e-05   2.352387e-12   126
  4.962939e-02   2.811995e-11   9.159181e-05   2.209296e-12   168
  5.027740e-02   2.643545e-11   1.001546e-04   1.468582e-12   288
  5.095853e-02   2.369183e-11   5.274950e-05   2.044113e-12   156
  5.131126e-02   2.036086e-11   8.873998e-05   1.763893e-12   168
  5.184617e-02   2.120813e-11   1.521290e-04   1.315137e-12   264
  5.233850e-02   1.908798e-11   0.000000e+00   2.320862e-12   48
  5.270435e-02   1.973401e-11   1.514052e-04   1.289298e-12   264
  5.322882e-02   2.026237e-11   8.924381e-05   1.687179e-12   144
  5.362492e-02   2.176896e-11   1.825884e-04   2.467013e-12   78
  5.420192e-02   1.812424e-11   1.186900e-04   1.006774e-12   336
  5.474604e-02   1.670348e-11   9.030373e-05   1.138936e-12   200
  5.510338e-02   1.612172e-11   1.768159e-04   1.224421e-12   192
  5.558581e-02   1.973690e-11   8.873069e-05   1.392021e-12   240
  5.602902e-02   2.125927e-11   1.778215e-04   1.485454e-12   168
  5.648434e-02   1.734786e-11   1.423690e-04   1.496222e-12   120
  5.703118e-02   1.884343e-11   1.112738e-04   9.947136e-13   324
  5.756179e-02   1.673963e-11   8.748012e-05   1.133721e-12   192
  5.792293e-02   1.838416e-11   1.568908e-04   1.316307e-12   168
  5.853721e-02   1.425682e-11   1.292197e-04   7.715700e-13   342
  5.909109e-02   1.931526e-11   1.040479e-04   1.003573e-12   336
  5.965251e-02   2.118007e-11   7.962394e-05   2.285298e-12   72
  6.003109e-02   1.690026e-11   1.273478e-04   1.121702e-12   288
  6.047058e-02   1.646197e-11   8.293768e-05   1.188407e-12   264
  6.108439e-02   1.459992e-11   1.090835e-04   7.971600e-13   384
  6.163419e-02   1.520791e-11   1.309286e-04   1.150390e-12   240
  6.186267e-02   1.530881e-11   0.000000e+00   1.862124e-12   48
  6.252352e-02   1.539616e-11   1.071736e-04   7.738166e-13   392
  6.302771e-02   1.424408e-11   1.176177e-04   8.123328e-13   294
  6.356985e-02   1.413469e-11   7.644534e-05   1.069228e-12   228
  6.392640e-02   1.648270e-11   1.160935e-04   1.072163e-12   216
  6.437004e-02   1.374991e-11   7.071608e-05   7.327367e-13   336
  6.491309e-02   1.437602e-11   8.402231e-05   8.103074e-13   360
  6.536140e-02   1.534431e-11   1.280140e-04   9.488360e-13   240
  6.582853e-02   1.455366e-11   1.514699e-04   1.037570e-12   168
  6.626426e-02   1.260807e-11   1.192252e-04   7.128973e-13   312
  6.678338e-02   1.283895e-11   7.461529e-05   6.465139e-13   336
  6.734419e-02   1.359623e-11   1.017891e-04   8.316324e-13   294
  6.776702e-02   1.524491e-11   1.356641e-04   9.410060e-13   288
  6.809058e-02   1.074780e-11   8.488954e-05   6.975510e-13   264
  6.866755e-02   1.242359e-11   1.458184e-04   6.158753e-13   480
  6.914996e-02   1.368026e-11   7.133389e-05   8.144649e-13   240
  6.974139e-02   1.342804e-11   7.213111e-05   7.787730e-13   276
  7.020800e-02   1.220042e-11   1.583420e-04   5.144998e-13   488
  7.076234e-02   1.353547e-11   6.973720e-05   1.185299e-12   240
  7.108411e-02   1.250630e-11   1.354117e-04   6.310271e-13   360
  7.153530e-02   1.053834e-11   4.817743e-05   7.715497e-13   198
  7.211554e-02   1.016299e-11   1.627935e-04   4.396181e-13   480
  7.254038e-02   1.016263e-11   6.008787e-05   6.096670e-13   288
  7.312796e-02   1.161287e-11   1.270121e-04   5.577079e-13   480
  7.365633e-02   1.154763e-11   7.825550e-05   5.060917e-13   480
  7.419894e-02   1.011915e-11   1.012105e-04   6.657601e-13   288
  7.453749e-02   1.153847e-11   1.079729e-04   6.627750e-13   288
  7.506996e-02   1.052892e-11   1.877112e-04   5.150684e-13   456
  7.560610e-02   1.168169e-11   1.767802e-04   5.877210e-13   360
  7.595177e-02   1.037977e-11   1.059672e-04   6.490977e-13   180
  7.645202e-02   8.724577e-12   1.154112e-04   3.739561e-13   486
  7.695907e-02   9.869948e-12   1.535340e-04   4.478610e-13   504
  7.747462e-02   1.037861e-11   1.192882e-04   4.855831e-13   456
  7.790209e-02   9.630598e-12   9.910745e-05   5.611621e-13   296
  7.846686e-02   9.234958e-12   9.779604e-05   4.021384e-13   528
  7.889160e-02   9.267085e-12   9.649931e-05   4.647325e-13   336
  7.951717e-02   9.041537e-12   1.070358e-04   3.757878e-13   600
  7.997507e-02   7.523454e-12   6.270729e-05   4.470205e-13   264
  8.043396e-02   8.734229e-12   6.781049e-05   4.284493e-13   360
  8.090234e-02   8.469116e-12   1.357633e-04   3.719523e-13   630
  8.141847e-02   9.904413e-12   7.007974e-05   4.672446e-13   432
  8.187631e-02   9.367532e-12   1.350259e-04   4.636962e-13   408
  8.243827e-02   8.285841e-12   8.962194e-05   4.468653e-13   324
  8.285635e-02   7.856775e-12   1.277222e-04   2.961357e-13   744
  8.336064e-02   7.210768e-12   1.021054e-04   4.017319e-13   336
  8.384245e-02   8.506809e-12   1.403689e-04   3.651982e-13   528
  8.437080e-02   7.125235e-12   7.162045e-05   3.989610e-13   408
  8.472109e-02   6.827206e-12   1.218981e-04   3.326660e-13   408
  8.529988e-02   7.032872e-12   1.006308e-04   3.250529e-13   470
  8.572148e-02   7.597733e-12   1.208902e-04   3.525086e-13   528
  8.631019e-02   6.363667e-12   1.007343e-04   2.426783e-13   624
  8.674381e-02   7.243926e-12   7.664930e-05   3.443252e-13   504
  8.719116e-02   6.164118e-12   1.067668e-04   2.596493e-13   552
  8.763489e-02   6.608585e-12   5.190111e-05   3.334499e-13   336
  8.819051e-02   7.116100e-12   1.104770e-04   3.238216e-13   528
  8.862093e-02   6.557220e-12   1.257802e-04   2.631801e-13   564
  8.912507e-02   5.957062e-12   1.157674e-04   2.856287e-13   528
  8.967166e-02   6.751478e-12   1.797324e-04   2.908995e-13   582
  9.016871e-02   6.246521e-12   1.383668e-04   2.560085e-13   624
  9.060342e-02   6.001481e-12   1.581799e-04   3.065899e-13   432
  9.112208e-02   6.195905e-12   1.759475e-04   2.100657e-13   816
  9.165576e-02   6.234679e-12   8.018898e-05   3.583309e-13   312
  9.200488e-02   5.338504e-12   1.299641e-04   2.314492e-13   552
  9.256787e-02   5.636064e-12   8.185444e-05   2.109941e-13   744
  9.297574e-02   5.926808e-12   7.646869e-05   3.255102e-13   408
  9.350218e-02   5.216919e-12   1.095830e-04   2.185302e-13   632
  9.404906e-02   5.880250e-12   1.860997e-04   2.249129e-13   750
  9.449396e-02   6.260391e-12   1.280227e-04   3.417387e-13   312
  9.498974e-02   5.386533e-12   1.890077e-04   1.872006e-13   876
  9.548011e-02   4.497414e-12   1.234108e-04   1.836776e-13   552
  9.603265e-02   5.110157e-12   1.020603e-04   2.010479e-13   696
  9.640905e-02   5.217931e-12   1.126552e-04   2.337087e-13   576
  9.692128e-02   4.738923e-12   1.192748e-04   2.212607e-13   576
  9.735848e-02   4.984104e-12   1.598285e-04   1.977593e-13   648
  9.788685e-02   4.973822e-12   1.599783e-04   1.869371e-13   672
  9.847019e-02   4.805775e-12   6.785687e-05   2.305469e-13   480
  9.884355e-02   4.417998e-12   1.050846e-04   1.611211e-13   726
  9.932431e-02   4.883963e-12   1.190745e-04   1.813383e-13   792
  9.984502e-02   4.494818e-12   1.651878e-04   1.676799e-13   768
  1.003938e-01   4.675178e-12   1.350017e-04   1.783339e-13   672
  1.008970e-01   4.457078e-12   9.055629e-05   1.769990e-13   608
  1.012613e-01   4.117911e-12   8.693679e-05   1.629468e-13   624
  1.017809e-01   4.042480e-12   1.129736e-04   1.475151e-13   684
  1.022864e-01   4.074661e-12   1.668752e-04   1.445381e-13   768
  1.027568e-01   4.257955e-12   1.334155e-04   1.469340e-13   744
  1.033173e-01   3.940841e-12   8.400635e-05   1.385093e-13   750
  1.037259e-01   3.778258e-12   1.248642e-04   1.739974e-13   600
  1.041677e-01   3.972070e-12   1.325833e-04   1.667230e-13   600
  1.047135e-01   3.935319e-12   1.527941e-04   1.261468e-13   1008
  1.051470e-01   3.981288e-12   8.474486e-05   1.525032e-13   696
  1.056273e-01   4.090041e-12   1.119517e-04   1.765350e-13   624
  1.061102e-01   3.811514e-12   1.742111e-04   1.468887e-13   840
  1.066588e-01   4.056583e-12   1.185366e-04   1.457109e-13   816
  1.071038e-01   3.519917e-12   7.873478e-05   1.201535e-13   744
  1.075531e-01   3.610184e-12   1.391901e-04   1.564633e-13   510
  1.080960e-01   3.727108e-12   1.336339e-04   1.209433e-13   1020
  1.086012e-01   3.694227e-12   1.078294e-04   1.239468e-13   912
  1.090992e-01   3.758693e-12   1.597552e-04   1.368570e-13   752
  1.095110e-01   3.565409e-12   1.325595e-04   1.458685e-13   888
  1.100730e-01   3.461196e-12   8.554013e-05   1.247196e-13   768
  1.105327e-01   3.339223e-12   1.554339e-04   1.211628e-13   720
  1.110617e-01   3.377173e-12   1.370195e-04   1.133642e-13   1056
  1.115309e-01   3.393461e-12   9.479589e-05   1.545740e-13   504
  1.119154e-01   2.888107e-12   1.480257e-04   1.113186e-13   774
  1.124652e-01   3.318615e-12   1.423615e-04   1.043397e-13   1272
  1.129816e-01   3.369160e-12   9.326921e-05   1.348859e-13   744
  1.134632e-01   3.083277e-12   1.523027e-04   1.171604e-13   768
  1.139050e-01   3.201596e-12   1.288282e-04   1.128879e-13   840
  1.144011e-01   3.225804e-12   8.734207e-05   1.062179e-13   924
  1.148789e-01   3.096315e-12   1.539839e-04   1.036651e-13   936
  1.153484e-01   2.843513e-12   1.070130e-04   9.423075e-14   840
  1.158214e-01   3.074295e-12   1.272259e-04   9.767916e-14   1008
  1.164225e-01   2.812126e-12   1.436262e-04   1.071214e-13   696
  1.167996e-01   2.842077e-12   1.276589e-04   9.936603e-14   974
  1.173599e-01   3.049179e-12   1.695459e-04   9.185344e-14   1152
  1.178471e-01   2.884645e-12   6.634378e-05   1.009097e-13   816
  1.182260e-01   2.796794e-12   1.459488e-04   9.885997e-14   816
  1.187357e-01   2.869314e-12   1.288794e-04   9.009901e-14   1152
  1.192732e-01   2.829375e-12   1.160356e-04   9.460065e-14   912
  1.197621e-01   2.960779e-12   1.409833e-04   9.578167e-14   1056
  1.201806e-01   2.816153e-12   1.205660e-04   1.271960e-13   624
  1.207435e-01   2.700169e-12   1.506027e-04   8.277312e-14   1260
  1.212292e-01   2.759163e-12   9.083716e-05   9.449116e-14   894
  1.217037e-01   2.917033e-12   1.556364e-04   8.455352e-14   1176
  1.221783e-01   2.610393e-12   1.288208e-04   1.040607e-13   840
  1.227186e-01   2.659647e-12   1.464236e-04   7.015222e-14   1440
  1.232859e-01   2.444167e-12   8.232021e-05   8.199629e-14   864
  1.237160e-01   2.708143e-12   1.412655e-04   8.754253e-14   1056
  1.241441e-01   2.812774e-12   8.328830e-05   1.240319e-13   624
  1.246641e-01   2.512375e-12   1.542356e-04   6.554565e-14   1496
  1.251612e-01   2.558020e-12   1.088958e-04   1.051254e-13   936
  1.256039e-01   2.408848e-12   1.576468e-04   8.081071e-14   966
  1.260801e-01   2.462793e-12   1.117465e-04   8.436601e-14   936
  1.265804e-01   2.585719e-12   1.382244e-04   7.425829e-14   1248
  1.270926e-01   2.376983e-12   9.744205e-05   7.613978e-14   1044
  1.275698e-01   2.280348e-12   1.509409e-04   6.779202e-14   1392
  1.279478e-01   2.313040e-12   1.162549e-04   9.325679e-14   600
  1.284885e-01   2.196126e-12   1.320778e-04   5.962043e-14   1416
  1.289955e-01   2.298419e-12   1.421656e-04   6.839335e-14   1152
  1.295092e-01   2.208413e-12   1.363856e-04   7.317137e-14   936
  1.299230e-01   2.218514e-12   1.462802e-04   7.792666e-14   870
  1.304147e-01   2.363600e-12   1.226502e-04   6.988599e-14   1368
  1.309604e-01   2.265014e-12   1.612530e-04   5.941897e-14   1632
  1.314267e-01   2.466477e-12   7.000699e-05   8.838078e-14   816
  1.319315e-01   2.167787e-12   1.597143e-04   6.340743e-14   1200
  1.323720e-01   2.207853e-12   1.527057e-04   6.480453e-14   1184
  1.328194e-01   2.358656e-12   1.158936e-04   7.741219e-14   984
  1.333683e-01   2.085429e-12   1.414942e-04   5.717953e-14   1572
  1.338659e-01   2.278028e-12   7.792333e-05   8.929535e-14   840
  1.343297e-01   1.974259e-12   1.812138e-04   5.639826e-14   1392
  1.348193e-01   2.037242e-12   1.330470e-04   6.744468e-14   1158
  1.352564e-01   2.164774e-12   1.211496e-04   6.582592e-14   1272
  1.357826e-01   2.180585e-12   1.234623e-04   6.564538e-14   1320
  1.362769e-01   2.004872e-12   1.208065e-04   6.439405e-14   1104
  1.367472e-01   1.991512e-12   1.367360e-04   6.002119e-14   1392
  1.372408e-01   1.837460e-12   1.478938e-04   5.500273e-14   1296
  1.377492e-01   1.845015e-12   1.544255e-04   5.225179e-14   1392
  1.382262e-01   1.843474e-12   1.132835e-04   5.861078e-14   1104
  1.386675e-01   1.824399e-12   1.426913e-04   5.062887e-14   1320
  1.392961e-01   1.860156e-12   1.089713e-04   5.448856e-14   1422
  1.396977e-01   1.911596e-12   1.357176e-04   6.455021e-14   1212
  1.401589e-01   1.759993e-12   1.483027e-04   5.256563e-14   1280
  1.406327e-01   1.873326e-12   1.544235e-04   5.545581e-14   1272
  1.410869e-01   1.884440e-12   1.336382e-04   4.886503e-14   1680
  1.416252e-01   1.601660e-12   1.262633e-04   5.422518e-14   1152
  1.421207e-01   1.703540e-12   1.462174e-04   4.457019e-14   1512
  1.426417e-01   1.625093e-12   6.173239e-05   5.936519e-14   912
  1.430535e-01   1.651984e-12   1.556147e-04   4.184120e-14   1680
  1.436012e-01   1.514041e-12   1.378563e-04   4.199470e-14   1518
  1.440071e-01   1.707144e-12   1.276288e-04   5.464404e-14   1056
  1.444347e-01   1.609865e-12   1.288698e-04   4.287819e-14   1344
  1.449875e-01   1.838795e-12   1.383780e-04   4.800501e-14   1680
  1.454876e-01   1.546849e-12   1.363571e-04   4.343376e-14   1656
  1.460341e-01   1.575001e-12   1.159057e-04   5.928100e-14   1140
  1.464444e-01   1.489120e-12   1.342100e-04   4.479849e-14   1368
  1.469271e-01   1.475482e-12   1.526647e-04   4.013575e-14   1656
  1.474179e-01   1.505053e-12   1.563614e-04   4.436571e-14   1448
  1.479520e-01   1.428929e-12   1.468912e-04   3.906170e-14   1422
  1.484453e-01   1.543442e-12   1.621619e-04   4.473045e-14   1512
  1.488673e-01   1.546797e-12   1.236275e-04   4.866342e-14   1296
  1.493554e-01   1.444945e-12   1.128801e-04   3.944868e-14   1824
  1.498832e-01   1.399319e-12   1.463660e-04   3.889093e-14   1464
  1.504163e-01   1.281322e-12   1.306107e-04   3.136393e-14   1824
  1.509111e-01   1.428634e-12   1.038421e-04   4.056414e-14   1416
  1.513416e-01   1.282565e-12   1.521007e-04   3.734500e-14   1392
  1.518062e-01   1.307247e-12   1.403562e-04   3.753426e-14   1464
  1.523732e-01   1.202482e-12   1.372200e-04   3.527817e-14   1524
  1.528113e-01   1.276740e-12   1.264504e-04   3.711079e-14   1686
  1.533176e-01   1.276009e-12   1.505644e-04   3.485155e-14   1800
  1.537528e-01   1.432927e-12   1.195338e-04   4.979908e-14   1344
  1.542356e-01   1.262919e-12   1.394596e-04   3.653590e-14   1656
  1.547196e-01   1.272971e-12   1.113514e-04   3.489961e-14   1488
  1.551402e-01   1.304401e-12   1.111701e-04   3.508969e-14   1536
  1.557262e-01   1.184358e-12   1.234973e-04   3.356380e-14   1760
  1.561802e-01   1.097945e-12   1.373667e-04   2.816655e-14   1824
  1.567053e-01   1.249692e-12   1.152763e-04   3.519561e-14   1560
  1.572105e-01   1.244506e-12   1.324056e-04   3.600371e-14   1926
  1.576857e-01   1.247037e-12   9.415777e-05   4.123679e-14   1272
  1.581194e-01   1.146006e-12   1.582320e-04   3.128954e-14   1848
  1.586895e-01   1.143973e-12   1.278379e-04   2.903576e-14   1908
  1.591231e-01   1.174714e-12   1.246890e-04   3.538394e-14   1488
  1.595806e-01   1.033526e-12   1.406224e-04   2.914825e-14   1800
  1.600766e-01   1.049129e-12   1.407610e-04   2.812378e-14   1752
  1.605517e-01   1.037222e-12   1.496769e-04   3.061269e-14   1368
  1.610272e-01   1.038130e-12   1.406675e-04   2.448130e-14   2016
  1.615501e-01   1.116794e-12   1.485794e-04   3.242259e-14   1542
  1.620327e-01   1.037894e-12   1.454994e-04   2.744394e-14   2184
  1.625669e-01   1.091664e-12   1.330990e-04   2.883340e-14   1776
  1.630283e-01   1.003024e-12   1.521522e-04   2.889711e-14   1568
  1.634682e-01   1.044970e-12   1.390081e-04   2.802444e-14   2040
  1.639468e-01   1.068539e-12   1.486121e-04   2.921185e-14   1704
  1.644478e-01   9.369375e-13   1.489728e-04   2.681367e-14   1512
  1.649202e-01   9.684149e-13   1.270742e-04   2.337796e-14   2028
  1.654509e-01   9.647861e-13   1.532841e-04   2.374919e-14   1968
  1.659362e-01   9.039082e-13   1.554838e-04   2.421448e-14   1854
  1.664110e-01   9.923913e-13   1.482240e-04   2.849133e-14   1632
  1.668977e-01   9.700831e-13   1.523128e-04   2.354627e-14   2424
  1.674021e-01   9.553833e-13   1.524713e-04   2.743442e-14   1560
  1.678285e-01   9.552749e-13   1.440852e-04   2.497950e-14   1728
  1.683437e-01   9.115321e-13   1.538043e-04   2.485021e-14   2088
  1.688623e-01   8.211821e-13   1.464052e-04   2.091833e-14   1968
  1.693394e-01   8.626010e-13   1.449552e-04   2.376837e-14   2256
  1.698178e-01   8.622108e-13   1.288813e-04   2.239512e-14   1728
  1.703172e-01   8.564800e-13   1.270494e-04   2.590576e-14   1416
  1.707596e-01   9.042901e-13   1.339356e-04   2.119137e-14   2246
  1.712606e-01   8.936370e-13   1.483321e-04   2.457687e-14   2148
  1.717398e-01   9.011520e-13   1.252967e-04   2.800972e-14   1680
  1.721909e-01   8.572832e-13   1.584012e-04   1.950070e-14   2280
  1.727331e-01   8.620025e-13   1.475065e-04   2.123270e-14   2352
  1.732395e-01   7.839111e-13   1.239422e-04   2.094228e-14   1632
  1.736402e-01   8.413529e-13   1.418228e-04   2.228719e-14   1968
  1.741900e-01   7.573200e-13   1.455103e-04   2.090927e-14   2112
  1.746998e-01   8.024500e-13   1.093039e-04   2.166712e-14   2208
  1.751952e-01   7.766951e-13   1.102112e-04   2.012442e-14   1974
  1.755862e-01   8.062505e-13   1.078165e-04   2.182287e-14   1944
  1.761144e-01   8.306190e-13   1.219820e-04   2.096925e-14   2160
  1.765722e-01   7.881688e-13   1.140807e-04   2.127078e-14   2040
  1.770670e-01   8.199278e-13   1.596015e-04   2.174617e-14   2352
  1.775745e-01   8.123986e-13   1.325904e-04   2.131961e-14   1836
  1.780376e-01   7.464810e-13   1.414413e-04   1.871642e-14   2352
  1.785577e-01   6.976232e-13   1.483527e-04   1.791345e-14   2008
  1.790344e-01   7.467099e-13   1.459431e-04   1.799702e-14   2464
  1.795659e-01   7.158345e-13   1.177095e-04   1.796682e-14   2118
  1.800019e-01   7.496284e-13   1.183276e-04   2.295930e-14   1848
  1.804507e-01   8.523823e-13   1.565861e-04   2.354973e-14   2280
  1.809928e-01   7.806053e-13   1.489508e-04   1.931929e-14   2472
  1.814993e-01   6.686980e-13   9.953927e-05   1.706835e-14   2280
  1.819245e-01   7.753122e-13   1.216700e-04   2.204735e-14   1992
  1.823831e-01   7.264122e-13   1.279126e-04   1.847541e-14   2184
  1.829118e-01   6.455847e-13   1.543068e-04   1.628307e-14   2352
  1.834214e-01   7.095422e-13   1.626118e-04   1.673819e-14   2496
  1.839203e-01   6.715933e-13   1.518813e-04   1.935290e-14   1770
  1.843678e-01   7.608146e-13   1.310496e-04   1.939786e-14   2568
  1.849057e-01   7.345864e-13   1.607377e-04   1.878980e-14   2712
  1.853947e-01   7.398005e-13   1.276489e-04   1.920602e-14   2448
  1.858830e-01   7.074126e-13   1.076015e-04   1.923566e-14   2064
  1.862881e-01   6.985829e-13   1.135758e-04   2.121875e-14   1944
  1.868133e-01   6.558307e-13   1.403079e-04   1.678236e-14   2480
  1.873491e-01   6.324418e-13   1.524155e-04   1.443913e-14   2880
  1.878237e-01   6.397388e-13   1.462067e-04   1.755510e-14   2304
  1.883193e-01   6.450330e-13   1.343278e-04   1.824390e-14   1806
  1.887589e-01   6.845026e-13   1.317346e-04   1.723432e-14   2856
  1.893097e-01   7.061667e-13   1.263374e-04   1.832372e-14   2568
  1.897288e-01   6.434128e-13   1.267515e-04   1.853729e-14   2112
  1.901850e-01   6.789958e-13   1.220840e-04   2.139021e-14   2028
  1.906744e-01   6.113942e-13   1.445115e-04   1.528997e-14   2712
  1.911714e-01   6.412988e-13   1.556884e-04   1.506437e-14   2952
  1.917055e-01   5.970167e-13   1.202957e-04   1.542618e-14   2112
  1.921372e-01   5.937132e-13   1.409804e-04   1.452145e-14   2520
  1.926559e-01   5.615879e-13   1.359784e-04   1.384049e-14   2376
  1.931282e-01   6.297030e-13   1.090048e-04   1.561859e-14   2526
  1.936186e-01   6.689511e-13   1.356536e-04   1.745281e-14   2664
  1.941040e-01   6.745830e-13   1.617960e-04   1.946311e-14   2408
  1.945694e-01   6.005282e-13   1.296049e-04   1.646481e-14   2568
  1.950440e-01   6.166298e-13   1.221942e-04   1.379404e-14   2904
  1.955589e-01   5.932540e-13   1.371053e-04   1.457452e-14   2544
  1.960480e-01   5.951590e-13   1.009875e-04   1.675719e-14   2160
  1.965096e-01   6.094002e-13   1.745958e-04   1.555119e-14   2652
  1.970194e-01   5.203410e-13   1.382439e-04   1.213171e-14   2784
  1.975101e-01   6.124274e-13   1.365199e-04   1.499047e-14   2694
  1.980185e-01   5.709212e-13   1.226932e-04   1.453778e-14   2952
  1.984602e-01   5.923816e-13   1.162128e-04   1.671266e-14   2208
  1.989102e-01   6.191590e-13   1.238599e-04   1.706149e-14   2304
  1.994125e-01   5.393260e-13   1.610662e-04   1.169015e-14   3504
  1.999983e-01   5.459647e-13   1.304210e-04   1.364715e-14   2616
  2.004552e-01   5.218774e-13   1.274108e-04   1.331456e-14   2664
  2.008953e-01   5.144980e-13   1.183758e-04   1.336274e-14   2448
  2.013388e-01   5.342931e-13   1.648584e-04   1.344994e-14   2472
  2.018606e-01   5.379318e-13   1.310718e-04   1.251117e-14   3134
  2.023516e-01   5.702827e-13   1.433541e-04   1.511373e-14   2616
  2.028419e-01   5.381307e-13   1.161223e-04   1.491242e-14   2712
  2.033463e-01   5.357772e-13   1.331755e-04   1.306479e-14   3204
  2.038284e-01   5.092923e-13   1.533782e-04   1.315389e-14   2760
  2.042862e-01   4.833252e-13   1.338200e-04   1.264807e-14   2688
  2.047911e-01   4.971245e-13   1.265264e-04   1.210977e-14   2760
  2.052376e-01   4.609480e-13   1.044749e-04   1.277749e-14   2568
  2.057517e-01   4.579828e-13   1.622443e-04   1.024942e-14   3336
  2.062452e-01   4.986183e-13   1.373220e-04   1.380423e-14   2334
  2.067435e-01   4.997513e-13   1.519616e-04   1.286380e-14   3264
  2.072092e-01   5.416759e-13   1.104877e-04   1.705057e-14   2760
  2.076868e-01   4.644858e-13   1.334378e-04   1.128869e-14   3192
  2.081730e-01   4.949593e-13   1.385370e-04   1.383851e-14   2904
  2.086902e-01   4.602659e-13   1.390027e-04   1.182806e-14   2784
  2.091231e-01   4.945108e-13   1.144018e-04   1.288606e-14   2592
  2.096156e-01   4.294526e-13   1.559460e-04   1.078998e-14   3284
  2.101389e-01   4.303010e-13   1.566406e-04   1.044741e-14   3168
  2.106071e-01   4.392508e-13   1.292397e-04   1.103467e-14   2616
  2.110994e-01   4.212358e-13   1.248775e-04   1.149991e-14   3222
  2.115781e-01   4.688473e-13   1.401164e-04   1.171361e-14   3240
  2.120418e-01   4.800959e-13   1.417503e-04   1.389302e-14   2568
  2.125690e-01   4.814220e-13   1.300629e-04   1.419652e-14   3120
  2.130097e-01   4.528890e-13   1.429850e-04   1.197676e-14   3168
  2.134838e-01   4.296437e-13   1.251725e-04   1.258109e-14   3240
  2.140024e-01   4.070574e-13   1.284239e-04   9.972136e-15   3144
  2.145062e-01   3.957983e-13   1.224103e-04   9.905310e-15   2856
  2.149823e-01   4.005273e-13   1.307392e-04   9.027923e-15   3264
  2.155212e-01   4.158098e-13   1.444609e-04   1.064401e-14   3318
  2.159452e-01   4.665274e-13   1.011723e-04   1.545140e-14   2556
  2.164506e-01   4.040213e-13   1.728209e-04   1.017452e-14   4008
  2.169623e-01   4.287404e-13   1.275720e-04   1.213209e-14   2904
  2.174000e-01   3.759720e-13   1.304469e-04   9.365085e-15   3144
  2.178983e-01   3.974391e-13   1.359922e-04   1.065983e-14   3200
  2.184140e-01   3.572087e-13   1.341212e-04   9.026164e-15   3312
  2.188763e-01   3.734855e-13   1.080957e-04   9.500433e-15   2832
  2.193924e-01   3.686728e-13   1.555565e-04   8.390622e-15   3984
  2.198717e-01   3.887974e-13   1.264601e-04   1.137848e-14   2238
  2.203092e-01   4.066803e-13   1.488218e-04   1.084771e-14   3984
  2.208520e-01   3.833524e-13   1.414250e-04   1.021909e-14   3384
  2.213029e-01   4.254911e-13   1.321942e-04   1.193783e-14   3048
  2.217737e-01   3.453258e-13   1.213801e-04   9.277642e-15   3096
  2.222656e-01   3.790790e-13   1.375807e-04   9.045645e-15   3708
  2.227545e-01   3.468921e-13   1.304078e-04   9.857721e-15   2784
  2.232087e-01   3.682845e-13   1.354535e-04   9.129495e-15   3648
  2.237247e-01   3.464214e-13   1.394108e-04   8.723028e-15   3888
  2.242738e-01   3.251101e-13   1.488252e-04   9.430368e-15   2958
  2.246837e-01   3.671258e-13   1.270361e-04   9.176289e-15   3264
  2.251777e-01   4.022106e-13   1.402443e-04   1.163601e-14   3160
  2.256445e-01   3.419164e-13   1.271016e-04   8.819105e-15   3736
  2.260868e-01   3.449963e-13   1.158193e-04   1.087863e-14   3216
  2.266085e-01   3.539042e-13   1.419303e-04   8.502492e-15   4032
  2.271526e-01   3.202554e-13   1.295798e-04   7.524167e-15   3528
  2.276165e-01   3.356017e-13   1.143819e-04   8.823437e-15   3192
  2.280803e-01   3.126720e-13   1.252686e-04   8.015981e-15   3456
  2.285834e-01   2.974417e-13   1.298903e-04   7.568083e-15   3060
  2.290876e-01   3.370515e-13   1.544545e-04   8.030569e-15   4518
  2.295790e-01   3.355834e-13   1.375990e-04   9.430949e-15   3528
  2.300307e-01   3.844949e-13   1.155591e-04   1.204988e-14   3024
  2.305122e-01   3.194593e-13   1.564624e-04   8.361298e-15   3672
  2.310028e-01   3.235122e-13   1.342922e-04   8.248602e-15   3864
  2.315474e-01   3.115460e-13   1.423480e-04   7.798815e-15   3816
  2.319928e-01   2.868756e-13   1.295052e-04   7.398965e-15   3456
  2.324198e-01   3.052195e-13   1.172315e-04   8.432256e-15   2688
  2.329230e-01   2.834435e-13   1.390930e-04   6.142156e-15   4248
  2.334218e-01   3.238887e-13   1.332244e-04   8.843891e-15   3926
  2.339228e-01   3.280338e-13   1.406621e-04   9.666011e-15   3504
  2.344067e-01   3.284145e-13   1.257540e-04   8.334259e-15   3960
  2.349411e-01   3.015015e-13   1.415697e-04   7.963578e-15   3684
  2.353994e-01   2.808638e-13   1.415603e-04   7.331784e-15   4104
  2.358576e-01   2.968254e-13   1.342621e-04   7.520907e-15   3144
  2.363498e-01   2.834794e-13   1.470632e-04   7.039912e-15   4224
  2.368909e-01   2.613126e-13   1.305314e-04   6.237139e-15   4008
  2.373532e-01   2.723430e-13   1.436052e-04   6.522307e-15   3312
  2.378293e-01   2.898035e-13   1.428317e-04   8.112636e-15   3726
  2.383356e-01   2.947487e-13   1.467057e-04   8.256172e-15   3936
  2.387852e-01   3.268698e-13   1.512247e-04   9.758502e-15   3888
  2.392518e-01   2.841954e-13   1.429975e-04   7.835549e-15   3864
  2.397372e-01   2.909602e-13   1.520184e-04   7.978493e-15   3888
  2.402373e-01   2.619011e-13   1.433767e-04   6.879018e-15   4080
  2.407309e-01   2.861907e-13   1.521663e-04   7.876325e-15   3400
  2.412345e-01   2.622708e-13   1.395519e-04   6.370208e-15   4588
  2.417438e-01   2.496886e-13   1.381276e-04   6.532989e-15   3816
  2.421888e-01   2.572142e-13   1.308874e-04   6.929197e-15   3534
  2.426599e-01   3.038086e-13   1.292818e-04   7.991479e-15   4080
  2.431528e-01   2.891060e-13   1.351361e-04   7.228196e-15   4248
  2.436477e-01   2.999838e-13   1.361762e-04   9.491900e-15   3528
  2.441045e-01   2.772955e-13   1.392215e-04   6.914066e-15   4248
  2.445661e-01   2.621540e-13   1.361726e-04   7.185151e-15   3696
  2.450802e-01   2.476281e-13   1.412982e-04   5.800682e-15   4560
  2.455678e-01   2.592461e-13   1.323495e-04   6.349938e-15   3864
  2.460685e-01   2.372548e-13   1.441083e-04   5.794719e-15   4440
  2.465431e-01   2.525559e-13   1.344565e-04   7.751682e-15   3432
  2.470417e-01   2.744869e-13   1.318374e-04   7.401455e-15   4470
  2.475323e-01   2.766926e-13   1.171596e-04   7.176105e-15   4188
  2.480144e-01   2.556622e-13   1.500979e-04   6.705905e-15   4392
  2.484933e-01   2.805047e-13   1.161150e-04   7.894074e-15   3960
  2.489913e-01   2.599770e-13   1.311762e-04   6.715133e-15   4328
  2.494737e-01   2.384348e-13   1.365155e-04   5.759987e-15   4320
  2.499612e-01   2.441160e-13   1.427527e-04   6.255349e-15   4152
  2.504133e-01   2.686464e-13   1.194148e-04   8.149307e-15   3528
  2.509246e-01   2.234302e-13   1.292483e-04   5.279914e-15   4512
  2.514030e-01   2.636655e-13   1.321235e-04   7.842007e-15   4134
  2.518889e-01   2.803979e-13   1.407559e-04   7.151107e-15   5208
  2.523561e-01   2.638384e-13   1.226327e-04   7.857160e-15   3240
  2.528396e-01   2.680391e-13   1.352583e-04   6.874926e-15   4680
  2.533316e-01   2.451963e-13   1.339167e-04   6.777432e-15   4440
  2.538242e-01   2.336841e-13   1.517493e-04   6.381061e-15   4260
  2.542967e-01   2.195441e-13   1.238886e-04   5.963106e-15   4056
  2.547833e-01   2.136230e-13   1.373522e-04   5.152168e-15   4704
  2.552940e-01   2.365195e-13   1.598328e-04   6.095391e-15   4800
  2.558338e-01   2.347036e-13   1.384828e-04   6.306873e-15   4806
  2.563004e-01   3.122279e-13   1.380453e-04   9.434049e-15   3552
  2.567447e-01   2.340502e-13   1.384155e-04   7.215930e-15   4304
  2.572463e-01   2.472141e-13   1.342317e-04   6.392170e-15   5280
  2.577424e-01   2.289246e-13   1.287726e-04   6.021859e-15   4320
  2.582120e-01   2.326866e-13   1.454180e-04   6.201982e-15   4296
  2.587071e-01   2.134350e-13   1.616686e-04   5.128921e-15   4608
  2.592079e-01   2.247954e-13   1.548872e-04   5.335438e-15   4824
  2.597037e-01   1.982828e-13   1.462245e-04   5.232945e-15   4488
  2.602357e-01   2.338532e-13   1.365163e-04   6.326954e-15   4530
  2.606750e-01   2.351442e-13   1.332969e-04   7.086472e-15   4464
  2.611146e-01   2.335412e-13   1.256224e-04   6.455469e-15   4104
  2.616192e-01   2.249795e-13   1.354472e-04   5.407886e-15   5424
  2.621157e-01   2.352558e-13   1.458006e-04   7.136490e-15   4392
  2.626209e-01   2.217657e-13   1.427447e-04   5.813914e-15   4896
  2.630796e-01   2.015936e-13   1.399190e-04   5.468239e-15   4104
  2.635583e-01   2.272120e-13   1.261700e-04   5.970004e-15   4824
  2.640634e-01   1.794575e-13   1.205890e-04   4.486901e-15   4680
  2.645034e-01   1.965945e-13   1.233362e-04   5.334735e-15   4328
  2.650142e-01   2.203519e-13   1.421747e-04   6.125880e-15   5118
  2.655274e-01   2.291206e-13   1.647184e-04   6.443504e-15   5304
  2.659905e-01   2.606755e-13   1.297081e-04   7.645106e-15   4392
  2.664951e-01   2.105420e-13   1.301864e-04   5.987662e-15   4476
  2.669364e-01   2.049735e-13   1.292906e-04   5.915195e-15   4704
  2.674274e-01   1.996801e-13   1.564908e-04   4.922390e-15   5208
  2.679435e-01   1.949913e-13   1.319479e-04   5.364178e-15   5304
  2.684190e-01   1.839542e-13   1.413346e-04   4.739629e-15   4296
  2.689066e-01   1.911194e-13   1.340217e-04   4.755832e-15   4752
  2.694189e-01   2.088068e-13   1.345359e-04   5.586928e-15   4950
  2.698794e-01   2.135189e-13   1.406262e-04   6.036681e-15   5064
  2.703399e-01   2.226433e-13   1.178265e-04   6.351254e-15   4872
  2.708057e-01   2.094692e-13   1.240390e-04   6.684591e-15   4224
  2.713029e-01   2.045940e-13   1.370167e-04   5.223327e-15   6120
  2.718321e-01   1.836599e-13   1.507358e-04   4.980634e-15   4968
  2.723121e-01   1.991558e-13   1.333881e-04   5.549540e-15   4424
  2.728088e-01   1.884465e-13   1.703749e-04   5.468869e-15   5436
  2.732993e-01   1.747410e-13   1.452596e-04   4.445533e-15   4896
  2.737736e-01   1.774375e-13   1.390702e-04   5.395007e-15   5214
  2.742308e-01   2.208101e-13   1.182169e-04   6.680272e-15   4656
  2.747387e-01   2.146504e-13   1.503032e-04   6.085924e-15   5448
  2.752241e-01   1.981261e-13   1.269422e-04   6.622086e-15   4992
  2.756994e-01   2.109283e-13   1.404898e-04   6.245626e-15   5400
  2.762219e-01   1.913731e-13   1.557062e-04   5.115602e-15   5328
  2.767032e-01   1.882283e-13   1.392299e-04   5.317082e-15   4776
  2.771561e-01   1.567598e-13   1.308295e-04   4.394534e-15   4800
  2.776593e-01   1.738314e-13   1.682401e-04   4.178069e-15   6552
  2.781857e-01   1.997541e-13   1.271030e-04   6.895411e-15   3942
  2.786419e-01   1.917944e-13   1.601990e-04   5.250790e-15   6072
  2.791470e-01   2.221012e-13   1.244164e-04   7.290844e-15   4692
  2.795705e-01   1.799824e-13   1.298888e-04   5.356089e-15   4944
  2.800665e-01   1.816314e-13   1.394107e-04   4.937123e-15   5840
  2.805759e-01   1.747371e-13   1.492333e-04   5.036520e-15   5712
  2.810773e-01   1.784499e-13   1.250671e-04   5.334086e-15   4800
  2.815348e-01   1.631961e-13   1.656330e-04   4.316411e-15   5688
  2.820359e-01   1.588454e-13   1.306810e-04   4.504589e-15   4848
  2.825324e-01   1.273043e-13   1.454557e-04   4.019929e-15   5406
  2.830037e-01   5.016502e-16   1.312973e-04   6.983392e-18   5568
  2.834769e-01   4.916974e-16   1.180275e-04   6.915636e-18   5736
  2.839884e-01   5.032910e-16   1.465826e-04   7.171210e-18   5280
  2.844524e-01   4.860388e-16   1.355263e-04   6.610676e-18   5592
  2.849301e-01   4.814870e-16   1.551417e-04   7.025137e-18   4968
  2.854352e-01   5.079314e-16   1.391053e-04   6.832672e-18   5964
  2.859279e-01   4.889358e-16   1.397517e-04   6.589209e-18   5376
  2.863756e-01   4.763862e-16   1.349389e-04   6.693142e-18   5472
  2.868946e-01   4.887769e-16   1.281532e-04   6.615172e-18   5472
  2.873693e-01   4.700537e-16   1.457059e-04   6.620598e-18   5415
  2.878292e-01   4.577164e-16   1.281660e-04   6.413906e-18   5096
  2.883268e-01   4.425857e-16   1.648183e-04   5.900549e-18   6372
  2.888302e-01   4.686779e-16   1.337920e-04   7.237176e-18   4656
  2.892814e-01   4.676928e-16   1.460580e-04   6.262135e-18   5844
  2.897668e-01   4.606654e-16   1.284189e-04   6.321936e-18   5508
  2.902812e-01   4.677893e-16   1.456803e-04   6.056826e-18   6324
  2.907860e-01   4.362823e-16   1.251396e-04   6.548569e-18   4752
  2.912474e-01   4.602468e-16   1.401041e-04   6.239800e-18   5676
  2.917468e-01   4.537731e-16   1.281684e-04   6.340049e-18   5472
  2.922209e-01   4.409698e-16   1.445704e-04   6.117338e-18   5556
  2.927301e-01   4.380862e-16   1.408810e-04   5.938907e-18   5436
  2.932217e-01   4.370651e-16   1.442016e-04   6.045801e-18   5916
  2.937264e-01   4.356711e-16   1.500331e-04   5.962089e-18   5520
  2.941809e-01   4.210812e-16   1.364480e-04   5.982039e-18   5280
  2.946466e-01   4.430985e-16   1.340724e-04   6.694055e-18   4416
  2.951720e-01   4.236262e-16   1.306879e-04   5.576282e-18   6260
  2.956655e-01   4.194422e-16   1.554038e-04   5.723010e-18   5940
  2.961126e-01   4.207307e-16   1.217066e-04   6.806893e-18   4188
  2.966047e-01   4.078858e-16   1.556122e-04   5.276633e-18   6360
  2.971222e-01   4.104167e-16   1.387995e-04   5.901708e-18   5256
  2.976029e-01   4.153962e-16   1.312113e-04   6.448939e-18   4848
  2.980147e-01   3.884218e-16   1.189499e-04   5.849706e-18   4704
  2.985217e-01   3.961770e-16   1.459205e-04   5.485394e-18   5784
  2.990374e-01   3.851645e-16   1.544008e-04   5.322173e-18   5820
  2.995352e-01   3.947909e-16   1.383100e-04   5.534278e-18   5700
  3.000361e-01   3.958968e-16   1.282634e-04   5.706312e-18   5232
  3.005375e-01   3.886931e-16   1.423193e-04   5.719885e-18   4932
  3.009817e-01   3.853144e-16   1.224997e-04   6.001888e-18   4716
  3.014485e-01   3.919144e-16   1.560382e-04   5.603866e-18   5616
  3.019287e-01   3.622041e-16   1.378046e-04   5.305498e-18   5184
  3.024240e-01   3.593155e-16   1.390111e-04   5.334975e-18   5064
  3.028912e-01   3.611448e-16   1.423406e-04   5.303401e-18   5544
  3.034093e-01   3.600915e-16   1.428860e-04   5.190511e-18   5192
  3.038807e-01   3.600436e-16   1.284053e-04   5.312202e-18   5244
  3.043764e-01   3.478124e-16   1.389360e-04   5.201506e-18   5112
  3.048691e-01   3.567881e-16   1.275010e-04   5.290486e-18   5040
  3.053213e-01   3.508963e-16   1.340439e-04   5.170259e-18   5124
  3.058494e-01   3.451772e-16   1.504823e-04   4.976422e-18   5952
  3.063369e-01   3.466126e-16   1.318531e-04   5.224409e-18   4824
  3.067788e-01   3.372206e-16   1.330892e-04   5.486181e-18   4536
  3.072903e-01   3.347732e-16   1.414616e-04   4.779841e-18   5712
  3.078157e-01   3.479013e-16   1.547976e-04   5.119547e-18   5352
  3.083112e-01   3.319295e-16   1.348344e-04   4.915929e-18   5004
  3.087539e-01   3.224384e-16   1.348711e-04   4.886649e-18   4800
  3.092296e-01   3.259092e-16   1.449374e-04   4.902314e-18   5148
  3.097567e-01   3.268479e-16   1.505363e-04   4.677454e-18   5664
  3.102329e-01   3.070414e-16   1.352034e-04   4.945863e-18   4692
  3.106729e-01   3.172795e-16   1.256056e-04   5.274527e-18   4008
  3.111861e-01   3.077876e-16   1.439712e-04   4.293722e-18   5852
  3.117078e-01   3.039059e-16   1.363273e-04   4.512613e-18   5784
  3.121712e-01   3.069524e-16   1.256700e-04   5.061825e-18   4392
  3.126481e-01   3.076426e-16   1.232703e-04   4.902900e-18   4944
  3.131489e-01   2.952523e-16   1.453336e-04   4.635653e-18   4776
  3.136211e-01   2.861091e-16   1.398188e-04   4.287949e-18   5244
  3.141336e-01   2.890586e-16   1.395722e-04   4.245869e-18   4884
  3.145636e-01   2.796524e-16   1.183681e-04   4.419723e-18   4488
  3.150636e-01   2.869730e-16   1.406525e-04   4.467466e-18   5160
  3.155671e-01   2.974497e-16   1.432039e-04   4.344947e-18   5316
  3.160521e-01   2.707789e-16   1.447892e-04   4.309000e-18   4896
  3.165249e-01   2.937508e-16   1.345344e-04   5.071536e-18   4188
  3.170014e-01   2.622701e-16   1.467406e-04   4.129616e-18   4836
  3.174880e-01   2.786040e-16   1.455680e-04   4.090730e-18   5316
  3.179808e-01   2.668910e-16   1.347408e-04   3.941543e-18   4920
  3.184417e-01   2.868509e-16   1.357413e-04   4.868268e-18   4128
  3.189362e-01   2.614670e-16   1.460260e-04   3.949243e-18   5348
  3.194229e-01   2.690092e-16   1.267067e-04   4.286281e-18   4836
  3.198876e-01   2.622586e-16   1.365306e-04   4.646830e-18   4392
  3.203882e-01   2.592743e-16   1.199532e-04   4.290076e-18   4632
  3.208388e-01   2.546200e-16   1.340287e-04   4.053070e-18   4596
  3.213563e-01   2.551792e-16   1.347844e-04   3.916124e-18   5424
  3.218683e-01   2.371109e-16   1.387362e-04   3.559284e-18   5256
  3.223958e-01   2.471184e-16   1.409032e-04   4.044117e-18   4524
  3.228350e-01   2.504847e-16   1.340268e-04   4.297268e-18   4440
  3.233270e-01   2.434650e-16   1.146101e-04   3.935210e-18   4380
  3.238085e-01   2.383294e-16   1.499870e-04   3.884133e-18   4812
  3.243210e-01   2.416945e-16   1.489725e-04   3.675389e-18   5376
  3.247896e-01   2.262172e-16   1.189892e-04   4.045867e-18   3888
  3.252385e-01   2.413374e-16   1.362564e-04   3.854107e-18   4896
  3.257395e-01   2.320573e-16   1.437728e-04   3.837494e-18   4608
  3.262654e-01   2.414299e-16   1.357127e-04   3.919677e-18   4448
  3.267232e-01   2.104182e-16   1.400926e-04   3.418232e-18   4752
  3.272056e-01   2.297665e-16   1.467382e-04   4.035300e-18   4356
  3.277129e-01   2.238708e-16   1.412082e-04   3.604638e-18   5232
  3.282173e-01   2.105909e-16   1.423025e-04   3.521833e-18   4548
  3.287063e-01   2.153056e-16   1.383360e-04   3.499755e-18   4608
  3.291837e-01   2.154025e-16   1.256671e-04   3.975282e-18   3936
  3.296343e-01   2.152006e-16   1.502088e-04   3.852322e-18   4260
  3.301407e-01   2.090880e-16   1.346643e-04   3.431333e-18   5004
  3.306038e-01   2.147471e-16   1.330711e-04   3.863699e-18   4224
  3.311115e-01   2.075324e-16   1.437697e-04   3.553065e-18   4788
  3.316047e-01   2.127303e-16   1.511985e-04   3.752514e-18   4428
  3.320852e-01   1.984186e-16   1.263467e-04   3.620137e-18   4080
  3.325477e-01   2.079887e-16   1.381486e-04   3.298828e-18   4632
  3.330347e-01   1.943004e-16   1.436640e-04   3.627996e-18   4056
  3.335467e-01   1.942807e-16   1.352621e-04   3.294279e-18   4536
  3.340144e-01   2.041369e-16   1.379585e-04   3.462337e-18   4668
  3.345266e-01   1.812850e-16   1.478669e-04   3.151035e-18   4604
  3.350255e-01   1.924926e-16   1.328598e-04   3.404290e-18   4152
  3.354859e-01   1.917140e-16   1.287622e-04   3.444909e-18   4224
  3.359739e-01   1.817423e-16   1.237953e-04   3.316991e-18   4152
  3.364615e-01   1.980478e-16   1.404246e-04   3.499334e-18   4224
  3.369356e-01   1.861711e-16   1.298644e-04   3.365394e-18   3960
  3.373922e-01   1.808231e-16   1.340119e-04   3.025743e-18   4656
  3.378910e-01   1.754058e-16   1.445961e-04   3.043354e-18   4452
  3.384025e-01   1.717413e-16   1.470057e-04   3.238115e-18   4056
  3.388784e-01   1.758779e-16   1.456648e-04   3.197368e-18   4212
  3.393606e-01   1.862473e-16   1.210536e-04   3.731249e-18   3432
  3.398492e-01   1.718012e-16   1.548628e-04   2.818525e-18   5352
  3.403267e-01   1.752715e-16   1.134185e-04   3.475688e-18   3600
  3.408466e-01   1.676297e-16   1.251027e-04   2.960618e-18   4584
  3.413005e-01   1.749037e-16   1.247343e-04   3.398005e-18   3768
  3.417680e-01   1.661205e-16   1.331557e-04   3.254365e-18   3848
  3.422347e-01   1.666608e-16   1.220886e-04   3.374541e-18   3720
  3.427639e-01   1.559332e-16   1.532392e-04   2.673584e-18   4764
  3.432311e-01   1.656638e-16   1.234001e-04   2.977669e-18   3864
  3.437109e-01   1.675608e-16   1.528459e-04   2.996077e-18   4332
  3.442342e-01   1.595837e-16   1.304937e-04   2.985142e-18   3792
  3.447018e-01   1.499150e-16   1.480185e-04   2.683355e-18   4284
  3.451974e-01   1.509467e-16   1.401572e-04   3.188681e-18   3840
  3.456664e-01   1.408546e-16   1.334113e-04   2.868776e-18   3480
  3.461427e-01   1.471247e-16   1.488614e-04   2.528920e-18   4380
  3.466576e-01   1.517701e-16   1.398292e-04   2.816954e-18   4200
  3.471635e-01   1.563599e-16   1.344014e-04   2.847860e-18   4056
  3.476333e-01   1.440090e-16   1.350788e-04   3.009381e-18   3600
  3.480735e-01   1.471385e-16   1.345848e-04   2.923761e-18   3492
  3.485878e-01   1.394355e-16   1.571647e-04   2.582255e-18   4500
  3.491126e-01   1.512414e-16   1.376975e-04   3.049251e-18   3516
  3.495636e-01   1.515678e-16   1.439500e-04   2.998026e-18   3968
  3.500690e-01   1.399589e-16   1.383484e-04   2.847838e-18   3648
  3.505165e-01   1.395560e-16   1.322992e-04   2.755600e-18   4224
  3.510237e-01   1.287326e-16   1.484940e-04   2.683395e-18   3588
  3.514997e-01   1.373800e-16   1.369683e-04   2.849816e-18   3456
  3.519786e-01   1.263276e-16   1.216448e-04   2.602274e-18   3660
  3.524735e-01   1.317889e-16   1.335194e-04   2.641540e-18   3768
  3.529347e-01   1.350693e-16   1.350276e-04   2.678400e-18   3744
  3.534301e-01   1.281653e-16   1.482149e-04   2.458335e-18   4176
  3.539572e-01   1.395693e-16   1.367120e-04   2.861020e-18   3612
  3.543928e-01   1.294901e-16   1.485682e-04   2.837586e-18   3216
  3.548913e-01   1.254041e-16   1.436402e-04   2.697838e-18   3624
  3.553925e-01   1.240225e-16   1.350690e-04   2.448674e-18   3744
  3.558768e-01   1.285803e-16   1.441176e-04   2.678111e-18   3672
  3.563547e-01   1.258842e-16   1.306896e-04   2.580147e-18   3852
  3.568482e-01   1.282337e-16   1.345097e-04   2.605822e-18   3672
  3.573731e-01   1.244796e-16   1.310574e-04   3.012637e-18   3248
  3.578115e-01   1.103299e-16   1.341465e-04   2.424235e-18   3336
  3.582900e-01   1.100431e-16   1.365492e-04   2.284420e-18   3576
  3.587793e-01   1.184377e-16   1.159180e-04   2.527537e-18   3336
  3.592778e-01   1.182560e-16   1.376902e-04   2.361545e-18   3936
  3.597697e-01   1.197004e-16   1.466440e-04   2.545333e-18   3408
  3.602575e-01   1.195830e-16   1.291957e-04   2.699328e-18   3336
  3.607316e-01   9.464816e-17   1.451163e-04   2.155492e-18   3312
  3.612054e-01   1.106046e-16   1.469319e-04   2.563266e-18   3432
  3.617101e-01   1.145705e-16   1.273841e-04   2.720319e-18   3144
  3.621706e-01   1.080137e-16   1.382881e-04   2.380544e-18   3456
  3.626887e-01   1.068847e-16   1.329107e-04   2.132883e-18   3792
  3.631568e-01   1.125490e-16   1.305556e-04   2.757980e-18   2868
  3.636625e-01   9.922275e-17   1.352551e-04   1.945454e-18   3888
  3.641351e-01   9.445093e-17   1.174435e-04   2.273871e-18   2784
  3.646004e-01   1.010168e-16   1.341238e-04   2.658247e-18   2964
  3.651086e-01   1.029208e-16   1.381212e-04   2.272145e-18   3432
  3.655924e-01   1.000479e-16   1.429694e-04   2.178818e-18   3416
  3.660820e-01   1.022421e-16   1.528218e-04   2.257066e-18   3528
  3.665830e-01   1.071025e-16   1.226504e-04   2.589969e-18   2904
  3.670262e-01   9.300178e-17   1.375270e-04   2.228015e-18   3072
  3.675416e-01   9.139904e-17   1.544586e-04   2.061849e-18   3216
  3.680569e-01   9.111211e-17   1.250951e-04   2.308243e-18   2844
  3.685093e-01   9.142133e-17   1.431483e-04   2.155484e-18   3432
  3.689737e-01   1.026208e-16   1.150574e-04   2.598854e-18   2880
  3.694925e-01   9.309913e-17   1.524100e-04   2.197995e-18   3576
  3.699812e-01   9.932349e-17   1.362332e-04   2.623379e-18   2700
  3.704492e-01   8.737797e-17   1.530237e-04   2.094134e-18   3000
  3.709392e-01   8.272137e-17   1.270553e-04   2.172502e-18   2556
  3.714151e-01   9.103182e-17   1.361780e-04   2.123900e-18   3360
  3.719070e-01   9.028105e-17   1.323185e-04   2.132862e-18   3120
  3.724371e-01   9.056305e-17   1.557809e-04   2.276835e-18   3216
  3.728935e-01   9.565549e-17   1.098680e-04   2.463396e-18   2628
  3.734065e-01   8.220959e-17   1.452297e-04   2.055703e-18   3200
  3.738745e-01   7.801413e-17   1.370102e-04   2.110648e-18   2232
  3.743471e-01   7.696089e-17   1.563929e-04   2.062232e-18   3108
  3.748177e-01   9.585605e-17   1.373821e-04   2.682745e-18   2604
  3.752991e-01   8.955533e-17   1.479994e-04   2.205557e-18   3096
  3.758288e-01   8.321566e-17   1.348469e-04   2.096841e-18   3084
  3.762884e-01   7.725011e-17   1.376092e-04   2.045952e-18   2664
  3.767621e-01   8.127598e-17   1.213497e-04   2.433569e-18   2232
  3.772262e-01   6.691815e-17   1.494845e-04   1.806056e-18   2808
  3.777344e-01   8.186358e-17   1.412112e-04   2.348116e-18   2592
  3.782089e-01   8.879283e-17   1.449703e-04   2.387761e-18   2952
  3.787074e-01   7.499470e-17   1.368697e-04   2.021138e-18   2772
  3.791921e-01   7.505547e-17   1.471948e-04   1.954475e-18   3036
  3.796993e-01   7.236372e-17   1.427797e-04   2.260143e-18   2136
  3.801616e-01   6.468335e-17   1.138671e-04   1.950953e-18   2496
  3.806364e-01   7.925895e-17   1.516625e-04   2.435637e-18   2228
  3.811316e-01   8.292023e-17   1.413981e-04   2.300427e-18   3048
  3.816243e-01   7.459957e-17   1.350676e-04   2.201520e-18   2676
  3.821140e-01   6.646129e-17   1.345571e-04   1.803786e-18   2784
  3.825820e-01   6.968133e-17   1.307225e-04   2.157107e-18   1920
  3.830514e-01   6.173160e-17   1.395126e-04   1.748496e-18   2400
  3.835600e-01   6.142334e-17   1.279618e-04   1.759152e-18   2532
  3.840860e-01   7.230044e-17   1.421350e-04   2.186700e-18   2544
  3.845592e-01   7.946294e-17   1.486925e-04   2.303761e-18   2772
  3.850254e-01   6.283195e-17   1.392746e-04   2.171821e-18   2160
  3.854884e-01   6.809829e-17   1.500120e-04   2.121782e-18   2304
  3.860241e-01   6.141064e-17   1.467945e-04   2.026513e-18   2328
  3.865043e-01   5.229929e-17   1.407449e-04   1.674709e-18   2304
  3.869492e-01   5.481818e-17   1.330938e-04   1.835356e-18   1908
  3.874552e-01   7.709275e-17   1.488569e-04   2.501354e-18   2736
  3.879425e-01   6.861769e-17   1.410418e-04   2.261286e-18   2448
  3.884609e-01   6.718718e-17   1.318665e-04   2.133821e-18   2040
  3.889299e-01   4.852192e-17   1.372999e-04   1.787562e-18   2120
  3.893809e-01   6.090362e-17   1.138355e-04   2.003042e-18   2040
  3.898664e-01   4.962037e-17   1.412334e-04   1.896409e-18   2208
  3.904158e-01   6.910355e-17   1.268062e-04   2.416652e-18   2208
  3.908608e-01   7.944601e-17   1.405255e-04   2.667242e-18   2196
  3.913207e-01   4.602396e-17   1.236152e-04   1.622587e-18   1848
  3.917886e-01   5.794311e-17   1.401960e-04   2.119200e-18   2124
  3.923120e-01   5.170734e-17   1.470626e-04   1.665793e-18   2328
  3.928231e-01   5.182976e-17   1.497225e-04   1.988361e-18   1920
  3.933200e-01   4.783093e-17   1.374435e-04   1.883179e-18   1548
  3.937619e-01   6.664107e-17   1.507712e-04   2.197825e-18   2388
  3.942832e-01   4.901700e-17   1.395210e-04   1.923593e-18   2160
  3.947606e-01   4.998353e-17   1.269906e-04   2.026161e-18   1704
  3.952179e-01   4.696862e-17   1.430661e-04   1.964682e-18   1776
  3.956506e-01   4.592472e-17   1.338203e-04   1.832537e-18   1800
  3.961977e-01   4.089434e-17   1.544832e-04   1.594896e-18   1700
  3.967087e-01   6.059832e-17   1.390936e-04   2.368057e-18   2292
  3.971846e-01   5.047536e-17   1.291201e-04   2.163907e-18   1704
  3.976337e-01   4.986513e-17   1.443780e-04   2.092046e-18   1728
  3.981255e-01   4.124777e-17   1.336251e-04   1.747241e-18   1728
  3.986075e-01   5.103311e-17   1.334994e-04   2.145359e-18   1680
  3.991202e-01   3.290190e-17   1.537953e-04   1.425249e-18   1704
  3.996310e-01   3.597428e-17   1.207753e-04   1.322016e-18   1752
  4.000877e-01   5.286498e-17   1.435789e-04   2.415468e-18   1872
  4.005817e-01   4.602038e-17   1.407232e-04   2.238715e-18   1500
  4.010829e-01   4.054107e-17   1.232237e-04   1.863760e-18   1656
  4.015697e-01   4.234727e-17   1.321192e-04   1.694334e-18   1464
  4.020023e-01   2.913004e-17   1.157232e-04   1.506779e-18   1488
  4.025329e-01   3.453224e-17   1.396693e-04   1.346794e-18   1680
  4.030178e-01   4.158464e-17   1.459194e-04   1.940701e-18   1692
  4.034716e-01   3.794893e-17   1.397252e-04   2.001471e-18   1128
  4.039751e-01   3.736924e-17   1.345433e-04   1.741304e-18   1536
  4.044663e-01   2.996212e-17   1.402479e-04   1.518276e-18   1616
  4.049637e-01   2.925400e-17   1.352429e-04   1.462195e-18   1476
  4.054650e-01   2.909395e-17   1.488381e-04   1.837738e-18   1176
  4.059124e-01   3.017578e-17   1.599107e-04   1.241234e-18   1656
  4.063997e-01   3.477527e-17   1.404668e-04   2.536055e-18   891
  4.069020e-01   2.740866e-17   1.497388e-04   1.157488e-18   1596
  4.073915e-01   2.449654e-17   1.305762e-04   1.333139e-18   1422
  4.078742e-01   2.574884e-17   1.252138e-04   1.221351e-18   1254
  4.083284e-01   1.946240e-17   1.279202e-04   9.376656e-19   918
  4.088148e-01   2.622650e-17   1.400009e-04   1.029315e-18   1614
  4.093049e-01   2.074750e-17   1.209347e-04   1.319884e-18   798
  4.097922e-01   1.941102e-17   1.550239e-04   9.085561e-19   1458
  4.102863e-01   2.143643e-17   1.419502e-04   8.865435e-19   1374
  4.107747e-01   1.711100e-17   1.212349e-04   1.025575e-18   984
  4.112591e-01   1.972774e-17   1.668024e-04   9.008372e-19   1062
  4.117525e-01   2.300524e-17   1.413965e-04   1.079933e-18   1246
  4.122317e-01   1.383846e-17   1.311095e-04   7.266375e-19   1072
  4.127436e-01   1.505246e-17   1.419832e-04   8.226225e-19   1110
  4.132166e-01   2.046641e-17   1.538182e-04   9.608865e-19   1254
  4.137139e-01   1.618583e-17   1.459816e-04   8.904837e-19   1032
  4.142557e-01   1.822859e-17   1.352509e-04   1.257052e-18   786
  4.146677e-01   1.743763e-17   1.386613e-04   7.591729e-19   1152
  4.151502e-01   1.423148e-17   1.511270e-04   7.414271e-19   1086
  4.156529e-01   1.002388e-17   1.363503e-04   3.846795e-19   912
  4.161175e-01   2.207385e-17   1.366785e-04   1.017041e-18   1062
  4.165917e-01   1.188685e-17   1.362355e-04   4.648265e-19   912
  4.171397e-01   1.023634e-17   1.520835e-04   5.877266e-19   750
  4.175668e-01   1.635791e-17   1.465336e-04   7.312154e-19   1200
  4.180611e-01   1.198539e-17   1.326977e-04   6.603649e-19   918
  4.185524e-01   9.905915e-18   1.377357e-04   4.990388e-19   876
  4.190517e-01   1.609102e-17   1.203534e-04   7.392984e-19   870
  4.194890e-01   1.233584e-17   1.403731e-04   5.845798e-19   768
  4.200015e-01   7.985795e-18   1.286594e-04   3.955237e-19   830
  4.204761e-01   1.195299e-17   1.332096e-04   5.567288e-19   1080
  4.209676e-01   1.064799e-17   1.498783e-04   5.055020e-19   840
  4.214632e-01   8.413131e-18   1.443163e-04   3.815025e-19   798
  4.220251e-01   1.463897e-17   1.145461e-04   7.746182e-19   792
  4.224609e-01   9.081842e-18   1.335978e-04   4.715969e-19   726
  4.229181e-01   6.763705e-18   1.497038e-04   2.277850e-19   864
  4.234189e-01   9.871966e-18   1.281430e-04   5.501843e-19   900
  4.239267e-01   7.524373e-18   1.424135e-04   3.085093e-19   726
  4.243623e-01   7.563574e-18   1.232527e-04   3.370024e-19   576
  4.249434e-01   9.455619e-18   1.282664e-04   4.820731e-19   840
  4.253523e-01   7.702458e-18   1.331485e-04   4.038973e-19   750
  4.258366e-01   6.888385e-18   1.335529e-04   3.075842e-19   720
  4.262936e-01   8.842222e-18   1.351090e-04   4.667375e-19   702
  4.268271e-01   7.683040e-18   1.475571e-04   3.515598e-19   696
  4.272662e-01   7.769437e-18   1.319621e-04   4.377845e-19   480
  4.277837e-01   7.683588e-18   1.250396e-04   4.289220e-19   830
  4.282419e-01   7.271338e-18   1.454616e-04   3.394812e-19   756
  4.287552e-01   6.964831e-18   1.396687e-04   3.358627e-19   624
  4.292083e-01   6.152336e-18   1.475796e-04   3.492459e-19   582
  4.297440e-01   7.473092e-18   1.132706e-04   4.194027e-19   576
  4.302073e-01   5.942648e-18   1.517064e-04   2.841595e-19   624
  4.306823e-01   6.578633e-18   1.238986e-04   3.272526e-19   702
  4.311525e-01   5.972775e-18   1.425165e-04   2.894805e-19   624
  4.317110e-01   6.458404e-18   1.378751e-04   2.923360e-19   672
  4.321659e-01   4.544653e-18   1.032125e-04   2.641062e-19   342
  4.326655e-01   6.049032e-18   1.290292e-04   3.403106e-19   660
  4.331249e-01   4.709821e-18   1.326364e-04   2.842391e-19   576
  4.335992e-01   5.061111e-18   1.289493e-04   2.824776e-19   600
  4.340787e-01   4.519239e-18   1.491476e-04   2.774894e-19   510
  4.346181e-01   5.590194e-18   1.397290e-04   2.652351e-19   600
  4.350341e-01   4.138313e-18   1.112888e-04   2.802120e-19   216
  4.355185e-01   4.435026e-18   1.354577e-04   2.109738e-19   758
  4.360833e-01   4.016356e-18   1.482975e-04   2.267297e-19   576
  4.365782e-01   4.777221e-18   1.259005e-04   2.335654e-19   528
  4.370248e-01   4.426871e-18   8.670054e-05   3.419736e-19   318
  4.375047e-01   5.097177e-18   1.497759e-04   2.533353e-19   540
  4.380721e-01   2.234293e-18   1.058893e-04   1.236791e-19   384
  4.384565e-01   4.232896e-18   1.463022e-04   2.351700e-19   576
  4.389570e-01   3.112357e-18   1.195560e-04   1.810286e-19   414
  4.394302e-01   4.486106e-18   1.335050e-04   2.562071e-19   504
  4.399357e-01   4.030228e-18   1.465573e-04   2.103360e-19   312
  4.404212e-01   3.938359e-18   1.327827e-04   2.576289e-19   414
  4.409029e-01   2.788711e-18   1.226699e-04   1.556392e-19   432
  4.413512e-01   3.196234e-18   1.624587e-04   1.693511e-19   504
  4.418701e-01   3.537821e-18   1.564660e-04   2.070467e-19   432
  4.423558e-01   3.305807e-18   1.281691e-04   1.820957e-19   354
  4.428506e-01   3.891452e-18   1.865017e-04   3.219233e-19   200
  4.432750e-01   2.742389e-18   1.323290e-04   1.458537e-19   480
  4.438485e-01   2.759784e-18   1.512148e-04   1.384633e-19   552
  4.443745e-01   2.955422e-18   9.419478e-05   2.165530e-19   366
  4.447799e-01   3.270045e-18   1.002751e-04   3.102389e-19   240
  4.452261e-01   3.415227e-18   1.401886e-04   1.837846e-19   288
  4.458541e-01   2.697836e-18   9.634579e-05   1.634918e-19   366
  4.462600e-01   2.073464e-18   1.562070e-04   1.154253e-19   408
  4.467132e-01   2.453908e-18   1.174273e-04   1.717419e-19   360
  4.471820e-01   2.684092e-18   1.094619e-04   1.597864e-19   324
  4.476367e-01   2.687264e-18   1.292780e-04   2.068559e-19   174
  4.481783e-01   2.442278e-18   1.485222e-04   1.718874e-19   264
  4.486867e-01   2.118396e-18   1.354596e-04   1.241772e-19   456
  4.491937e-01   2.153400e-18   1.362099e-04   1.239659e-19   360
  4.496105e-01   1.959534e-18   1.500483e-04   1.376128e-19   270
  4.501209e-01   2.645826e-18   1.641082e-04   1.854769e-19   240
  4.507604e-01   3.067206e-18   1.195905e-04   2.412611e-19   120
  4.510747e-01   1.128924e-18   1.248485e-04   7.348220e-20   320
  4.515822e-01   1.896216e-18   1.544785e-04   9.358469e-20   462
  4.521137e-01   1.998242e-18   8.987666e-05   1.311952e-19   276
  4.525754e-01   2.069465e-18   1.019637e-04   1.837999e-19   144
  4.530202e-01   2.884597e-18   1.070818e-04   2.933971e-19   120
  4.536115e-01   1.250034e-18   8.108908e-05   6.425304e-20   294
  4.540583e-01   1.694908e-18   1.438563e-04   1.041798e-19   384
  4.544753e-01   1.554154e-18   9.523196e-05   1.067649e-19   216
  4.548743e-01   2.341733e-18   8.843896e-05   1.881361e-19   168
  4.553251e-01   1.910093e-18   1.052282e-04   1.892337e-19   102
  4.559768e-01   1.601532e-18   1.596520e-04   1.170730e-19   168
  4.564337e-01   1.484948e-18   1.397340e-04   8.028383e-20   384
  4.569346e-01   1.562524e-18   1.419732e-04   1.117583e-19   300
  4.574008e-01   1.611155e-18   1.520225e-04   1.031711e-19   144
  4.579263e-01   1.686747e-18   1.556925e-04   1.576962e-19   102
  4.585568e-01   2.064879e-18   3.685588e-05   1.743797e-19   56
  4.588590e-01   1.046859e-18   1.199932e-04   7.192744e-20   288
  4.593328e-01   1.116162e-18   1.561557e-04   5.335866e-20   360
  4.598487e-01   1.328656e-18   8.376686e-05   9.285992e-20   126
  4.602834e-01   1.386865e-18   4.125612e-05   1.671938e-19   72
  4.607572e-01   1.842987e-18   2.185755e-05   2.705640e-19   48
  4.613754e-01   8.943802e-19   8.842417e-05   6.195748e-20   240
  4.617816e-01   1.182629e-18   1.311982e-04   6.132916e-20   306
  4.621975e-01   1.201931e-18   7.291699e-05   1.008941e-19   120
  4.626766e-01   1.483078e-18   1.794585e-04   1.633594e-19   96
  4.630248e-01   1.770965e-18   0.000000e+00   2.974177e-19   24
  4.638071e-01   7.570967e-19   1.554065e-04   6.961585e-20   120
  4.641905e-01   9.334413e-19   1.343981e-04   5.305500e-20   318
  4.646594e-01   1.152249e-18   1.436227e-04   8.892261e-20   168
  4.651731e-01   1.377917e-18   1.541232e-04   1.531793e-19   72
  4.657357e-01   1.261312e-18   0.000000e+00   2.242532e-19   24
  4.663408e-01   1.040183e-18   7.481195e-05   1.434507e-19   14
  4.666286e-01   6.476828e-19   1.179951e-04   3.915296e-20   288
  4.670757e-01   7.794964e-19   1.419546e-04   6.121038e-20   204
  4.675916e-01   1.175084e-18   2.153808e-05   1.779516e-19   48
  4.680007e-01   2.304676e-18   0.000000e+00   4.896560e-19   24
  4.684739e-01   1.006341e-18   0.000000e+00   3.932030e-19   6
  4.691541e-01   6.665986e-19   8.821950e-05   4.951731e-20   216
  4.695046e-01   1.014775e-18   1.174842e-04   7.263713e-20   192
  4.699334e-01   6.921312e-19   2.143075e-05   1.108091e-19   48
  4.703832e-01   1.151279e-18   1.712353e-04   1.609149e-19   30
  4.716555e-01   6.457341e-19   3.540978e-05   5.203918e-20   96
  4.719167e-01   5.698159e-19   1.160286e-04   3.901338e-20   228
  4.724128e-01   9.762868e-19   1.517284e-04   1.073497e-19   72
  4.730094e-01   1.700193e-18   0.000000e+00   7.257413e-19   6
  4.743680e-01   6.435375e-19   1.145631e-04   3.507009e-20   248
  4.748016e-01   7.440159e-19   1.311235e-04   9.694813e-20   72
  4.753245e-01   6.292774e-19   7.266090e-09   2.582129e-19   6
  4.769053e-01   5.451912e-19   8.141014e-05   3.213294e-20   180
  4.772205e-01   6.513039e-19   1.107713e-04   6.598687e-20   72
  4.776705e-01   9.467815e-19   0.000000e+00   1.762501e-19   6
  4.794278e-01   4.587087e-19   3.483570e-05   4.310410e-20   96
  4.796378e-01   5.822014e-19   9.563861e-05   6.694368e-20   96
  4.800471e-01   1.013134e-18   0.000000e+00   3.550290e-19   6
  4.820778e-01   4.812169e-19   9.153355e-05   3.362756e-20   140
  4.824537e-01   2.212484e-19   0.000000e+00   4.382974e-20   6
  4.846301e-01   3.552343e-19   6.146888e-05   3.196936e-20   96
  4.848898e-01   1.762759e-19   0.000000e+00   6.181934e-20   6
  4.871898e-01   5.597582e-19   3.697860e-05   7.005675e-20   60
  4.873552e-01   7.758752e-19   0.000000e+00   2.244330e-19   6
  4.897713e-01   3.257765e-19   3.748867e-05   4.994189e-20   38
  4.923442e-01   2.701743e-19   1.928513e-05   7.008358e-20   18
  4.949217e-01   2.223290e-19   7.266090e-09   4.493284e-20   6
