# power spectrum of zeta (dimensionless)
# redshift z=9.995300
# k              Pk             sigma(k)       sigma(Pk)      count
  4.487990e-03   1.941941e-18   0.000000e+00   3.969490e-19   6
  6.346976e-03   9.507794e-18   0.000000e+00   2.556001e-18   12
  7.773426e-03   2.962745e-17   8.514949e-11   1.074467e-17   8
  8.975979e-03   3.532583e-17   0.000000e+00   2.443641e-18   6
  1.003545e-02   3.569878e-17   1.605594e-10   4.630899e-18   24
  1.099328e-02   5.437906e-17   1.605594e-10   1.358226e-17   24
  1.269395e-02   1.127183e-16   0.000000e+00   3.285183e-17   12
  1.346397e-02   1.225770e-16   1.816523e-10   2.023028e-17   30
  1.419227e-02   9.143772e-17   0.000000e+00   1.062749e-17   24
  1.488498e-02   1.313364e-16   2.780971e-10   2.198487e-17   24
  1.554685e-02   2.620405e-16   1.702990e-10   4.604569e-17   8
  1.618168e-02   1.543676e-16   2.270653e-10   2.011073e-17   24
  1.679252e-02   1.595455e-16   0.000000e+00   1.988151e-17   48
  1.795196e-02   1.447406e-16   0.000000e+00   5.670075e-18   6
  1.850445e-02   1.967676e-16   2.270653e-10   2.662070e-17   48
  1.904093e-02   1.607962e-16   2.140792e-10   1.371839e-17   36
  1.956269e-02   2.390225e-16   2.270653e-10   5.248668e-17   24
  2.007090e-02   2.613608e-16   3.211188e-10   2.854836e-17   24
  2.056655e-02   2.611213e-16   0.000000e+00   3.826892e-17   48
  2.105054e-02   2.095698e-16   3.211188e-10   2.768095e-17   24
  2.198657e-02   3.468897e-16   3.211188e-10   6.028864e-17   24
  2.243995e-02   1.670512e-16   0.000000e+00   2.306283e-17   30
  2.288435e-02   3.014972e-16   0.000000e+00   3.626796e-17   72
  2.332028e-02   1.467997e-16   3.405980e-10   1.800923e-17   32
  2.416856e-02   2.256563e-16   0.000000e+00   2.253303e-17   72
  2.458173e-02   2.437578e-16   0.000000e+00   2.133552e-17   48
  2.538790e-02   4.341250e-16   0.000000e+00   1.298724e-16   12
  2.597539e-02   3.248818e-16   1.938570e-04   3.272224e-17   96
  2.655130e-02   3.412998e-16   3.211188e-10   3.636755e-17   48
  2.692794e-02   1.994893e-16   3.633045e-10   2.196519e-17   30
  2.757421e-02   2.641599e-16   1.586779e-04   3.226926e-17   96
  2.838454e-02   2.529540e-16   0.000000e+00   3.821864e-17   24
  2.885327e-02   2.908370e-16   1.642099e-04   2.078451e-17   144
  2.942972e-02   4.362020e-16   5.561942e-10   6.432803e-17   24
  3.002225e-02   3.433716e-16   1.456630e-04   3.747315e-17   96
  3.043903e-02   3.326538e-16   0.000000e+00   3.245399e-17   48
  3.137435e-02   3.701683e-16   1.080207e-04   4.514831e-17   62
  3.184971e-02   3.392754e-16   1.519035e-04   2.762426e-17   132
  3.236335e-02   3.676857e-16   4.541306e-10   6.906385e-17   24
  3.284837e-02   3.107991e-16   1.518246e-04   2.334955e-17   168
  3.373431e-02   3.783962e-16   1.492698e-04   3.218316e-17   96
  3.439955e-02   3.211075e-16   1.270423e-04   2.910467e-17   96
  3.521583e-02   3.243845e-16   1.416056e-04   2.532860e-17   168
  3.590392e-02   5.333071e-16   0.000000e+00   8.954454e-17   6
  3.618333e-02   3.664756e-16   0.000000e+00   3.397494e-17   96
  3.651563e-02   3.636843e-16   1.100713e-04   3.201278e-17   120
  3.718966e-02   4.409246e-16   1.278125e-04   3.596787e-17   144
  3.754921e-02   3.763733e-16   0.000000e+00   4.391840e-17   48
  3.823245e-02   4.022918e-16   1.304211e-04   3.739802e-17   84
  3.860715e-02   4.060379e-16   8.899106e-10   4.087430e-17   120
  3.894461e-02   3.325593e-16   1.183479e-04   4.310895e-17   80
  3.946692e-02   4.690849e-16   1.201620e-04   3.767579e-17   144
  4.014180e-02   4.113234e-16   6.422377e-10   7.607009e-17   24
  4.047145e-02   3.882900e-16   1.159510e-04   2.895917e-17   150
  4.098576e-02   4.874178e-16   1.203057e-04   4.775591e-17   120
  4.155056e-02   4.934610e-16   1.096333e-04   3.707440e-17   168
  4.210107e-02   6.339371e-16   6.422377e-10   9.820822e-17   24
  4.244743e-02   5.128131e-16   1.181082e-04   3.123807e-17   264
  4.281269e-02   3.770076e-16   6.422377e-10   3.600466e-17   48
  4.343532e-02   4.620860e-16   1.093985e-04   3.602222e-17   144
  4.412543e-02   3.862325e-16   1.076845e-04   4.029948e-17   72
  4.451927e-02   5.039006e-16   1.107671e-04   3.595071e-17   180
  4.506982e-02   4.222557e-16   8.025835e-05   3.121221e-17   198
  4.532647e-02   6.257733e-16   0.000000e+00   7.730110e-17   48
  4.589413e-02   5.468414e-16   1.086319e-04   4.553052e-17   168
  4.631540e-02   4.960163e-16   1.087222e-04   3.545303e-17   144
  4.695270e-02   5.052343e-16   1.527607e-04   2.790926e-17   248
  4.781330e-02   4.498386e-16   1.053161e-04   2.810530e-17   192
  4.839932e-02   5.898499e-16   1.626762e-04   3.666022e-17   240
  4.875204e-02   5.036313e-16   0.000000e+00   5.625075e-17   72
  4.929001e-02   4.372558e-16   9.927197e-05   3.677184e-17   126
  4.962939e-02   5.574055e-16   9.159181e-05   4.403076e-17   168
  5.027740e-02   5.252845e-16   1.001546e-04   2.762797e-17   288
  5.095853e-02   6.088325e-16   5.274950e-05   5.026755e-17   156
  5.131126e-02   4.247799e-16   8.873998e-05   3.465133e-17   168
  5.184617e-02   5.012793e-16   1.521290e-04   3.393044e-17   264
  5.233850e-02   4.353565e-16   0.000000e+00   5.850703e-17   48
  5.270435e-02   5.489408e-16   1.514052e-04   3.202199e-17   264
  5.322882e-02   5.204028e-16   8.924381e-05   4.390267e-17   144
  5.362492e-02   5.227014e-16   1.825884e-04   4.970895e-17   78
  5.420192e-02   5.486418e-16   1.186900e-04   2.825387e-17   336
  5.474604e-02   4.764799e-16   9.030373e-05   3.517979e-17   200
  5.510338e-02   5.243851e-16   1.768159e-04   3.845293e-17   192
  5.558581e-02   5.433537e-16   8.873069e-05   3.161251e-17   240
  5.602902e-02   5.077677e-16   1.778215e-04   3.234130e-17   168
  5.648434e-02   5.341239e-16   1.423690e-04   4.646764e-17   120
  5.703118e-02   5.378409e-16   1.112738e-04   2.981114e-17   324
  5.756179e-02   6.368094e-16   8.748012e-05   4.987695e-17   192
  5.792293e-02   6.108668e-16   1.568908e-04   4.783702e-17   168
  5.853721e-02   6.135642e-16   1.292197e-04   2.962165e-17   342
  5.909109e-02   5.969853e-16   1.040479e-04   3.389451e-17   336
  5.965251e-02   6.147465e-16   7.962394e-05   7.259350e-17   72
  6.003109e-02   5.883403e-16   1.273478e-04   4.048315e-17   288
  6.047058e-02   5.301209e-16   8.293768e-05   3.686584e-17   264
  6.108439e-02   5.181976e-16   1.090835e-04   2.740615e-17   384
  6.163419e-02   6.554633e-16   1.309286e-04   3.972698e-17   240
  6.186267e-02   4.656353e-16   0.000000e+00   6.252108e-17   48
  6.252352e-02   6.214367e-16   1.071736e-04   2.979714e-17   392
  6.302771e-02   5.691051e-16   1.176177e-04   3.372416e-17   294
  6.356985e-02   5.826863e-16   7.644534e-05   3.759163e-17   228
  6.392640e-02   5.696908e-16   1.160935e-04   3.865077e-17   216
  6.437004e-02   5.453308e-16   7.071608e-05   3.187146e-17   336
  6.491309e-02   6.484334e-16   8.402231e-05   3.210815e-17   360
  6.536140e-02   7.196617e-16   1.280140e-04   3.967644e-17   240
  6.582853e-02   5.968173e-16   1.514699e-04   3.550005e-17   168
  6.626426e-02   6.548436e-16   1.192252e-04   3.741567e-17   312
  6.678338e-02   4.986505e-16   7.461529e-05   2.792105e-17   336
  6.734419e-02   5.379127e-16   1.017891e-04   3.209165e-17   294
  6.776702e-02   6.056670e-16   1.356641e-04   3.565274e-17   288
  6.809058e-02   5.247695e-16   8.488954e-05   3.022593e-17   264
  6.866755e-02   6.027099e-16   1.458184e-04   2.606605e-17   480
  6.914996e-02   5.049608e-16   7.133389e-05   3.063136e-17   240
  6.974139e-02   5.251808e-16   7.213111e-05   3.174083e-17   276
  7.020800e-02   5.729867e-16   1.583420e-04   2.607328e-17   488
  7.076234e-02   5.440218e-16   6.973720e-05   3.377025e-17   240
  7.108411e-02   6.344739e-16   1.354117e-04   2.983919e-17   360
  7.153530e-02   6.711211e-16   4.817743e-05   4.293757e-17   198
  7.211554e-02   6.123878e-16   1.627935e-04   2.949760e-17   480
  7.254038e-02   5.295196e-16   6.008787e-05   2.893050e-17   288
  7.312796e-02   6.253365e-16   1.270121e-04   2.611084e-17   480
  7.365633e-02   5.956634e-16   7.825550e-05   2.605676e-17   480
  7.419894e-02   5.319203e-16   1.012105e-04   3.058913e-17   288
  7.453749e-02   5.144771e-16   1.079729e-04   3.015918e-17   288
  7.506996e-02   5.989625e-16   1.877112e-04   2.619459e-17   456
  7.560610e-02   6.197174e-16   1.767802e-04   3.120137e-17   360
  7.595177e-02   4.830634e-16   1.059672e-04   3.344789e-17   180
  7.645202e-02   6.177148e-16   1.154112e-04   2.878059e-17   486
  7.695907e-02   6.092713e-16   1.535340e-04   2.739167e-17   504
  7.747462e-02   6.337844e-16   1.192882e-04   3.501687e-17   456
  7.790209e-02   6.197718e-16   9.910745e-05   3.200668e-17   296
  7.846686e-02   6.191355e-16   9.779604e-05   2.936577e-17   528
  7.889160e-02   5.786391e-16   9.649931e-05   3.442022e-17   336
  7.951717e-02   5.476424e-16   1.070358e-04   2.081482e-17   600
  7.997507e-02   6.951196e-16   6.270729e-05   4.445972e-17   264
  8.043396e-02   6.574194e-16   6.781049e-05   3.182804e-17   360
  8.090234e-02   5.687365e-16   1.357633e-04   2.165618e-17   630
  8.141847e-02   5.204478e-16   7.007974e-05   2.069498e-17   432
  8.187631e-02   5.066174e-16   1.350259e-04   2.281193e-17   408
  8.243827e-02   5.130026e-16   8.962194e-05   2.846836e-17   324
  8.285635e-02   5.429903e-16   1.277222e-04   2.005744e-17   744
  8.336064e-02   4.607737e-16   1.021054e-04   2.286440e-17   336
  8.384245e-02   6.174658e-16   1.403689e-04   2.839269e-17   528
  8.437080e-02   5.498257e-16   7.162045e-05   2.813863e-17   408
  8.472109e-02   5.160895e-16   1.218981e-04   2.311838e-17   408
  8.529988e-02   5.396902e-16   1.006308e-04   2.651631e-17   470
  8.572148e-02   6.536048e-16   1.208902e-04   2.747319e-17   528
  8.631019e-02   5.448253e-16   1.007343e-04   2.101208e-17   624
  8.674381e-02   6.077654e-16   7.664930e-05   2.582022e-17   504
  8.719116e-02   5.702115e-16   1.067668e-04   2.552841e-17   552
  8.763489e-02   5.543222e-16   5.190111e-05   3.088982e-17   336
  8.819051e-02   6.467079e-16   1.104770e-04   2.916872e-17   528
  8.862093e-02   5.606472e-16   1.257802e-04   2.418035e-17   564
  8.912507e-02   4.941790e-16   1.157674e-04   2.179268e-17   528
  8.967166e-02   5.403473e-16   1.797324e-04   2.254108e-17   582
  9.016871e-02   5.475503e-16   1.383668e-04   2.198160e-17   624
  9.060342e-02   5.696780e-16   1.581799e-04   2.843064e-17   432
  9.112208e-02   5.886184e-16   1.759475e-04   1.944779e-17   816
  9.165576e-02   5.517713e-16   8.018898e-05   3.047442e-17   312
  9.200488e-02   5.811047e-16   1.299641e-04   2.635695e-17   552
  9.256787e-02   5.478690e-16   8.185444e-05   1.960215e-17   744
  9.297574e-02   5.058210e-16   7.646869e-05   2.376953e-17   408
  9.350218e-02   5.549802e-16   1.095830e-04   2.062969e-17   632
  9.404906e-02   5.563384e-16   1.860997e-04   2.188975e-17   750
  9.449396e-02   6.038266e-16   1.280227e-04   3.114357e-17   312
  9.498974e-02   5.784648e-16   1.890077e-04   1.842737e-17   876
  9.548011e-02   5.527124e-16   1.234108e-04   2.476540e-17   552
  9.603265e-02   5.622530e-16   1.020603e-04   2.047554e-17   696
  9.640905e-02   5.936320e-16   1.126552e-04   2.557643e-17   576
  9.692128e-02   5.497963e-16   1.192748e-04   2.006571e-17   576
  9.735848e-02   5.481311e-16   1.598285e-04   2.235654e-17   648
  9.788685e-02   5.787035e-16   1.599783e-04   2.441966e-17   672
  9.847019e-02   5.162174e-16   6.785687e-05   2.276449e-17   480
  9.884355e-02   5.555626e-16   1.050846e-04   1.928395e-17   726
  9.932431e-02   5.521106e-16   1.190745e-04   1.998468e-17   792
  9.984502e-02   5.954076e-16   1.651878e-04   2.165156e-17   768
  1.003938e-01   5.357478e-16   1.350017e-04   2.040811e-17   672
  1.008970e-01   5.450858e-16   9.055629e-05   2.247602e-17   608
  1.012613e-01   5.402489e-16   8.693679e-05   2.220223e-17   624
  1.017809e-01   5.161099e-16   1.129736e-04   1.995572e-17   684
  1.022864e-01   5.238506e-16   1.668752e-04   1.965678e-17   768
  1.027568e-01   5.605064e-16   1.334155e-04   2.117834e-17   744
  1.033173e-01   5.398020e-16   8.400635e-05   1.996486e-17   750
  1.037259e-01   5.200501e-16   1.248642e-04   2.197816e-17   600
  1.041677e-01   5.434032e-16   1.325833e-04   2.338338e-17   600
  1.047135e-01   5.833377e-16   1.527941e-04   1.816580e-17   1008
  1.051470e-01   5.226022e-16   8.474486e-05   2.133255e-17   696
  1.056273e-01   5.240335e-16   1.119517e-04   2.179590e-17   624
  1.061102e-01   5.299123e-16   1.742111e-04   1.743120e-17   840
  1.066588e-01   5.377733e-16   1.185366e-04   1.848313e-17   816
  1.071038e-01   5.603799e-16   7.873478e-05   2.269284e-17   744
  1.075531e-01   4.931643e-16   1.391901e-04   2.185633e-17   510
  1.080960e-01   5.073523e-16   1.336339e-04   1.709893e-17   1020
  1.086012e-01   5.423914e-16   1.078294e-04   1.798785e-17   912
  1.090992e-01   5.080869e-16   1.597552e-04   1.936766e-17   752
  1.095110e-01   4.974523e-16   1.325595e-04   1.728508e-17   888
  1.100730e-01   5.151230e-16   8.554013e-05   1.831677e-17   768
  1.105327e-01   5.011132e-16   1.554339e-04   1.832371e-17   720
  1.110617e-01   4.786485e-16   1.370195e-04   1.463020e-17   1056
  1.115309e-01   4.825759e-16   9.479589e-05   2.011458e-17   504
  1.119154e-01   5.079103e-16   1.480257e-04   1.759093e-17   774
  1.124652e-01   5.316870e-16   1.423615e-04   1.540255e-17   1272
  1.129816e-01   5.032900e-16   9.326921e-05   1.715053e-17   744
  1.134632e-01   5.258178e-16   1.523027e-04   1.801669e-17   768
  1.139050e-01   5.554939e-16   1.288282e-04   1.923447e-17   840
  1.144011e-01   4.649165e-16   8.734207e-05   1.579479e-17   924
  1.148789e-01   5.168802e-16   1.539839e-04   1.682110e-17   936
  1.153484e-01   4.925822e-16   1.070130e-04   1.727676e-17   840
  1.158214e-01   4.525723e-16   1.272259e-04   1.586433e-17   1008
  1.164225e-01   5.043847e-16   1.436262e-04   1.863970e-17   696
  1.167996e-01   4.860040e-16   1.276589e-04   1.640736e-17   974
  1.173599e-01   4.430052e-16   1.695459e-04   1.366203e-17   1152
  1.178471e-01   4.445503e-16   6.634378e-05   1.510049e-17   816
  1.182260e-01   4.833275e-16   1.459488e-04   1.601142e-17   816
  1.187357e-01   5.131405e-16   1.288794e-04   1.498742e-17   1152
  1.192732e-01   4.899708e-16   1.160356e-04   1.631204e-17   912
  1.197621e-01   4.933294e-16   1.409833e-04   1.381960e-17   1056
  1.201806e-01   4.324871e-16   1.205660e-04   1.662193e-17   624
  1.207435e-01   4.698565e-16   1.506027e-04   1.320096e-17   1260
  1.212292e-01   4.159782e-16   9.083716e-05   1.486997e-17   894
  1.217037e-01   4.418496e-16   1.556364e-04   1.248846e-17   1176
  1.221783e-01   4.775804e-16   1.288208e-04   1.656937e-17   840
  1.227186e-01   4.470481e-16   1.464236e-04   1.164123e-17   1440
  1.232859e-01   4.445281e-16   8.232021e-05   1.430924e-17   864
  1.237160e-01   4.840127e-16   1.412655e-04   1.512747e-17   1056
  1.241441e-01   4.472762e-16   8.328830e-05   1.625470e-17   624
  1.246641e-01   4.556595e-16   1.542356e-04   1.188973e-17   1496
  1.251612e-01   4.727389e-16   1.088958e-04   1.617875e-17   936
  1.256039e-01   5.206691e-16   1.576468e-04   1.773624e-17   966
  1.260801e-01   4.744957e-16   1.117465e-04   1.518132e-17   936
  1.265804e-01   4.571592e-16   1.382244e-04   1.274082e-17   1248
  1.270926e-01   4.397728e-16   9.744205e-05   1.340473e-17   1044
  1.275698e-01   4.216232e-16   1.509409e-04   1.067709e-17   1392
  1.279478e-01   4.092325e-16   1.162549e-04   1.746191e-17   600
  1.284885e-01   4.555535e-16   1.320778e-04   1.296859e-17   1416
  1.289955e-01   4.473251e-16   1.421656e-04   1.369274e-17   1152
  1.295092e-01   4.075066e-16   1.363856e-04   1.301447e-17   936
  1.299230e-01   3.781248e-16   1.462802e-04   1.398967e-17   870
  1.304147e-01   4.257249e-16   1.226502e-04   1.163515e-17   1368
  1.309604e-01   4.221067e-16   1.612530e-04   1.049087e-17   1632
  1.314267e-01   3.870902e-16   7.000699e-05   1.343322e-17   816
  1.319315e-01   4.388429e-16   1.597143e-04   1.313019e-17   1200
  1.323720e-01   4.598978e-16   1.527057e-04   1.204118e-17   1184
  1.328194e-01   4.270512e-16   1.158936e-04   1.393706e-17   984
  1.333683e-01   4.297111e-16   1.414942e-04   1.110506e-17   1572
  1.338659e-01   3.635605e-16   7.792333e-05   1.205885e-17   840
  1.343297e-01   4.259175e-16   1.812138e-04   1.168419e-17   1392
  1.348193e-01   4.334478e-16   1.330470e-04   1.238252e-17   1158
  1.352564e-01   4.125138e-16   1.211496e-04   1.206234e-17   1272
  1.357826e-01   4.038128e-16   1.234623e-04   1.115855e-17   1320
  1.362769e-01   3.921108e-16   1.208065e-04   1.186056e-17   1104
  1.367472e-01   4.028178e-16   1.367360e-04   1.056954e-17   1392
  1.372408e-01   4.115905e-16   1.478938e-04   1.244529e-17   1296
  1.377492e-01   3.892793e-16   1.544255e-04   9.713755e-18   1392
  1.382262e-01   3.982306e-16   1.132835e-04   1.128004e-17   1104
  1.386675e-01   4.109744e-16   1.426913e-04   1.067918e-17   1320
  1.392961e-01   4.130963e-16   1.089713e-04   1.140766e-17   1422
  1.396977e-01   3.723334e-16   1.357176e-04   1.045649e-17   1212
  1.401589e-01   3.924393e-16   1.483027e-04   1.078963e-17   1280
  1.406327e-01   3.967837e-16   1.544235e-04   1.124993e-17   1272
  1.410869e-01   4.128094e-16   1.336382e-04   9.765285e-18   1680
  1.416252e-01   3.806793e-16   1.262633e-04   1.019637e-17   1152
  1.421207e-01   3.828485e-16   1.462174e-04   1.047277e-17   1512
  1.426417e-01   3.788376e-16   6.173239e-05   1.276619e-17   912
  1.430535e-01   3.548937e-16   1.556147e-04   8.805357e-18   1680
  1.436012e-01   3.745805e-16   1.378563e-04   9.693826e-18   1518
  1.440071e-01   3.837268e-16   1.276288e-04   1.238075e-17   1056
  1.444347e-01   3.880239e-16   1.288698e-04   1.035626e-17   1344
  1.449875e-01   3.868263e-16   1.383780e-04   9.040561e-18   1680
  1.454876e-01   3.412414e-16   1.363571e-04   8.270666e-18   1656
  1.460341e-01   3.632644e-16   1.159057e-04   1.064498e-17   1140
  1.464444e-01   3.640752e-16   1.342100e-04   9.302708e-18   1368
  1.469271e-01   3.616575e-16   1.526647e-04   8.654353e-18   1656
  1.474179e-01   3.448921e-16   1.563614e-04   9.470163e-18   1448
  1.479520e-01   3.336484e-16   1.468912e-04   8.916511e-18   1422
  1.484453e-01   3.630879e-16   1.621619e-04   9.946124e-18   1512
  1.488673e-01   3.675197e-16   1.236275e-04   1.025405e-17   1296
  1.493554e-01   3.660150e-16   1.128801e-04   8.679770e-18   1824
  1.498832e-01   3.562239e-16   1.463660e-04   8.979260e-18   1464
  1.504163e-01   3.416530e-16   1.306107e-04   7.801366e-18   1824
  1.509111e-01   3.206616e-16   1.038421e-04   8.130621e-18   1416
  1.513416e-01   3.310411e-16   1.521007e-04   8.996254e-18   1392
  1.518062e-01   3.372618e-16   1.403562e-04   8.735568e-18   1464
  1.523732e-01   3.372232e-16   1.372200e-04   8.683034e-18   1524
  1.528113e-01   3.315249e-16   1.264504e-04   7.891966e-18   1686
  1.533176e-01   3.480230e-16   1.505644e-04   8.546763e-18   1800
  1.537528e-01   3.405686e-16   1.195338e-04   9.435813e-18   1344
  1.542356e-01   3.248247e-16   1.394596e-04   7.598883e-18   1656
  1.547196e-01   3.252895e-16   1.113514e-04   8.425927e-18   1488
  1.551402e-01   3.435391e-16   1.111701e-04   8.843911e-18   1536
  1.557262e-01   3.070778e-16   1.234973e-04   7.614214e-18   1760
  1.561802e-01   3.437858e-16   1.373667e-04   8.002878e-18   1824
  1.567053e-01   3.325996e-16   1.152763e-04   8.506363e-18   1560
  1.572105e-01   3.305229e-16   1.324056e-04   7.878966e-18   1926
  1.576857e-01   3.285472e-16   9.415777e-05   9.006743e-18   1272
  1.581194e-01   3.169827e-16   1.582320e-04   7.358190e-18   1848
  1.586895e-01   3.074279e-16   1.278379e-04   7.028727e-18   1908
  1.591231e-01   3.156798e-16   1.246890e-04   9.094974e-18   1488
  1.595806e-01   3.267465e-16   1.406224e-04   7.533385e-18   1800
  1.600766e-01   3.010630e-16   1.407610e-04   7.395956e-18   1752
  1.605517e-01   3.152510e-16   1.496769e-04   8.401267e-18   1368
  1.610272e-01   2.965336e-16   1.406675e-04   6.850993e-18   2016
  1.615501e-01   3.161354e-16   1.485794e-04   8.479198e-18   1542
  1.620327e-01   3.025034e-16   1.454994e-04   6.910342e-18   2184
  1.625669e-01   3.010403e-16   1.330990e-04   7.680113e-18   1776
  1.630283e-01   2.982810e-16   1.521522e-04   7.494572e-18   1568
  1.634682e-01   3.170657e-16   1.390081e-04   7.189593e-18   2040
  1.639468e-01   2.773232e-16   1.486121e-04   6.667876e-18   1704
  1.644478e-01   2.838758e-16   1.489728e-04   7.487266e-18   1512
  1.649202e-01   2.805246e-16   1.270742e-04   5.993596e-18   2028
  1.654509e-01   2.949366e-16   1.532841e-04   6.553217e-18   1968
  1.659362e-01   2.976095e-16   1.554838e-04   6.827423e-18   1854
  1.664110e-01   2.799467e-16   1.482240e-04   6.596477e-18   1632
  1.668977e-01   2.716064e-16   1.523128e-04   5.443949e-18   2424
  1.674021e-01   2.719935e-16   1.524713e-04   6.557180e-18   1560
  1.678285e-01   2.947023e-16   1.440852e-04   7.097026e-18   1728
  1.683437e-01   2.786136e-16   1.538043e-04   6.098549e-18   2088
  1.688623e-01   2.755194e-16   1.464052e-04   6.292454e-18   1968
  1.693394e-01   2.689933e-16   1.449552e-04   5.838300e-18   2256
  1.698178e-01   2.724597e-16   1.288813e-04   6.270931e-18   1728
  1.703172e-01   2.564327e-16   1.270494e-04   6.836316e-18   1416
  1.707596e-01   2.815889e-16   1.339356e-04   5.916016e-18   2246
  1.712606e-01   2.723264e-16   1.483321e-04   6.155515e-18   2148
  1.717398e-01   2.751127e-16   1.252967e-04   6.877428e-18   1680
  1.721909e-01   2.608878e-16   1.584012e-04   5.761250e-18   2280
  1.727331e-01   2.573037e-16   1.475065e-04   5.461422e-18   2352
  1.732395e-01   2.453998e-16   1.239422e-04   6.489306e-18   1632
  1.736402e-01   2.606724e-16   1.418228e-04   5.910069e-18   1968
  1.741900e-01   2.569237e-16   1.455103e-04   5.534276e-18   2112
  1.746998e-01   2.590904e-16   1.093039e-04   5.691780e-18   2208
  1.751952e-01   2.577990e-16   1.102112e-04   5.726749e-18   1974
  1.755862e-01   2.644222e-16   1.078165e-04   6.222623e-18   1944
  1.761144e-01   2.747117e-16   1.219820e-04   5.958498e-18   2160
  1.765722e-01   2.460554e-16   1.140807e-04   5.628345e-18   2040
  1.770670e-01   2.578483e-16   1.596015e-04   5.167075e-18   2352
  1.775745e-01   2.558442e-16   1.325904e-04   5.953573e-18   1836
  1.780376e-01   2.500978e-16   1.414413e-04   5.130368e-18   2352
  1.785577e-01   2.346839e-16   1.483527e-04   5.138886e-18   2008
  1.790344e-01   2.385243e-16   1.459431e-04   4.708173e-18   2464
  1.795659e-01   2.348601e-16   1.177095e-04   5.090663e-18   2118
  1.800019e-01   2.457579e-16   1.183276e-04   5.782066e-18   1848
  1.804507e-01   2.299970e-16   1.565861e-04   4.919957e-18   2280
  1.809928e-01   2.374053e-16   1.489508e-04   4.682424e-18   2472
  1.814993e-01   2.262390e-16   9.953927e-05   4.725774e-18   2280
  1.819245e-01   2.287750e-16   1.216700e-04   5.111459e-18   1992
  1.823831e-01   2.336200e-16   1.279126e-04   5.116632e-18   2184
  1.829118e-01   2.334058e-16   1.543068e-04   4.814380e-18   2352
  1.834214e-01   2.335068e-16   1.626118e-04   4.662984e-18   2496
  1.839203e-01   2.300049e-16   1.518813e-04   5.388541e-18   1770
  1.843678e-01   2.316614e-16   1.310496e-04   4.478680e-18   2568
  1.849057e-01   2.119487e-16   1.607377e-04   4.035572e-18   2712
  1.853947e-01   2.253605e-16   1.276489e-04   4.596013e-18   2448
  1.858830e-01   2.153535e-16   1.076015e-04   4.761210e-18   2064
  1.862881e-01   2.242690e-16   1.135758e-04   5.327443e-18   1944
  1.868133e-01   2.101669e-16   1.403079e-04   4.322936e-18   2480
  1.873491e-01   2.109841e-16   1.524155e-04   4.016347e-18   2880
  1.878237e-01   2.109332e-16   1.462067e-04   4.368095e-18   2304
  1.883193e-01   2.163736e-16   1.343278e-04   5.363260e-18   1806
  1.887589e-01   2.121227e-16   1.317346e-04   4.236492e-18   2856
  1.893097e-01   2.098346e-16   1.263374e-04   4.034633e-18   2568
  1.897288e-01   2.177626e-16   1.267515e-04   4.484938e-18   2112
  1.901850e-01   2.104624e-16   1.220840e-04   4.629987e-18   2028
  1.906744e-01   2.154389e-16   1.445115e-04   4.110165e-18   2712
  1.911714e-01   2.000751e-16   1.556884e-04   3.741417e-18   2952
  1.917055e-01   2.012894e-16   1.202957e-04   4.470532e-18   2112
  1.921372e-01   2.096809e-16   1.409804e-04   4.447331e-18   2520
  1.926559e-01   2.000158e-16   1.359784e-04   4.104768e-18   2376
  1.931282e-01   1.981532e-16   1.090048e-04   3.823992e-18   2526
  1.936186e-01   1.982557e-16   1.356536e-04   3.957659e-18   2664
  1.941040e-01   2.061128e-16   1.617960e-04   4.289063e-18   2408
  1.945694e-01   1.909978e-16   1.296049e-04   3.961681e-18   2568
  1.950440e-01   2.047419e-16   1.221942e-04   3.978901e-18   2904
  1.955589e-01   1.991547e-16   1.371053e-04   3.966381e-18   2544
  1.960480e-01   1.900273e-16   1.009875e-04   3.985468e-18   2160
  1.965096e-01   1.880452e-16   1.745958e-04   3.715548e-18   2652
  1.970194e-01   1.945578e-16   1.382439e-04   3.841006e-18   2784
  1.975101e-01   1.825092e-16   1.365199e-04   3.589965e-18   2694
  1.980185e-01   1.872286e-16   1.226932e-04   3.465898e-18   2952
  1.984602e-01   1.882097e-16   1.162128e-04   3.941649e-18   2208
  1.989102e-01   1.910248e-16   1.238599e-04   4.315506e-18   2304
  1.994125e-01   1.873750e-16   1.610662e-04   3.155041e-18   3504
  1.999983e-01   1.777806e-16   1.304210e-04   3.450042e-18   2616
  2.004552e-01   1.789999e-16   1.274108e-04   3.311974e-18   2664
  2.008953e-01   1.830111e-16   1.183758e-04   3.700993e-18   2448
  2.013388e-01   1.821431e-16   1.648584e-04   3.604149e-18   2472
  2.018606e-01   1.724433e-16   1.310718e-04   3.077462e-18   3134
  2.023516e-01   1.652886e-16   1.433541e-04   3.138017e-18   2616
  2.028419e-01   1.804062e-16   1.161223e-04   3.393089e-18   2712
  2.033463e-01   1.716624e-16   1.331755e-04   3.019316e-18   3204
  2.038284e-01   1.726541e-16   1.533782e-04   3.229369e-18   2760
  2.042862e-01   1.686979e-16   1.338200e-04   3.244373e-18   2688
  2.047911e-01   1.719292e-16   1.265264e-04   3.309897e-18   2760
  2.052376e-01   1.682285e-16   1.044749e-04   3.487800e-18   2568
  2.057517e-01   1.671749e-16   1.622443e-04   2.880972e-18   3336
  2.062452e-01   1.617344e-16   1.373220e-04   3.428364e-18   2334
  2.067435e-01   1.615105e-16   1.519616e-04   2.807822e-18   3264
  2.072092e-01   1.691917e-16   1.104877e-04   3.263551e-18   2760
  2.076868e-01   1.563606e-16   1.334378e-04   2.792776e-18   3192
  2.081730e-01   1.525719e-16   1.385370e-04   2.854443e-18   2904
  2.086902e-01   1.620300e-16   1.390027e-04   3.284730e-18   2784
  2.091231e-01   1.574012e-16   1.144018e-04   3.226660e-18   2592
  2.096156e-01   1.469450e-16   1.559460e-04   2.578061e-18   3284
  2.101389e-01   1.573513e-16   1.566406e-04   2.706983e-18   3168
  2.106071e-01   1.538321e-16   1.292397e-04   3.149482e-18   2616
  2.110994e-01   1.504728e-16   1.248775e-04   2.655247e-18   3222
  2.115781e-01   1.500260e-16   1.401164e-04   2.642880e-18   3240
  2.120418e-01   1.542746e-16   1.417503e-04   3.084236e-18   2568
  2.125690e-01   1.467864e-16   1.300629e-04   2.769032e-18   3120
  2.130097e-01   1.461896e-16   1.429850e-04   2.584169e-18   3168
  2.134838e-01   1.494821e-16   1.251725e-04   2.618626e-18   3240
  2.140024e-01   1.462271e-16   1.284239e-04   2.593032e-18   3144
  2.145062e-01   1.434129e-16   1.224103e-04   2.745394e-18   2856
  2.149823e-01   1.437319e-16   1.307392e-04   2.577620e-18   3264
  2.155212e-01   1.389089e-16   1.444609e-04   2.477165e-18   3318
  2.159452e-01   1.431907e-16   1.011723e-04   2.807416e-18   2556
  2.164506e-01   1.380832e-16   1.728209e-04   2.143269e-18   4008
  2.169623e-01   1.321182e-16   1.275720e-04   2.470718e-18   2904
  2.174000e-01   1.353474e-16   1.304469e-04   2.424181e-18   3144
  2.178983e-01   1.405819e-16   1.359922e-04   2.498052e-18   3200
  2.184140e-01   1.306859e-16   1.341212e-04   2.349898e-18   3312
  2.188763e-01   1.357446e-16   1.080957e-04   2.587805e-18   2832
  2.193924e-01   1.291419e-16   1.555565e-04   2.100575e-18   3984
  2.198717e-01   1.367703e-16   1.264601e-04   2.908145e-18   2238
  2.203092e-01   1.317178e-16   1.488218e-04   2.063103e-18   3984
  2.208520e-01   1.347718e-16   1.414250e-04   2.255077e-18   3384
  2.213029e-01   1.295211e-16   1.321942e-04   2.370094e-18   3048
  2.217737e-01   1.253241e-16   1.213801e-04   2.233119e-18   3096
  2.222656e-01   1.267699e-16   1.375807e-04   2.126367e-18   3708
  2.227545e-01   1.267024e-16   1.304078e-04   2.302519e-18   2784
  2.232087e-01   1.263448e-16   1.354535e-04   2.175882e-18   3648
  2.237247e-01   1.233822e-16   1.394108e-04   1.942576e-18   3888
  2.242738e-01   1.266227e-16   1.488252e-04   2.367045e-18   2958
  2.246837e-01   1.248916e-16   1.270361e-04   2.194345e-18   3264
  2.251777e-01   1.246644e-16   1.402443e-04   2.167789e-18   3160
  2.256445e-01   1.242403e-16   1.271016e-04   2.027773e-18   3736
  2.260868e-01   1.181321e-16   1.158193e-04   2.018514e-18   3216
  2.266085e-01   1.240300e-16   1.419303e-04   2.003404e-18   4032
  2.271526e-01   1.155029e-16   1.295798e-04   2.023249e-18   3528
  2.276165e-01   1.180766e-16   1.143819e-04   2.091536e-18   3192
  2.280803e-01   1.168373e-16   1.252686e-04   2.023983e-18   3456
  2.285834e-01   1.139456e-16   1.298903e-04   2.116254e-18   3060
  2.290876e-01   1.149800e-16   1.544545e-04   1.740367e-18   4518
  2.295790e-01   1.172900e-16   1.375990e-04   1.924065e-18   3528
  2.300307e-01   1.139619e-16   1.155591e-04   2.164667e-18   3024
  2.305122e-01   1.130713e-16   1.564624e-04   1.841892e-18   3672
  2.310028e-01   1.123145e-16   1.342922e-04   1.870189e-18   3864
  2.315474e-01   1.097518e-16   1.423480e-04   1.791535e-18   3816
  2.319928e-01   1.090768e-16   1.295052e-04   1.901080e-18   3456
  2.324198e-01   1.095900e-16   1.172315e-04   2.216372e-18   2688
  2.329230e-01   1.031787e-16   1.390930e-04   1.615500e-18   4248
  2.334218e-01   1.084631e-16   1.332244e-04   1.783673e-18   3926
  2.339228e-01   1.085475e-16   1.406621e-04   1.773066e-18   3504
  2.344067e-01   1.034198e-16   1.257540e-04   1.584184e-18   3960
  2.349411e-01   1.070658e-16   1.415697e-04   1.884316e-18   3684
  2.353994e-01   1.017462e-16   1.415603e-04   1.631071e-18   4104
  2.358576e-01   1.069639e-16   1.342621e-04   1.854825e-18   3144
  2.363498e-01   1.023462e-16   1.470632e-04   1.570769e-18   4224
  2.368909e-01   1.018061e-16   1.305314e-04   1.623848e-18   4008
  2.373532e-01   1.020750e-16   1.436052e-04   1.767280e-18   3312
  2.378293e-01   9.802461e-17   1.428317e-04   1.598022e-18   3726
  2.383356e-01   1.040500e-16   1.467057e-04   1.665093e-18   3936
  2.387852e-01   9.556525e-17   1.512247e-04   1.602673e-18   3888
  2.392518e-01   9.586379e-17   1.429975e-04   1.639450e-18   3864
  2.397372e-01   9.854142e-17   1.520184e-04   1.625557e-18   3888
  2.402373e-01   9.795050e-17   1.433767e-04   1.552707e-18   4080
  2.407309e-01   9.523107e-17   1.521663e-04   1.706970e-18   3400
  2.412345e-01   9.625253e-17   1.395519e-04   1.423567e-18   4588
  2.417438e-01   9.131571e-17   1.381276e-04   1.532869e-18   3816
  2.421888e-01   8.996164e-17   1.308874e-04   1.478438e-18   3534
  2.426599e-01   9.346063e-17   1.292818e-04   1.472618e-18   4080
  2.431528e-01   8.587596e-17   1.351361e-04   1.312363e-18   4248
  2.436477e-01   8.963081e-17   1.361762e-04   1.440413e-18   3528
  2.441045e-01   8.597681e-17   1.392215e-04   1.308640e-18   4248
  2.445661e-01   9.099501e-17   1.361726e-04   1.522921e-18   3696
  2.450802e-01   8.790011e-17   1.412982e-04   1.330313e-18   4560
  2.455678e-01   8.901316e-17   1.323495e-04   1.457584e-18   3864
  2.460685e-01   8.733400e-17   1.441083e-04   1.318336e-18   4440
  2.465431e-01   8.662617e-17   1.344565e-04   1.435994e-18   3432
  2.470417e-01   8.419789e-17   1.318374e-04   1.244214e-18   4470
  2.475323e-01   8.331084e-17   1.171596e-04   1.289907e-18   4188
  2.480144e-01   8.137076e-17   1.500979e-04   1.220772e-18   4392
  2.484933e-01   8.004060e-17   1.161150e-04   1.321320e-18   3960
  2.489913e-01   8.220791e-17   1.311762e-04   1.222415e-18   4328
  2.494737e-01   8.123693e-17   1.365155e-04   1.249272e-18   4320
  2.499612e-01   8.153095e-17   1.427527e-04   1.249123e-18   4152
  2.504133e-01   7.741149e-17   1.194148e-04   1.307210e-18   3528
  2.509246e-01   8.052341e-17   1.292483e-04   1.208091e-18   4512
  2.514030e-01   7.813854e-17   1.321235e-04   1.221156e-18   4134
  2.518889e-01   7.765251e-17   1.407559e-04   1.071881e-18   5208
  2.523561e-01   7.834860e-17   1.226327e-04   1.437472e-18   3240
  2.528396e-01   7.770779e-17   1.352583e-04   1.096718e-18   4680
  2.533316e-01   7.686670e-17   1.339167e-04   1.132631e-18   4440
  2.538242e-01   7.697048e-17   1.517493e-04   1.229961e-18   4260
  2.542967e-01   7.293727e-17   1.238886e-04   1.165093e-18   4056
  2.547833e-01   7.320403e-17   1.373522e-04   1.044874e-18   4704
  2.552940e-01   7.231163e-17   1.598328e-04   1.043905e-18   4800
  2.558338e-01   7.399841e-17   1.384828e-04   1.074440e-18   4806
  2.563004e-01   7.174800e-17   1.380453e-04   1.212285e-18   3552
  2.567447e-01   7.238934e-17   1.384155e-04   1.084807e-18   4304
  2.572463e-01   6.934487e-17   1.342317e-04   9.547658e-19   5280
  2.577424e-01   6.905405e-17   1.287726e-04   1.047671e-18   4320
  2.582120e-01   7.044400e-17   1.454180e-04   1.058271e-18   4296
  2.587071e-01   6.962941e-17   1.616686e-04   1.004550e-18   4608
  2.592079e-01   7.024703e-17   1.548872e-04   1.013217e-18   4824
  2.597037e-01   6.543382e-17   1.462245e-04   9.676242e-19   4488
  2.602357e-01   6.762531e-17   1.365163e-04   1.006211e-18   4530
  2.606750e-01   6.626112e-17   1.332969e-04   1.004621e-18   4464
  2.611146e-01   6.406644e-17   1.256224e-04   1.042910e-18   4104
  2.616192e-01   6.659544e-17   1.354472e-04   8.925322e-19   5424
  2.621157e-01   6.299521e-17   1.458006e-04   9.267454e-19   4392
  2.626209e-01   6.230274e-17   1.427447e-04   8.959878e-19   4896
  2.630796e-01   6.388922e-17   1.399190e-04   9.906524e-19   4104
  2.635583e-01   6.235105e-17   1.261700e-04   8.910133e-19   4824
  2.640634e-01   6.262581e-17   1.205890e-04   9.154887e-19   4680
  2.645034e-01   6.411935e-17   1.233362e-04   9.884708e-19   4328
  2.650142e-01   5.911955e-17   1.421747e-04   8.565123e-19   5118
  2.655274e-01   6.169118e-17   1.647184e-04   8.310216e-19   5304
  2.659905e-01   5.966534e-17   1.297081e-04   9.478408e-19   4392
  2.664951e-01   6.063682e-17   1.301864e-04   9.070783e-19   4476
  2.669364e-01   6.024415e-17   1.292906e-04   8.943364e-19   4704
  2.674274e-01   6.005817e-17   1.564908e-04   8.326440e-19   5208
  2.679435e-01   5.825897e-17   1.319479e-04   8.167583e-19   5304
  2.684190e-01   5.838509e-17   1.413346e-04   8.943541e-19   4296
  2.689066e-01   5.747919e-17   1.340217e-04   8.626508e-19   4752
  2.694189e-01   5.627654e-17   1.345359e-04   8.233945e-19   4950
  2.698794e-01   5.534882e-17   1.406262e-04   8.294024e-19   5064
  2.703399e-01   5.480737e-17   1.178265e-04   7.904506e-19   4872
  2.708057e-01   5.395873e-17   1.240390e-04   8.521805e-19   4224
  2.713029e-01   5.508685e-17   1.370167e-04   6.977906e-19   6120
  2.718321e-01   5.413196e-17   1.507358e-04   7.748077e-19   4968
  2.723121e-01   5.487810e-17   1.333881e-04   8.175415e-19   4424
  2.728088e-01   5.312708e-17   1.703749e-04   7.301187e-19   5436
  2.732993e-01   5.276903e-17   1.452596e-04   7.368460e-19   4896
  2.737736e-01   5.018995e-17   1.390702e-04   7.156084e-19   5214
  2.742308e-01   5.138099e-17   1.182169e-04   7.700673e-19   4656
  2.747387e-01   5.120952e-17   1.503032e-04   7.252551e-19   5448
  2.752241e-01   5.183056e-17   1.269422e-04   7.413150e-19   4992
  2.756994e-01   5.143580e-17   1.404898e-04   7.114419e-19   5400
  2.762219e-01   5.024703e-17   1.557062e-04   6.963186e-19   5328
  2.767032e-01   4.999974e-17   1.392299e-04   7.269016e-19   4776
  2.771561e-01   4.914418e-17   1.308295e-04   6.974106e-19   4800
  2.776593e-01   4.850688e-17   1.682401e-04   6.055621e-19   6552
  2.781857e-01   4.907483e-17   1.271030e-04   7.883701e-19   3942
  2.786419e-01   4.694629e-17   1.601990e-04   5.938885e-19   6072
  2.791470e-01   4.712725e-17   1.244164e-04   6.883408e-19   4692
  2.795705e-01   4.661843e-17   1.298888e-04   6.372568e-19   4944
  2.800665e-01   4.434677e-17   1.394107e-04   5.825965e-19   5840
  2.805759e-01   4.677702e-17   1.492333e-04   6.198461e-19   5712
  2.810773e-01   4.610570e-17   1.250671e-04   6.588273e-19   4800
  2.815348e-01   4.641431e-17   1.656330e-04   6.008302e-19   5688
  2.820359e-01   4.441214e-17   1.306810e-04   6.474994e-19   4848
  2.825324e-01   4.673632e-17   1.454557e-04   6.441217e-19   5406
  2.830037e-01   4.427688e-17   1.312973e-04   5.947346e-19   5568
  2.834769e-01   4.251329e-17   1.180275e-04   5.744466e-19   5736
  2.839884e-01   4.262337e-17   1.465826e-04   5.983311e-19   5280
  2.844524e-01   4.260222e-17   1.355263e-04   5.764422e-19   5592
  2.849301e-01   4.135873e-17   1.551417e-04   5.837479e-19   4968
  2.854352e-01   4.418902e-17   1.391053e-04   5.741943e-19   5964
  2.859279e-01   4.058298e-17   1.397517e-04   5.548747e-19   5376
  2.863756e-01   4.020652e-17   1.349389e-04   5.760616e-19   5472
  2.868946e-01   4.142380e-17   1.281532e-04   5.573650e-19   5472
  2.873693e-01   4.092385e-17   1.457059e-04   5.650848e-19   5415
  2.878292e-01   3.990556e-17   1.281660e-04   5.663087e-19   5096
  2.883268e-01   3.900678e-17   1.648183e-04   4.945934e-19   6372
  2.888302e-01   3.963398e-17   1.337920e-04   6.064472e-19   4656
  2.892814e-01   3.728640e-17   1.460580e-04   4.836394e-19   5844
  2.897668e-01   3.749027e-17   1.284189e-04   5.024810e-19   5508
  2.902812e-01   3.741371e-17   1.456803e-04   4.806603e-19   6324
  2.907860e-01   3.702449e-17   1.251396e-04   5.441998e-19   4752
  2.912474e-01   3.676292e-17   1.401041e-04   4.885262e-19   5676
  2.917468e-01   3.684194e-17   1.281684e-04   5.257897e-19   5472
  2.922209e-01   3.578571e-17   1.445704e-04   4.956411e-19   5556
  2.927301e-01   3.524178e-17   1.408810e-04   4.736121e-19   5436
  2.932217e-01   3.498813e-17   1.442016e-04   4.556475e-19   5916
  2.937264e-01   3.497479e-17   1.500331e-04   4.793503e-19   5520
  2.941809e-01   3.569868e-17   1.364480e-04   5.134023e-19   5280
  2.946466e-01   3.443266e-17   1.340724e-04   5.023407e-19   4416
  2.951720e-01   3.337412e-17   1.306879e-04   4.246719e-19   6260
  2.956655e-01   3.266666e-17   1.554038e-04   4.262100e-19   5940
  2.961126e-01   3.346101e-17   1.217066e-04   5.218561e-19   4188
  2.966047e-01   3.263526e-17   1.556122e-04   4.256730e-19   6360
  2.971222e-01   3.288860e-17   1.387995e-04   4.574100e-19   5256
  2.976029e-01   3.170405e-17   1.312113e-04   4.694023e-19   4848
  2.980147e-01   3.016234e-17   1.189499e-04   4.633255e-19   4704
  2.985217e-01   3.154331e-17   1.459205e-04   4.219144e-19   5784
  2.990374e-01   2.933533e-17   1.544008e-04   3.870845e-19   5820
  2.995352e-01   3.058398e-17   1.383100e-04   4.065022e-19   5700
  3.000361e-01   3.009864e-17   1.282634e-04   4.309303e-19   5232
  3.005375e-01   3.010954e-17   1.423193e-04   4.391818e-19   4932
  3.009817e-01   3.013047e-17   1.224997e-04   4.502100e-19   4716
  3.014485e-01   2.971738e-17   1.560382e-04   4.073464e-19   5616
  3.019287e-01   2.716140e-17   1.378046e-04   3.895977e-19   5184
  3.024240e-01   2.803253e-17   1.390111e-04   4.103091e-19   5064
  3.028912e-01   2.681835e-17   1.423406e-04   3.762398e-19   5544
  3.034093e-01   2.723544e-17   1.428860e-04   3.852210e-19   5192
  3.038807e-01   2.636714e-17   1.284053e-04   3.741337e-19   5244
  3.043764e-01   2.702724e-17   1.389360e-04   3.860783e-19   5112
  3.048691e-01   2.589248e-17   1.275010e-04   3.774324e-19   5040
  3.053213e-01   2.553799e-17   1.340439e-04   3.704561e-19   5124
  3.058494e-01   2.591063e-17   1.504823e-04   3.557826e-19   5952
  3.063369e-01   2.577955e-17   1.318531e-04   3.707618e-19   4824
  3.067788e-01   2.618164e-17   1.330892e-04   4.137826e-19   4536
  3.072903e-01   2.468775e-17   1.414616e-04   3.321684e-19   5712
  3.078157e-01   2.470152e-17   1.547976e-04   3.530104e-19   5352
  3.083112e-01   2.427727e-17   1.348344e-04   3.498194e-19   5004
  3.087539e-01   2.453266e-17   1.348711e-04   3.641483e-19   4800
  3.092296e-01   2.299325e-17   1.449374e-04   3.349942e-19   5148
  3.097567e-01   2.366991e-17   1.505363e-04   3.211691e-19   5664
  3.102329e-01   2.264595e-17   1.352034e-04   3.530593e-19   4692
  3.106729e-01   2.344141e-17   1.256056e-04   3.789084e-19   4008
  3.111861e-01   2.212937e-17   1.439712e-04   3.029509e-19   5852
  3.117078e-01   2.197515e-17   1.363273e-04   3.024428e-19   5784
  3.121712e-01   2.231973e-17   1.256700e-04   3.569313e-19   4392
  3.126481e-01   2.139015e-17   1.232703e-04   3.141252e-19   4944
  3.131489e-01   2.167407e-17   1.453336e-04   3.344034e-19   4776
  3.136211e-01   2.097711e-17   1.398188e-04   2.962200e-19   5244
  3.141336e-01   2.096852e-17   1.395722e-04   3.013737e-19   4884
  3.145636e-01   1.993205e-17   1.183681e-04   3.013638e-19   4488
  3.150636e-01   2.060304e-17   1.406525e-04   2.938499e-19   5160
  3.155671e-01   2.093467e-17   1.432039e-04   2.925417e-19   5316
  3.160521e-01   1.947203e-17   1.447892e-04   2.865652e-19   4896
  3.165249e-01   1.997088e-17   1.345344e-04   3.110623e-19   4188
  3.170014e-01   1.941899e-17   1.467406e-04   2.869991e-19   4836
  3.174880e-01   1.969466e-17   1.455680e-04   2.713463e-19   5316
  3.179808e-01   1.826873e-17   1.347408e-04   2.643885e-19   4920
  3.184417e-01   1.989904e-17   1.357413e-04   3.199890e-19   4128
  3.189362e-01   1.818411e-17   1.460260e-04   2.477864e-19   5348
  3.194229e-01   1.902146e-17   1.267067e-04   2.943971e-19   4836
  3.198876e-01   1.876951e-17   1.365306e-04   3.093905e-19   4392
  3.203882e-01   1.860188e-17   1.199532e-04   2.838100e-19   4632
  3.208388e-01   1.738955e-17   1.340287e-04   2.661963e-19   4596
  3.213563e-01   1.734890e-17   1.347844e-04   2.401237e-19   5424
  3.218683e-01   1.679384e-17   1.387362e-04   2.393276e-19   5256
  3.223958e-01   1.731147e-17   1.409032e-04   2.714864e-19   4524
  3.228350e-01   1.768050e-17   1.340268e-04   2.745682e-19   4440
  3.233270e-01   1.695527e-17   1.146101e-04   2.534680e-19   4380
  3.238085e-01   1.609350e-17   1.499870e-04   2.374494e-19   4812
  3.243210e-01   1.616104e-17   1.489725e-04   2.297205e-19   5376
  3.247896e-01   1.620052e-17   1.189892e-04   2.678843e-19   3888
  3.252385e-01   1.621356e-17   1.362564e-04   2.375635e-19   4896
  3.257395e-01   1.619993e-17   1.437728e-04   2.432011e-19   4608
  3.262654e-01   1.647005e-17   1.357127e-04   2.435580e-19   4448
  3.267232e-01   1.505317e-17   1.400926e-04   2.272449e-19   4752
  3.272056e-01   1.541113e-17   1.467382e-04   2.484762e-19   4356
  3.277129e-01   1.481159e-17   1.412082e-04   2.159176e-19   5232
  3.282173e-01   1.413733e-17   1.423025e-04   2.221059e-19   4548
  3.287063e-01   1.450789e-17   1.383360e-04   2.115832e-19   4608
  3.291837e-01   1.508319e-17   1.256671e-04   2.440209e-19   3936
  3.296343e-01   1.443886e-17   1.502088e-04   2.356526e-19   4260
  3.301407e-01   1.449490e-17   1.346643e-04   2.076049e-19   5004
  3.306038e-01   1.419049e-17   1.330711e-04   2.299161e-19   4224
  3.311115e-01   1.383547e-17   1.437697e-04   2.111607e-19   4788
  3.316047e-01   1.397443e-17   1.511985e-04   2.239265e-19   4428
  3.320852e-01   1.411360e-17   1.263467e-04   2.274283e-19   4080
  3.325477e-01   1.372436e-17   1.381486e-04   1.963052e-19   4632
  3.330347e-01   1.293016e-17   1.436640e-04   2.120852e-19   4056
  3.335467e-01   1.291740e-17   1.352621e-04   1.979764e-19   4536
  3.340144e-01   1.291428e-17   1.379585e-04   1.984429e-19   4668
  3.345266e-01   1.224862e-17   1.478669e-04   1.859024e-19   4604
  3.350255e-01   1.261789e-17   1.328598e-04   2.070167e-19   4152
  3.354859e-01   1.316873e-17   1.287622e-04   2.084624e-19   4224
  3.359739e-01   1.228824e-17   1.237953e-04   1.882004e-19   4152
  3.364615e-01   1.229590e-17   1.404246e-04   1.934958e-19   4224
  3.369356e-01   1.170756e-17   1.298644e-04   1.867553e-19   3960
  3.373922e-01   1.205251e-17   1.340119e-04   1.828364e-19   4656
  3.378910e-01   1.140151e-17   1.445961e-04   1.715029e-19   4452
  3.384025e-01   1.155093e-17   1.470057e-04   1.958474e-19   4056
  3.388784e-01   1.158928e-17   1.456648e-04   1.829685e-19   4212
  3.393606e-01   1.210274e-17   1.210536e-04   2.192226e-19   3432
  3.398492e-01   1.086949e-17   1.548628e-04   1.592584e-19   5352
  3.403267e-01   1.116423e-17   1.134185e-04   1.929222e-19   3600
  3.408466e-01   1.096252e-17   1.251027e-04   1.692561e-19   4584
  3.413005e-01   1.132446e-17   1.247343e-04   1.966797e-19   3768
  3.417680e-01   1.100758e-17   1.331557e-04   1.891631e-19   3848
  3.422347e-01   1.047514e-17   1.220886e-04   1.830192e-19   3720
  3.427639e-01   1.039731e-17   1.532392e-04   1.610921e-19   4764
  3.432311e-01   1.067936e-17   1.234001e-04   1.718050e-19   3864
  3.437109e-01   1.037348e-17   1.528459e-04   1.627757e-19   4332
  3.442342e-01   1.002846e-17   1.304937e-04   1.700648e-19   3792
  3.447018e-01   1.022146e-17   1.480185e-04   1.572340e-19   4284
  3.451974e-01   9.694249e-18   1.401572e-04   1.698422e-19   3840
  3.456664e-01   9.317357e-18   1.334113e-04   1.661151e-19   3480
  3.461427e-01   9.165945e-18   1.488614e-04   1.380249e-19   4380
  3.466576e-01   9.754912e-18   1.398292e-04   1.537930e-19   4200
  3.471635e-01   9.882867e-18   1.344014e-04   1.570091e-19   4056
  3.476333e-01   9.235643e-18   1.350788e-04   1.617925e-19   3600
  3.480735e-01   9.494152e-18   1.345848e-04   1.585115e-19   3492
  3.485878e-01   9.283094e-18   1.571647e-04   1.357731e-19   4500
  3.491126e-01   9.005987e-18   1.376975e-04   1.503278e-19   3516
  3.495636e-01   9.250080e-18   1.439500e-04   1.544232e-19   3968
  3.500690e-01   8.576350e-18   1.383484e-04   1.465097e-19   3648
  3.505165e-01   9.098212e-18   1.322992e-04   1.491123e-19   4224
  3.510237e-01   8.096794e-18   1.484940e-04   1.442111e-19   3588
  3.514997e-01   8.682705e-18   1.369683e-04   1.512457e-19   3456
  3.519786e-01   8.219462e-18   1.216448e-04   1.421175e-19   3660
  3.524735e-01   8.175988e-18   1.335194e-04   1.424679e-19   3768
  3.529347e-01   8.019297e-18   1.350276e-04   1.291112e-19   3744
  3.534301e-01   8.031344e-18   1.482149e-04   1.243502e-19   4176
  3.539572e-01   8.252995e-18   1.367120e-04   1.436465e-19   3612
  3.543928e-01   8.254297e-18   1.485682e-04   1.426443e-19   3216
  3.548913e-01   7.973491e-18   1.436402e-04   1.411319e-19   3624
  3.553925e-01   7.912775e-18   1.350690e-04   1.281827e-19   3744
  3.558768e-01   7.524672e-18   1.441176e-04   1.324202e-19   3672
  3.563547e-01   7.876135e-18   1.306896e-04   1.323088e-19   3852
  3.568482e-01   7.611588e-18   1.345097e-04   1.248930e-19   3672
  3.573731e-01   7.585720e-18   1.310574e-04   1.380803e-19   3248
  3.578115e-01   7.504845e-18   1.341465e-04   1.379654e-19   3336
  3.582900e-01   7.152990e-18   1.365492e-04   1.182217e-19   3576
  3.587793e-01   7.199342e-18   1.159180e-04   1.297074e-19   3336
  3.592778e-01   6.981524e-18   1.376902e-04   1.113900e-19   3936
  3.597697e-01   7.001254e-18   1.466440e-04   1.199296e-19   3408
  3.602575e-01   7.236751e-18   1.291957e-04   1.293762e-19   3336
  3.607316e-01   6.518835e-18   1.451163e-04   1.151532e-19   3312
  3.612054e-01   6.774413e-18   1.469319e-04   1.241400e-19   3432
  3.617101e-01   6.796241e-18   1.273841e-04   1.207813e-19   3144
  3.621706e-01   6.444066e-18   1.382881e-04   1.182002e-19   3456
  3.626887e-01   6.621487e-18   1.329107e-04   1.071777e-19   3792
  3.631568e-01   6.531747e-18   1.305556e-04   1.271343e-19   2868
  3.636625e-01   6.418781e-18   1.352551e-04   1.036615e-19   3888
  3.641351e-01   5.953806e-18   1.174435e-04   1.169714e-19   2784
  3.646004e-01   6.085894e-18   1.341238e-04   1.185065e-19   2964
  3.651086e-01   6.013129e-18   1.381212e-04   1.049152e-19   3432
  3.655924e-01   6.058280e-18   1.429694e-04   1.018415e-19   3416
  3.660820e-01   6.382578e-18   1.528218e-04   1.089839e-19   3528
  3.665830e-01   6.359773e-18   1.226504e-04   1.192793e-19   2904
  3.670262e-01   6.012314e-18   1.375270e-04   1.191576e-19   3072
  3.675416e-01   5.867328e-18   1.544586e-04   1.038162e-19   3216
  3.680569e-01   5.778074e-18   1.250951e-04   1.143082e-19   2844
  3.685093e-01   5.456638e-18   1.431483e-04   9.777000e-20   3432
  3.689737e-01   5.824368e-18   1.150574e-04   1.106990e-19   2880
  3.694925e-01   5.424308e-18   1.524100e-04   9.150475e-20   3576
  3.699812e-01   5.736904e-18   1.362332e-04   1.144604e-19   2700
  3.704492e-01   5.554928e-18   1.530237e-04   1.005441e-19   3000
  3.709392e-01   5.468969e-18   1.270553e-04   1.094992e-19   2556
  3.714151e-01   5.426038e-18   1.361780e-04   9.375213e-20   3360
  3.719070e-01   5.228151e-18   1.323185e-04   1.001770e-19   3120
  3.724371e-01   5.233453e-18   1.557809e-04   9.326717e-20   3216
  3.728935e-01   5.364152e-18   1.098680e-04   1.070199e-19   2628
  3.734065e-01   5.253410e-18   1.452297e-04   9.665977e-20   3200
  3.738745e-01   5.205933e-18   1.370102e-04   1.102521e-19   2232
  3.743471e-01   4.932104e-18   1.563929e-04   8.989570e-20   3108
  3.748177e-01   4.894853e-18   1.373821e-04   9.415818e-20   2604
  3.752991e-01   4.861390e-18   1.479994e-04   8.862190e-20   3096
  3.758288e-01   4.938336e-18   1.348469e-04   8.929353e-20   3084
  3.762884e-01   4.817696e-18   1.376092e-04   9.169561e-20   2664
  3.767621e-01   5.068517e-18   1.213497e-04   1.050674e-19   2232
  3.772262e-01   4.578169e-18   1.494845e-04   8.379603e-20   2808
  3.777344e-01   4.668967e-18   1.412112e-04   9.355886e-20   2592
  3.782089e-01   4.503576e-18   1.449703e-04   8.382579e-20   2952
  3.787074e-01   4.611921e-18   1.368697e-04   8.779985e-20   2772
  3.791921e-01   4.473040e-18   1.471948e-04   8.370226e-20   3036
  3.796993e-01   4.515609e-18   1.427797e-04   1.017058e-19   2136
  3.801616e-01   4.588659e-18   1.138671e-04   9.212431e-20   2496
  3.806364e-01   4.557295e-18   1.516625e-04   9.777094e-20   2228
  3.811316e-01   4.508485e-18   1.413981e-04   8.235594e-20   3048
  3.816243e-01   4.091328e-18   1.350676e-04   7.893712e-20   2676
  3.821140e-01   4.097092e-18   1.345571e-04   7.495104e-20   2784
  3.825820e-01   4.498488e-18   1.307225e-04   1.000522e-19   1920
  3.830514e-01   3.983272e-18   1.395126e-04   8.090251e-20   2400
  3.835600e-01   4.276796e-18   1.279618e-04   8.404452e-20   2532
  3.840860e-01   4.067045e-18   1.421350e-04   8.235011e-20   2544
  3.845592e-01   4.183293e-18   1.486925e-04   7.895999e-20   2772
  3.850254e-01   3.798276e-18   1.392746e-04   8.381114e-20   2160
  3.854884e-01   3.865445e-18   1.500120e-04   8.003230e-20   2304
  3.860241e-01   3.956292e-18   1.467945e-04   8.463913e-20   2328
  3.865043e-01   3.765313e-18   1.407449e-04   8.155571e-20   2304
  3.869492e-01   3.846746e-18   1.330938e-04   8.662181e-20   1908
  3.874552e-01   3.976567e-18   1.488569e-04   8.024309e-20   2736
  3.879425e-01   3.720868e-18   1.410418e-04   7.526625e-20   2448
  3.884609e-01   3.841187e-18   1.318665e-04   8.586449e-20   2040
  3.889299e-01   3.625438e-18   1.372999e-04   8.279781e-20   2120
  3.893809e-01   3.871348e-18   1.138355e-04   8.622811e-20   2040
  3.898664e-01   3.455560e-18   1.412334e-04   7.890371e-20   2208
  3.904158e-01   3.583329e-18   1.268062e-04   8.059546e-20   2208
  3.908608e-01   3.811072e-18   1.405255e-04   8.031937e-20   2196
  3.913207e-01   3.293089e-18   1.236152e-04   7.776102e-20   1848
  3.917886e-01   3.418667e-18   1.401960e-04   7.427837e-20   2124
  3.923120e-01   3.481926e-18   1.470626e-04   7.800290e-20   2328
  3.928231e-01   3.452122e-18   1.497225e-04   8.435888e-20   1920
  3.933200e-01   3.362454e-18   1.374435e-04   8.796158e-20   1548
  3.937619e-01   3.394796e-18   1.507712e-04   6.856080e-20   2388
  3.942832e-01   3.213638e-18   1.395210e-04   7.335646e-20   2160
  3.947606e-01   3.101765e-18   1.269906e-04   8.271334e-20   1704
  3.952179e-01   3.229791e-18   1.430661e-04   8.112193e-20   1776
  3.956506e-01   3.229231e-18   1.338203e-04   7.737540e-20   1800
  3.961977e-01   3.084703e-18   1.544832e-04   8.417857e-20   1700
  3.967087e-01   3.148875e-18   1.390936e-04   7.422326e-20   2292
  3.971846e-01   3.171543e-18   1.291201e-04   7.354010e-20   1704
  3.976337e-01   3.036015e-18   1.443780e-04   7.199524e-20   1728
  3.981255e-01   3.018016e-18   1.336251e-04   7.975851e-20   1728
  3.986075e-01   3.060251e-18   1.334994e-04   7.560698e-20   1680
  3.991202e-01   2.740008e-18   1.537953e-04   7.032598e-20   1704
  3.996310e-01   2.746207e-18   1.207753e-04   6.532790e-20   1752
  4.000877e-01   2.917022e-18   1.435789e-04   7.082148e-20   1872
  4.005817e-01   3.024675e-18   1.407232e-04   8.097424e-20   1500
  4.010829e-01   2.674592e-18   1.232237e-04   7.238502e-20   1656
  4.015697e-01   2.924279e-18   1.321192e-04   8.003472e-20   1464
  4.020023e-01   2.488750e-18   1.157232e-04   6.847414e-20   1488
  4.025329e-01   2.620180e-18   1.396693e-04   6.483415e-20   1680
  4.030178e-01   2.816316e-18   1.459194e-04   7.048841e-20   1692
  4.034716e-01   2.737309e-18   1.397252e-04   8.254505e-20   1128
  4.039751e-01   2.677857e-18   1.345433e-04   7.109619e-20   1536
  4.044663e-01   2.603406e-18   1.402479e-04   6.482886e-20   1616
  4.049637e-01   2.423338e-18   1.352429e-04   6.328636e-20   1476
  4.054650e-01   2.594927e-18   1.488381e-04   8.024164e-20   1176
  4.059124e-01   2.535505e-18   1.599107e-04   6.075680e-20   1656
  4.063997e-01   2.628176e-18   1.404668e-04   9.250851e-20   891
  4.069020e-01   2.419334e-18   1.497388e-04   6.018801e-20   1596
  4.073915e-01   2.449199e-18   1.305762e-04   7.024848e-20   1422
  4.078742e-01   2.316647e-18   1.252138e-04   7.143345e-20   1254
  4.083284e-01   2.272228e-18   1.279202e-04   7.810211e-20   918
  4.088148e-01   2.329698e-18   1.400009e-04   5.876550e-20   1614
  4.093049e-01   2.053566e-18   1.209347e-04   7.597484e-20   798
  4.097922e-01   2.180261e-18   1.550239e-04   5.980834e-20   1458
  4.102863e-01   2.225779e-18   1.419502e-04   6.033675e-20   1374
  4.107747e-01   2.109450e-18   1.212349e-04   7.235211e-20   984
  4.112591e-01   2.199034e-18   1.668024e-04   7.185484e-20   1062
  4.117525e-01   2.247713e-18   1.413965e-04   7.086564e-20   1246
  4.122317e-01   1.880408e-18   1.311095e-04   6.267880e-20   1072
  4.127436e-01   2.056125e-18   1.419832e-04   6.557682e-20   1110
  4.132166e-01   2.144447e-18   1.538182e-04   5.944128e-20   1254
  4.137139e-01   1.975346e-18   1.459816e-04   6.828729e-20   1032
  4.142557e-01   2.088150e-18   1.352509e-04   8.405537e-20   786
  4.146677e-01   1.950336e-18   1.386613e-04   6.391705e-20   1152
  4.151502e-01   1.859139e-18   1.511270e-04   5.615047e-20   1086
  4.156529e-01   1.856451e-18   1.363503e-04   6.642152e-20   912
  4.161175e-01   2.292219e-18   1.366785e-04   7.372126e-20   1062
  4.165917e-01   1.871757e-18   1.362355e-04   5.881817e-20   912
  4.171397e-01   1.627159e-18   1.520835e-04   5.853761e-20   750
  4.175668e-01   2.006163e-18   1.465336e-04   6.383784e-20   1200
  4.180611e-01   1.778091e-18   1.326977e-04   6.565653e-20   918
  4.185524e-01   1.611604e-18   1.377357e-04   5.548002e-20   876
  4.190517e-01   1.910334e-18   1.203534e-04   6.348542e-20   870
  4.194890e-01   1.860539e-18   1.403731e-04   7.096149e-20   768
  4.200015e-01   1.525150e-18   1.286594e-04   5.418557e-20   830
  4.204761e-01   1.679331e-18   1.332096e-04   5.469860e-20   1080
  4.209676e-01   1.746447e-18   1.498783e-04   6.578293e-20   840
  4.214632e-01   1.498242e-18   1.443163e-04   5.169124e-20   798
  4.220251e-01   1.869501e-18   1.145461e-04   6.900560e-20   792
  4.224609e-01   1.508101e-18   1.335978e-04   5.676677e-20   726
  4.229181e-01   1.429518e-18   1.497038e-04   4.551511e-20   864
  4.234189e-01   1.511118e-18   1.281430e-04   5.807754e-20   900
  4.239267e-01   1.393596e-18   1.424135e-04   5.059354e-20   726
  4.243623e-01   1.412221e-18   1.232527e-04   5.654634e-20   576
  4.249434e-01   1.508462e-18   1.282664e-04   5.833741e-20   840
  4.253523e-01   1.389057e-18   1.331485e-04   5.448165e-20   750
  4.258366e-01   1.383874e-18   1.335529e-04   5.065055e-20   720
  4.262936e-01   1.501280e-18   1.351090e-04   5.412359e-20   702
  4.268271e-01   1.479782e-18   1.475571e-04   5.822101e-20   696
  4.272662e-01   1.476525e-18   1.319621e-04   7.008486e-20   480
  4.277837e-01   1.468877e-18   1.250396e-04   5.537576e-20   830
  4.282419e-01   1.401256e-18   1.454616e-04   5.154361e-20   756
  4.287552e-01   1.377630e-18   1.396687e-04   5.664397e-20   624
  4.292083e-01   1.219608e-18   1.475796e-04   4.997301e-20   582
  4.297440e-01   1.390522e-18   1.132706e-04   6.118372e-20   576
  4.302073e-01   1.338409e-18   1.517064e-04   5.031310e-20   624
  4.306823e-01   1.324847e-18   1.238986e-04   5.277916e-20   702
  4.311525e-01   1.221857e-18   1.425165e-04   4.440822e-20   624
  4.317110e-01   1.377614e-18   1.378751e-04   5.312376e-20   672
  4.321659e-01   1.118063e-18   1.032125e-04   6.268864e-20   342
  4.326655e-01   1.280858e-18   1.290292e-04   5.838639e-20   660
  4.331249e-01   1.063363e-18   1.326364e-04   4.962095e-20   576
  4.335992e-01   1.155561e-18   1.289493e-04   5.265976e-20   600
  4.340787e-01   1.055293e-18   1.491476e-04   4.845889e-20   510
  4.346181e-01   1.241574e-18   1.397290e-04   5.186944e-20   600
  4.350341e-01   1.129914e-18   1.112888e-04   7.203707e-20   216
  4.355185e-01   1.058643e-18   1.354577e-04   4.112126e-20   758
  4.360833e-01   1.063928e-18   1.482975e-04   4.341146e-20   576
  4.365782e-01   1.068777e-18   1.259005e-04   4.279533e-20   528
  4.370248e-01   1.183024e-18   8.670054e-05   8.280568e-20   318
  4.375047e-01   1.127934e-18   1.497759e-04   4.948577e-20   540
  4.380721e-01   7.411533e-19   1.058893e-04   3.697342e-20   384
  4.384565e-01   1.068434e-18   1.463022e-04   4.964669e-20   576
  4.389570e-01   8.691494e-19   1.195560e-04   4.153497e-20   414
  4.394302e-01   1.068262e-18   1.335050e-04   4.691045e-20   504
  4.399357e-01   1.117081e-18   1.465573e-04   5.653521e-20   312
  4.404212e-01   9.933528e-19   1.327827e-04   5.273532e-20   414
  4.409029e-01   8.972004e-19   1.226699e-04   4.331558e-20   432
  4.413512e-01   8.568184e-19   1.624587e-04   3.678502e-20   504
  4.418701e-01   9.509782e-19   1.564660e-04   4.793279e-20   432
  4.423558e-01   9.422119e-19   1.281691e-04   4.778696e-20   354
  4.428506e-01   1.032372e-18   1.865017e-04   7.757310e-20   200
  4.432750e-01   8.236803e-19   1.323290e-04   3.655814e-20   480
  4.438485e-01   8.359431e-19   1.512148e-04   3.458376e-20   552
  4.443745e-01   8.827620e-19   9.419478e-05   5.354103e-20   366
  4.447799e-01   9.149503e-19   1.002751e-04   6.518415e-20   240
  4.452261e-01   1.004620e-18   1.401886e-04   5.039461e-20   288
  4.458541e-01   8.956834e-19   9.634579e-05   4.594899e-20   366
  4.462600e-01   7.563961e-19   1.562070e-04   3.616254e-20   408
  4.467132e-01   7.967920e-19   1.174273e-04   4.558460e-20   360
  4.471820e-01   8.206931e-19   1.094619e-04   4.797546e-20   324
  4.476367e-01   8.635485e-19   1.292780e-04   6.677822e-20   174
  4.481783e-01   7.467931e-19   1.485222e-04   4.768700e-20   264
  4.486867e-01   7.347875e-19   1.354596e-04   3.612779e-20   456
  4.491937e-01   7.545075e-19   1.362099e-04   4.107848e-20   360
  4.496105e-01   6.856003e-19   1.500483e-04   4.592672e-20   270
  4.501209e-01   8.531257e-19   1.641082e-04   5.409824e-20   240
  4.507604e-01   8.805995e-19   1.195905e-04   7.080997e-20   120
  4.510747e-01   5.171747e-19   1.248485e-04   3.242672e-20   320
  4.515822e-01   6.866094e-19   1.544785e-04   3.189545e-20   462
  4.521137e-01   6.841525e-19   8.987666e-05   3.962068e-20   276
  4.525754e-01   7.643991e-19   1.019637e-04   6.524963e-20   144
  4.530202e-01   9.156991e-19   1.070818e-04   8.493570e-20   120
  4.536115e-01   5.310809e-19   8.108908e-05   2.370848e-20   294
  4.540583e-01   6.935673e-19   1.438563e-04   3.663584e-20   384
  4.544753e-01   6.791389e-19   9.523196e-05   4.768651e-20   216
  4.548743e-01   8.642783e-19   8.843896e-05   6.512299e-20   168
  4.553251e-01   6.561019e-19   1.052282e-04   6.619439e-20   102
  4.559768e-01   6.412283e-19   1.596520e-04   4.090074e-20   168
  4.564337e-01   6.694978e-19   1.397340e-04   3.208762e-20   384
  4.569346e-01   6.471247e-19   1.419732e-04   4.243647e-20   300
  4.574008e-01   6.280593e-19   1.520225e-04   4.484119e-20   144
  4.579263e-01   6.358155e-19   1.556925e-04   6.352891e-20   102
  4.585568e-01   7.749846e-19   3.685588e-05   5.540137e-20   56
  4.588590e-01   5.788924e-19   1.199932e-04   3.947646e-20   288
  4.593328e-01   5.099127e-19   1.561557e-04   2.629531e-20   360
  4.598487e-01   5.936332e-19   8.376686e-05   4.147765e-20   126
  4.602834e-01   5.664786e-19   4.125612e-05   5.767993e-20   72
  4.607572e-01   6.983429e-19   2.185755e-05   9.358163e-20   48
  4.613754e-01   4.892722e-19   8.842417e-05   3.458128e-20   240
  4.617816e-01   6.017023e-19   1.311982e-04   3.112954e-20   306
  4.621975e-01   5.877368e-19   7.291699e-05   4.720360e-20   120
  4.626766e-01   6.637385e-19   1.794585e-04   6.607939e-20   96
  4.630248e-01   7.760684e-19   0.000000e+00   1.480086e-19   24
  4.638071e-01   4.185742e-19   1.554065e-04   3.921670e-20   120
  4.641905e-01   5.230965e-19   1.343981e-04   2.906206e-20   318
  4.646594e-01   6.039637e-19   1.436227e-04   4.476272e-20   168
  4.651731e-01   5.645450e-19   1.541232e-04   7.340252e-20   72
  4.657357e-01   4.489729e-19   0.000000e+00   6.628429e-20   24
  4.663408e-01   4.528418e-19   7.481195e-05   5.323391e-20   14
  4.666286e-01   4.521003e-19   1.179951e-04   2.509603e-20   288
  4.670757e-01   4.354537e-19   1.419546e-04   3.510217e-20   204
  4.675916e-01   6.601003e-19   2.153808e-05   9.224645e-20   48
  4.680007e-01   9.570610e-19   0.000000e+00   2.027362e-19   24
  4.684739e-01   3.170772e-19   0.000000e+00   1.331709e-19   6
  4.691541e-01   4.843188e-19   8.821950e-05   3.391508e-20   216
  4.695046e-01   5.732666e-19   1.174842e-04   4.197760e-20   192
  4.699334e-01   4.170313e-19   2.143075e-05   5.878720e-20   48
  4.703832e-01   6.543359e-19   1.712353e-04   8.651044e-20   30
  4.716555e-01   4.846634e-19   3.540978e-05   4.194081e-20   96
  4.719167e-01   3.846504e-19   1.160286e-04   3.105065e-20   228
  4.724128e-01   5.625429e-19   1.517284e-04   5.865167e-20   72
  4.730094e-01   4.471230e-19   0.000000e+00   1.403132e-19   6
  4.743680e-01   4.186063e-19   1.145631e-04   2.850150e-20   248
  4.748016e-01   4.475652e-19   1.311235e-04   7.202964e-20   72
  4.753245e-01   2.499267e-19   7.266090e-09   1.108070e-19   6
  4.769053e-01   3.752517e-19   8.141014e-05   2.651091e-20   180
  4.772205e-01   3.570510e-19   1.107713e-04   3.315254e-20   72
  4.776705e-01   5.040348e-19   0.000000e+00   9.113580e-20   6
  4.794278e-01   4.114029e-19   3.483570e-05   4.053831e-20   96
  4.796378e-01   4.727757e-19   9.563861e-05   6.272917e-20   96
  4.800471e-01   5.469924e-19   0.000000e+00   1.993656e-19   6
  4.820778e-01   3.860394e-19   9.153355e-05   2.851957e-20   140
  4.824537e-01   1.038510e-19   0.000000e+00   3.560601e-20   6
  4.846301e-01   3.254240e-19   6.146888e-05   2.872520e-20   96
  4.848898e-01   2.728349e-19   0.000000e+00   3.927898e-20   6
  4.871898e-01   4.894774e-19   3.697860e-05   5.604961e-20   60
  4.873552e-01   4.325597e-19   0.000000e+00   1.141823e-19   6
  4.897713e-01   4.141720e-19   3.748867e-05   5.968905e-20   38
  4.923442e-01   3.964755e-19   1.928513e-05   6.666532e-20   18
  4.949217e-01   7.559147e-19   7.266090e-09   1.899413e-19   6
