# power spectrum of pi_k * H (dimensionless)
# redshift z=0.997956
# k              Pk             sigma(k)       sigma(Pk)      count
  4.487990e-03   2.095144e-10   0.000000e+00   8.447587e-11   6
  6.346976e-03   1.255067e-10   0.000000e+00   2.502328e-11   12
  7.773426e-03   9.523862e-11   8.514949e-11   1.950523e-11   8
  8.975979e-03   3.208121e-10   0.000000e+00   3.443448e-11   6
  1.003545e-02   2.236367e-10   1.605594e-10   7.125330e-11   24
  1.099328e-02   3.192571e-10   1.605594e-10   5.389123e-11   24
  1.269395e-02   1.424127e-10   0.000000e+00   6.404628e-11   12
  1.346397e-02   1.648803e-10   1.816523e-10   3.008006e-11   30
  1.419227e-02   2.087386e-10   0.000000e+00   4.589438e-11   24
  1.488498e-02   1.886100e-10   2.780971e-10   4.686153e-11   24
  1.554685e-02   2.187061e-10   1.702990e-10   4.423892e-11   8
  1.618168e-02   1.862642e-10   2.270653e-10   2.325541e-11   24
  1.679252e-02   1.741938e-10   0.000000e+00   2.452285e-11   48
  1.795196e-02   2.083430e-10   0.000000e+00   9.166410e-11   6
  1.850445e-02   1.641973e-10   2.270653e-10   2.310737e-11   48
  1.904093e-02   1.531706e-10   2.140792e-10   1.602548e-11   36
  1.956269e-02   2.171818e-10   2.270653e-10   4.561655e-11   24
  2.007090e-02   1.284049e-10   3.211188e-10   2.181691e-11   24
  2.056655e-02   1.145005e-10   0.000000e+00   1.544594e-11   48
  2.105054e-02   1.725451e-10   3.211188e-10   2.461465e-11   24
  2.198657e-02   1.397511e-10   3.211188e-10   2.181323e-11   24
  2.243995e-02   9.400814e-11   0.000000e+00   1.543166e-11   30
  2.288435e-02   1.018256e-10   0.000000e+00   1.117264e-11   72
  2.332028e-02   9.968743e-11   3.405980e-10   2.043529e-11   32
  2.416856e-02   1.295474e-10   0.000000e+00   1.500617e-11   72
  2.458173e-02   7.962110e-11   0.000000e+00   1.170176e-11   48
  2.538790e-02   4.130337e-11   0.000000e+00   1.230895e-11   12
  2.597539e-02   7.711577e-11   1.938570e-04   7.070951e-12   96
  2.655130e-02   9.479437e-11   3.211188e-10   1.206680e-11   48
  2.692794e-02   1.139950e-10   3.633045e-10   1.993906e-11   30
  2.757421e-02   1.056600e-10   1.586779e-04   1.002446e-11   96
  2.838454e-02   6.107742e-11   0.000000e+00   1.174496e-11   24
  2.885327e-02   8.502380e-11   1.642099e-04   6.862962e-12   144
  2.942972e-02   5.828315e-11   5.561942e-10   1.415037e-11   24
  3.002225e-02   8.624765e-11   1.456630e-04   9.764681e-12   96
  3.043903e-02   7.629670e-11   0.000000e+00   1.169574e-11   48
  3.137435e-02   9.174761e-11   1.080207e-04   1.050432e-11   62
  3.184971e-02   6.594175e-11   1.519035e-04   7.779379e-12   132
  3.236335e-02   4.374964e-11   4.541306e-10   7.661149e-12   24
  3.284837e-02   6.743329e-11   1.518246e-04   5.730838e-12   168
  3.373431e-02   7.658413e-11   1.492698e-04   6.402492e-12   96
  3.439955e-02   5.183345e-11   1.270423e-04   4.918894e-12   96
  3.521583e-02   5.281200e-11   1.416056e-04   4.356814e-12   168
  3.590392e-02   7.554007e-11   0.000000e+00   3.289582e-11   6
  3.618333e-02   5.857770e-11   0.000000e+00   5.809590e-12   96
  3.651563e-02   5.567552e-11   1.100713e-04   5.528736e-12   120
  3.718966e-02   4.401475e-11   1.278125e-04   3.448785e-12   144
  3.754921e-02   4.835530e-11   0.000000e+00   6.669547e-12   48
  3.823245e-02   4.398895e-11   1.304211e-04   4.632697e-12   84
  3.860715e-02   4.826345e-11   8.899106e-10   4.308517e-12   120
  3.894461e-02   3.716634e-11   1.183479e-04   4.315440e-12   80
  3.946692e-02   3.467522e-11   1.201620e-04   2.527562e-12   144
  4.014180e-02   4.536879e-11   6.422377e-10   8.380350e-12   24
  4.047145e-02   4.808656e-11   1.159510e-04   4.069557e-12   150
  4.098576e-02   4.251815e-11   1.203057e-04   3.093835e-12   120
  4.155056e-02   3.897471e-11   1.096333e-04   3.328067e-12   168
  4.210107e-02   5.282704e-11   6.422377e-10   8.519180e-12   24
  4.244743e-02   3.251617e-11   1.181082e-04   2.095361e-12   264
  4.281269e-02   2.728114e-11   6.422377e-10   3.881167e-12   48
  4.343532e-02   3.313774e-11   1.093985e-04   2.692915e-12   144
  4.412543e-02   3.860402e-11   1.076845e-04   4.640692e-12   72
  4.451927e-02   3.156102e-11   1.107671e-04   1.989361e-12   180
  4.506982e-02   3.290287e-11   8.025835e-05   2.418790e-12   198
  4.532647e-02   3.680441e-11   0.000000e+00   4.051973e-12   48
  4.589413e-02   2.836529e-11   1.086319e-04   2.168892e-12   168
  4.631540e-02   3.230765e-11   1.087222e-04   2.954906e-12   144
  4.695270e-02   3.054956e-11   1.527607e-04   1.606194e-12   248
  4.781330e-02   2.092015e-11   1.053161e-04   1.476688e-12   192
  4.839932e-02   2.729436e-11   1.626762e-04   1.765584e-12   240
  4.875204e-02   3.025559e-11   0.000000e+00   3.303085e-12   72
  4.929001e-02   3.109337e-11   9.927197e-05   2.772683e-12   126
  4.962939e-02   3.185827e-11   9.159181e-05   2.487853e-12   168
  5.027740e-02   3.059444e-11   1.001546e-04   1.677872e-12   288
  5.095853e-02   2.703178e-11   5.274950e-05   2.347240e-12   156
  5.131126e-02   2.353526e-11   8.873998e-05   2.041710e-12   168
  5.184617e-02   2.445771e-11   1.521290e-04   1.526295e-12   264
  5.233850e-02   2.066362e-11   0.000000e+00   2.519843e-12   48
  5.270435e-02   2.222314e-11   1.514052e-04   1.459318e-12   264
  5.322882e-02   2.291535e-11   8.924381e-05   1.905793e-12   144
  5.362492e-02   2.487473e-11   1.825884e-04   2.826587e-12   78
  5.420192e-02   2.075276e-11   1.186900e-04   1.163622e-12   336
  5.474604e-02   1.921600e-11   9.030373e-05   1.303235e-12   200
  5.510338e-02   1.813425e-11   1.768159e-04   1.374850e-12   192
  5.558581e-02   2.249251e-11   8.873069e-05   1.571449e-12   240
  5.602902e-02   2.458182e-11   1.778215e-04   1.719138e-12   168
  5.648434e-02   1.977023e-11   1.423690e-04   1.724462e-12   120
  5.703118e-02   2.129946e-11   1.112738e-04   1.125041e-12   324
  5.756179e-02   1.848622e-11   8.748012e-05   1.233037e-12   192
  5.792293e-02   2.054287e-11   1.568908e-04   1.432944e-12   168
  5.853721e-02   1.630486e-11   1.292197e-04   8.548942e-13   342
  5.909109e-02   2.179222e-11   1.040479e-04   1.150748e-12   336
  5.965251e-02   2.387651e-11   7.962394e-05   2.510672e-12   72
  6.003109e-02   1.910252e-11   1.273478e-04   1.253987e-12   288
  6.047058e-02   1.846050e-11   8.293768e-05   1.318943e-12   264
  6.108439e-02   1.635791e-11   1.090835e-04   9.101306e-13   384
  6.163419e-02   1.703334e-11   1.309286e-04   1.274807e-12   240
  6.186267e-02   1.643562e-11   0.000000e+00   1.954169e-12   48
  6.252352e-02   1.691151e-11   1.071736e-04   8.538821e-13   392
  6.302771e-02   1.570908e-11   1.176177e-04   9.028500e-13   294
  6.356985e-02   1.574749e-11   7.644534e-05   1.195874e-12   228
  6.392640e-02   1.799491e-11   1.160935e-04   1.161128e-12   216
  6.437004e-02   1.529736e-11   7.071608e-05   8.232043e-13   336
  6.491309e-02   1.602488e-11   8.402231e-05   8.897666e-13   360
  6.536140e-02   1.672434e-11   1.280140e-04   1.037054e-12   240
  6.582853e-02   1.641611e-11   1.514699e-04   1.189789e-12   168
  6.626426e-02   1.387399e-11   1.192252e-04   7.808801e-13   312
  6.678338e-02   1.427214e-11   7.461529e-05   7.126619e-13   336
  6.734419e-02   1.486777e-11   1.017891e-04   9.100070e-13   294
  6.776702e-02   1.671446e-11   1.356641e-04   1.036447e-12   288
  6.809058e-02   1.191930e-11   8.488954e-05   7.818802e-13   264
  6.866755e-02   1.373895e-11   1.458184e-04   6.723172e-13   480
  6.914996e-02   1.524350e-11   7.133389e-05   8.974013e-13   240
  6.974139e-02   1.494029e-11   7.213111e-05   8.622771e-13   276
  7.020800e-02   1.327508e-11   1.583420e-04   5.643494e-13   488
  7.076234e-02   1.431120e-11   6.973720e-05   1.238551e-12   240
  7.108411e-02   1.352939e-11   1.354117e-04   6.962815e-13   360
  7.153530e-02   1.153786e-11   4.817743e-05   8.538568e-13   198
  7.211554e-02   1.117059e-11   1.627935e-04   4.824704e-13   480
  7.254038e-02   1.103880e-11   6.008787e-05   6.728825e-13   288
  7.312796e-02   1.273687e-11   1.270121e-04   6.307735e-13   480
  7.365633e-02   1.237099e-11   7.825550e-05   5.612560e-13   480
  7.419894e-02   1.108614e-11   1.012105e-04   7.240457e-13   288
  7.453749e-02   1.265942e-11   1.079729e-04   7.402938e-13   288
  7.506996e-02   1.125490e-11   1.877112e-04   5.528189e-13   456
  7.560610e-02   1.254081e-11   1.767802e-04   6.443587e-13   360
  7.595177e-02   1.111973e-11   1.059672e-04   6.880184e-13   180
  7.645202e-02   9.222637e-12   1.154112e-04   4.016975e-13   486
  7.695907e-02   1.066179e-11   1.535340e-04   4.969255e-13   504
  7.747462e-02   1.118070e-11   1.192882e-04   5.210172e-13   456
  7.790209e-02   1.014910e-11   9.910745e-05   6.123667e-13   296
  7.846686e-02   9.746490e-12   9.779604e-05   4.286567e-13   528
  7.889160e-02   9.829776e-12   9.649931e-05   4.907257e-13   336
  7.951717e-02   9.521126e-12   1.070358e-04   3.968873e-13   600
  7.997507e-02   7.918153e-12   6.270729e-05   4.870587e-13   264
  8.043396e-02   9.197952e-12   6.781049e-05   4.615158e-13   360
  8.090234e-02   9.087051e-12   1.357633e-04   4.099091e-13   630
  8.141847e-02   1.060175e-11   7.007974e-05   5.046228e-13   432
  8.187631e-02   1.008045e-11   1.350259e-04   5.262381e-13   408
  8.243827e-02   8.601175e-12   8.962194e-05   4.648245e-13   324
  8.285635e-02   8.264774e-12   1.277222e-04   3.139190e-13   744
  8.336064e-02   7.385635e-12   1.021054e-04   4.198213e-13   336
  8.384245e-02   8.908348e-12   1.403689e-04   3.819141e-13   528
  8.437080e-02   7.476697e-12   7.162045e-05   4.394732e-13   408
  8.472109e-02   7.207209e-12   1.218981e-04   3.436674e-13   408
  8.529988e-02   7.415025e-12   1.006308e-04   3.567197e-13   470
  8.572148e-02   8.047429e-12   1.208902e-04   3.827771e-13   528
  8.631019e-02   6.707563e-12   1.007343e-04   2.656518e-13   624
  8.674381e-02   7.619227e-12   7.664930e-05   3.729793e-13   504
  8.719116e-02   6.413273e-12   1.067668e-04   2.676153e-13   552
  8.763489e-02   6.795831e-12   5.190111e-05   3.502269e-13   336
  8.819051e-02   7.277505e-12   1.104770e-04   3.443883e-13   528
  8.862093e-02   6.819139e-12   1.257802e-04   2.806369e-13   564
  8.912507e-02   6.056358e-12   1.157674e-04   2.932573e-13   528
  8.967166e-02   6.924849e-12   1.797324e-04   2.993049e-13   582
  9.016871e-02   6.520049e-12   1.383668e-04   2.744093e-13   624
  9.060342e-02   6.267140e-12   1.581799e-04   3.271266e-13   432
  9.112208e-02   6.505630e-12   1.759475e-04   2.228140e-13   816
  9.165576e-02   6.410381e-12   8.018898e-05   3.795861e-13   312
  9.200488e-02   5.530940e-12   1.299641e-04   2.386268e-13   552
  9.256787e-02   5.740988e-12   8.185444e-05   2.208396e-13   744
  9.297574e-02   5.980716e-12   7.646869e-05   3.311224e-13   408
  9.350218e-02   5.329204e-12   1.095830e-04   2.328736e-13   632
  9.404906e-02   5.874289e-12   1.860997e-04   2.397198e-13   750
  9.449396e-02   6.737659e-12   1.280227e-04   3.820938e-13   312
  9.498974e-02   5.434478e-12   1.890077e-04   1.947248e-13   876
  9.548011e-02   4.676169e-12   1.234108e-04   1.908886e-13   552
  9.603265e-02   5.041095e-12   1.020603e-04   2.049957e-13   696
  9.640905e-02   5.321059e-12   1.126552e-04   2.419580e-13   576
  9.692128e-02   4.868069e-12   1.192748e-04   2.313095e-13   576
  9.735848e-02   4.931926e-12   1.598285e-04   1.946858e-13   648
  9.788685e-02   5.012784e-12   1.599783e-04   1.920212e-13   672
  9.847019e-02   4.770545e-12   6.785687e-05   2.350157e-13   480
  9.884355e-02   4.431929e-12   1.050846e-04   1.658166e-13   726
  9.932431e-02   4.938093e-12   1.190745e-04   1.923934e-13   792
  9.984502e-02   4.588927e-12   1.651878e-04   1.808535e-13   768
  1.003938e-01   4.740104e-12   1.350017e-04   1.867777e-13   672
  1.008970e-01   4.390612e-12   9.055629e-05   1.829381e-13   608
  1.012613e-01   4.111560e-12   8.693679e-05   1.678063e-13   624
  1.017809e-01   3.885004e-12   1.129736e-04   1.468361e-13   684
  1.022864e-01   4.030277e-12   1.668752e-04   1.496568e-13   768
  1.027568e-01   4.153836e-12   1.334155e-04   1.466452e-13   744
  1.033173e-01   3.889779e-12   8.400635e-05   1.411824e-13   750
  1.037259e-01   3.786464e-12   1.248642e-04   1.879718e-13   600
  1.041677e-01   4.071440e-12   1.325833e-04   1.815632e-13   600
  1.047135e-01   3.882703e-12   1.527941e-04   1.310148e-13   1008
  1.051470e-01   3.979064e-12   8.474486e-05   1.556894e-13   696
  1.056273e-01   4.113405e-12   1.119517e-04   1.916669e-13   624
  1.061102e-01   3.714527e-12   1.742111e-04   1.482981e-13   840
  1.066588e-01   3.938380e-12   1.185366e-04   1.498035e-13   816
  1.071038e-01   3.389768e-12   7.873478e-05   1.173929e-13   744
  1.075531e-01   3.461157e-12   1.391901e-04   1.576881e-13   510
  1.080960e-01   3.634544e-12   1.336339e-04   1.215700e-13   1020
  1.086012e-01   3.623314e-12   1.078294e-04   1.286992e-13   912
  1.090992e-01   3.729461e-12   1.597552e-04   1.421210e-13   752
  1.095110e-01   3.492238e-12   1.325595e-04   1.525860e-13   888
  1.100730e-01   3.416939e-12   8.554013e-05   1.295911e-13   768
  1.105327e-01   3.225597e-12   1.554339e-04   1.215655e-13   720
  1.110617e-01   3.263335e-12   1.370195e-04   1.142611e-13   1056
  1.115309e-01   3.271329e-12   9.479589e-05   1.566917e-13   504
  1.119154e-01   2.704822e-12   1.480257e-04   1.084814e-13   774
  1.124652e-01   3.238539e-12   1.423615e-04   1.073963e-13   1272
  1.129816e-01   3.253395e-12   9.326921e-05   1.391175e-13   744
  1.134632e-01   2.992570e-12   1.523027e-04   1.224105e-13   768
  1.139050e-01   3.069675e-12   1.288282e-04   1.168438e-13   840
  1.144011e-01   3.017028e-12   8.734207e-05   1.066608e-13   924
  1.148789e-01   2.922483e-12   1.539839e-04   1.039476e-13   936
  1.153484e-01   2.686699e-12   1.070130e-04   9.402909e-14   840
  1.158214e-01   2.851205e-12   1.272259e-04   9.239374e-14   1008
  1.164225e-01   2.613897e-12   1.436262e-04   1.049813e-13   696
  1.167996e-01   2.785720e-12   1.276589e-04   1.068916e-13   974
  1.173599e-01   2.907898e-12   1.695459e-04   9.429283e-14   1152
  1.178471e-01   2.668319e-12   6.634378e-05   9.954065e-14   816
  1.182260e-01   2.744960e-12   1.459488e-04   1.068415e-13   816
  1.187357e-01   2.704263e-12   1.288794e-04   9.226256e-14   1152
  1.192732e-01   2.637356e-12   1.160356e-04   9.378228e-14   912
  1.197621e-01   2.778468e-12   1.409833e-04   9.644666e-14   1056
  1.201806e-01   2.595446e-12   1.205660e-04   1.303679e-13   624
  1.207435e-01   2.520219e-12   1.506027e-04   8.149001e-14   1260
  1.212292e-01   2.594872e-12   9.083716e-05   9.526319e-14   894
  1.217037e-01   2.739166e-12   1.556364e-04   8.733243e-14   1176
  1.221783e-01   2.488420e-12   1.288208e-04   1.100614e-13   840
  1.227186e-01   2.444940e-12   1.464236e-04   6.985978e-14   1440
  1.232859e-01   2.266501e-12   8.232021e-05   8.199502e-14   864
  1.237160e-01   2.498401e-12   1.412655e-04   8.316256e-14   1056
  1.241441e-01   2.619436e-12   8.328830e-05   1.255280e-13   624
  1.246641e-01   2.261404e-12   1.542356e-04   6.140044e-14   1496
  1.251612e-01   2.335117e-12   1.088958e-04   1.043940e-13   936
  1.256039e-01   2.177142e-12   1.576468e-04   7.543621e-14   966
  1.260801e-01   2.314187e-12   1.117465e-04   8.839761e-14   936
  1.265804e-01   2.436627e-12   1.382244e-04   7.572381e-14   1248
  1.270926e-01   2.239259e-12   9.744205e-05   8.051478e-14   1044
  1.275698e-01   2.026987e-12   1.509409e-04   6.422869e-14   1392
  1.279478e-01   2.181683e-12   1.162549e-04   9.544444e-14   600
  1.284885e-01   1.944955e-12   1.320778e-04   5.599772e-14   1416
  1.289955e-01   2.086740e-12   1.421656e-04   6.530619e-14   1152
  1.295092e-01   1.966418e-12   1.363856e-04   7.104568e-14   936
  1.299230e-01   1.954825e-12   1.462802e-04   7.268956e-14   870
  1.304147e-01   2.140554e-12   1.226502e-04   6.724645e-14   1368
  1.309604e-01   2.062707e-12   1.612530e-04   5.794169e-14   1632
  1.314267e-01   2.267507e-12   7.000699e-05   8.514554e-14   816
  1.319315e-01   1.938307e-12   1.597143e-04   6.171142e-14   1200
  1.323720e-01   1.975809e-12   1.527057e-04   6.138785e-14   1184
  1.328194e-01   2.115568e-12   1.158936e-04   7.302865e-14   984
  1.333683e-01   1.840820e-12   1.414942e-04   5.495754e-14   1572
  1.338659e-01   1.982692e-12   7.792333e-05   8.702680e-14   840
  1.343297e-01   1.701927e-12   1.812138e-04   5.369513e-14   1392
  1.348193e-01   1.830781e-12   1.330470e-04   6.753920e-14   1158
  1.352564e-01   1.972104e-12   1.211496e-04   6.661242e-14   1272
  1.357826e-01   1.988460e-12   1.234623e-04   6.678013e-14   1320
  1.362769e-01   1.770593e-12   1.208065e-04   6.160962e-14   1104
  1.367472e-01   1.744957e-12   1.367360e-04   5.638028e-14   1392
  1.372408e-01   1.595780e-12   1.478938e-04   5.136665e-14   1296
  1.377492e-01   1.593245e-12   1.544255e-04   4.982968e-14   1392
  1.382262e-01   1.573065e-12   1.132835e-04   5.469273e-14   1104
  1.386675e-01   1.598973e-12   1.426913e-04   4.818743e-14   1320
  1.392961e-01   1.662858e-12   1.089713e-04   5.470880e-14   1422
  1.396977e-01   1.749792e-12   1.357176e-04   6.771096e-14   1212
  1.401589e-01   1.574478e-12   1.483027e-04   5.336969e-14   1280
  1.406327e-01   1.627106e-12   1.544235e-04   5.300411e-14   1272
  1.410869e-01   1.639508e-12   1.336382e-04   4.603221e-14   1680
  1.416252e-01   1.386927e-12   1.262633e-04   5.639937e-14   1152
  1.421207e-01   1.468507e-12   1.462174e-04   4.246456e-14   1512
  1.426417e-01   1.391526e-12   6.173239e-05   5.523074e-14   912
  1.430535e-01   1.369415e-12   1.556147e-04   3.916775e-14   1680
  1.436012e-01   1.301289e-12   1.378563e-04   4.155627e-14   1518
  1.440071e-01   1.525892e-12   1.276288e-04   5.668812e-14   1056
  1.444347e-01   1.393384e-12   1.288698e-04   4.149196e-14   1344
  1.449875e-01   1.578747e-12   1.383780e-04   4.578607e-14   1680
  1.454876e-01   1.331495e-12   1.363571e-04   4.277561e-14   1656
  1.460341e-01   1.400916e-12   1.159057e-04   5.918254e-14   1140
  1.464444e-01   1.282743e-12   1.342100e-04   4.285814e-14   1368
  1.469271e-01   1.225889e-12   1.526647e-04   3.725515e-14   1656
  1.474179e-01   1.229074e-12   1.563614e-04   4.024504e-14   1448
  1.479520e-01   1.187579e-12   1.468912e-04   3.659866e-14   1422
  1.484453e-01   1.358298e-12   1.621619e-04   4.487537e-14   1512
  1.488673e-01   1.359168e-12   1.236275e-04   4.976923e-14   1296
  1.493554e-01   1.264359e-12   1.128801e-04   4.077470e-14   1824
  1.498832e-01   1.191239e-12   1.463660e-04   3.808826e-14   1464
  1.504163e-01   1.084360e-12   1.306107e-04   3.042781e-14   1824
  1.509111e-01   1.199877e-12   1.038421e-04   3.811160e-14   1416
  1.513416e-01   1.037322e-12   1.521007e-04   3.512114e-14   1392
  1.518062e-01   1.059415e-12   1.403562e-04   3.475503e-14   1464
  1.523732e-01   1.006756e-12   1.372200e-04   3.235002e-14   1524
  1.528113e-01   1.101291e-12   1.264504e-04   3.867469e-14   1686
  1.533176e-01   1.107617e-12   1.505644e-04   3.480128e-14   1800
  1.537528e-01   1.260234e-12   1.195338e-04   5.151404e-14   1344
  1.542356e-01   1.022911e-12   1.394596e-04   3.265085e-14   1656
  1.547196e-01   1.055843e-12   1.113514e-04   3.296077e-14   1488
  1.551402e-01   1.088260e-12   1.111701e-04   3.281324e-14   1536
  1.557262e-01   9.608476e-13   1.234973e-04   3.087470e-14   1760
  1.561802e-01   8.575441e-13   1.373667e-04   2.589313e-14   1824
  1.567053e-01   1.021968e-12   1.152763e-04   3.281528e-14   1560
  1.572105e-01   1.058841e-12   1.324056e-04   3.768117e-14   1926
  1.576857e-01   1.071392e-12   9.415777e-05   4.236447e-14   1272
  1.581194e-01   9.699363e-13   1.582320e-04   3.119122e-14   1848
  1.586895e-01   9.262670e-13   1.278379e-04   2.750462e-14   1908
  1.591231e-01   9.867163e-13   1.246890e-04   3.416722e-14   1488
  1.595806e-01   8.381925e-13   1.406224e-04   2.806769e-14   1800
  1.600766e-01   8.385051e-13   1.407610e-04   2.630903e-14   1752
  1.605517e-01   8.562345e-13   1.496769e-04   2.877577e-14   1368
  1.610272e-01   8.211643e-13   1.406675e-04   2.305956e-14   2016
  1.615501e-01   9.145954e-13   1.485794e-04   3.123465e-14   1542
  1.620327e-01   8.619642e-13   1.454994e-04   2.682766e-14   2184
  1.625669e-01   9.032028e-13   1.330990e-04   2.730172e-14   1776
  1.630283e-01   8.199370e-13   1.521522e-04   2.672285e-14   1568
  1.634682e-01   8.456281e-13   1.390081e-04   2.654555e-14   2040
  1.639468e-01   8.808956e-13   1.486121e-04   2.822755e-14   1704
  1.644478e-01   7.420913e-13   1.489728e-04   2.457082e-14   1512
  1.649202e-01   7.578381e-13   1.270742e-04   2.071884e-14   2028
  1.654509e-01   7.660216e-13   1.532841e-04   2.200005e-14   1968
  1.659362e-01   7.211076e-13   1.554838e-04   2.339955e-14   1854
  1.664110e-01   8.505478e-13   1.482240e-04   2.997290e-14   1632
  1.668977e-01   8.098857e-13   1.523128e-04   2.485498e-14   2424
  1.674021e-01   7.902356e-13   1.524713e-04   2.742870e-14   1560
  1.678285e-01   7.768132e-13   1.440852e-04   2.438134e-14   1728
  1.683437e-01   7.307709e-13   1.538043e-04   2.391550e-14   2088
  1.688623e-01   6.392110e-13   1.464052e-04   1.923868e-14   1968
  1.693394e-01   6.750251e-13   1.449552e-04   2.260523e-14   2256
  1.698178e-01   6.728076e-13   1.288813e-04   2.104466e-14   1728
  1.703172e-01   6.739585e-13   1.270494e-04   2.418333e-14   1416
  1.707596e-01   7.057227e-13   1.339356e-04   1.978500e-14   2246
  1.712606e-01   7.444213e-13   1.483321e-04   2.523877e-14   2148
  1.717398e-01   7.156074e-13   1.252967e-04   2.856463e-14   1680
  1.721909e-01   6.950099e-13   1.584012e-04   1.990511e-14   2280
  1.727331e-01   6.949700e-13   1.475065e-04   2.088096e-14   2352
  1.732395e-01   5.707900e-13   1.239422e-04   1.712263e-14   1632
  1.736402e-01   6.687301e-13   1.418228e-04   2.124743e-14   1968
  1.741900e-01   5.767581e-13   1.455103e-04   2.011833e-14   2112
  1.746998e-01   6.228963e-13   1.093039e-04   1.906900e-14   2208
  1.751952e-01   6.153783e-13   1.102112e-04   2.011328e-14   1974
  1.755862e-01   6.643190e-13   1.078165e-04   2.170790e-14   1944
  1.761144e-01   6.649167e-13   1.219820e-04   2.047491e-14   2160
  1.765722e-01   6.249373e-13   1.140807e-04   2.036424e-14   2040
  1.770670e-01   6.485154e-13   1.596015e-04   2.079942e-14   2352
  1.775745e-01   6.252534e-13   1.325904e-04   1.994619e-14   1836
  1.780376e-01   5.663945e-13   1.414413e-04   1.760093e-14   2352
  1.785577e-01   5.273030e-13   1.483527e-04   1.645464e-14   2008
  1.790344e-01   5.686136e-13   1.459431e-04   1.608182e-14   2464
  1.795659e-01   5.387391e-13   1.177095e-04   1.679695e-14   2118
  1.800019e-01   6.102601e-13   1.183276e-04   2.394488e-14   1848
  1.804507e-01   6.828377e-13   1.565861e-04   2.281525e-14   2280
  1.809928e-01   6.208087e-13   1.489508e-04   1.881830e-14   2472
  1.814993e-01   4.891984e-13   9.953927e-05   1.599468e-14   2280
  1.819245e-01   5.950470e-13   1.216700e-04   2.089889e-14   1992
  1.823831e-01   5.515910e-13   1.279126e-04   1.754061e-14   2184
  1.829118e-01   4.926626e-13   1.543068e-04   1.492343e-14   2352
  1.834214e-01   5.370775e-13   1.626118e-04   1.544032e-14   2496
  1.839203e-01   5.240160e-13   1.518813e-04   1.942333e-14   1770
  1.843678e-01   6.113695e-13   1.310496e-04   1.933876e-14   2568
  1.849057e-01   5.826475e-13   1.607377e-04   1.889909e-14   2712
  1.853947e-01   5.809552e-13   1.276489e-04   1.882747e-14   2448
  1.858830e-01   5.295688e-13   1.076015e-04   1.828664e-14   2064
  1.862881e-01   5.494951e-13   1.135758e-04   2.006478e-14   1944
  1.868133e-01   4.973846e-13   1.403079e-04   1.589317e-14   2480
  1.873491e-01   4.597366e-13   1.524155e-04   1.323981e-14   2880
  1.878237e-01   4.719538e-13   1.462067e-04   1.659728e-14   2304
  1.883193e-01   4.688428e-13   1.343278e-04   1.647097e-14   1806
  1.887589e-01   5.364737e-13   1.317346e-04   1.764767e-14   2856
  1.893097e-01   5.529651e-13   1.263374e-04   1.801868e-14   2568
  1.897288e-01   5.168010e-13   1.267515e-04   1.903769e-14   2112
  1.901850e-01   5.204820e-13   1.220840e-04   2.073075e-14   2028
  1.906744e-01   4.579877e-13   1.445115e-04   1.488333e-14   2712
  1.911714e-01   4.700633e-13   1.556884e-04   1.394020e-14   2952
  1.917055e-01   4.259304e-13   1.202957e-04   1.385065e-14   2112
  1.921372e-01   4.275835e-13   1.409804e-04   1.310325e-14   2520
  1.926559e-01   4.025547e-13   1.359784e-04   1.258024e-14   2376
  1.931282e-01   4.781812e-13   1.090048e-04   1.449675e-14   2526
  1.936186e-01   5.149015e-13   1.356536e-04   1.706039e-14   2664
  1.941040e-01   5.312091e-13   1.617960e-04   1.971870e-14   2408
  1.945694e-01   4.485831e-13   1.296049e-04   1.628533e-14   2568
  1.950440e-01   4.511722e-13   1.221942e-04   1.279908e-14   2904
  1.955589e-01   4.454277e-13   1.371053e-04   1.368911e-14   2544
  1.960480e-01   4.334239e-13   1.009875e-04   1.576900e-14   2160
  1.965096e-01   4.351015e-13   1.745958e-04   1.372333e-14   2652
  1.970194e-01   3.562269e-13   1.382439e-04   1.025592e-14   2784
  1.975101e-01   4.761290e-13   1.365199e-04   1.522673e-14   2694
  1.980185e-01   4.362312e-13   1.226932e-04   1.416581e-14   2952
  1.984602e-01   4.459612e-13   1.162128e-04   1.713848e-14   2208
  1.989102e-01   4.824052e-13   1.238599e-04   1.707856e-14   2304
  1.994125e-01   3.962052e-13   1.610662e-04   1.112843e-14   3504
  1.999983e-01   3.919938e-13   1.304210e-04   1.247894e-14   2616
  2.004552e-01   3.688644e-13   1.274108e-04   1.197370e-14   2664
  2.008953e-01   3.666564e-13   1.183758e-04   1.237579e-14   2448
  2.013388e-01   3.813367e-13   1.648584e-04   1.207765e-14   2472
  2.018606e-01   3.776600e-13   1.310718e-04   1.141246e-14   3134
  2.023516e-01   4.372682e-13   1.433541e-04   1.503317e-14   2616
  2.028419e-01   4.194383e-13   1.161223e-04   1.548460e-14   2712
  2.033463e-01   4.041380e-13   1.331755e-04   1.309947e-14   3204
  2.038284e-01   3.795306e-13   1.533782e-04   1.302601e-14   2760
  2.042862e-01   3.478245e-13   1.338200e-04   1.240595e-14   2688
  2.047911e-01   3.526720e-13   1.265264e-04   1.090858e-14   2760
  2.052376e-01   3.278863e-13   1.044749e-04   1.180180e-14   2568
  2.057517e-01   3.192292e-13   1.622443e-04   9.246579e-15   3336
  2.062452e-01   3.675013e-13   1.373220e-04   1.294610e-14   2334
  2.067435e-01   3.882197e-13   1.519616e-04   1.358262e-14   3264
  2.072092e-01   4.180994e-13   1.104877e-04   1.697469e-14   2760
  2.076868e-01   3.448758e-13   1.334378e-04   1.127763e-14   3192
  2.081730e-01   3.760904e-13   1.385370e-04   1.331096e-14   2904
  2.086902e-01   3.335075e-13   1.390027e-04   1.151663e-14   2784
  2.091231e-01   3.531784e-13   1.144018e-04   1.180995e-14   2592
  2.096156e-01   3.061580e-13   1.559460e-04   1.039659e-14   3284
  2.101389e-01   2.948423e-13   1.566406e-04   9.557300e-15   3168
  2.106071e-01   3.073652e-13   1.292397e-04   9.973619e-15   2616
  2.110994e-01   3.017319e-13   1.248775e-04   1.143418e-14   3222
  2.115781e-01   3.569196e-13   1.401164e-04   1.221006e-14   3240
  2.120418e-01   3.617534e-13   1.417503e-04   1.385544e-14   2568
  2.125690e-01   3.648148e-13   1.300629e-04   1.433046e-14   3120
  2.130097e-01   3.241033e-13   1.429850e-04   1.183306e-14   3168
  2.134838e-01   3.123497e-13   1.251725e-04   1.210851e-14   3240
  2.140024e-01   2.846121e-13   1.284239e-04   9.383665e-15   3144
  2.145062e-01   2.736839e-13   1.224103e-04   8.683984e-15   2856
  2.149823e-01   2.736924e-13   1.307392e-04   8.050890e-15   3264
  2.155212e-01   2.995262e-13   1.444609e-04   1.064076e-14   3318
  2.159452e-01   3.647655e-13   1.011723e-04   1.603660e-14   2556
  2.164506e-01   2.989714e-13   1.728209e-04   1.067780e-14   4008
  2.169623e-01   3.164664e-13   1.275720e-04   1.190780e-14   2904
  2.174000e-01   2.569351e-13   1.304469e-04   8.749156e-15   3144
  2.178983e-01   2.963619e-13   1.359922e-04   1.046196e-14   3200
  2.184140e-01   2.430877e-13   1.341212e-04   8.527431e-15   3312
  2.188763e-01   2.450767e-13   1.080957e-04   8.064464e-15   2832
  2.193924e-01   2.509970e-13   1.555565e-04   7.545426e-15   3984
  2.198717e-01   2.654081e-13   1.264601e-04   1.063847e-14   2238
  2.203092e-01   3.080753e-13   1.488218e-04   1.138976e-14   3984
  2.208520e-01   2.909665e-13   1.414250e-04   1.054525e-14   3384
  2.213029e-01   3.093306e-13   1.321942e-04   1.154408e-14   3048
  2.217737e-01   2.419398e-13   1.213801e-04   8.789835e-15   3096
  2.222656e-01   2.658917e-13   1.375807e-04   8.565982e-15   3708
  2.227545e-01   2.457197e-13   1.304078e-04   9.113856e-15   2784
  2.232087e-01   2.454314e-13   1.354535e-04   7.934421e-15   3648
  2.237247e-01   2.340647e-13   1.394108e-04   7.657105e-15   3888
  2.242738e-01   2.219721e-13   1.488252e-04   9.179478e-15   2958
  2.246837e-01   2.740090e-13   1.270361e-04   9.186855e-15   3264
  2.251777e-01   3.056147e-13   1.402443e-04   1.209712e-14   3160
  2.256445e-01   2.488393e-13   1.271016e-04   8.842384e-15   3736
  2.260868e-01   2.477981e-13   1.158193e-04   1.112487e-14   3216
  2.266085e-01   2.561865e-13   1.419303e-04   8.166322e-15   4032
  2.271526e-01   2.135144e-13   1.295798e-04   6.850913e-15   3528
  2.276165e-01   2.294108e-13   1.143819e-04   7.987154e-15   3192
  2.280803e-01   2.067230e-13   1.252686e-04   6.997245e-15   3456
  2.285834e-01   1.908142e-13   1.298903e-04   6.335564e-15   3060
  2.290876e-01   2.406952e-13   1.544545e-04   7.774723e-15   4518
  2.295790e-01   2.505025e-13   1.375990e-04   9.990072e-15   3528
  2.300307e-01   3.018869e-13   1.155591e-04   1.216275e-14   3024
  2.305122e-01   2.315056e-13   1.564624e-04   8.341089e-15   3672
  2.310028e-01   2.321631e-13   1.342922e-04   7.827723e-15   3864
  2.315474e-01   2.164531e-13   1.423480e-04   7.249768e-15   3816
  2.319928e-01   1.864060e-13   1.295052e-04   6.415824e-15   3456
  2.324198e-01   2.133311e-13   1.172315e-04   7.987329e-15   2688
  2.329230e-01   1.792310e-13   1.390930e-04   5.200705e-15   4248
  2.334218e-01   2.360935e-13   1.332244e-04   8.836511e-15   3926
  2.339228e-01   2.500125e-13   1.406621e-04   1.007658e-14   3504
  2.344067e-01   2.363301e-13   1.257540e-04   8.132712e-15   3960
  2.349411e-01   2.157540e-13   1.415697e-04   7.542027e-15   3684
  2.353994e-01   1.927504e-13   1.415603e-04   6.913186e-15   4104
  2.358576e-01   1.987632e-13   1.342621e-04   6.580886e-15   3144
  2.363498e-01   1.973222e-13   1.470632e-04   6.644560e-15   4224
  2.368909e-01   1.673267e-13   1.305314e-04   5.387362e-15   4008
  2.373532e-01   1.710726e-13   1.436052e-04   5.480507e-15   3312
  2.378293e-01   2.086421e-13   1.428317e-04   8.351516e-15   3726
  2.383356e-01   2.163536e-13   1.467057e-04   8.843989e-15   3936
  2.387852e-01   2.520052e-13   1.512247e-04   1.018216e-14   3888
  2.392518e-01   1.958924e-13   1.429975e-04   7.979280e-15   3864
  2.397372e-01   2.072216e-13   1.520184e-04   7.545849e-15   3888
  2.402373e-01   1.770513e-13   1.433767e-04   6.473332e-15   4080
  2.407309e-01   2.002138e-13   1.521663e-04   7.406047e-15   3400
  2.412345e-01   1.723997e-13   1.395519e-04   5.712103e-15   4588
  2.417438e-01   1.563076e-13   1.381276e-04   5.625826e-15   3816
  2.421888e-01   1.704184e-13   1.308874e-04   6.678324e-15   3534
  2.426599e-01   2.249327e-13   1.292818e-04   8.062517e-15   4080
  2.431528e-01   2.007455e-13   1.351361e-04   6.911130e-15   4248
  2.436477e-01   2.246033e-13   1.361762e-04   9.676202e-15   3528
  2.441045e-01   1.909182e-13   1.392215e-04   6.480343e-15   4248
  2.445661e-01   1.841059e-13   1.361726e-04   6.988604e-15   3696
  2.450802e-01   1.617824e-13   1.412982e-04   5.493371e-15   4560
  2.455678e-01   1.720638e-13   1.323495e-04   5.487611e-15   3864
  2.460685e-01   1.507730e-13   1.441083e-04   5.113137e-15   4440
  2.465431e-01   1.718484e-13   1.344565e-04   6.979197e-15   3432
  2.470417e-01   2.055161e-13   1.318374e-04   7.598591e-15   4470
  2.475323e-01   2.015138e-13   1.171596e-04   7.035632e-15   4188
  2.480144e-01   1.758549e-13   1.500979e-04   6.698887e-15   4392
  2.484933e-01   2.014322e-13   1.161150e-04   7.424138e-15   3960
  2.489913e-01   1.771557e-13   1.311762e-04   6.500576e-15   4328
  2.494737e-01   1.588167e-13   1.365155e-04   5.234489e-15   4320
  2.499612e-01   1.603857e-13   1.427527e-04   5.671839e-15   4152
  2.504133e-01   1.833153e-13   1.194148e-04   7.526153e-15   3528
  2.509246e-01   1.407578e-13   1.292483e-04   4.531012e-15   4512
  2.514030e-01   1.934358e-13   1.321235e-04   7.997931e-15   4134
  2.518889e-01   2.085913e-13   1.407559e-04   7.500049e-15   5208
  2.523561e-01   1.921740e-13   1.226327e-04   8.070362e-15   3240
  2.528396e-01   1.879797e-13   1.352583e-04   6.634784e-15   4680
  2.533316e-01   1.685428e-13   1.339167e-04   6.542535e-15   4440
  2.538242e-01   1.620843e-13   1.517493e-04   5.905101e-15   4260
  2.542967e-01   1.427997e-13   1.238886e-04   5.353402e-15   4056
  2.547833e-01   1.352050e-13   1.373522e-04   4.453742e-15   4704
  2.552940e-01   1.545455e-13   1.598328e-04   5.325831e-15   4800
  2.558338e-01   1.608485e-13   1.384828e-04   6.234880e-15   4806
  2.563004e-01   2.421702e-13   1.380453e-04   9.554973e-15   3552
  2.567447e-01   1.677317e-13   1.384155e-04   7.477323e-15   4304
  2.572463e-01   1.774702e-13   1.342317e-04   6.386048e-15   5280
  2.577424e-01   1.564673e-13   1.287726e-04   5.831296e-15   4320
  2.582120e-01   1.607426e-13   1.454180e-04   5.817378e-15   4296
  2.587071e-01   1.354980e-13   1.616686e-04   4.514549e-15   4608
  2.592079e-01   1.471742e-13   1.548872e-04   4.654578e-15   4824
  2.597037e-01   1.211537e-13   1.462245e-04   4.363201e-15   4488
  2.602357e-01   1.583496e-13   1.365163e-04   5.744284e-15   4530
  2.606750e-01   1.751485e-13   1.332969e-04   7.327929e-15   4464
  2.611146e-01   1.718339e-13   1.256224e-04   6.715816e-15   4104
  2.616192e-01   1.578540e-13   1.354472e-04   5.294008e-15   5424
  2.621157e-01   1.735947e-13   1.458006e-04   7.327277e-15   4392
  2.626209e-01   1.455804e-13   1.427447e-04   5.190115e-15   4896
  2.630796e-01   1.275352e-13   1.399190e-04   4.777822e-15   4104
  2.635583e-01   1.543528e-13   1.261700e-04   5.364665e-15   4824
  2.640634e-01   1.061993e-13   1.205890e-04   3.684754e-15   4680
  2.645034e-01   1.265068e-13   1.233362e-04   4.719625e-15   4328
  2.650142e-01   1.611938e-13   1.421747e-04   6.381216e-15   5118
  2.655274e-01   1.639031e-13   1.647184e-04   6.484304e-15   5304
  2.659905e-01   1.955056e-13   1.297081e-04   7.576492e-15   4392
  2.664951e-01   1.437476e-13   1.301864e-04   5.801730e-15   4476
  2.669364e-01   1.410412e-13   1.292906e-04   5.796481e-15   4704
  2.674274e-01   1.300004e-13   1.564908e-04   4.505301e-15   5208
  2.679435e-01   1.326153e-13   1.319479e-04   4.990487e-15   5304
  2.684190e-01   1.156907e-13   1.413346e-04   4.137377e-15   4296
  2.689066e-01   1.172427e-13   1.340217e-04   3.967377e-15   4752
  2.694189e-01   1.489011e-13   1.345359e-04   5.528324e-15   4950
  2.698794e-01   1.547917e-13   1.406262e-04   6.289634e-15   5064
  2.703399e-01   1.660394e-13   1.178265e-04   6.464368e-15   4872
  2.708057e-01   1.460571e-13   1.240390e-04   6.427648e-15   4224
  2.713029e-01   1.389453e-13   1.370167e-04   4.897410e-15   6120
  2.718321e-01   1.213147e-13   1.507358e-04   4.544871e-15   4968
  2.723121e-01   1.324732e-13   1.333881e-04   4.945192e-15   4424
  2.728088e-01   1.220346e-13   1.703749e-04   4.886760e-15   5436
  2.732993e-01   1.075483e-13   1.452596e-04   3.877992e-15   4896
  2.737736e-01   1.225268e-13   1.390702e-04   5.584469e-15   5214
  2.742308e-01   1.665142e-13   1.182169e-04   6.977667e-15   4656
  2.747387e-01   1.544899e-13   1.503032e-04   6.230827e-15   5448
  2.752241e-01   1.414447e-13   1.269422e-04   6.672650e-15   4992
  2.756994e-01   1.513613e-13   1.404898e-04   6.131545e-15   5400
  2.762219e-01   1.322791e-13   1.557062e-04   5.016669e-15   5328
  2.767032e-01   1.312673e-13   1.392299e-04   4.942063e-15   4776
  2.771561e-01   9.386871e-14   1.308295e-04   3.844840e-15   4800
  2.776593e-01   1.107774e-13   1.682401e-04   3.659466e-15   6552
  2.781857e-01   1.400881e-13   1.271030e-04   6.578899e-15   3942
  2.786419e-01   1.431303e-13   1.601990e-04   5.623660e-15   6072
  2.791470e-01   1.725130e-13   1.244164e-04   7.568720e-15   4692
  2.795705e-01   1.222183e-13   1.298888e-04   5.265607e-15   4944
  2.800665e-01   1.268702e-13   1.394107e-04   4.927581e-15   5840
  2.805759e-01   1.183955e-13   1.492333e-04   4.527256e-15   5712
  2.810773e-01   1.231710e-13   1.250671e-04   4.987055e-15   4800
  2.815348e-01   1.013782e-13   1.656330e-04   3.795980e-15   5688
  2.820359e-01   1.009864e-13   1.306810e-04   3.927107e-15   4848
  2.825324e-01   8.037244e-14   1.454557e-04   3.450131e-15   5406
  2.830037e-01   1.055046e-14   1.312973e-04   2.117606e-16   5568
  2.834769e-01   9.678510e-15   1.180275e-04   1.911596e-16   5736
  2.839884e-01   1.013416e-14   1.465826e-04   1.970712e-16   5280
  2.844524e-01   1.007339e-14   1.355263e-04   1.949818e-16   5592
  2.849301e-01   9.710313e-15   1.551417e-04   1.994800e-16   4968
  2.854352e-01   1.019146e-14   1.391053e-04   1.798171e-16   5964
  2.859279e-01   9.221368e-15   1.397517e-04   1.821203e-16   5376
  2.863756e-01   9.057939e-15   1.349389e-04   1.716147e-16   5472
  2.868946e-01   9.175986e-15   1.281532e-04   1.675663e-16   5472
  2.873693e-01   9.688963e-15   1.457059e-04   2.067149e-16   5415
  2.878292e-01   9.174725e-15   1.281660e-04   1.801741e-16   5096
  2.883268e-01   8.692529e-15   1.648183e-04   1.655106e-16   6372
  2.888302e-01   9.203472e-15   1.337920e-04   1.970421e-16   4656
  2.892814e-01   8.237312e-15   1.460580e-04   1.526612e-16   5844
  2.897668e-01   9.003620e-15   1.284189e-04   1.853454e-16   5508
  2.902812e-01   8.483188e-15   1.456803e-04   1.553566e-16   6324
  2.907860e-01   8.085047e-15   1.251396e-04   1.655953e-16   4752
  2.912474e-01   8.394398e-15   1.401041e-04   1.599528e-16   5676
  2.917468e-01   8.171492e-15   1.281684e-04   1.593413e-16   5472
  2.922209e-01   7.715758e-15   1.445704e-04   1.477612e-16   5556
  2.927301e-01   7.922152e-15   1.408810e-04   1.512957e-16   5436
  2.932217e-01   7.386421e-15   1.442016e-04   1.356008e-16   5916
  2.937264e-01   7.462010e-15   1.500331e-04   1.446045e-16   5520
  2.941809e-01   7.440090e-15   1.364480e-04   1.479975e-16   5280
  2.946466e-01   7.415782e-15   1.340724e-04   1.587977e-16   4416
  2.951720e-01   7.119711e-15   1.306879e-04   1.212347e-16   6260
  2.956655e-01   6.823665e-15   1.554038e-04   1.232059e-16   5940
  2.961126e-01   6.771588e-15   1.217066e-04   1.406698e-16   4188
  2.966047e-01   6.362362e-15   1.556122e-04   1.079917e-16   6360
  2.971222e-01   6.664219e-15   1.387995e-04   1.323251e-16   5256
  2.976029e-01   6.630426e-15   1.312113e-04   1.285916e-16   4848
  2.980147e-01   6.226438e-15   1.189499e-04   1.250497e-16   4704
  2.985217e-01   6.086540e-15   1.459205e-04   1.147114e-16   5784
  2.990374e-01   5.571776e-15   1.544008e-04   9.196715e-17   5820
  2.995352e-01   6.075593e-15   1.383100e-04   1.093497e-16   5700
  3.000361e-01   6.026529e-15   1.282634e-04   1.103614e-16   5232
  3.005375e-01   5.661970e-15   1.423193e-04   1.093658e-16   4932
  3.009817e-01   5.814824e-15   1.224997e-04   1.237086e-16   4716
  3.014485e-01   5.517114e-15   1.560382e-04   9.913577e-17   5616
  3.019287e-01   5.459973e-15   1.378046e-04   1.052187e-16   5184
  3.024240e-01   5.242838e-15   1.390111e-04   1.041348e-16   5064
  3.028912e-01   5.114059e-15   1.423406e-04   9.279919e-17   5544
  3.034093e-01   5.202040e-15   1.428860e-04   9.363930e-17   5192
  3.038807e-01   5.006480e-15   1.284053e-04   9.175378e-17   5244
  3.043764e-01   4.939975e-15   1.389360e-04   8.940582e-17   5112
  3.048691e-01   4.946256e-15   1.275010e-04   9.034582e-17   5040
  3.053213e-01   4.874855e-15   1.340439e-04   9.019699e-17   5124
  3.058494e-01   4.743251e-15   1.504823e-04   8.255774e-17   5952
  3.063369e-01   4.494783e-15   1.318531e-04   8.253556e-17   4824
  3.067788e-01   4.609503e-15   1.330892e-04   9.285981e-17   4536
  3.072903e-01   4.366196e-15   1.414616e-04   7.318166e-17   5712
  3.078157e-01   4.623243e-15   1.547976e-04   8.075724e-17   5352
  3.083112e-01   4.269878e-15   1.348344e-04   7.552764e-17   5004
  3.087539e-01   3.996814e-15   1.348711e-04   6.991035e-17   4800
  3.092296e-01   4.255738e-15   1.449374e-04   7.773801e-17   5148
  3.097567e-01   4.221196e-15   1.505363e-04   6.829215e-17   5664
  3.102329e-01   3.834049e-15   1.352034e-04   7.031940e-17   4692
  3.106729e-01   4.013972e-15   1.256056e-04   8.095359e-17   4008
  3.111861e-01   3.687413e-15   1.439712e-04   6.287763e-17   5852
  3.117078e-01   3.839059e-15   1.363273e-04   6.854558e-17   5784
  3.121712e-01   3.656167e-15   1.256700e-04   7.569276e-17   4392
  3.126481e-01   3.786747e-15   1.232703e-04   6.702742e-17   4944
  3.131489e-01   3.653436e-15   1.453336e-04   6.808712e-17   4776
  3.136211e-01   3.489135e-15   1.398188e-04   6.285515e-17   5244
  3.141336e-01   3.615382e-15   1.395722e-04   6.455853e-17   4884
  3.145636e-01   3.307419e-15   1.183681e-04   5.917212e-17   4488
  3.150636e-01   3.453652e-15   1.406525e-04   6.098372e-17   5160
  3.155671e-01   3.575862e-15   1.432039e-04   5.875829e-17   5316
  3.160521e-01   3.057725e-15   1.447892e-04   5.457902e-17   4896
  3.165249e-01   3.398515e-15   1.345344e-04   6.400162e-17   4188
  3.170014e-01   2.919418e-15   1.467406e-04   5.050644e-17   4836
  3.174880e-01   3.337205e-15   1.455680e-04   5.637601e-17   5316
  3.179808e-01   3.004556e-15   1.347408e-04   5.027415e-17   4920
  3.184417e-01   3.306256e-15   1.357413e-04   6.618032e-17   4128
  3.189362e-01   2.919143e-15   1.460260e-04   4.838550e-17   5348
  3.194229e-01   3.132515e-15   1.267067e-04   5.715071e-17   4836
  3.198876e-01   2.970783e-15   1.365306e-04   5.872345e-17   4392
  3.203882e-01   2.867360e-15   1.199532e-04   5.346495e-17   4632
  3.208388e-01   2.802234e-15   1.340287e-04   4.859223e-17   4596
  3.213563e-01   2.889534e-15   1.347844e-04   4.832292e-17   5424
  3.218683e-01   2.620054e-15   1.387362e-04   4.446050e-17   5256
  3.223958e-01   2.731783e-15   1.409032e-04   4.950447e-17   4524
  3.228350e-01   2.696219e-15   1.340268e-04   5.139762e-17   4440
  3.233270e-01   2.640771e-15   1.146101e-04   4.846905e-17   4380
  3.238085e-01   2.600979e-15   1.499870e-04   4.864062e-17   4812
  3.243210e-01   2.613229e-15   1.489725e-04   4.347167e-17   5376
  3.247896e-01   2.450175e-15   1.189892e-04   5.115402e-17   3888
  3.252385e-01   2.593175e-15   1.362564e-04   4.562597e-17   4896
  3.257395e-01   2.412518e-15   1.437728e-04   4.268377e-17   4608
  3.262654e-01   2.614770e-15   1.357127e-04   4.539859e-17   4448
  3.267232e-01   2.180902e-15   1.400926e-04   3.843090e-17   4752
  3.272056e-01   2.376702e-15   1.467382e-04   4.524222e-17   4356
  3.277129e-01   2.346533e-15   1.412082e-04   4.238085e-17   5232
  3.282173e-01   2.212357e-15   1.423025e-04   4.129940e-17   4548
  3.287063e-01   2.281458e-15   1.383360e-04   4.041734e-17   4608
  3.291837e-01   2.159509e-15   1.256671e-04   4.381504e-17   3936
  3.296343e-01   2.241986e-15   1.502088e-04   4.321717e-17   4260
  3.301407e-01   2.117370e-15   1.346643e-04   3.623768e-17   5004
  3.306038e-01   2.122572e-15   1.330711e-04   4.004780e-17   4224
  3.311115e-01   2.079896e-15   1.437697e-04   3.775948e-17   4788
  3.316047e-01   2.130234e-15   1.511985e-04   4.159108e-17   4428
  3.320852e-01   1.952557e-15   1.263467e-04   3.945449e-17   4080
  3.325477e-01   2.039063e-15   1.381486e-04   3.566963e-17   4632
  3.330347e-01   1.937683e-15   1.436640e-04   3.809640e-17   4056
  3.335467e-01   1.905048e-15   1.352621e-04   3.238545e-17   4536
  3.340144e-01   2.030149e-15   1.379585e-04   3.521101e-17   4668
  3.345266e-01   1.732157e-15   1.478669e-04   3.149625e-17   4604
  3.350255e-01   1.872357e-15   1.328598e-04   3.666315e-17   4152
  3.354859e-01   1.855728e-15   1.287622e-04   3.525940e-17   4224
  3.359739e-01   1.761722e-15   1.237953e-04   3.263913e-17   4152
  3.364615e-01   1.911532e-15   1.404246e-04   3.577073e-17   4224
  3.369356e-01   1.757464e-15   1.298644e-04   3.395477e-17   3960
  3.373922e-01   1.766750e-15   1.340119e-04   3.190150e-17   4656
  3.378910e-01   1.650904e-15   1.445961e-04   3.109995e-17   4452
  3.384025e-01   1.618559e-15   1.470057e-04   3.236866e-17   4056
  3.388784e-01   1.671990e-15   1.456648e-04   3.279919e-17   4212
  3.393606e-01   1.753208e-15   1.210536e-04   3.580932e-17   3432
  3.398492e-01   1.589276e-15   1.548628e-04   2.685096e-17   5352
  3.403267e-01   1.621624e-15   1.134185e-04   3.319890e-17   3600
  3.408466e-01   1.578736e-15   1.251027e-04   2.842743e-17   4584
  3.413005e-01   1.664133e-15   1.247343e-04   3.522082e-17   3768
  3.417680e-01   1.501914e-15   1.331557e-04   3.062979e-17   3848
  3.422347e-01   1.547194e-15   1.220886e-04   3.310026e-17   3720
  3.427639e-01   1.406665e-15   1.532392e-04   2.593854e-17   4764
  3.432311e-01   1.471114e-15   1.234001e-04   2.719817e-17   3864
  3.437109e-01   1.503549e-15   1.528459e-04   2.889118e-17   4332
  3.442342e-01   1.459246e-15   1.304937e-04   2.850502e-17   3792
  3.447018e-01   1.382342e-15   1.480185e-04   2.656261e-17   4284
  3.451974e-01   1.385441e-15   1.401572e-04   3.021053e-17   3840
  3.456664e-01   1.289226e-15   1.334113e-04   2.784655e-17   3480
  3.461427e-01   1.355624e-15   1.488614e-04   2.466081e-17   4380
  3.466576e-01   1.397306e-15   1.398292e-04   2.665539e-17   4200
  3.471635e-01   1.398114e-15   1.344014e-04   2.742295e-17   4056
  3.476333e-01   1.276490e-15   1.350788e-04   2.942849e-17   3600
  3.480735e-01   1.312775e-15   1.345848e-04   2.616321e-17   3492
  3.485878e-01   1.206398e-15   1.571647e-04   2.256222e-17   4500
  3.491126e-01   1.307022e-15   1.376975e-04   2.814559e-17   3516
  3.495636e-01   1.345217e-15   1.439500e-04   2.773147e-17   3968
  3.500690e-01   1.221421e-15   1.383484e-04   2.541431e-17   3648
  3.505165e-01   1.193181e-15   1.322992e-04   2.292770e-17   4224
  3.510237e-01   1.129192e-15   1.484940e-04   2.515967e-17   3588
  3.514997e-01   1.207967e-15   1.369683e-04   2.719377e-17   3456
  3.519786e-01   1.113031e-15   1.216448e-04   2.378625e-17   3660
  3.524735e-01   1.145317e-15   1.335194e-04   2.339099e-17   3768
  3.529347e-01   1.202020e-15   1.350276e-04   2.447620e-17   3744
  3.534301e-01   1.092315e-15   1.482149e-04   2.268780e-17   4176
  3.539572e-01   1.206270e-15   1.367120e-04   2.563877e-17   3612
  3.543928e-01   1.091155e-15   1.485682e-04   2.445667e-17   3216
  3.548913e-01   1.072644e-15   1.436402e-04   2.276212e-17   3624
  3.553925e-01   1.074843e-15   1.350690e-04   2.197104e-17   3744
  3.558768e-01   1.121017e-15   1.441176e-04   2.394249e-17   3672
  3.563547e-01   1.044341e-15   1.306896e-04   2.161761e-17   3852
  3.568482e-01   1.096606e-15   1.345097e-04   2.376223e-17   3672
  3.573731e-01   1.036651e-15   1.310574e-04   2.459277e-17   3248
  3.578115e-01   9.062895e-16   1.341465e-04   2.048241e-17   3336
  3.582900e-01   9.342000e-16   1.365492e-04   2.077450e-17   3576
  3.587793e-01   9.903552e-16   1.159180e-04   2.102156e-17   3336
  3.592778e-01   9.616124e-16   1.376902e-04   1.993651e-17   3936
  3.597697e-01   1.017762e-15   1.466440e-04   2.505202e-17   3408
  3.602575e-01   9.745907e-16   1.291957e-04   2.258160e-17   3336
  3.607316e-01   8.216092e-16   1.451163e-04   1.907942e-17   3312
  3.612054e-01   9.006545e-16   1.469319e-04   2.175043e-17   3432
  3.617101e-01   9.322768e-16   1.273841e-04   2.416904e-17   3144
  3.621706e-01   9.024045e-16   1.382881e-04   1.958870e-17   3456
  3.626887e-01   8.936507e-16   1.329107e-04   1.903019e-17   3792
  3.631568e-01   9.469696e-16   1.305556e-04   2.416013e-17   2868
  3.636625e-01   8.164381e-16   1.352551e-04   1.750849e-17   3888
  3.641351e-01   7.378726e-16   1.174435e-04   1.854923e-17   2784
  3.646004e-01   8.246314e-16   1.341238e-04   2.151804e-17   2964
  3.651086e-01   8.754423e-16   1.381212e-04   2.029010e-17   3432
  3.655924e-01   8.307826e-16   1.429694e-04   1.871887e-17   3416
  3.660820e-01   8.295767e-16   1.528218e-04   1.816817e-17   3528
  3.665830e-01   8.533212e-16   1.226504e-04   2.102459e-17   2904
  3.670262e-01   7.432647e-16   1.375270e-04   1.825400e-17   3072
  3.675416e-01   7.191649e-16   1.544586e-04   1.643094e-17   3216
  3.680569e-01   7.294985e-16   1.250951e-04   1.937692e-17   2844
  3.685093e-01   7.608022e-16   1.431483e-04   1.847460e-17   3432
  3.689737e-01   8.109677e-16   1.150574e-04   2.029667e-17   2880
  3.694925e-01   7.686826e-16   1.524100e-04   1.903116e-17   3576
  3.699812e-01   8.069143e-16   1.362332e-04   2.115234e-17   2700
  3.704492e-01   6.858656e-16   1.530237e-04   1.753332e-17   3000
  3.709392e-01   6.669271e-16   1.270553e-04   1.758249e-17   2556
  3.714151e-01   7.063579e-16   1.361780e-04   1.730813e-17   3360
  3.719070e-01   7.240931e-16   1.323185e-04   1.795634e-17   3120
  3.724371e-01   7.308767e-16   1.557809e-04   1.872428e-17   3216
  3.728935e-01   7.609702e-16   1.098680e-04   2.001567e-17   2628
  3.734065e-01   6.332484e-16   1.452297e-04   1.626619e-17   3200
  3.738745e-01   6.127590e-16   1.370102e-04   1.730293e-17   2232
  3.743471e-01   6.121454e-16   1.563929e-04   1.583233e-17   3108
  3.748177e-01   7.545307e-16   1.373821e-04   2.138987e-17   2604
  3.752991e-01   7.112984e-16   1.479994e-04   1.733520e-17   3096
  3.758288e-01   6.483841e-16   1.348469e-04   1.787590e-17   3084
  3.762884e-01   6.153327e-16   1.376092e-04   1.742874e-17   2664
  3.767621e-01   5.956088e-16   1.213497e-04   1.833788e-17   2232
  3.772262e-01   5.094628e-16   1.494845e-04   1.453590e-17   2808
  3.777344e-01   6.497227e-16   1.412112e-04   1.830723e-17   2592
  3.782089e-01   6.857696e-16   1.449703e-04   1.910904e-17   2952
  3.787074e-01   5.787605e-16   1.368697e-04   1.583591e-17   2772
  3.791921e-01   5.718626e-16   1.471948e-04   1.494317e-17   3036
  3.796993e-01   5.671863e-16   1.427797e-04   1.741523e-17   2136
  3.801616e-01   4.740250e-16   1.138671e-04   1.403163e-17   2496
  3.806364e-01   5.532215e-16   1.516625e-04   1.629007e-17   2228
  3.811316e-01   6.134401e-16   1.413981e-04   1.658600e-17   3048
  3.816243e-01   5.879022e-16   1.350676e-04   1.713805e-17   2676
  3.821140e-01   5.266604e-16   1.345571e-04   1.439010e-17   2784
  3.825820e-01   5.310983e-16   1.307225e-04   1.791202e-17   1920
  3.830514e-01   4.529115e-16   1.395126e-04   1.317341e-17   2400
  3.835600e-01   4.809900e-16   1.279618e-04   1.463952e-17   2532
  3.840860e-01   5.597561e-16   1.421350e-04   1.654744e-17   2544
  3.845592e-01   5.823130e-16   1.486925e-04   1.796634e-17   2772
  3.850254e-01   4.816229e-16   1.392746e-04   1.618520e-17   2160
  3.854884e-01   5.324330e-16   1.500120e-04   1.680579e-17   2304
  3.860241e-01   4.523802e-16   1.467945e-04   1.415644e-17   2328
  3.865043e-01   4.035915e-16   1.407449e-04   1.335640e-17   2304
  3.869492e-01   4.170377e-16   1.330938e-04   1.388335e-17   1908
  3.874552e-01   5.892287e-16   1.488569e-04   1.903934e-17   2736
  3.879425e-01   5.268488e-16   1.410418e-04   1.779052e-17   2448
  3.884609e-01   4.842722e-16   1.318665e-04   1.710578e-17   2040
  3.889299e-01   3.509857e-16   1.372999e-04   1.198131e-17   2120
  3.893809e-01   4.208509e-16   1.138355e-04   1.357036e-17   2040
  3.898664e-01   3.651686e-16   1.412334e-04   1.364696e-17   2208
  3.904158e-01   5.372911e-16   1.268062e-04   1.930428e-17   2208
  3.908608e-01   6.010726e-16   1.405255e-04   2.069934e-17   2196
  3.913207e-01   3.522354e-16   1.236152e-04   1.393994e-17   1848
  3.917886e-01   4.343093e-16   1.401960e-04   1.513713e-17   2124
  3.923120e-01   3.987061e-16   1.470626e-04   1.206084e-17   2328
  3.928231e-01   3.814624e-16   1.497225e-04   1.549573e-17   1920
  3.933200e-01   3.579444e-16   1.374435e-04   1.425568e-17   1548
  3.937619e-01   5.077715e-16   1.507712e-04   1.661433e-17   2388
  3.942832e-01   3.689269e-16   1.395210e-04   1.394959e-17   2160
  3.947606e-01   3.647389e-16   1.269906e-04   1.423320e-17   1704
  3.952179e-01   3.363182e-16   1.430661e-04   1.372325e-17   1776
  3.956506e-01   3.177974e-16   1.338203e-04   1.167767e-17   1800
  3.961977e-01   3.074743e-16   1.544832e-04   1.220086e-17   1700
  3.967087e-01   4.377977e-16   1.390936e-04   1.753283e-17   2292
  3.971846e-01   3.692403e-16   1.291201e-04   1.622991e-17   1704
  3.976337e-01   3.625264e-16   1.443780e-04   1.554257e-17   1728
  3.981255e-01   2.979007e-16   1.336251e-04   1.261720e-17   1728
  3.986075e-01   3.472079e-16   1.334994e-04   1.266505e-17   1680
  3.991202e-01   2.382253e-16   1.537953e-04   1.081410e-17   1704
  3.996310e-01   2.590164e-16   1.207753e-04   1.012481e-17   1752
  4.000877e-01   3.974498e-16   1.435789e-04   1.858739e-17   1872
  4.005817e-01   3.545696e-16   1.407232e-04   1.744543e-17   1500
  4.010829e-01   3.036599e-16   1.232237e-04   1.332497e-17   1656
  4.015697e-01   2.992501e-16   1.321192e-04   1.177231e-17   1464
  4.020023e-01   2.094540e-16   1.157232e-04   1.030155e-17   1488
  4.025329e-01   2.566361e-16   1.396693e-04   1.064896e-17   1680
  4.030178e-01   3.035464e-16   1.459194e-04   1.520371e-17   1692
  4.034716e-01   2.887391e-16   1.397252e-04   1.568653e-17   1128
  4.039751e-01   2.564812e-16   1.345433e-04   1.095381e-17   1536
  4.044663e-01   2.240769e-16   1.402479e-04   1.035622e-17   1616
  4.049637e-01   2.106192e-16   1.352429e-04   9.687053e-18   1476
  4.054650e-01   1.883676e-16   1.488381e-04   9.884405e-18   1176
  4.059124e-01   2.058407e-16   1.599107e-04   6.795465e-18   1656
  4.063997e-01   2.449462e-16   1.404668e-04   1.697817e-17   891
  4.069020e-01   2.079427e-16   1.497388e-04   9.179644e-18   1596
  4.073915e-01   1.655688e-16   1.305762e-04   6.895483e-18   1422
  4.078742e-01   1.925843e-16   1.252138e-04   8.890633e-18   1254
  4.083284e-01   1.439265e-16   1.279202e-04   5.813902e-18   918
  4.088148e-01   1.881737e-16   1.400009e-04   6.610691e-18   1614
  4.093049e-01   1.550636e-16   1.209347e-04   8.937756e-18   798
  4.097922e-01   1.521363e-16   1.550239e-04   6.124221e-18   1458
  4.102863e-01   1.535477e-16   1.419502e-04   5.269503e-18   1374
  4.107747e-01   1.390249e-16   1.212349e-04   7.413543e-18   984
  4.112591e-01   1.524626e-16   1.668024e-04   6.647954e-18   1062
  4.117525e-01   1.800416e-16   1.413965e-04   8.361123e-18   1246
  4.122317e-01   1.085026e-16   1.311095e-04   4.375452e-18   1072
  4.127436e-01   1.240135e-16   1.419832e-04   6.453605e-18   1110
  4.132166e-01   1.510667e-16   1.538182e-04   6.572967e-18   1254
  4.137139e-01   1.290423e-16   1.459816e-04   5.671489e-18   1032
  4.142557e-01   1.378970e-16   1.352509e-04   7.352758e-18   786
  4.146677e-01   1.416300e-16   1.386613e-04   5.515290e-18   1152
  4.151502e-01   1.195933e-16   1.511270e-04   4.947822e-18   1086
  4.156529e-01   9.312922e-17   1.363503e-04   3.375536e-18   912
  4.161175e-01   1.536642e-16   1.366785e-04   6.628685e-18   1062
  4.165917e-01   1.012914e-16   1.362355e-04   3.436794e-18   912
  4.171397e-01   8.927950e-17   1.520835e-04   3.768036e-18   750
  4.175668e-01   1.231044e-16   1.465336e-04   4.810499e-18   1200
  4.180611e-01   9.582340e-17   1.326977e-04   4.085815e-18   918
  4.185524e-01   8.684572e-17   1.377357e-04   3.536581e-18   876
  4.190517e-01   1.313532e-16   1.203534e-04   5.241373e-18   870
  4.194890e-01   1.057835e-16   1.403731e-04   4.173876e-18   768
  4.200015e-01   7.886883e-17   1.286594e-04   3.192975e-18   830
  4.204761e-01   1.003346e-16   1.332096e-04   3.838445e-18   1080
  4.209676e-01   9.027596e-17   1.498783e-04   3.497180e-18   840
  4.214632e-01   8.358595e-17   1.443163e-04   3.009234e-18   798
  4.220251e-01   1.106350e-16   1.145461e-04   4.737463e-18   792
  4.224609e-01   8.495476e-17   1.335978e-04   3.859413e-18   726
  4.229181e-01   7.005021e-17   1.497038e-04   2.349254e-18   864
  4.234189e-01   9.474415e-17   1.281430e-04   4.190905e-18   900
  4.239267e-01   7.449396e-17   1.424135e-04   2.799278e-18   726
  4.243623e-01   7.743334e-17   1.232527e-04   3.133544e-18   576
  4.249434e-01   8.282301e-17   1.282664e-04   3.039682e-18   840
  4.253523e-01   7.251292e-17   1.331485e-04   3.135874e-18   750
  4.258366e-01   7.482451e-17   1.335529e-04   2.682349e-18   720
  4.262936e-01   8.123192e-17   1.351090e-04   3.567142e-18   702
  4.268271e-01   8.182674e-17   1.475571e-04   2.920976e-18   696
  4.272662e-01   7.269479e-17   1.319621e-04   3.636725e-18   480
  4.277837e-01   7.657815e-17   1.250396e-04   3.493359e-18   830
  4.282419e-01   7.483951e-17   1.454616e-04   3.136644e-18   756
  4.287552e-01   7.326289e-17   1.396687e-04   3.063901e-18   624
  4.292083e-01   6.348600e-17   1.475796e-04   3.014458e-18   582
  4.297440e-01   6.662354e-17   1.132706e-04   2.746999e-18   576
  4.302073e-01   5.781306e-17   1.517064e-04   2.179926e-18   624
  4.306823e-01   7.057930e-17   1.238986e-04   3.032261e-18   702
  4.311525e-01   6.926571e-17   1.425165e-04   3.069940e-18   624
  4.317110e-01   6.674090e-17   1.378751e-04   2.674577e-18   672
  4.321659e-01   5.762543e-17   1.032125e-04   3.105753e-18   342
  4.326655e-01   7.222783e-17   1.290292e-04   3.093522e-18   660
  4.331249e-01   5.797110e-17   1.326364e-04   2.273428e-18   576
  4.335992e-01   5.931075e-17   1.289493e-04   2.456462e-18   600
  4.340787e-01   5.902134e-17   1.491476e-04   3.170969e-18   510
  4.346181e-01   6.453712e-17   1.397290e-04   2.794860e-18   600
  4.350341e-01   5.684466e-17   1.112888e-04   3.862019e-18   216
  4.355185e-01   5.376472e-17   1.354577e-04   2.122647e-18   758
  4.360833e-01   5.357150e-17   1.482975e-04   2.161208e-18   576
  4.365782e-01   5.342893e-17   1.259005e-04   2.313994e-18   528
  4.370248e-01   6.260677e-17   8.670054e-05   3.443858e-18   318
  4.375047e-01   5.958287e-17   1.497759e-04   2.710470e-18   540
  4.380721e-01   4.222454e-17   1.058893e-04   2.205891e-18   384
  4.384565e-01   5.505181e-17   1.463022e-04   2.284738e-18   576
  4.389570e-01   4.592709e-17   1.195560e-04   2.182295e-18   414
  4.394302e-01   5.458296e-17   1.335050e-04   2.639669e-18   504
  4.399357e-01   4.881059e-17   1.465573e-04   2.336154e-18   312
  4.404212e-01   5.682835e-17   1.327827e-04   3.111341e-18   414
  4.409029e-01   4.701431e-17   1.226699e-04   2.156853e-18   432
  4.413512e-01   4.749047e-17   1.624587e-04   2.171229e-18   504
  4.418701e-01   5.030269e-17   1.564660e-04   2.593598e-18   432
  4.423558e-01   4.955369e-17   1.281691e-04   2.773407e-18   354
  4.428506e-01   5.969738e-17   1.865017e-04   4.658217e-18   200
  4.432750e-01   4.825325e-17   1.323290e-04   2.338138e-18   480
  4.438485e-01   4.775321e-17   1.512148e-04   2.146947e-18   552
  4.443745e-01   5.534758e-17   9.419478e-05   3.250781e-18   366
  4.447799e-01   4.756567e-17   1.002751e-04   2.928422e-18   240
  4.452261e-01   4.827673e-17   1.401886e-04   2.793212e-18   288
  4.458541e-01   3.992115e-17   9.634579e-05   1.978207e-18   366
  4.462600e-01   4.102112e-17   1.562070e-04   2.062097e-18   408
  4.467132e-01   5.005213e-17   1.174273e-04   2.734046e-18   360
  4.471820e-01   4.163565e-17   1.094619e-04   2.319014e-18   324
  4.476367e-01   4.752973e-17   1.292780e-04   3.824728e-18   174
  4.481783e-01   4.514806e-17   1.485222e-04   2.911695e-18   264
  4.486867e-01   4.291118e-17   1.354596e-04   2.260809e-18   456
  4.491937e-01   4.031193e-17   1.362099e-04   2.216565e-18   360
  4.496105e-01   4.141814e-17   1.500483e-04   2.691185e-18   270
  4.501209e-01   4.410881e-17   1.641082e-04   3.157887e-18   240
  4.507604e-01   4.917732e-17   1.195905e-04   4.283865e-18   120
  4.510747e-01   3.487801e-17   1.248485e-04   1.907749e-18   320
  4.515822e-01   4.036389e-17   1.544785e-04   1.904250e-18   462
  4.521137e-01   4.602135e-17   8.987666e-05   2.773300e-18   276
  4.525754e-01   4.181192e-17   1.019637e-04   4.135266e-18   144
  4.530202e-01   5.155413e-17   1.070818e-04   4.178043e-18   120
  4.536115e-01   3.446811e-17   8.108908e-05   1.903540e-18   294
  4.540583e-01   3.593261e-17   1.438563e-04   1.866201e-18   384
  4.544753e-01   3.941262e-17   9.523196e-05   2.856531e-18   216
  4.548743e-01   4.027654e-17   8.843896e-05   2.836671e-18   168
  4.553251e-01   4.247462e-17   1.052282e-04   3.536298e-18   102
  4.559768e-01   4.118734e-17   1.596520e-04   3.162146e-18   168
  4.564337e-01   3.949674e-17   1.397340e-04   1.980740e-18   384
  4.569346e-01   4.044538e-17   1.419732e-04   2.390101e-18   300
  4.574008e-01   3.672124e-17   1.520225e-04   3.157491e-18   144
  4.579263e-01   4.321925e-17   1.556925e-04   3.865483e-18   102
  4.585568e-01   4.277811e-17   3.685588e-05   5.391767e-18   56
  4.588590e-01   3.480572e-17   1.199932e-04   2.006412e-18   288
  4.593328e-01   3.280076e-17   1.561557e-04   1.772146e-18   360
  4.598487e-01   3.582090e-17   8.376686e-05   3.134013e-18   126
  4.602834e-01   5.112977e-17   4.125612e-05   5.366671e-18   72
  4.607572e-01   3.925264e-17   2.185755e-05   7.480287e-18   48
  4.613754e-01   3.126547e-17   8.842417e-05   1.745598e-18   240
  4.617816e-01   3.079405e-17   1.311982e-04   1.508130e-18   306
  4.621975e-01   2.627151e-17   7.291699e-05   1.928270e-18   120
  4.626766e-01   3.732756e-17   1.794585e-04   3.815234e-18   96
  4.630248e-01   3.628498e-17   0.000000e+00   8.189590e-18   24
  4.638071e-01   3.654243e-17   1.554065e-04   3.390594e-18   120
  4.641905e-01   3.281597e-17   1.343981e-04   1.882880e-18   318
  4.646594e-01   3.232259e-17   1.436227e-04   3.103551e-18   168
  4.651731e-01   3.409532e-17   1.541232e-04   4.475528e-18   72
  4.657357e-01   3.995644e-17   0.000000e+00   7.806452e-18   24
  4.663408e-01   3.727514e-17   7.481195e-05   1.166274e-17   14
  4.666286e-01   2.913347e-17   1.179951e-04   1.568562e-18   288
  4.670757e-01   3.010521e-17   1.419546e-04   2.290108e-18   204
  4.675916e-01   3.684776e-17   2.153808e-05   4.235011e-18   48
  4.680007e-01   4.888460e-17   0.000000e+00   1.053199e-17   24
  4.684739e-01   2.547903e-17   0.000000e+00   6.091441e-18   6
  4.691541e-01   3.034817e-17   8.821950e-05   1.965829e-18   216
  4.695046e-01   3.652713e-17   1.174842e-04   2.812248e-18   192
  4.699334e-01   3.931353e-17   2.143075e-05   4.297913e-18   48
  4.703832e-01   2.196455e-17   1.712353e-04   2.613039e-18   30
  4.716555e-01   3.079921e-17   3.540978e-05   2.737143e-18   96
  4.719167e-01   2.653582e-17   1.160286e-04   1.628698e-18   228
  4.724128e-01   3.149716e-17   1.517284e-04   3.825853e-18   72
  4.730094e-01   9.696081e-17   0.000000e+00   3.281759e-17   6
  4.743680e-01   3.482965e-17   1.145631e-04   2.179095e-18   248
  4.748016e-01   2.817681e-17   1.311235e-04   2.923093e-18   72
  4.753245e-01   3.070661e-17   7.266090e-09   7.913888e-18   6
  4.769053e-01   3.260762e-17   8.141014e-05   1.942915e-18   180
  4.772205e-01   3.544239e-17   1.107713e-04   4.966607e-18   72
  4.776705e-01   2.933424e-17   0.000000e+00   1.102692e-17   6
  4.794278e-01   3.189324e-17   3.483570e-05   3.000553e-18   96
  4.796378e-01   3.301574e-17   9.563861e-05   3.388396e-18   96
  4.800471e-01   5.045913e-17   0.000000e+00   5.014770e-18   6
  4.820778e-01   2.741833e-17   9.153355e-05   1.993956e-18   140
  4.824537e-01   3.334038e-17   0.000000e+00   6.542995e-18   6
  4.846301e-01   2.674334e-17   6.146888e-05   2.270974e-18   96
  4.848898e-01   1.674106e-17   0.000000e+00   5.975878e-18   6
  4.871898e-01   2.950205e-17   3.697860e-05   3.723551e-18   60
  4.873552e-01   4.238788e-17   0.000000e+00   7.237576e-18   6
  4.897713e-01   2.450856e-17   3.748867e-05   3.434857e-18   38
  4.923442e-01   2.999688e-17   1.928513e-05   5.167181e-18   18
  4.949217e-01   2.203383e-18   7.266090e-09   7.510517e-19   6
