# power spectrum of zeta (dimensionless)
# redshift z=19.720714
# k              Pk             sigma(k)       sigma(Pk)      count
  4.487990e-03   0.000000e+00   0.000000e+00   0.000000e+00   6
  6.346976e-03   0.000000e+00   0.000000e+00   0.000000e+00   12
  7.773426e-03   0.000000e+00   8.514949e-11   0.000000e+00   8
  8.975979e-03   0.000000e+00   0.000000e+00   0.000000e+00   6
  1.003545e-02   0.000000e+00   1.605594e-10   0.000000e+00   24
  1.099328e-02   0.000000e+00   1.605594e-10   0.000000e+00   24
  1.269395e-02   0.000000e+00   0.000000e+00   0.000000e+00   12
  1.346397e-02   0.000000e+00   1.816523e-10   0.000000e+00   30
  1.419227e-02   0.000000e+00   0.000000e+00   0.000000e+00   24
  1.488498e-02   0.000000e+00   2.780971e-10   0.000000e+00   24
  1.554685e-02   0.000000e+00   1.702990e-10   0.000000e+00   8
  1.618168e-02   0.000000e+00   2.270653e-10   0.000000e+00   24
  1.679252e-02   0.000000e+00   0.000000e+00   0.000000e+00   48
  1.795196e-02   0.000000e+00   0.000000e+00   0.000000e+00   6
  1.850445e-02   0.000000e+00   2.270653e-10   0.000000e+00   48
  1.904093e-02   0.000000e+00   2.140792e-10   0.000000e+00   36
  1.956269e-02   0.000000e+00   2.270653e-10   0.000000e+00   24
  2.007090e-02   0.000000e+00   3.211188e-10   0.000000e+00   24
  2.056655e-02   0.000000e+00   0.000000e+00   0.000000e+00   48
  2.105054e-02   0.000000e+00   3.211188e-10   0.000000e+00   24
  2.198657e-02   0.000000e+00   3.211188e-10   0.000000e+00   24
  2.243995e-02   0.000000e+00   0.000000e+00   0.000000e+00   30
  2.288435e-02   0.000000e+00   0.000000e+00   0.000000e+00   72
  2.332028e-02   0.000000e+00   3.405980e-10   0.000000e+00   32
  2.416856e-02   0.000000e+00   0.000000e+00   0.000000e+00   72
  2.458173e-02   0.000000e+00   0.000000e+00   0.000000e+00   48
  2.538790e-02   0.000000e+00   0.000000e+00   0.000000e+00   12
  2.578154e-02   0.000000e+00   0.000000e+00   0.000000e+00   48
  2.616925e-02   0.000000e+00   0.000000e+00   0.000000e+00   48
  2.655130e-02   0.000000e+00   3.211188e-10   0.000000e+00   48
  2.692794e-02   0.000000e+00   3.633045e-10   0.000000e+00   30
  2.729937e-02   0.000000e+00   0.000000e+00   0.000000e+00   24
  2.766583e-02   0.000000e+00   6.769780e-10   0.000000e+00   72
  2.838454e-02   0.000000e+00   0.000000e+00   0.000000e+00   24
  2.873715e-02   0.000000e+00   0.000000e+00   0.000000e+00   96
  2.908550e-02   0.000000e+00   0.000000e+00   0.000000e+00   48
  2.942972e-02   0.000000e+00   5.561942e-10   0.000000e+00   24
  2.976995e-02   0.000000e+00   5.561942e-10   0.000000e+00   24
  3.010635e-02   0.000000e+00   0.000000e+00   0.000000e+00   72
  3.043903e-02   0.000000e+00   0.000000e+00   0.000000e+00   48
  3.109370e-02   0.000000e+00   3.405980e-10   0.000000e+00   8
  3.141593e-02   0.000000e+00   4.036717e-10   0.000000e+00   54
  3.173488e-02   0.000000e+00   0.000000e+00   0.000000e+00   84
  3.205066e-02   0.000000e+00   0.000000e+00   0.000000e+00   48
  3.236335e-02   0.000000e+00   4.541306e-10   0.000000e+00   24
  3.267306e-02   0.000000e+00   6.055075e-10   0.000000e+00   72
  3.297985e-02   0.000000e+00   0.000000e+00   0.000000e+00   96
  3.358504e-02   0.000000e+00   0.000000e+00   0.000000e+00   48
  3.388358e-02   0.000000e+00   0.000000e+00   0.000000e+00   48
  3.417951e-02   0.000000e+00   0.000000e+00   0.000000e+00   24
  3.447290e-02   0.000000e+00   0.000000e+00   0.000000e+00   72
  3.505232e-02   0.000000e+00   0.000000e+00   0.000000e+00   72
  3.533846e-02   0.000000e+00   0.000000e+00   0.000000e+00   96
  3.590392e-02   0.000000e+00   0.000000e+00   0.000000e+00   6
  3.618333e-02   0.000000e+00   0.000000e+00   0.000000e+00   96
  3.646060e-02   0.000000e+00   4.541306e-10   0.000000e+00   96
  3.673578e-02   0.000000e+00   0.000000e+00   0.000000e+00   24
  3.700891e-02   0.000000e+00   4.541306e-10   0.000000e+00   48
  3.728004e-02   0.000000e+00   0.000000e+00   0.000000e+00   96
  3.754921e-02   0.000000e+00   0.000000e+00   0.000000e+00   48
  3.808185e-02   0.000000e+00   4.281585e-10   0.000000e+00   36
  3.834540e-02   0.000000e+00   7.865773e-10   0.000000e+00   48
  3.860715e-02   0.000000e+00   8.899106e-10   0.000000e+00   120
  3.886713e-02   0.000000e+00   0.000000e+00   0.000000e+00   56
  3.912539e-02   0.000000e+00   4.541306e-10   0.000000e+00   24
  3.938195e-02   0.000000e+00   0.000000e+00   0.000000e+00   96
  3.963685e-02   0.000000e+00   0.000000e+00   0.000000e+00   48
  4.014180e-02   0.000000e+00   6.422377e-10   0.000000e+00   24
  4.039191e-02   0.000000e+00   0.000000e+00   0.000000e+00   102
  4.064047e-02   0.000000e+00   4.541306e-10   0.000000e+00   48
  4.088753e-02   0.000000e+00   0.000000e+00   0.000000e+00   72
  4.113310e-02   0.000000e+00   0.000000e+00   0.000000e+00   48
  4.137722e-02   0.000000e+00   0.000000e+00   0.000000e+00   48
  4.161990e-02   0.000000e+00   1.027580e-09   0.000000e+00   120
  4.210107e-02   0.000000e+00   6.422377e-10   0.000000e+00   24
  4.233961e-02   0.000000e+00   6.055075e-10   0.000000e+00   144
  4.257681e-02   0.000000e+00   7.266090e-10   0.000000e+00   120
  4.281269e-02   0.000000e+00   6.422377e-10   0.000000e+00   48
  4.328060e-02   0.000000e+00   6.422377e-10   0.000000e+00   48
  4.351267e-02   0.000000e+00   6.422377e-10   0.000000e+00   96
  4.412543e-02   0.000000e+00   1.076845e-04   0.000000e+00   72
  4.442883e-02   0.000000e+00   5.708779e-10   0.000000e+00   108
  4.465493e-02   0.000000e+00   0.000000e+00   0.000000e+00   72
  4.487990e-02   0.000000e+00   0.000000e+00   0.000000e+00   30
  4.510374e-02   0.000000e+00   0.000000e+00   0.000000e+00   168
  4.532647e-02   0.000000e+00   0.000000e+00   0.000000e+00   48
  4.576869e-02   0.000000e+00   0.000000e+00   0.000000e+00   72
  4.598821e-02   0.000000e+00   0.000000e+00   0.000000e+00   96
  4.620668e-02   0.000000e+00   1.211015e-09   0.000000e+00   72
  4.642412e-02   0.000000e+00   0.000000e+00   0.000000e+00   72
  4.678970e-02   0.000000e+00   9.942967e-05   0.000000e+00   104
  4.707043e-02   0.000000e+00   8.563169e-10   0.000000e+00   144
  4.770798e-02   0.000000e+00   1.436087e-09   0.000000e+00   96
  4.791862e-02   0.000000e+00   0.000000e+00   0.000000e+00   96
  4.825361e-02   0.000000e+00   1.022910e-04   0.000000e+00   120
  4.854503e-02   0.000000e+00   0.000000e+00   0.000000e+00   120
  4.875204e-02   0.000000e+00   0.000000e+00   0.000000e+00   72
  4.916346e-02   0.000000e+00   0.000000e+00   0.000000e+00   48
  4.936788e-02   0.000000e+00   1.117860e-09   0.000000e+00   78
  4.962939e-02   0.000000e+00   9.159181e-05   0.000000e+00   168
  5.017725e-02   0.000000e+00   1.048770e-09   0.000000e+00   144
  5.037756e-02   0.000000e+00   8.563169e-10   0.000000e+00   144
  5.095853e-02   0.000000e+00   5.274950e-05   0.000000e+00   156
  5.117095e-02   0.000000e+00   1.112388e-09   0.000000e+00   48
  5.136739e-02   0.000000e+00   7.266090e-10   0.000000e+00   120
  5.156307e-02   0.000000e+00   0.000000e+00   0.000000e+00   48
  5.190908e-02   0.000000e+00   8.074274e-05   0.000000e+00   216
  5.233850e-02   0.000000e+00   0.000000e+00   0.000000e+00   48
  5.253057e-02   0.000000e+00   6.422377e-10   0.000000e+00   96
  5.280366e-02   0.000000e+00   9.436050e-05   0.000000e+00   168
  5.310261e-02   0.000000e+00   6.422377e-10   0.000000e+00   48
  5.329192e-02   0.000000e+00   0.000000e+00   0.000000e+00   96
  5.348057e-02   0.000000e+00   0.000000e+00   0.000000e+00   48
  5.385587e-02   0.000000e+00   7.266090e-10   0.000000e+00   30
  5.404255e-02   0.000000e+00   0.000000e+00   0.000000e+00   96
  5.426566e-02   0.000000e+00   7.415896e-05   0.000000e+00   240
  5.455256e-02   0.000000e+00   8.000683e-05   0.000000e+00   32
  5.478289e-02   0.000000e+00   0.000000e+00   0.000000e+00   168
  5.496642e-02   0.000000e+00   0.000000e+00   0.000000e+00   120
  5.533165e-02   0.000000e+00   1.353956e-09   0.000000e+00   72
  5.551336e-02   0.000000e+00   6.055075e-10   0.000000e+00   144
  5.569449e-02   0.000000e+00   0.000000e+00   0.000000e+00   96
  5.587502e-02   0.000000e+00   0.000000e+00   0.000000e+00   96
  5.623435e-02   0.000000e+00   0.000000e+00   0.000000e+00   72
  5.641315e-02   0.000000e+00   9.082613e-10   0.000000e+00   96
  5.676908e-02   0.000000e+00   0.000000e+00   0.000000e+00   24
  5.694620e-02   0.000000e+00   0.000000e+00   0.000000e+00   192
  5.715479e-02   0.000000e+00   6.789523e-05   0.000000e+00   132
  5.747431e-02   0.000000e+00   0.000000e+00   0.000000e+00   96
  5.764927e-02   0.000000e+00   0.000000e+00   0.000000e+00   96
  5.782370e-02   0.000000e+00   7.266090e-10   0.000000e+00   120
  5.817099e-02   0.000000e+00   0.000000e+00   0.000000e+00   48
  5.845566e-02   0.000000e+00   8.228355e-05   0.000000e+00   222
  5.868808e-02   0.000000e+00   0.000000e+00   0.000000e+00   120
  5.885943e-02   0.000000e+00   1.112388e-09   0.000000e+00   24
  5.910891e-02   0.000000e+00   8.492858e-05   0.000000e+00   312
  5.965251e-02   0.000000e+00   7.962394e-05   0.000000e+00   72
  5.987725e-02   0.000000e+00   1.112388e-09   0.000000e+00   96
  6.010802e-02   0.000000e+00   8.108596e-05   0.000000e+00   192
  6.037972e-02   0.000000e+00   1.027580e-09   0.000000e+00   120
  6.054629e-02   0.000000e+00   0.000000e+00   0.000000e+00   144
  6.087805e-02   0.000000e+00   0.000000e+00   0.000000e+00   48
  6.111387e-02   0.000000e+00   8.153477e-05   0.000000e+00   336
  6.137233e-02   0.000000e+00   0.000000e+00   0.000000e+00   48
  6.169965e-02   0.000000e+00   0.000000e+00   0.000000e+00   192
  6.186267e-02   0.000000e+00   0.000000e+00   0.000000e+00   48
  6.232604e-02   0.000000e+00   5.659583e-05   0.000000e+00   56
  6.255643e-02   0.000000e+00   7.268827e-05   0.000000e+00   336
  6.283185e-02   0.000000e+00   8.073433e-10   0.000000e+00   54
  6.307177e-02   0.000000e+00   7.983781e-05   0.000000e+00   240
  6.356985e-02   0.000000e+00   7.644534e-05   0.000000e+00   228
  6.378632e-02   0.000000e+00   8.563169e-10   0.000000e+00   72
  6.399644e-02   0.000000e+00   7.415385e-05   0.000000e+00   144
  6.425823e-02   0.000000e+00   0.000000e+00   0.000000e+00   96
  6.441477e-02   0.000000e+00   1.027580e-09   0.000000e+00   240
  6.472671e-02   0.000000e+00   9.082613e-10   0.000000e+00   24
  6.492641e-02   0.000000e+00   7.003773e-05   0.000000e+00   336
  6.519181e-02   0.000000e+00   0.000000e+00   0.000000e+00   72
  6.543408e-02   0.000000e+00   7.617900e-05   0.000000e+00   168
  6.565363e-02   0.000000e+00   0.000000e+00   0.000000e+00   72
  6.595971e-02   0.000000e+00   0.000000e+00   0.000000e+00   96
  6.619675e-02   0.000000e+00   7.560752e-05   0.000000e+00   216
  6.641618e-02   0.000000e+00   0.000000e+00   0.000000e+00   96
  6.671876e-02   0.000000e+00   9.082613e-10   0.000000e+00   192
  6.686954e-02   0.000000e+00   8.563169e-10   0.000000e+00   144
  6.717008e-02   0.000000e+00   0.000000e+00   0.000000e+00   48
  6.737816e-02   0.000000e+00   7.289453e-05   0.000000e+00   246
  6.766089e-02   0.000000e+00   6.720992e-05   0.000000e+00   168
  6.791561e-02   0.000000e+00   1.779821e-09   0.000000e+00   120
  6.806373e-02   0.000000e+00   0.000000e+00   0.000000e+00   240
  6.835902e-02   0.000000e+00   0.000000e+00   0.000000e+00   24
  6.859430e-02   0.000000e+00   7.194229e-05   0.000000e+00   360
  6.888731e-02   0.000000e+00   7.163615e-05   0.000000e+00   120
  6.909172e-02   0.000000e+00   0.000000e+00   0.000000e+00   144
  6.923733e-02   0.000000e+00   0.000000e+00   0.000000e+00   96
  6.967233e-02   0.000000e+00   0.000000e+00   0.000000e+00   144
  6.981673e-02   0.000000e+00   0.000000e+00   0.000000e+00   132
  7.001966e-02   0.000000e+00   7.070381e-05   0.000000e+00   176
  7.031425e-02   0.000000e+00   7.139661e-05   0.000000e+00   312
  7.067693e-02   0.000000e+00   0.000000e+00   0.000000e+00   96
  7.081928e-02   0.000000e+00   0.000000e+00   0.000000e+00   144
  7.103769e-02   0.000000e+00   7.068048e-05   0.000000e+00   312
  7.138584e-02   0.000000e+00   0.000000e+00   0.000000e+00   48
  7.152678e-02   0.000000e+00   9.082613e-10   0.000000e+00   192
  7.180783e-02   0.000000e+00   0.000000e+00   0.000000e+00   6
  7.199456e-02   0.000000e+00   6.592151e-05   0.000000e+00   288
  7.229701e-02   0.000000e+00   6.965036e-05   0.000000e+00   192
  7.250569e-02   0.000000e+00   2.136030e-09   0.000000e+00   216
  7.264446e-02   0.000000e+00   0.000000e+00   0.000000e+00   72
  7.299019e-02   0.000000e+00   6.898890e-05   0.000000e+00   192
  7.321980e-02   0.000000e+00   5.122797e-05   0.000000e+00   288
  7.347155e-02   0.000000e+00   0.000000e+00   0.000000e+00   24
  7.366606e-02   0.000000e+00   6.748859e-05   0.000000e+00   456
  7.401782e-02   0.000000e+00   0.000000e+00   0.000000e+00   48
  7.423517e-02   0.000000e+00   6.647357e-05   0.000000e+00   240
  7.448497e-02   0.000000e+00   6.717903e-05   0.000000e+00   216
  7.469503e-02   0.000000e+00   0.000000e+00   0.000000e+00   72
  7.482974e-02   0.000000e+00   2.321067e-09   0.000000e+00   168
  7.521008e-02   0.000000e+00   4.993319e-05   0.000000e+00   288
  7.542338e-02   0.000000e+00   6.607016e-05   0.000000e+00   168
  7.576598e-02   0.000000e+00   0.000000e+00   0.000000e+00   192
  7.589879e-02   0.000000e+00   8.563169e-10   0.000000e+00   144
  7.616371e-02   0.000000e+00   8.563169e-10   0.000000e+00   36
  7.638837e-02   0.000000e+00   6.033611e-05   0.000000e+00   342
  7.660318e-02   0.000000e+00   6.195787e-05   0.000000e+00   144
  7.687931e-02   0.000000e+00   6.497828e-05   0.000000e+00   384
  7.721429e-02   0.000000e+00   1.779821e-09   0.000000e+00   120
  7.738009e-02   0.000000e+00   5.794173e-05   0.000000e+00   264
  7.760459e-02   0.000000e+00   2.872174e-09   0.000000e+00   192
  7.781602e-02   0.000000e+00   6.244329e-05   0.000000e+00   152
  7.799294e-02   0.000000e+00   1.712634e-09   0.000000e+00   144
  7.836508e-02   0.000000e+00   4.041391e-05   0.000000e+00   216
  7.853733e-02   0.000000e+00   5.400376e-05   0.000000e+00   312
  7.884055e-02   0.000000e+00   6.258929e-05   0.000000e+00   240
  7.901921e-02   0.000000e+00   9.082613e-10   0.000000e+00   96
  7.935833e-02   0.000000e+00   5.983988e-05   0.000000e+00   144
  7.956734e-02   0.000000e+00   5.881734e-05   0.000000e+00   456
  7.990638e-02   0.000000e+00   0.000000e+00   0.000000e+00   120
  8.003232e-02   0.000000e+00   0.000000e+00   0.000000e+00   144
  8.028360e-02   0.000000e+00   1.284475e-09   0.000000e+00   24
  8.044470e-02   0.000000e+00   5.653709e-05   0.000000e+00   336
  8.072332e-02   0.000000e+00   6.235271e-05   0.000000e+00   198
  8.098439e-02   0.000000e+00   6.063443e-05   0.000000e+00   432
  8.128095e-02   0.000000e+00   1.816523e-09   0.000000e+00   48
  8.143566e-02   0.000000e+00   5.352971e-05   0.000000e+00   384
  8.171344e-02   0.000000e+00   6.162404e-05   0.000000e+00   144
  8.196515e-02   0.000000e+00   6.118458e-05   0.000000e+00   264
  8.226621e-02   0.000000e+00   0.000000e+00   0.000000e+00   48
  8.246820e-02   0.000000e+00   5.817654e-05   0.000000e+00   276
  8.266310e-02   0.000000e+00   5.273546e-05   0.000000e+00   192
  8.292356e-02   0.000000e+00   5.926306e-05   0.000000e+00   552
  8.323980e-02   0.000000e+00   1.453218e-09   0.000000e+00   120
  8.342777e-02   0.000000e+00   5.998883e-05   0.000000e+00   216
  8.360198e-02   0.000000e+00   1.453218e-09   0.000000e+00   120
  8.391317e-02   0.000000e+00   5.907428e-05   0.000000e+00   408
  8.420215e-02   0.000000e+00   1.284475e-09   0.000000e+00   24
  8.438134e-02   0.000000e+00   5.967566e-05   0.000000e+00   384
  8.463161e-02   0.000000e+00   5.830526e-05   0.000000e+00   240
  8.484893e-02   0.000000e+00   5.873223e-05   0.000000e+00   168
  8.515361e-02   0.000000e+00   0.000000e+00   0.000000e+00   120
  8.535003e-02   0.000000e+00   6.122527e-05   0.000000e+00   350
  8.566942e-02   0.000000e+00   1.007886e-04   0.000000e+00   384
  8.586029e-02   0.000000e+00   0.000000e+00   0.000000e+00   144
  8.621146e-02   0.000000e+00   1.211015e-09   0.000000e+00   288
  8.639482e-02   0.000000e+00   5.769264e-05   0.000000e+00   336
  8.664426e-02   0.000000e+00   5.252436e-05   0.000000e+00   168
  8.679359e-02   0.000000e+00   3.442699e-09   0.000000e+00   336
  8.710244e-02   0.000000e+00   5.451716e-05   0.000000e+00   288
  8.728795e-02   0.000000e+00   5.136910e-05   0.000000e+00   264
  8.760206e-02   0.000000e+00   0.000000e+00   0.000000e+00   240
  8.771695e-02   0.000000e+00   0.000000e+00   0.000000e+00   96
  8.812928e-02   0.000000e+00   6.985852e-05   0.000000e+00   360
  8.832172e-02   0.000000e+00   5.149772e-05   0.000000e+00   168
  8.856486e-02   0.000000e+00   5.613787e-05   0.000000e+00   456
  8.885766e-02   0.000000e+00   1.614687e-09   0.000000e+00   108
  8.902234e-02   0.000000e+00   5.632711e-05   0.000000e+00   264
  8.922780e-02   0.000000e+00   5.025296e-05   0.000000e+00   264
  8.950914e-02   0.000000e+00   4.742099e-05   0.000000e+00   312
  8.985946e-02   0.000000e+00   3.523897e-05   0.000000e+00   270
  9.000628e-02   0.000000e+00   4.474031e-05   0.000000e+00   240
  9.027023e-02   0.000000e+00   5.534940e-05   0.000000e+00   384
  9.043048e-02   0.000000e+00   1.816523e-09   0.000000e+00   192
  9.074177e-02   0.000000e+00   4.441052e-05   0.000000e+00   240
  9.092233e-02   0.000000e+00   5.480976e-05   0.000000e+00   336
  9.126190e-02   0.000000e+00   5.517650e-05   0.000000e+00   480
  9.153738e-02   0.000000e+00   1.211015e-09   0.000000e+00   72
  9.169127e-02   0.000000e+00   5.380211e-05   0.000000e+00   240
  9.190057e-02   0.000000e+00   5.056661e-05   0.000000e+00   312
  9.214050e-02   0.000000e+00   5.465037e-05   0.000000e+00   240
  9.250305e-02   0.000000e+00   4.152014e-05   0.000000e+00   408
  9.264658e-02   0.000000e+00   3.802244e-05   0.000000e+00   336
  9.292709e-02   0.000000e+00   4.827913e-05   0.000000e+00   264
  9.306493e-02   0.000000e+00   0.000000e+00   0.000000e+00   144
  9.344847e-02   0.000000e+00   6.691774e-05   0.000000e+00   464
  9.365053e-02   0.000000e+00   5.321333e-05   0.000000e+00   168
  9.385003e-02   0.000000e+00   4.846574e-05   0.000000e+00   336
  9.421059e-02   0.000000e+00   5.092274e-05   0.000000e+00   414
  9.441384e-02   0.000000e+00   5.300755e-05   0.000000e+00   216
  9.467424e-02   0.000000e+00   1.284475e-09   0.000000e+00   96
  9.478056e-02   0.000000e+00   3.146309e-09   0.000000e+00   384
  9.515300e-02   0.000000e+00   5.290514e-05   0.000000e+00   492
  9.535260e-02   0.000000e+00   5.173669e-05   0.000000e+00   240
  9.557820e-02   0.000000e+00   5.253086e-05   0.000000e+00   312
  9.588974e-02   0.000000e+00   5.251357e-05   0.000000e+00   192
  9.608709e-02   0.000000e+00   5.089201e-05   0.000000e+00   504
  9.634892e-02   0.000000e+00   3.369138e-05   0.000000e+00   408
  9.655507e-02   0.000000e+00   1.032177e-04   0.000000e+00   168
  9.681304e-02   0.000000e+00   4.902931e-05   0.000000e+00   288
  9.702952e-02   0.000000e+00   5.116628e-05   0.000000e+00   288
  9.725127e-02   0.000000e+00   5.146081e-05   0.000000e+00   432
  9.757291e-02   0.000000e+00   4.866478e-05   0.000000e+00   216
  9.774479e-02   0.000000e+00   4.856211e-05   0.000000e+00   360
  9.805077e-02   0.000000e+00   4.739615e-05   0.000000e+00   312
  9.832692e-02   0.000000e+00   0.000000e+00   0.000000e+00   48
  9.848611e-02   0.000000e+00   5.081550e-05   0.000000e+00   432
  9.877120e-02   0.000000e+00   8.476078e-05   0.000000e+00   414
  9.893956e-02   0.000000e+00   1.936190e-09   0.000000e+00   312
  9.925365e-02   0.000000e+00   7.437288e-05   0.000000e+00   528
  9.946561e-02   0.000000e+00   3.903945e-05   0.000000e+00   264
  9.972025e-02   0.000000e+00   4.629008e-05   0.000000e+00   480
  1.000530e-01   0.000000e+00   0.000000e+00   0.000000e+00   288
  1.001967e-01   0.000000e+00   4.973726e-05   0.000000e+00   168
  1.004595e-01   0.000000e+00   7.873394e-05   0.000000e+00   504
  1.007551e-01   0.000000e+00   1.211015e-09   0.000000e+00   144
  1.009411e-01   0.000000e+00   5.056606e-05   0.000000e+00   464
  1.012205e-01   0.000000e+00   7.420855e-05   0.000000e+00   432
  1.013531e-01   0.000000e+00   1.284475e-09   0.000000e+00   192
  1.016957e-01   0.000000e+00   5.501332e-05   0.000000e+00   396
  1.018981e-01   0.000000e+00   4.941713e-05   0.000000e+00   288
  1.021026e-01   0.000000e+00   4.881567e-05   0.000000e+00   336
  1.024293e-01   0.000000e+00   3.091107e-05   0.000000e+00   432
  1.026367e-01   0.000000e+00   8.011717e-05   0.000000e+00   360
  1.028695e-01   0.000000e+00   4.739049e-05   0.000000e+00   384
  1.032001e-01   0.000000e+00   4.183121e-05   0.000000e+00   198
  1.033594e-01   0.000000e+00   4.754848e-05   0.000000e+00   552
  1.036565e-01   0.000000e+00   6.656461e-05   0.000000e+00   432
  1.039045e-01   0.000000e+00   2.542602e-09   0.000000e+00   168
  1.041126e-01   0.000000e+00   8.251578e-05   0.000000e+00   480
  1.043880e-01   0.000000e+00   0.000000e+00   0.000000e+00   120
  1.045119e-01   0.000000e+00   6.739531e-05   0.000000e+00   336
  1.048143e-01   0.000000e+00   4.754634e-05   0.000000e+00   672
  1.051134e-01   0.000000e+00   6.916265e-05   0.000000e+00   528
  1.052527e-01   0.000000e+00   2.076026e-09   0.000000e+00   168
  1.055745e-01   0.000000e+00   7.715047e-05   0.000000e+00   456
  1.057708e-01   0.000000e+00   4.711644e-05   0.000000e+00   168
  1.059747e-01   0.000000e+00   4.703185e-05   0.000000e+00   504
  1.063135e-01   0.000000e+00   6.052278e-05   0.000000e+00   336
  1.065184e-01   0.000000e+00   4.362976e-05   0.000000e+00   312
  1.067457e-01   0.000000e+00   4.262923e-05   0.000000e+00   504
  1.070448e-01   0.000000e+00   2.957734e-05   0.000000e+00   432
  1.071854e-01   0.000000e+00   4.570679e-05   0.000000e+00   312
  1.074777e-01   0.000000e+00   4.685168e-05   0.000000e+00   384
  1.077830e-01   0.000000e+00   3.980594e-05   0.000000e+00   126
  1.079714e-01   0.000000e+00   6.988975e-05   0.000000e+00   492
  1.082121e-01   0.000000e+00   4.476446e-05   0.000000e+00   528
  1.085129e-01   0.000000e+00   4.547108e-05   0.000000e+00   480
  1.086993e-01   0.000000e+00   6.281804e-05   0.000000e+00   432
  1.089692e-01   0.000000e+00   4.939807e-05   0.000000e+00   440
  1.092826e-01   0.000000e+00   2.456546e-05   0.000000e+00   312
  1.094002e-01   0.000000e+00   3.681340e-05   0.000000e+00   480
  1.096414e-01   0.000000e+00   7.207992e-05   0.000000e+00   408
  1.099939e-01   0.000000e+00   4.316772e-05   0.000000e+00   360
  1.101428e-01   0.000000e+00   4.165528e-05   0.000000e+00   408
  1.104187e-01   0.000000e+00   4.238952e-05   0.000000e+00   456
  1.107295e-01   0.000000e+00   4.051394e-05   0.000000e+00   264
  1.109019e-01   0.000000e+00   4.396779e-05   0.000000e+00   384
  1.111530e-01   0.000000e+00   7.402287e-05   0.000000e+00   672
  1.114432e-01   0.000000e+00   4.427524e-05   0.000000e+00   240
  1.116107e-01   0.000000e+00   4.492830e-05   0.000000e+00   264
  1.118470e-01   0.000000e+00   5.541164e-05   0.000000e+00   624
  1.121997e-01   0.000000e+00   0.000000e+00   0.000000e+00   150
  1.123253e-01   0.000000e+00   6.209312e-05   0.000000e+00   600
  1.125901e-01   0.000000e+00   4.285507e-05   0.000000e+00   672
  1.128900e-01   0.000000e+00   4.030821e-05   0.000000e+00   336
  1.130571e-01   0.000000e+00   4.384359e-05   0.000000e+00   408
  1.133240e-01   0.000000e+00   4.374031e-05   0.000000e+00   408
  1.136209e-01   0.000000e+00   2.211745e-05   0.000000e+00   360
  1.138039e-01   0.000000e+00   8.120816e-05   0.000000e+00   456
  1.140250e-01   0.000000e+00   4.416149e-05   0.000000e+00   384
  1.143063e-01   0.000000e+00   4.076666e-05   0.000000e+00   348
  1.144584e-01   0.000000e+00   5.025723e-05   0.000000e+00   576
  1.147440e-01   0.000000e+00   4.138022e-05   0.000000e+00   504
  1.150362e-01   0.000000e+00   5.836440e-05   0.000000e+00   432
  1.152912e-01   0.000000e+00   7.940448e-05   0.000000e+00   576
  1.154731e-01   0.000000e+00   0.000000e+00   0.000000e+00   264
  1.157616e-01   0.000000e+00   6.318613e-05   0.000000e+00   768
  1.160125e-01   0.000000e+00   8.506861e-05   0.000000e+00   240
  1.162120e-01   0.000000e+00   7.502246e-05   0.000000e+00   192
  1.165026e-01   0.000000e+00   5.522570e-05   0.000000e+00   504
  1.167181e-01   0.000000e+00   7.441870e-05   0.000000e+00   590
  1.169248e-01   0.000000e+00   8.338208e-05   0.000000e+00   384
  1.171839e-01   0.000000e+00   6.968286e-05   0.000000e+00   504
  1.174968e-01   0.000000e+00   6.705897e-05   0.000000e+00   648
  1.178003e-01   0.000000e+00   1.821233e-05   0.000000e+00   504
  1.179227e-01   0.000000e+00   4.154576e-05   0.000000e+00   312
  1.181387e-01   0.000000e+00   5.985722e-05   0.000000e+00   576
  1.184353e-01   0.000000e+00   4.165498e-05   0.000000e+00   240
  1.186082e-01   0.000000e+00   4.209035e-05   0.000000e+00   552
  1.188529e-01   0.000000e+00   3.952187e-05   0.000000e+00   600
  1.192015e-01   0.000000e+00   4.827284e-05   0.000000e+00   600
  1.194111e-01   0.000000e+00   7.730513e-05   0.000000e+00   312
  1.196198e-01   0.000000e+00   6.732512e-05   0.000000e+00   480
  1.198806e-01   0.000000e+00   4.200441e-05   0.000000e+00   576
  1.201101e-01   0.000000e+00   6.763622e-05   0.000000e+00   408
  1.203138e-01   0.000000e+00   7.890077e-05   0.000000e+00   216
  1.205770e-01   0.000000e+00   6.042911e-05   0.000000e+00   516
  1.208589e-01   0.000000e+00   5.765552e-05   0.000000e+00   744
  1.211498e-01   0.000000e+00   3.850879e-05   0.000000e+00   462
  1.213141e-01   0.000000e+00   3.913862e-05   0.000000e+00   432
  1.215691e-01   0.000000e+00   3.630965e-05   0.000000e+00   648
  1.218688e-01   0.000000e+00   5.312777e-05   0.000000e+00   528
  1.221096e-01   0.000000e+00   6.397910e-05   0.000000e+00   600
  1.223502e-01   0.000000e+00   8.066092e-05   0.000000e+00   240
  1.225832e-01   0.000000e+00   6.178548e-05   0.000000e+00   720
  1.228540e-01   0.000000e+00   4.888350e-05   0.000000e+00   720
  1.231542e-01   0.000000e+00   0.000000e+00   0.000000e+00   144
  1.233122e-01   0.000000e+00   6.302546e-05   0.000000e+00   720
  1.235369e-01   0.000000e+00   3.779131e-05   0.000000e+00   384
  1.238183e-01   0.000000e+00   4.189367e-05   0.000000e+00   672
  1.240853e-01   0.000000e+00   7.335120e-05   0.000000e+00   336
  1.242128e-01   0.000000e+00   0.000000e+00   0.000000e+00   288
  1.245250e-01   0.000000e+00   5.805257e-05   0.000000e+00   776
  1.248140e-01   0.000000e+00   4.967278e-05   0.000000e+00   720
  1.250567e-01   0.000000e+00   4.001507e-05   0.000000e+00   432
  1.252509e-01   0.000000e+00   5.704653e-05   0.000000e+00   504
  1.254668e-01   0.000000e+00   3.996919e-05   0.000000e+00   528
  1.257690e-01   0.000000e+00   5.445569e-05   0.000000e+00   438
  1.260177e-01   0.000000e+00   6.338144e-05   0.000000e+00   624
  1.262050e-01   0.000000e+00   7.763371e-05   0.000000e+00   312
  1.264626e-01   0.000000e+00   4.182709e-05   0.000000e+00   696
  1.267289e-01   0.000000e+00   3.784594e-05   0.000000e+00   552
  1.270059e-01   0.000000e+00   2.928013e-05   0.000000e+00   516
  1.271773e-01   0.000000e+00   5.848486e-05   0.000000e+00   528
  1.273859e-01   0.000000e+00   3.803430e-05   0.000000e+00   528
  1.276822e-01   0.000000e+00   5.015953e-05   0.000000e+00   864
  1.278834e-01   0.000000e+00   6.870823e-05   0.000000e+00   408
  1.280847e-01   0.000000e+00   6.807282e-05   0.000000e+00   192
  1.283701e-01   0.000000e+00   5.633353e-05   0.000000e+00   720
  1.286110e-01   0.000000e+00   5.194228e-05   0.000000e+00   696
  1.288973e-01   0.000000e+00   5.609815e-05   0.000000e+00   720
  1.291592e-01   0.000000e+00   7.603431e-05   0.000000e+00   432
  1.293119e-01   0.000000e+00   4.475677e-05   0.000000e+00   264
  1.295867e-01   0.000000e+00   6.180712e-05   0.000000e+00   672
  1.298325e-01   0.000000e+00   6.328100e-05   0.000000e+00   600
  1.301242e-01   0.000000e+00   3.705096e-05   0.000000e+00   270
  1.302712e-01   0.000000e+00   5.577202e-05   0.000000e+00   528
  1.305049e-01   0.000000e+00   3.819070e-05   0.000000e+00   840
  1.308254e-01   0.000000e+00   7.302747e-05   0.000000e+00   888
  1.311216e-01   0.000000e+00   5.441084e-05   0.000000e+00   744
  1.313718e-01   0.000000e+00   2.795923e-05   0.000000e+00   456
  1.314963e-01   0.000000e+00   3.820801e-05   0.000000e+00   360
  1.317093e-01   0.000000e+00   3.310510e-05   0.000000e+00   384
  1.320361e-01   0.000000e+00   5.310026e-05   0.000000e+00   816
  1.322813e-01   0.000000e+00   7.704106e-05   0.000000e+00   824
  1.325794e-01   0.000000e+00   3.581235e-05   0.000000e+00   360
  1.327390e-01   0.000000e+00   5.284558e-05   0.000000e+00   624
  1.329587e-01   0.000000e+00   3.571018e-05   0.000000e+00   360
  1.332513e-01   0.000000e+00   4.857633e-05   0.000000e+00   876
  1.335156e-01   0.000000e+00   5.769416e-05   0.000000e+00   696
  1.337821e-01   0.000000e+00   3.725510e-05   0.000000e+00   336
  1.339218e-01   0.000000e+00   3.721324e-05   0.000000e+00   504
  1.341526e-01   0.000000e+00   3.753571e-05   0.000000e+00   672
  1.344950e-01   0.000000e+00   7.472486e-05   0.000000e+00   720
  1.347324e-01   0.000000e+00   5.644666e-05   0.000000e+00   774
  1.349945e-01   0.000000e+00   3.230860e-05   0.000000e+00   384
  1.351318e-01   0.000000e+00   6.217562e-05   0.000000e+00   528
  1.353448e-01   0.000000e+00   5.925683e-05   0.000000e+00   744
  1.356875e-01   0.000000e+00   4.887432e-05   0.000000e+00   768
  1.359150e-01   0.000000e+00   5.486510e-05   0.000000e+00   552
  1.361989e-01   0.000000e+00   5.979675e-05   0.000000e+00   696
  1.364100e-01   0.000000e+00   7.266345e-05   0.000000e+00   408
  1.365777e-01   0.000000e+00   3.139119e-05   0.000000e+00   504
  1.368434e-01   0.000000e+00   5.639309e-05   0.000000e+00   888
  1.371049e-01   0.000000e+00   5.860872e-05   0.000000e+00   648
  1.373767e-01   0.000000e+00   5.810635e-05   0.000000e+00   648
  1.376324e-01   0.000000e+00   6.265289e-05   0.000000e+00   792
  1.379033e-01   0.000000e+00   9.166547e-05   0.000000e+00   600
  1.381028e-01   0.000000e+00   6.212242e-05   0.000000e+00   456
  1.383129e-01   0.000000e+00   3.027582e-05   0.000000e+00   648
  1.385828e-01   0.000000e+00   5.904226e-05   0.000000e+00   936
  1.388741e-01   0.000000e+00   3.625955e-05   0.000000e+00   384
  1.391277e-01   0.000000e+00   0.000000e+00   0.000000e+00   198
  1.393234e-01   0.000000e+00   9.199360e-05   0.000000e+00   1224
  1.395345e-01   0.000000e+00   6.699966e-05   0.000000e+00   420
  1.397842e-01   0.000000e+00   6.484166e-05   0.000000e+00   792
  1.400283e-01   0.000000e+00   5.361851e-05   0.000000e+00   680
  1.403069e-01   0.000000e+00   4.923504e-05   0.000000e+00   600
  1.405311e-01   0.000000e+00   7.140431e-05   0.000000e+00   840
  1.408304e-01   0.000000e+00   3.371380e-05   0.000000e+00   432
  1.409448e-01   0.000000e+00   3.159427e-05   0.000000e+00   720
  1.411934e-01   0.000000e+00   6.327780e-05   0.000000e+00   960
  1.415027e-01   0.000000e+00   5.640753e-05   0.000000e+00   528
  1.417288e-01   0.000000e+00   5.765925e-05   0.000000e+00   624
  1.419978e-01   0.000000e+00   4.531978e-05   0.000000e+00   816
  1.422648e-01   0.000000e+00   7.452934e-05   0.000000e+00   696
  1.425599e-01   0.000000e+00   4.110321e-09   0.000000e+00   240
  1.426709e-01   0.000000e+00   4.395173e-05   0.000000e+00   672
  1.429185e-01   0.000000e+00   7.854802e-05   0.000000e+00   864
  1.431964e-01   0.000000e+00   6.027286e-05   0.000000e+00   816
  1.434467e-01   0.000000e+00   3.449810e-05   0.000000e+00   648
  1.437164e-01   0.000000e+00   3.526335e-05   0.000000e+00   843
  1.439454e-01   0.000000e+00   6.344743e-05   0.000000e+00   780
  1.442182e-01   0.000000e+00   3.404471e-05   0.000000e+00   216
  1.443865e-01   0.000000e+00   8.209510e-05   0.000000e+00   1056
  1.446454e-01   0.000000e+00   6.716301e-05   0.000000e+00   228
  1.448850e-01   0.000000e+00   8.361962e-05   0.000000e+00   924
  1.451311e-01   0.000000e+00   3.101819e-05   0.000000e+00   696
  1.453916e-01   0.000000e+00   5.520350e-05   0.000000e+00   996
  1.456581e-01   0.000000e+00   3.259105e-05   0.000000e+00   576
  1.459354e-01   0.000000e+00   5.030212e-05   0.000000e+00   552
  1.461376e-01   0.000000e+00   6.005898e-05   0.000000e+00   516
  1.463427e-01   0.000000e+00   8.733821e-05   0.000000e+00   744
  1.465771e-01   0.000000e+00   4.284460e-05   0.000000e+00   576
  1.467810e-01   0.000000e+00   4.409794e-05   0.000000e+00   792
  1.470708e-01   0.000000e+00   5.041212e-05   0.000000e+00   792
  1.472831e-01   0.000000e+00   5.436894e-05   0.000000e+00   720
  1.475703e-01   0.000000e+00   6.196809e-05   0.000000e+00   656
  1.478394e-01   0.000000e+00   6.766594e-05   0.000000e+00   816
  1.481153e-01   0.000000e+00   3.648433e-05   0.000000e+00   492
  1.482721e-01   0.000000e+00   5.248529e-05   0.000000e+00   552
  1.485663e-01   0.000000e+00   9.126553e-05   0.000000e+00   780
  1.487575e-01   0.000000e+00   5.606333e-05   0.000000e+00   528
  1.489634e-01   0.000000e+00   6.544296e-05   0.000000e+00   600
  1.492669e-01   0.000000e+00   5.438828e-05   0.000000e+00   900
  1.494760e-01   0.000000e+00   3.011028e-05   0.000000e+00   696
  1.497638e-01   0.000000e+00   7.613501e-05   0.000000e+00   696
  1.500423e-01   0.000000e+00   3.088725e-05   0.000000e+00   552
  1.502764e-01   0.000000e+00   3.591902e-05   0.000000e+00   708
  1.505217e-01   0.000000e+00   5.930435e-05   0.000000e+00   876
  1.507769e-01   0.000000e+00   3.148943e-05   0.000000e+00   216
  1.509481e-01   0.000000e+00   8.612787e-05   0.000000e+00   1032
  1.512046e-01   0.000000e+00   9.589387e-05   0.000000e+00   600
  1.514708e-01   0.000000e+00   4.575699e-05   0.000000e+00   600
  1.516739e-01   0.000000e+00   8.080257e-05   0.000000e+00   528
  1.519139e-01   0.000000e+00   4.435707e-05   0.000000e+00   732
  1.521668e-01   0.000000e+00   3.275367e-05   0.000000e+00   336
  1.524578e-01   0.000000e+00   4.668048e-05   0.000000e+00   912
  1.526754e-01   0.000000e+00   4.685305e-05   0.000000e+00   624
  1.529130e-01   0.000000e+00   3.948208e-05   0.000000e+00   768
  1.531905e-01   0.000000e+00   7.123345e-05   0.000000e+00   792
  1.534628e-01   0.000000e+00   3.531461e-05   0.000000e+00   660
  1.536565e-01   0.000000e+00   5.204174e-05   0.000000e+00   504
  1.538569e-01   0.000000e+00   8.502625e-05   0.000000e+00   480
  1.541572e-01   0.000000e+00   7.863820e-05   0.000000e+00   912
  1.543923e-01   0.000000e+00   8.757583e-05   0.000000e+00   432
  1.546144e-01   0.000000e+00   5.200047e-05   0.000000e+00   564
  1.548116e-01   0.000000e+00   4.977161e-05   0.000000e+00   600
  1.550891e-01   0.000000e+00   6.937691e-05   0.000000e+00   876
  1.552976e-01   0.000000e+00   3.119395e-05   0.000000e+00   264
  1.555851e-01   0.000000e+00   6.052853e-05   0.000000e+00   560
  1.558161e-01   0.000000e+00   4.113044e-05   0.000000e+00   840
  1.560965e-01   0.000000e+00   6.341128e-05   0.000000e+00   1008
  1.563558e-01   0.000000e+00   2.836595e-05   0.000000e+00   456
  1.565927e-01   0.000000e+00   3.674408e-05   0.000000e+00   576
  1.568116e-01   0.000000e+00   5.646120e-05   0.000000e+00   612
  1.571003e-01   0.000000e+00   5.042901e-05   0.000000e+00   780
  1.573359e-01   0.000000e+00   5.778934e-05   0.000000e+00   648
  1.575770e-01   0.000000e+00   2.693058e-05   0.000000e+00   312
  1.577311e-01   0.000000e+00   6.842617e-05   0.000000e+00   528
  1.579980e-01   0.000000e+00   8.936117e-05   0.000000e+00   720
  1.582533e-01   0.000000e+00   8.964102e-05   0.000000e+00   576
  1.585628e-01   0.000000e+00   7.732694e-05   0.000000e+00   444
  1.587554e-01   0.000000e+00   7.583279e-05   0.000000e+00   996
  1.589914e-01   0.000000e+00   6.334320e-05   0.000000e+00   432
  1.592145e-01   0.000000e+00   6.934834e-05   0.000000e+00   504
  1.594071e-01   0.000000e+00   3.126589e-05   0.000000e+00   504
  1.596815e-01   0.000000e+00   6.153164e-05   0.000000e+00   876
  1.599297e-01   0.000000e+00   7.081706e-05   0.000000e+00   504
  1.601882e-01   0.000000e+00   4.516342e-05   0.000000e+00   696
  1.604019e-01   0.000000e+00   3.860998e-05   0.000000e+00   492
  1.606926e-01   0.000000e+00   5.527206e-05   0.000000e+00   432
  1.609079e-01   0.000000e+00   5.175622e-05   0.000000e+00   768
  1.611631e-01   0.000000e+00   6.446933e-05   0.000000e+00   648
  1.614068e-01   0.000000e+00   4.205932e-05   0.000000e+00   456
  1.616868e-01   0.000000e+00   5.783839e-05   0.000000e+00   552
  1.618813e-01   0.000000e+00   3.964248e-05   0.000000e+00   648
  1.621489e-01   0.000000e+00   6.461501e-05   0.000000e+00   840
  1.624104e-01   0.000000e+00   3.081354e-05   0.000000e+00   432
  1.626721e-01   0.000000e+00   3.774132e-05   0.000000e+00   600
  1.628542e-01   0.000000e+00   4.021090e-05   0.000000e+00   432
  1.631600e-01   0.000000e+00   4.003387e-05   0.000000e+00   560
  1.633670e-01   0.000000e+00   6.336941e-05   0.000000e+00   840
  1.636263e-01   0.000000e+00   3.753463e-05   0.000000e+00   504
  1.638323e-01   0.000000e+00   7.660593e-05   0.000000e+00   696
  1.641226e-01   0.000000e+00   4.183943e-05   0.000000e+00   384
  1.643487e-01   0.000000e+00   6.128984e-05   0.000000e+00   576
  1.646222e-01   0.000000e+00   3.782503e-05   0.000000e+00   360
  1.648426e-01   0.000000e+00   5.633064e-05   0.000000e+00   828
  1.650804e-01   0.000000e+00   5.017290e-05   0.000000e+00   372
  1.652983e-01   0.000000e+00   7.662364e-05   0.000000e+00   576
  1.655869e-01   0.000000e+00   3.208989e-05   0.000000e+00   636
  1.657926e-01   0.000000e+00   6.186102e-05   0.000000e+00   648
  1.660708e-01   0.000000e+00   5.028625e-05   0.000000e+00   576
  1.662705e-01   0.000000e+00   8.111703e-05   0.000000e+00   528
  1.665361e-01   0.000000e+00   3.468088e-05   0.000000e+00   360
  1.667559e-01   0.000000e+00   7.977902e-05   0.000000e+00   672
  1.670430e-01   0.000000e+00   4.086413e-05   0.000000e+00   804
  1.672819e-01   0.000000e+00   4.507802e-05   0.000000e+00   408
  1.675462e-01   0.000000e+00   2.786312e-05   0.000000e+00   384
  1.677241e-01   0.000000e+00   6.376152e-05   0.000000e+00   480
  1.679752e-01   0.000000e+00   4.119929e-05   0.000000e+00   432
  1.682159e-01   0.000000e+00   7.592150e-05   0.000000e+00   648
  1.685009e-01   0.000000e+00   4.710893e-05   0.000000e+00   624
  1.687093e-01   0.000000e+00   4.284955e-05   0.000000e+00   456
  1.689940e-01   0.000000e+00   5.853629e-05   0.000000e+00   588
  1.691847e-01   0.000000e+00   3.734591e-05   0.000000e+00   600
  1.694632e-01   0.000000e+00   5.825046e-05   0.000000e+00   708
  1.696832e-01   0.000000e+00   3.669667e-05   0.000000e+00   360
  1.699263e-01   0.000000e+00   4.218379e-05   0.000000e+00   552
  1.701593e-01   0.000000e+00   2.959293e-05   0.000000e+00   288
  1.703959e-01   0.000000e+00   5.564280e-05   0.000000e+00   528
  1.706182e-01   0.000000e+00   3.753920e-05   0.000000e+00   456
  1.708665e-01   0.000000e+00   6.656515e-05   0.000000e+00   608
  1.711163e-01   0.000000e+00   3.220496e-05   0.000000e+00   504
  1.713892e-01   0.000000e+00   6.914223e-05   0.000000e+00   540
  1.716032e-01   0.000000e+00   7.422222e-05   0.000000e+00   360
  1.718339e-01   0.000000e+00   3.361162e-05   0.000000e+00   540
  1.720380e-01   0.000000e+00   2.885957e-05   0.000000e+00   576
  1.723347e-01   0.000000e+00   6.691555e-05   0.000000e+00   588
  1.726168e-01   0.000000e+00   9.232326e-05   0.000000e+00   672
  1.728592e-01   0.000000e+00   7.056345e-05   0.000000e+00   552
  1.730545e-01   0.000000e+00   7.059913e-05   0.000000e+00   144
  1.733038e-01   0.000000e+00   5.998121e-05   0.000000e+00   600
  1.735402e-01   0.000000e+00   7.516955e-05   0.000000e+00   504
  1.738025e-01   0.000000e+00   7.721430e-05   0.000000e+00   336
  1.740784e-01   0.000000e+00   8.678922e-05   0.000000e+00   600
  1.743256e-01   0.000000e+00   5.601092e-05   0.000000e+00   636
  1.745923e-01   0.000000e+00   4.503329e-05   0.000000e+00   384
  1.747793e-01   0.000000e+00   6.281612e-05   0.000000e+00   504
  1.750488e-01   0.000000e+00   2.636304e-05   0.000000e+00   240
  1.752616e-01   0.000000e+00   6.193054e-05   0.000000e+00   744
  1.755168e-01   0.000000e+00   4.228914e-05   0.000000e+00   648
  1.757436e-01   0.000000e+00   2.807279e-05   0.000000e+00   120
  1.760095e-01   0.000000e+00   4.409871e-05   0.000000e+00   564
  1.762103e-01   0.000000e+00   6.925969e-05   0.000000e+00   432
  1.764784e-01   0.000000e+00   5.375921e-05   0.000000e+00   480
  1.766803e-01   0.000000e+00   3.956814e-05   0.000000e+00   456
  1.769186e-01   0.000000e+00   6.547942e-05   0.000000e+00   444
  1.771890e-01   0.000000e+00   1.001870e-04   0.000000e+00   528
  1.774266e-01   0.000000e+00   7.440679e-05   0.000000e+00   264
  1.776571e-01   0.000000e+00   7.625589e-05   0.000000e+00   444
  1.779672e-01   0.000000e+00   8.352712e-05   0.000000e+00   696
  1.782246e-01   0.000000e+00   4.467309e-05   0.000000e+00   384
  1.784129e-01   0.000000e+00   5.644820e-05   0.000000e+00   432
  1.787057e-01   0.000000e+00   3.900306e-05   0.000000e+00   488
  1.788958e-01   0.000000e+00   5.878247e-05   0.000000e+00   480
  1.791714e-01   0.000000e+00   6.555462e-05   0.000000e+00   480
  1.793849e-01   0.000000e+00   2.750471e-05   0.000000e+00   240
  1.796272e-01   0.000000e+00   6.424882e-05   0.000000e+00   600
  1.798559e-01   0.000000e+00   5.598627e-05   0.000000e+00   288
  1.800993e-01   0.000000e+00   5.385469e-05   0.000000e+00   480
  1.803458e-01   0.000000e+00   9.579788e-05   0.000000e+00   504
  1.805885e-01   0.000000e+00   4.110325e-05   0.000000e+00   216
  1.808981e-01   0.000000e+00   6.729256e-05   0.000000e+00   504
  1.811392e-01   0.000000e+00   5.412370e-05   0.000000e+00   456
  1.814031e-01   0.000000e+00   3.104087e-05   0.000000e+00   384
  1.815779e-01   0.000000e+00   6.300174e-05   0.000000e+00   480
  1.818262e-01   0.000000e+00   5.532259e-05   0.000000e+00   504
  1.820564e-01   0.000000e+00   3.509319e-05   0.000000e+00   312
  1.823043e-01   0.000000e+00   5.655148e-05   0.000000e+00   492
  1.825238e-01   0.000000e+00   5.300385e-05   0.000000e+00   312
  1.828064e-01   0.000000e+00   8.610055e-05   0.000000e+00   576
  1.830551e-01   0.000000e+00   7.947777e-05   0.000000e+00   336
  1.832617e-01   0.000000e+00   6.119421e-05   0.000000e+00   240
  1.835481e-01   0.000000e+00   8.112802e-05   0.000000e+00   468
  1.837954e-01   0.000000e+00   5.079787e-05   0.000000e+00   192
  1.840542e-01   0.000000e+00   5.094927e-05   0.000000e+00   324
  1.842439e-01   0.000000e+00   3.697814e-05   0.000000e+00   600
  1.845024e-01   0.000000e+00   5.999324e-05   0.000000e+00   456
  1.846943e-01   0.000000e+00   2.698496e-05   0.000000e+00   336
  1.850125e-01   0.000000e+00   8.080061e-05   0.000000e+00   612
  1.852440e-01   0.000000e+00   6.781139e-05   0.000000e+00   144
  1.854629e-01   0.000000e+00   7.915330e-05   0.000000e+00   552
  1.857606e-01   0.000000e+00   3.117154e-05   0.000000e+00   264
  1.859288e-01   0.000000e+00   7.217008e-05   0.000000e+00   336
  1.861941e-01   0.000000e+00   4.768752e-05   0.000000e+00   384
  1.864242e-01   0.000000e+00   2.684336e-05   0.000000e+00   216
  1.866789e-01   0.000000e+00   5.691346e-05   0.000000e+00   344
  1.869112e-01   0.000000e+00   8.491756e-05   0.000000e+00   408
  1.871942e-01   0.000000e+00   6.525361e-05   0.000000e+00   264
  1.874450e-01   0.000000e+00   9.096676e-05   0.000000e+00   612
  1.876956e-01   0.000000e+00   4.681845e-05   0.000000e+00   408
  1.879533e-01   0.000000e+00   4.688574e-05   0.000000e+00   444
  1.881426e-01   0.000000e+00   2.622284e-05   0.000000e+00   120
  1.883963e-01   0.000000e+00   7.244892e-05   0.000000e+00   336
  1.885846e-01   0.000000e+00   2.517571e-05   0.000000e+00   288
  1.888390e-01   0.000000e+00   7.834725e-05   0.000000e+00   552
  1.891889e-01   0.000000e+00   0.000000e+00   0.000000e+00   72
  1.893687e-01   0.000000e+00   7.781878e-05   0.000000e+00   504
  1.895788e-01   0.000000e+00   2.504133e-05   0.000000e+00   216
  1.898511e-01   0.000000e+00   4.470956e-05   0.000000e+00   312
  1.900954e-01   0.000000e+00   5.090887e-05   0.000000e+00   336
  1.903283e-01   0.000000e+00   7.056539e-05   0.000000e+00   204
  1.905603e-01   0.000000e+00   8.200772e-05   0.000000e+00   504
  1.908063e-01   0.000000e+00   7.809491e-05   0.000000e+00   396
  1.910429e-01   0.000000e+00   7.161711e-05   0.000000e+00   312
  1.913297e-01   0.000000e+00   4.376572e-05   0.000000e+00   216
  1.915318e-01   0.000000e+00   2.375249e-05   0.000000e+00   168
  1.917774e-01   0.000000e+00   5.997637e-05   0.000000e+00   588
  1.920576e-01   0.000000e+00   8.141090e-05   0.000000e+00   240
  1.922754e-01   0.000000e+00   7.189946e-05   0.000000e+00   264
  1.925307e-01   0.000000e+00   8.891848e-05   0.000000e+00   288
  1.927573e-01   0.000000e+00   4.440219e-05   0.000000e+00   288
  1.930444e-01   0.000000e+00   4.170072e-05   0.000000e+00   288
  1.932378e-01   0.000000e+00   4.830681e-05   0.000000e+00   192
  1.934810e-01   0.000000e+00   5.140329e-05   0.000000e+00   264
  1.937128e-01   0.000000e+00   8.455129e-05   0.000000e+00   372
  1.939621e-01   0.000000e+00   9.131904e-05   0.000000e+00   360
  1.942665e-01   0.000000e+00   3.864708e-05   0.000000e+00   144
  1.944239e-01   0.000000e+00   5.367910e-05   0.000000e+00   296
  1.946722e-01   0.000000e+00   5.783646e-05   0.000000e+00   288
  1.949565e-01   0.000000e+00   8.643513e-05   0.000000e+00   480
  1.952017e-01   0.000000e+00   7.181934e-05   0.000000e+00   192
  1.954402e-01   0.000000e+00   7.703604e-05   0.000000e+00   192
  1.956569e-01   0.000000e+00   4.909597e-05   0.000000e+00   288
  1.959584e-01   0.000000e+00   4.273737e-05   0.000000e+00   108
  1.961102e-01   0.000000e+00   4.108675e-05   0.000000e+00   240
  1.963784e-01   0.000000e+00   7.664829e-05   0.000000e+00   384
  1.966538e-01   0.000000e+00   9.350223e-05   0.000000e+00   108
  1.968974e-01   0.000000e+00   5.482209e-05   0.000000e+00   348
  1.971535e-01   0.000000e+00   5.721449e-05   0.000000e+00   312
  1.973823e-01   0.000000e+00   5.559587e-05   0.000000e+00   96
  1.975926e-01   0.000000e+00   7.401586e-05   0.000000e+00   384
  1.978282e-01   0.000000e+00   5.090793e-05   0.000000e+00   144
  1.980586e-01   0.000000e+00   7.822228e-05   0.000000e+00   408
  1.983451e-01   0.000000e+00   3.489266e-05   0.000000e+00   144
  1.986157e-01   0.000000e+00   6.708152e-05   0.000000e+00   192
  1.987762e-01   0.000000e+00   7.550148e-05   0.000000e+00   144
  1.990378e-01   0.000000e+00   6.138549e-05   0.000000e+00   144
  1.992846e-01   0.000000e+00   7.502301e-05   0.000000e+00   336
  1.995869e-01   0.000000e+00   5.550751e-05   0.000000e+00   240
  1.997786e-01   0.000000e+00   2.520547e-05   0.000000e+00   96
  2.000459e-01   0.000000e+00   7.391551e-05   0.000000e+00   372
  2.003163e-01   0.000000e+00   8.792091e-05   0.000000e+00   132
  2.005538e-01   0.000000e+00   5.440441e-05   0.000000e+00   264
  2.007663e-01   0.000000e+00   4.178011e-05   0.000000e+00   168
  2.009931e-01   0.000000e+00   6.679837e-05   0.000000e+00   216
  2.011935e-01   0.000000e+00   4.086808e-05   0.000000e+00   216
  2.014852e-01   0.000000e+00   7.497591e-05   0.000000e+00   96
  2.017500e-01   0.000000e+00   4.891494e-05   0.000000e+00   120
  2.019928e-01   0.000000e+00   6.218465e-05   0.000000e+00   216
  2.021928e-01   0.000000e+00   2.717490e-05   0.000000e+00   200
  2.024576e-01   0.000000e+00   7.034415e-05   0.000000e+00   288
  2.027972e-01   0.000000e+00   1.850891e-05   0.000000e+00   144
  2.029402e-01   0.000000e+00   5.759860e-05   0.000000e+00   168
  2.032323e-01   0.000000e+00   6.482186e-05   0.000000e+00   159
  2.034603e-01   0.000000e+00   6.801371e-05   0.000000e+00   174
  2.036809e-01   0.000000e+00   6.167246e-05   0.000000e+00   144
  2.039698e-01   0.000000e+00   3.561139e-05   0.000000e+00   222
  2.041630e-01   0.000000e+00   3.593504e-05   0.000000e+00   168
  2.044967e-01   0.000000e+00   7.881934e-05   0.000000e+00   30
  2.046346e-01   0.000000e+00   6.959169e-05   0.000000e+00   72
  2.048942e-01   0.000000e+00   6.210975e-05   0.000000e+00   258
  2.051797e-01   0.000000e+00   3.890094e-05   0.000000e+00   264
  2.053225e-01   0.000000e+00   4.195079e-09   0.000000e+00   72
  2.056199e-01   0.000000e+00   7.710330e-05   0.000000e+00   174
  2.058892e-01   0.000000e+00   8.210077e-05   0.000000e+00   168
  2.061058e-01   0.000000e+00   2.568951e-09   0.000000e+00   48
  2.063382e-01   0.000000e+00   4.636424e-05   0.000000e+00   150
  2.066077e-01   0.000000e+00   8.529035e-05   0.000000e+00   168
  2.068780e-01   0.000000e+00   5.195492e-05   0.000000e+00   144
  2.071265e-01   0.000000e+00   4.853772e-05   0.000000e+00   102
  2.073116e-01   0.000000e+00   7.184416e-05   0.000000e+00   96
  2.076053e-01   0.000000e+00   7.130050e-05   0.000000e+00   120
  2.078228e-01   0.000000e+00   7.647166e-05   0.000000e+00   168
  2.080580e-01   0.000000e+00   5.646827e-05   0.000000e+00   126
  2.082585e-01   0.000000e+00   4.258836e-05   0.000000e+00   168
  2.085346e-01   0.000000e+00   6.829049e-05   0.000000e+00   72
  2.087759e-01   0.000000e+00   8.551492e-05   0.000000e+00   168
  2.089873e-01   0.000000e+00   2.344384e-05   0.000000e+00   78
  2.092770e-01   0.000000e+00   3.849304e-05   0.000000e+00   60
  2.095103e-01   0.000000e+00   6.244194e-05   0.000000e+00   96
  2.097522e-01   0.000000e+00   7.576810e-05   0.000000e+00   168
  2.099796e-01   0.000000e+00   4.794311e-05   0.000000e+00   86
  2.102181e-01   0.000000e+00   4.284977e-05   0.000000e+00   120
  2.105600e-01   0.000000e+00   3.055758e-05   0.000000e+00   168
  2.107444e-01   0.000000e+00   0.000000e+00   0.000000e+00   48
  2.109928e-01   0.000000e+00   5.567259e-05   0.000000e+00   120
  2.111355e-01   0.000000e+00   4.061540e-05   0.000000e+00   126
  2.114838e-01   0.000000e+00   7.143116e-05   0.000000e+00   96
  2.117099e-01   0.000000e+00   2.059722e-05   0.000000e+00   96
  2.118882e-01   0.000000e+00   2.422030e-09   0.000000e+00   72
  2.122681e-01   0.000000e+00   2.568951e-09   0.000000e+00   24
  2.125052e-01   0.000000e+00   4.238860e-05   0.000000e+00   120
  2.126902e-01   0.000000e+00   6.183193e-05   0.000000e+00   126
  2.128959e-01   0.000000e+00   5.154529e-05   0.000000e+00   96
  2.131362e-01   0.000000e+00   8.908530e-05   0.000000e+00   72
  2.134038e-01   0.000000e+00   3.853239e-05   0.000000e+00   144
  2.136239e-01   0.000000e+00   2.222458e-05   0.000000e+00   72
  2.138438e-01   0.000000e+00   4.439042e-05   0.000000e+00   54
  2.140373e-01   0.000000e+00   3.911854e-05   0.000000e+00   108
  2.144395e-01   0.000000e+00   3.834628e-05   0.000000e+00   72
  2.145647e-01   0.000000e+00   2.212712e-05   0.000000e+00   72
  2.148618e-01   0.000000e+00   4.449553e-09   0.000000e+00   24
  2.151428e-01   0.000000e+00   4.681088e-05   0.000000e+00   48
  2.153135e-01   0.000000e+00   3.565781e-05   0.000000e+00   102
  2.155704e-01   0.000000e+00   8.064314e-05   0.000000e+00   168
  2.159060e-01   0.000000e+00   4.398088e-05   0.000000e+00   72
  2.160304e-01   0.000000e+00   0.000000e+00   0.000000e+00   48
  2.162913e-01   0.000000e+00   7.564979e-05   0.000000e+00   120
  2.166356e-01   0.000000e+00   4.648832e-05   0.000000e+00   96
  2.169608e-01   0.000000e+00   4.110321e-09   0.000000e+00   30
  2.173472e-01   0.000000e+00   2.184227e-05   0.000000e+00   72
  2.175171e-01   0.000000e+00   2.568951e-09   0.000000e+00   24
  2.177352e-01   0.000000e+00   3.237565e-05   0.000000e+00   56
  2.179796e-01   0.000000e+00   4.620169e-05   0.000000e+00   96
  2.182720e-01   0.000000e+00   5.101796e-05   0.000000e+00   144
  2.184974e-01   0.000000e+00   2.896600e-05   0.000000e+00   54
  2.188250e-01   0.000000e+00   4.339413e-05   0.000000e+00   108
  2.191546e-01   0.000000e+00   2.297699e-05   0.000000e+00   48
  2.194683e-01   0.000000e+00   8.651572e-05   0.000000e+00   72
  2.202213e-01   0.000000e+00   5.716121e-05   0.000000e+00   78
  2.204299e-01   0.000000e+00   4.307814e-05   0.000000e+00   72
  2.206734e-01   0.000000e+00   4.302466e-05   0.000000e+00   72
  2.209281e-01   0.000000e+00   1.038232e-04   0.000000e+00   96
  2.211293e-01   0.000000e+00   4.293597e-05   0.000000e+00   72
  2.213721e-01   0.000000e+00   0.000000e+00   0.000000e+00   24
  2.216146e-01   0.000000e+00   8.567808e-05   0.000000e+00   72
  2.221623e-01   0.000000e+00   5.440820e-05   0.000000e+00   30
  2.222801e-01   0.000000e+00   0.000000e+00   0.000000e+00   24
  2.229135e-01   0.000000e+00   4.517907e-05   0.000000e+00   48
  2.231122e-01   0.000000e+00   9.722532e-05   0.000000e+00   120
  2.233799e-01   0.000000e+00   4.250917e-05   0.000000e+00   72
  2.236502e-01   0.000000e+00   4.245777e-05   0.000000e+00   36
  2.238360e-01   0.000000e+00   8.391632e-05   0.000000e+00   78
  2.243546e-01   0.000000e+00   4.488887e-05   0.000000e+00   48
  2.250269e-01   0.000000e+00   3.633045e-09   0.000000e+00   24
  2.255059e-01   0.000000e+00   3.125970e-05   0.000000e+00   56
  2.257471e-01   0.000000e+00   4.810277e-05   0.000000e+00   102
  2.260539e-01   0.000000e+00   3.425268e-09   0.000000e+00   72
  2.262321e-01   0.000000e+00   2.568951e-09   0.000000e+00   24
  2.265435e-01   0.000000e+00   4.445516e-05   0.000000e+00   48
  2.271206e-01   0.000000e+00   0.000000e+00   0.000000e+00   24
  2.278290e-01   0.000000e+00   0.000000e+00   0.000000e+00   6
  2.280499e-01   0.000000e+00   0.000000e+00   0.000000e+00   24
  2.281971e-01   0.000000e+00   4.161169e-05   0.000000e+00   72
  2.284659e-01   0.000000e+00   7.763053e-05   0.000000e+00   84
  2.287554e-01   0.000000e+00   0.000000e+00   0.000000e+00   24
  2.288435e-01   0.000000e+00   3.633045e-09   0.000000e+00   24
  2.292831e-01   0.000000e+00   4.449553e-09   0.000000e+00   24
  2.298972e-01   0.000000e+00   0.000000e+00   0.000000e+00   6
  2.306844e-01   0.000000e+00   4.365716e-05   0.000000e+00   48
  2.308735e-01   0.000000e+00   8.224294e-05   0.000000e+00   72
  2.311206e-01   0.000000e+00   4.357477e-05   0.000000e+00   48
  2.315124e-01   0.000000e+00   0.000000e+00   0.000000e+00   24
  2.320338e-01   0.000000e+00   0.000000e+00   0.000000e+00   6
  2.332028e-01   0.000000e+00   0.000000e+00   0.000000e+00   8
  2.332891e-01   0.000000e+00   2.568951e-09   0.000000e+00   48
  2.334962e-01   0.000000e+00   4.225843e-05   0.000000e+00   60
  2.338066e-01   0.000000e+00   0.000000e+00   0.000000e+00   24
  2.342369e-01   0.000000e+00   0.000000e+00   0.000000e+00   6
  2.358224e-01   0.000000e+00   0.000000e+00   0.000000e+00   24
  2.359505e-01   0.000000e+00   4.268279e-05   0.000000e+00   48
  2.361638e-01   0.000000e+00   0.000000e+00   0.000000e+00   24
  2.365047e-01   0.000000e+00   0.000000e+00   0.000000e+00   6
  2.384414e-01   0.000000e+00   3.981898e-05   0.000000e+00   36
  2.385821e-01   0.000000e+00   0.000000e+00   0.000000e+00   24
  2.388353e-01   0.000000e+00   0.000000e+00   0.000000e+00   6
  2.410389e-01   0.000000e+00   3.618719e-05   0.000000e+00   32
  2.412268e-01   0.000000e+00   0.000000e+00   0.000000e+00   6
  2.435949e-01   0.000000e+00   0.000000e+00   0.000000e+00   12
  2.436776e-01   0.000000e+00   0.000000e+00   0.000000e+00   6
  2.461858e-01   0.000000e+00   0.000000e+00   0.000000e+00   6
