# power spectrum of zeta (dimensionless)
# redshift z=-0.029939
# k              Pk             sigma(k)       sigma(Pk)      count
  4.487990e-03   1.114341e-16   0.000000e+00   3.245518e-17   6
  6.346976e-03   6.435861e-16   0.000000e+00   1.667572e-16   12
  7.773426e-03   1.856866e-15   8.514949e-11   6.539846e-16   8
  8.975979e-03   2.907587e-15   0.000000e+00   4.391816e-16   6
  1.003545e-02   2.706310e-15   1.605594e-10   4.102526e-16   24
  1.099328e-02   4.327262e-15   1.605594e-10   1.005007e-15   24
  1.269395e-02   8.922762e-15   0.000000e+00   2.393605e-15   12
  1.346397e-02   8.921263e-15   1.816523e-10   1.532885e-15   30
  1.419227e-02   6.996168e-15   0.000000e+00   1.008286e-15   24
  1.488498e-02   8.975662e-15   2.780971e-10   1.620983e-15   24
  1.554685e-02   1.952502e-14   1.702990e-10   2.727951e-15   8
  1.618168e-02   1.087149e-14   2.270653e-10   1.240629e-15   24
  1.679252e-02   1.287159e-14   0.000000e+00   1.348218e-15   48
  1.795196e-02   7.607855e-15   0.000000e+00   3.148198e-16   6
  1.850445e-02   1.642545e-14   2.270653e-10   1.930482e-15   48
  1.904093e-02   1.249936e-14   2.140792e-10   1.377556e-15   36
  1.956269e-02   1.901967e-14   2.270653e-10   3.865276e-15   24
  2.007090e-02   1.805047e-14   3.211188e-10   1.957916e-15   24
  2.056655e-02   1.876806e-14   0.000000e+00   2.748881e-15   48
  2.105054e-02   1.636436e-14   3.211188e-10   2.547536e-15   24
  2.198657e-02   2.671666e-14   3.211188e-10   3.730935e-15   24
  2.243995e-02   1.109846e-14   0.000000e+00   1.505782e-15   30
  2.288435e-02   2.060188e-14   0.000000e+00   2.530404e-15   72
  2.332028e-02   1.112759e-14   3.405980e-10   1.520153e-15   32
  2.416856e-02   1.634263e-14   0.000000e+00   1.665248e-15   72
  2.458173e-02   1.980054e-14   0.000000e+00   1.547548e-15   48
  2.538790e-02   2.988916e-14   0.000000e+00   1.007747e-14   12
  2.597539e-02   2.154490e-14   1.938570e-04   2.101745e-15   96
  2.655130e-02   2.414694e-14   3.211188e-10   2.573476e-15   48
  2.692794e-02   1.519435e-14   3.633045e-10   2.251323e-15   30
  2.757421e-02   1.981063e-14   1.586779e-04   2.431005e-15   96
  2.838454e-02   2.053846e-14   0.000000e+00   2.584784e-15   24
  2.885327e-02   2.020343e-14   1.642099e-04   1.375512e-15   144
  2.942972e-02   3.310269e-14   5.561942e-10   5.135732e-15   24
  3.002225e-02   2.621672e-14   1.456630e-04   2.721491e-15   96
  3.043903e-02   2.767383e-14   0.000000e+00   3.069787e-15   48
  3.137435e-02   2.907221e-14   1.080207e-04   3.563619e-15   62
  3.184971e-02   2.363522e-14   1.519035e-04   1.922495e-15   132
  3.236335e-02   2.360655e-14   4.541306e-10   4.153370e-15   24
  3.284837e-02   2.390401e-14   1.518246e-04   1.606944e-15   168
  3.373431e-02   2.794972e-14   1.492698e-04   2.450691e-15   96
  3.439955e-02   2.130772e-14   1.270423e-04   1.924748e-15   96
  3.521583e-02   2.491951e-14   1.416056e-04   1.879616e-15   168
  3.590392e-02   4.912413e-14   0.000000e+00   7.119194e-15   6
  3.618333e-02   2.683587e-14   0.000000e+00   2.471655e-15   96
  3.651563e-02   2.697197e-14   1.100713e-04   2.424838e-15   120
  3.718966e-02   3.006031e-14   1.278125e-04   2.545622e-15   144
  3.754921e-02   2.823751e-14   0.000000e+00   3.015513e-15   48
  3.823245e-02   2.943630e-14   1.304211e-04   2.396069e-15   84
  3.860715e-02   2.905708e-14   8.899106e-10   2.683144e-15   120
  3.894461e-02   2.399504e-14   1.183479e-04   2.795577e-15   80
  3.946692e-02   3.173194e-14   1.201620e-04   2.763595e-15   144
  4.014180e-02   2.877087e-14   6.422377e-10   4.538202e-15   24
  4.047145e-02   2.809803e-14   1.159510e-04   1.990529e-15   150
  4.098576e-02   3.169735e-14   1.203057e-04   2.969263e-15   120
  4.155056e-02   3.341088e-14   1.096333e-04   2.364995e-15   168
  4.210107e-02   3.638765e-14   6.422377e-10   5.432867e-15   24
  4.244743e-02   3.274061e-14   1.181082e-04   1.956700e-15   264
  4.281269e-02   2.541499e-14   6.422377e-10   2.498695e-15   48
  4.343532e-02   3.003971e-14   1.093985e-04   2.501507e-15   144
  4.412543e-02   2.946218e-14   1.076845e-04   3.087589e-15   72
  4.451927e-02   3.511545e-14   1.107671e-04   2.425502e-15   180
  4.506982e-02   3.002212e-14   8.025835e-05   2.183310e-15   198
  4.532647e-02   4.220395e-14   0.000000e+00   4.490454e-15   48
  4.589413e-02   3.686277e-14   1.086319e-04   2.926131e-15   168
  4.631540e-02   3.427919e-14   1.087222e-04   2.343806e-15   144
  4.695270e-02   3.391502e-14   1.527607e-04   1.838980e-15   248
  4.781330e-02   3.112916e-14   1.053161e-04   1.948116e-15   192
  4.839932e-02   3.739025e-14   1.626762e-04   2.411048e-15   240
  4.875204e-02   2.923811e-14   0.000000e+00   3.194921e-15   72
  4.929001e-02   3.121757e-14   9.927197e-05   2.798060e-15   126
  4.962939e-02   3.902475e-14   9.159181e-05   2.959155e-15   168
  5.027740e-02   3.448383e-14   1.001546e-04   1.939835e-15   288
  5.095853e-02   3.846283e-14   5.274950e-05   2.940708e-15   156
  5.131126e-02   2.821457e-14   8.873998e-05   2.354856e-15   168
  5.184617e-02   3.482710e-14   1.521290e-04   2.270822e-15   264
  5.233850e-02   3.043501e-14   0.000000e+00   3.555018e-15   48
  5.270435e-02   3.701873e-14   1.514052e-04   2.036647e-15   264
  5.322882e-02   3.617274e-14   8.924381e-05   3.109292e-15   144
  5.362492e-02   3.818439e-14   1.825884e-04   3.807792e-15   78
  5.420192e-02   3.574427e-14   1.186900e-04   1.857826e-15   336
  5.474604e-02   3.331607e-14   9.030373e-05   2.558468e-15   200
  5.510338e-02   3.532889e-14   1.768159e-04   2.506915e-15   192
  5.558581e-02   3.336581e-14   8.873069e-05   2.214780e-15   240
  5.602902e-02   3.147263e-14   1.778215e-04   2.195728e-15   168
  5.648434e-02   3.375253e-14   1.423690e-04   2.808503e-15   120
  5.703118e-02   3.307646e-14   1.112738e-04   1.761962e-15   324
  5.756179e-02   4.076090e-14   8.748012e-05   3.411323e-15   192
  5.792293e-02   3.837740e-14   1.568908e-04   3.007759e-15   168
  5.853721e-02   3.907651e-14   1.292197e-04   1.981502e-15   342
  5.909109e-02   3.947947e-14   1.040479e-04   2.174063e-15   336
  5.965251e-02   3.916470e-14   7.962394e-05   4.389646e-15   72
  6.003109e-02   3.776513e-14   1.273478e-04   2.315279e-15   288
  6.047058e-02   3.419232e-14   8.293768e-05   2.320131e-15   264
  6.108439e-02   3.387014e-14   1.090835e-04   1.802154e-15   384
  6.163419e-02   4.075393e-14   1.309286e-04   2.478512e-15   240
  6.186267e-02   3.104166e-14   0.000000e+00   4.074444e-15   48
  6.252352e-02   4.204464e-14   1.071736e-04   2.005102e-15   392
  6.302771e-02   3.747981e-14   1.176177e-04   2.284597e-15   294
  6.356985e-02   3.808945e-14   7.644534e-05   2.431167e-15   228
  6.392640e-02   3.617853e-14   1.160935e-04   2.457262e-15   216
  6.437004e-02   3.585207e-14   7.071608e-05   1.933039e-15   336
  6.491309e-02   4.149610e-14   8.402231e-05   2.097047e-15   360
  6.536140e-02   4.499700e-14   1.280140e-04   2.443264e-15   240
  6.582853e-02   3.656183e-14   1.514699e-04   2.532640e-15   168
  6.626426e-02   3.898834e-14   1.192252e-04   2.238642e-15   312
  6.678338e-02   2.927194e-14   7.461529e-05   1.644777e-15   336
  6.734419e-02   3.539881e-14   1.017891e-04   2.020481e-15   294
  6.776702e-02   3.862164e-14   1.356641e-04   2.531412e-15   288
  6.809058e-02   3.298214e-14   8.488954e-05   1.697362e-15   264
  6.866755e-02   3.822414e-14   1.458184e-04   1.601084e-15   480
  6.914996e-02   3.026270e-14   7.133389e-05   1.712480e-15   240
  6.974139e-02   3.424521e-14   7.213111e-05   1.949350e-15   276
  7.020800e-02   3.353017e-14   1.583420e-04   1.523734e-15   488
  7.076234e-02   3.493549e-14   6.973720e-05   2.103965e-15   240
  7.108411e-02   4.034153e-14   1.354117e-04   1.851671e-15   360
  7.153530e-02   3.900076e-14   4.817743e-05   2.543851e-15   198
  7.211554e-02   3.767545e-14   1.627935e-04   1.751453e-15   480
  7.254038e-02   3.299697e-14   6.008787e-05   1.999139e-15   288
  7.312796e-02   3.857012e-14   1.270121e-04   1.544492e-15   480
  7.365633e-02   3.625507e-14   7.825550e-05   1.725242e-15   480
  7.419894e-02   3.148592e-14   1.012105e-04   1.791659e-15   288
  7.453749e-02   3.159435e-14   1.079729e-04   1.785993e-15   288
  7.506996e-02   3.603294e-14   1.877112e-04   1.598028e-15   456
  7.560610e-02   3.698482e-14   1.767802e-04   1.706230e-15   360
  7.595177e-02   3.139605e-14   1.059672e-04   2.310726e-15   180
  7.645202e-02   3.661976e-14   1.154112e-04   1.732495e-15   486
  7.695907e-02   3.605133e-14   1.535340e-04   1.547965e-15   504
  7.747462e-02   3.719436e-14   1.192882e-04   1.925255e-15   456
  7.790209e-02   3.976313e-14   9.910745e-05   2.196403e-15   296
  7.846686e-02   3.601321e-14   9.779604e-05   1.732210e-15   528
  7.889160e-02   3.559282e-14   9.649931e-05   2.108025e-15   336
  7.951717e-02   3.265707e-14   1.070358e-04   1.331413e-15   600
  7.997507e-02   3.852479e-14   6.270729e-05   2.365465e-15   264
  8.043396e-02   3.827857e-14   6.781049e-05   1.808146e-15   360
  8.090234e-02   3.366723e-14   1.357633e-04   1.174436e-15   630
  8.141847e-02   3.224469e-14   7.007974e-05   1.261059e-15   432
  8.187631e-02   3.090186e-14   1.350259e-04   1.436445e-15   408
  8.243827e-02   3.191849e-14   8.962194e-05   1.891446e-15   324
  8.285635e-02   3.117121e-14   1.277222e-04   1.204348e-15   744
  8.336064e-02   2.791111e-14   1.021054e-04   1.368200e-15   336
  8.384245e-02   3.600599e-14   1.403689e-04   1.576608e-15   528
  8.437080e-02   3.224323e-14   7.162045e-05   1.596483e-15   408
  8.472109e-02   2.837948e-14   1.218981e-04   1.255857e-15   408
  8.529988e-02   3.025624e-14   1.006308e-04   1.380538e-15   470
  8.572148e-02   3.801578e-14   1.208902e-04   1.687203e-15   528
  8.631019e-02   3.093095e-14   1.007343e-04   1.250646e-15   624
  8.674381e-02   3.359554e-14   7.664930e-05   1.369394e-15   504
  8.719116e-02   3.243031e-14   1.067668e-04   1.376640e-15   552
  8.763489e-02   3.085321e-14   5.190111e-05   1.687122e-15   336
  8.819051e-02   3.684509e-14   1.104770e-04   1.690549e-15   528
  8.862093e-02   3.154337e-14   1.257802e-04   1.297595e-15   564
  8.912507e-02   2.697323e-14   1.157674e-04   1.149686e-15   528
  8.967166e-02   3.091051e-14   1.797324e-04   1.213070e-15   582
  9.016871e-02   2.956156e-14   1.383668e-04   1.153831e-15   624
  9.060342e-02   3.171242e-14   1.581799e-04   1.675377e-15   432
  9.112208e-02   3.094902e-14   1.759475e-04   9.870758e-16   816
  9.165576e-02   3.091559e-14   8.018898e-05   1.582784e-15   312
  9.200488e-02   3.088525e-14   1.299641e-04   1.377298e-15   552
  9.256787e-02   2.964504e-14   8.185444e-05   1.041326e-15   744
  9.297574e-02   2.758825e-14   7.646869e-05   1.455721e-15   408
  9.350218e-02   2.896572e-14   1.095830e-04   1.092135e-15   632
  9.404906e-02   3.002220e-14   1.860997e-04   1.207279e-15   750
  9.449396e-02   3.477820e-14   1.280227e-04   1.891612e-15   312
  9.498974e-02   3.078042e-14   1.890077e-04   9.620247e-16   876
  9.548011e-02   2.771104e-14   1.234108e-04   1.265088e-15   552
  9.603265e-02   3.141203e-14   1.020603e-04   1.140108e-15   696
  9.640905e-02   3.255955e-14   1.126552e-04   1.453851e-15   576
  9.692128e-02   2.873747e-14   1.192748e-04   1.140687e-15   576
  9.735848e-02   2.794407e-14   1.598285e-04   1.128955e-15   648
  9.788685e-02   3.060318e-14   1.599783e-04   1.268308e-15   672
  9.847019e-02   2.733508e-14   6.785687e-05   1.225420e-15   480
  9.884355e-02   2.922856e-14   1.050846e-04   1.084021e-15   726
  9.932431e-02   3.013687e-14   1.190745e-04   1.074167e-15   792
  9.984502e-02   2.995350e-14   1.651878e-04   1.095716e-15   768
  1.003938e-01   2.958829e-14   1.350017e-04   1.091570e-15   672
  1.008970e-01   2.862575e-14   9.055629e-05   1.179985e-15   608
  1.012613e-01   2.613294e-14   8.693679e-05   1.051893e-15   624
  1.017809e-01   2.876938e-14   1.129736e-04   1.090364e-15   684
  1.022864e-01   2.669777e-14   1.668752e-04   1.054431e-15   768
  1.027568e-01   2.908991e-14   1.334155e-04   1.049829e-15   744
  1.033173e-01   2.663633e-14   8.400635e-05   1.020781e-15   750
  1.037259e-01   2.801541e-14   1.248642e-04   1.249044e-15   600
  1.041677e-01   2.755737e-14   1.325833e-04   1.116138e-15   600
  1.047135e-01   2.917073e-14   1.527941e-04   9.020483e-16   1008
  1.051470e-01   2.648854e-14   8.474486e-05   1.090012e-15   696
  1.056273e-01   2.699213e-14   1.119517e-04   1.162089e-15   624
  1.061102e-01   2.727753e-14   1.742111e-04   9.592653e-16   840
  1.066588e-01   2.725210e-14   1.185366e-04   9.456367e-16   816
  1.071038e-01   2.646301e-14   7.873478e-05   1.013427e-15   744
  1.075531e-01   2.534040e-14   1.391901e-04   1.204946e-15   510
  1.080960e-01   2.567745e-14   1.336339e-04   8.488925e-16   1020
  1.086012e-01   2.661533e-14   1.078294e-04   8.616815e-16   912
  1.090992e-01   2.428405e-14   1.597552e-04   9.400217e-16   752
  1.095110e-01   2.278376e-14   1.325595e-04   8.156849e-16   888
  1.100730e-01   2.641709e-14   8.554013e-05   9.026314e-16   768
  1.105327e-01   2.365655e-14   1.554339e-04   8.908442e-16   720
  1.110617e-01   2.342333e-14   1.370195e-04   7.006672e-16   1056
  1.115309e-01   2.434794e-14   9.479589e-05   1.065461e-15   504
  1.119154e-01   2.356409e-14   1.480257e-04   8.657544e-16   774
  1.124652e-01   2.565958e-14   1.423615e-04   7.333318e-16   1272
  1.129816e-01   2.641249e-14   9.326921e-05   9.303297e-16   744
  1.134632e-01   2.587598e-14   1.523027e-04   8.934490e-16   768
  1.139050e-01   2.777821e-14   1.288282e-04   9.210851e-16   840
  1.144011e-01   2.307915e-14   8.734207e-05   7.772810e-16   924
  1.148789e-01   2.635363e-14   1.539839e-04   8.574104e-16   936
  1.153484e-01   2.315648e-14   1.070130e-04   7.978662e-16   840
  1.158214e-01   2.220146e-14   1.272259e-04   7.550449e-16   1008
  1.164225e-01   2.429191e-14   1.436262e-04   9.605810e-16   696
  1.167996e-01   2.401811e-14   1.276589e-04   7.777012e-16   974
  1.173599e-01   2.164353e-14   1.695459e-04   6.562578e-16   1152
  1.178471e-01   2.214682e-14   6.634378e-05   7.583570e-16   816
  1.182260e-01   2.237187e-14   1.459488e-04   7.425604e-16   816
  1.187357e-01   2.418662e-14   1.288794e-04   6.857546e-16   1152
  1.192732e-01   2.263886e-14   1.160356e-04   7.887428e-16   912
  1.197621e-01   2.222717e-14   1.409833e-04   6.792694e-16   1056
  1.201806e-01   2.110684e-14   1.205660e-04   8.976484e-16   624
  1.207435e-01   2.258674e-14   1.506027e-04   6.546319e-16   1260
  1.212292e-01   1.976001e-14   9.083716e-05   7.158178e-16   894
  1.217037e-01   2.054508e-14   1.556364e-04   5.678346e-16   1176
  1.221783e-01   2.359832e-14   1.288208e-04   8.039992e-16   840
  1.227186e-01   2.221484e-14   1.464236e-04   5.803853e-16   1440
  1.232859e-01   1.999152e-14   8.232021e-05   6.657514e-16   864
  1.237160e-01   2.220826e-14   1.412655e-04   7.165187e-16   1056
  1.241441e-01   2.211684e-14   8.328830e-05   8.820569e-16   624
  1.246641e-01   2.016649e-14   1.542356e-04   5.462034e-16   1496
  1.251612e-01   2.189483e-14   1.088958e-04   7.550935e-16   936
  1.256039e-01   2.427082e-14   1.576468e-04   8.456358e-16   966
  1.260801e-01   2.220476e-14   1.117465e-04   7.101685e-16   936
  1.265804e-01   2.121938e-14   1.382244e-04   5.839478e-16   1248
  1.270926e-01   2.133334e-14   9.744205e-05   6.386431e-16   1044
  1.275698e-01   1.917587e-14   1.509409e-04   5.237129e-16   1392
  1.279478e-01   1.932747e-14   1.162549e-04   7.393590e-16   600
  1.284885e-01   2.037892e-14   1.320778e-04   5.635748e-16   1416
  1.289955e-01   2.045105e-14   1.421656e-04   6.195924e-16   1152
  1.295092e-01   1.979304e-14   1.363856e-04   6.158829e-16   936
  1.299230e-01   1.832887e-14   1.462802e-04   6.487867e-16   870
  1.304147e-01   1.862659e-14   1.226502e-04   4.841754e-16   1368
  1.309604e-01   1.883942e-14   1.612530e-04   4.858511e-16   1632
  1.314267e-01   1.916830e-14   7.000699e-05   6.610292e-16   816
  1.319315e-01   1.877497e-14   1.597143e-04   5.895597e-16   1200
  1.323720e-01   1.978293e-14   1.527057e-04   5.586490e-16   1184
  1.328194e-01   2.043012e-14   1.158936e-04   6.966104e-16   984
  1.333683e-01   1.924654e-14   1.414942e-04   4.991787e-16   1572
  1.338659e-01   1.674610e-14   7.792333e-05   5.675308e-16   840
  1.343297e-01   1.816109e-14   1.812138e-04   4.987845e-16   1392
  1.348193e-01   2.051416e-14   1.330470e-04   6.261144e-16   1158
  1.352564e-01   1.883869e-14   1.211496e-04   5.495882e-16   1272
  1.357826e-01   1.776017e-14   1.234623e-04   5.331887e-16   1320
  1.362769e-01   1.785802e-14   1.208065e-04   5.331660e-16   1104
  1.367472e-01   1.770232e-14   1.367360e-04   4.745647e-16   1392
  1.372408e-01   1.835706e-14   1.478938e-04   5.444538e-16   1296
  1.377492e-01   1.666292e-14   1.544255e-04   4.158695e-16   1392
  1.382262e-01   1.677697e-14   1.132835e-04   5.212057e-16   1104
  1.386675e-01   1.789918e-14   1.426913e-04   4.868950e-16   1320
  1.392961e-01   1.731512e-14   1.089713e-04   4.741759e-16   1422
  1.396977e-01   1.721898e-14   1.357176e-04   5.561034e-16   1212
  1.401589e-01   1.606343e-14   1.483027e-04   4.338935e-16   1280
  1.406327e-01   1.694552e-14   1.544235e-04   5.038699e-16   1272
  1.410869e-01   1.723576e-14   1.336382e-04   4.054183e-16   1680
  1.416252e-01   1.588482e-14   1.262633e-04   4.406478e-16   1152
  1.421207e-01   1.681326e-14   1.462174e-04   4.685381e-16   1512
  1.426417e-01   1.522704e-14   6.173239e-05   4.793696e-16   912
  1.430535e-01   1.528580e-14   1.556147e-04   3.837252e-16   1680
  1.436012e-01   1.649312e-14   1.378563e-04   4.511998e-16   1518
  1.440071e-01   1.615110e-14   1.276288e-04   5.154395e-16   1056
  1.444347e-01   1.641824e-14   1.288698e-04   4.340305e-16   1344
  1.449875e-01   1.721178e-14   1.383780e-04   4.275625e-16   1680
  1.454876e-01   1.480433e-14   1.363571e-04   3.676073e-16   1656
  1.460341e-01   1.513705e-14   1.159057e-04   4.999933e-16   1140
  1.464444e-01   1.489029e-14   1.342100e-04   4.131832e-16   1368
  1.469271e-01   1.506566e-14   1.526647e-04   3.846637e-16   1656
  1.474179e-01   1.472146e-14   1.563614e-04   4.139878e-16   1448
  1.479520e-01   1.446556e-14   1.468912e-04   3.906292e-16   1422
  1.484453e-01   1.518885e-14   1.621619e-04   4.106893e-16   1512
  1.488673e-01   1.517908e-14   1.236275e-04   4.395794e-16   1296
  1.493554e-01   1.506204e-14   1.128801e-04   3.726010e-16   1824
  1.498832e-01   1.434162e-14   1.463660e-04   3.550486e-16   1464
  1.504163e-01   1.431781e-14   1.306107e-04   3.182582e-16   1824
  1.509111e-01   1.425493e-14   1.038421e-04   3.516438e-16   1416
  1.513416e-01   1.295341e-14   1.521007e-04   3.382884e-16   1392
  1.518062e-01   1.375691e-14   1.403562e-04   3.714662e-16   1464
  1.523732e-01   1.355853e-14   1.372200e-04   3.470912e-16   1524
  1.528113e-01   1.374372e-14   1.264504e-04   3.452164e-16   1686
  1.533176e-01   1.388333e-14   1.505644e-04   3.421237e-16   1800
  1.537528e-01   1.398998e-14   1.195338e-04   4.028667e-16   1344
  1.542356e-01   1.272352e-14   1.394596e-04   3.013783e-16   1656
  1.547196e-01   1.326905e-14   1.113514e-04   3.590660e-16   1488
  1.551402e-01   1.396118e-14   1.111701e-04   3.509745e-16   1536
  1.557262e-01   1.280745e-14   1.234973e-04   3.342927e-16   1760
  1.561802e-01   1.310806e-14   1.373667e-04   3.220442e-16   1824
  1.567053e-01   1.344074e-14   1.152763e-04   3.730593e-16   1560
  1.572105e-01   1.365007e-14   1.324056e-04   3.214742e-16   1926
  1.576857e-01   1.290027e-14   9.415777e-05   3.731808e-16   1272
  1.581194e-01   1.267847e-14   1.582320e-04   3.010062e-16   1848
  1.586895e-01   1.254004e-14   1.278379e-04   2.856826e-16   1908
  1.591231e-01   1.322408e-14   1.246890e-04   3.759915e-16   1488
  1.595806e-01   1.210511e-14   1.406224e-04   2.798761e-16   1800
  1.600766e-01   1.144357e-14   1.407610e-04   2.801210e-16   1752
  1.605517e-01   1.188298e-14   1.496769e-04   3.290171e-16   1368
  1.610272e-01   1.157917e-14   1.406675e-04   2.627935e-16   2016
  1.615501e-01   1.199288e-14   1.485794e-04   3.085226e-16   1542
  1.620327e-01   1.202555e-14   1.454994e-04   2.855327e-16   2184
  1.625669e-01   1.177648e-14   1.330990e-04   2.990298e-16   1776
  1.630283e-01   1.135291e-14   1.521522e-04   3.068203e-16   1568
  1.634682e-01   1.209429e-14   1.390081e-04   2.827520e-16   2040
  1.639468e-01   1.141053e-14   1.486121e-04   2.709357e-16   1704
  1.644478e-01   1.054372e-14   1.489728e-04   2.938965e-16   1512
  1.649202e-01   1.126573e-14   1.270742e-04   2.499009e-16   2028
  1.654509e-01   1.098707e-14   1.532841e-04   2.475342e-16   1968
  1.659362e-01   1.061242e-14   1.554838e-04   2.509032e-16   1854
  1.664110e-01   1.134262e-14   1.482240e-04   2.872424e-16   1632
  1.668977e-01   1.041061e-14   1.523128e-04   2.175748e-16   2424
  1.674021e-01   1.102720e-14   1.524713e-04   2.777032e-16   1560
  1.678285e-01   1.135563e-14   1.440852e-04   2.821063e-16   1728
  1.683437e-01   1.042986e-14   1.538043e-04   2.397751e-16   2088
  1.688623e-01   1.027256e-14   1.464052e-04   2.322103e-16   1968
  1.693394e-01   1.023371e-14   1.449552e-04   2.130387e-16   2256
  1.698178e-01   1.041432e-14   1.288813e-04   2.493639e-16   1728
  1.703172e-01   9.704225e-15   1.270494e-04   2.596737e-16   1416
  1.707596e-01   1.036874e-14   1.339356e-04   2.219762e-16   2246
  1.712606e-01   1.009380e-14   1.483321e-04   2.396139e-16   2148
  1.717398e-01   1.021710e-14   1.252967e-04   2.523779e-16   1680
  1.721909e-01   9.926877e-15   1.584012e-04   2.145514e-16   2280
  1.727331e-01   9.864623e-15   1.475065e-04   2.178721e-16   2352
  1.732395e-01   9.360660e-15   1.239422e-04   2.391716e-16   1632
  1.736402e-01   1.001216e-14   1.418228e-04   2.352362e-16   1968
  1.741900e-01   9.030456e-15   1.455103e-04   1.983527e-16   2112
  1.746998e-01   9.499074e-15   1.093039e-04   1.989324e-16   2208
  1.751952e-01   9.631218e-15   1.102112e-04   2.252220e-16   1974
  1.755862e-01   9.536857e-15   1.078165e-04   2.355406e-16   1944
  1.761144e-01   9.868096e-15   1.219820e-04   2.264715e-16   2160
  1.765722e-01   8.979773e-15   1.140807e-04   2.061071e-16   2040
  1.770670e-01   9.297514e-15   1.596015e-04   1.923473e-16   2352
  1.775745e-01   9.363347e-15   1.325904e-04   2.146271e-16   1836
  1.780376e-01   8.821431e-15   1.414413e-04   1.912100e-16   2352
  1.785577e-01   8.245299e-15   1.483527e-04   1.849622e-16   2008
  1.790344e-01   8.642194e-15   1.459431e-04   1.740265e-16   2464
  1.795659e-01   8.605678e-15   1.177095e-04   1.852876e-16   2118
  1.800019e-01   8.537235e-15   1.183276e-04   1.967222e-16   1848
  1.804507e-01   8.468957e-15   1.565861e-04   1.973590e-16   2280
  1.809928e-01   8.422781e-15   1.489508e-04   1.671153e-16   2472
  1.814993e-01   8.248485e-15   9.953927e-05   1.757717e-16   2280
  1.819245e-01   8.418985e-15   1.216700e-04   1.889634e-16   1992
  1.823831e-01   8.389978e-15   1.279126e-04   1.897608e-16   2184
  1.829118e-01   7.995451e-15   1.543068e-04   1.687807e-16   2352
  1.834214e-01   8.490339e-15   1.626118e-04   1.718080e-16   2496
  1.839203e-01   8.361759e-15   1.518813e-04   2.003562e-16   1770
  1.843678e-01   8.166922e-15   1.310496e-04   1.669799e-16   2568
  1.849057e-01   7.805721e-15   1.607377e-04   1.540224e-16   2712
  1.853947e-01   8.307154e-15   1.276489e-04   1.698097e-16   2448
  1.858830e-01   7.682867e-15   1.076015e-04   1.745152e-16   2064
  1.862881e-01   7.941496e-15   1.135758e-04   1.996228e-16   1944
  1.868133e-01   7.736627e-15   1.403079e-04   1.591511e-16   2480
  1.873491e-01   7.658617e-15   1.524155e-04   1.447476e-16   2880
  1.878237e-01   7.372674e-15   1.462067e-04   1.555388e-16   2304
  1.883193e-01   7.593426e-15   1.343278e-04   1.825337e-16   1806
  1.887589e-01   7.535814e-15   1.317346e-04   1.541486e-16   2856
  1.893097e-01   7.609458e-15   1.263374e-04   1.561162e-16   2568
  1.897288e-01   7.347233e-15   1.267515e-04   1.711252e-16   2112
  1.901850e-01   7.298366e-15   1.220840e-04   1.609747e-16   2028
  1.906744e-01   7.227662e-15   1.445115e-04   1.395094e-16   2712
  1.911714e-01   7.080147e-15   1.556884e-04   1.312780e-16   2952
  1.917055e-01   7.343657e-15   1.202957e-04   1.660647e-16   2112
  1.921372e-01   7.253756e-15   1.409804e-04   1.482373e-16   2520
  1.926559e-01   7.115597e-15   1.359784e-04   1.464367e-16   2376
  1.931282e-01   6.820945e-15   1.090048e-04   1.405359e-16   2526
  1.936186e-01   7.099509e-15   1.356536e-04   1.508240e-16   2664
  1.941040e-01   7.188833e-15   1.617960e-04   1.700559e-16   2408
  1.945694e-01   6.799808e-15   1.296049e-04   1.468805e-16   2568
  1.950440e-01   6.726627e-15   1.221942e-04   1.317138e-16   2904
  1.955589e-01   6.712937e-15   1.371053e-04   1.389768e-16   2544
  1.960480e-01   6.351523e-15   1.009875e-04   1.350467e-16   2160
  1.965096e-01   6.735852e-15   1.745958e-04   1.397331e-16   2652
  1.970194e-01   6.304495e-15   1.382439e-04   1.297010e-16   2784
  1.975101e-01   6.494117e-15   1.365199e-04   1.307357e-16   2694
  1.980185e-01   6.458116e-15   1.226932e-04   1.271768e-16   2952
  1.984602e-01   6.558964e-15   1.162128e-04   1.414604e-16   2208
  1.989102e-01   6.480331e-15   1.238599e-04   1.430903e-16   2304
  1.994125e-01   6.393784e-15   1.610662e-04   1.140069e-16   3504
  1.999983e-01   6.082806e-15   1.304210e-04   1.193249e-16   2616
  2.004552e-01   5.952050e-15   1.274108e-04   1.156570e-16   2664
  2.008953e-01   6.055700e-15   1.183758e-04   1.249590e-16   2448
  2.013388e-01   6.153913e-15   1.648584e-04   1.246469e-16   2472
  2.018606e-01   5.810517e-15   1.310718e-04   1.076353e-16   3134
  2.023516e-01   5.734884e-15   1.433541e-04   1.173249e-16   2616
  2.028419e-01   6.035390e-15   1.161223e-04   1.268235e-16   2712
  2.033463e-01   5.834370e-15   1.331755e-04   1.067519e-16   3204
  2.038284e-01   5.764591e-15   1.533782e-04   1.107195e-16   2760
  2.042862e-01   5.769458e-15   1.338200e-04   1.142730e-16   2688
  2.047911e-01   5.966529e-15   1.265264e-04   1.214111e-16   2760
  2.052376e-01   5.389583e-15   1.044749e-04   1.113962e-16   2568
  2.057517e-01   5.276908e-15   1.622443e-04   9.170673e-17   3336
  2.062452e-01   5.409935e-15   1.373220e-04   1.180586e-16   2334
  2.067435e-01   5.576490e-15   1.519616e-04   1.063465e-16   3264
  2.072092e-01   5.723695e-15   1.104877e-04   1.143684e-16   2760
  2.076868e-01   5.407488e-15   1.334378e-04   9.971274e-17   3192
  2.081730e-01   5.178977e-15   1.385370e-04   1.021251e-16   2904
  2.086902e-01   5.265732e-15   1.390027e-04   1.056611e-16   2784
  2.091231e-01   5.483006e-15   1.144018e-04   1.095407e-16   2592
  2.096156e-01   4.888238e-15   1.559460e-04   8.924075e-17   3284
  2.101389e-01   5.195900e-15   1.566406e-04   9.668019e-17   3168
  2.106071e-01   5.133009e-15   1.292397e-04   1.043173e-16   2616
  2.110994e-01   5.145968e-15   1.248775e-04   9.720128e-17   3222
  2.115781e-01   4.912012e-15   1.401164e-04   8.993029e-17   3240
  2.120418e-01   5.169573e-15   1.417503e-04   1.158263e-16   2568
  2.125690e-01   4.918582e-15   1.300629e-04   9.165472e-17   3120
  2.130097e-01   5.017344e-15   1.429850e-04   9.137710e-17   3168
  2.134838e-01   4.875966e-15   1.251725e-04   9.349147e-17   3240
  2.140024e-01   4.671183e-15   1.284239e-04   8.513053e-17   3144
  2.145062e-01   4.906095e-15   1.224103e-04   9.582454e-17   2856
  2.149823e-01   4.718647e-15   1.307392e-04   8.618333e-17   3264
  2.155212e-01   4.707802e-15   1.444609e-04   8.461644e-17   3318
  2.159452e-01   4.771971e-15   1.011723e-04   1.002297e-16   2556
  2.164506e-01   4.362690e-15   1.728209e-04   7.345623e-17   4008
  2.169623e-01   4.460084e-15   1.275720e-04   8.414077e-17   2904
  2.174000e-01   4.507520e-15   1.304469e-04   8.332410e-17   3144
  2.178983e-01   4.606230e-15   1.359922e-04   8.671987e-17   3200
  2.184140e-01   4.316991e-15   1.341212e-04   7.499351e-17   3312
  2.188763e-01   4.394813e-15   1.080957e-04   8.421090e-17   2832
  2.193924e-01   4.266218e-15   1.555565e-04   7.390386e-17   3984
  2.198717e-01   4.126618e-15   1.264601e-04   9.661752e-17   2238
  2.203092e-01   4.249956e-15   1.488218e-04   7.273191e-17   3984
  2.208520e-01   4.124808e-15   1.414250e-04   7.417759e-17   3384
  2.213029e-01   4.483234e-15   1.321942e-04   8.809267e-17   3048
  2.217737e-01   3.995933e-15   1.213801e-04   7.562630e-17   3096
  2.222656e-01   4.302426e-15   1.375807e-04   7.287680e-17   3708
  2.227545e-01   4.022673e-15   1.304078e-04   7.971162e-17   2784
  2.232087e-01   4.183461e-15   1.354535e-04   7.193580e-17   3648
  2.237247e-01   3.948594e-15   1.394108e-04   6.469867e-17   3888
  2.242738e-01   3.879406e-15   1.488252e-04   7.620809e-17   2958
  2.246837e-01   4.141513e-15   1.270361e-04   7.661920e-17   3264
  2.251777e-01   3.974293e-15   1.402443e-04   7.650708e-17   3160
  2.256445e-01   3.982155e-15   1.271016e-04   6.829665e-17   3736
  2.260868e-01   3.896277e-15   1.158193e-04   7.341376e-17   3216
  2.266085e-01   3.905708e-15   1.419303e-04   6.167627e-17   4032
  2.271526e-01   3.670622e-15   1.295798e-04   6.837392e-17   3528
  2.276165e-01   3.654172e-15   1.143819e-04   7.203523e-17   3192
  2.280803e-01   3.631779e-15   1.252686e-04   6.121366e-17   3456
  2.285834e-01   3.573678e-15   1.298903e-04   6.737173e-17   3060
  2.290876e-01   3.740577e-15   1.544545e-04   5.762740e-17   4518
  2.295790e-01   3.799460e-15   1.375990e-04   6.776963e-17   3528
  2.300307e-01   3.870787e-15   1.155591e-04   7.666999e-17   3024
  2.305122e-01   3.494803e-15   1.564624e-04   5.935890e-17   3672
  2.310028e-01   3.666979e-15   1.342922e-04   6.369575e-17   3864
  2.315474e-01   3.497563e-15   1.423480e-04   6.050703e-17   3816
  2.319928e-01   3.323177e-15   1.295052e-04   6.183761e-17   3456
  2.324198e-01   3.375918e-15   1.172315e-04   7.081099e-17   2688
  2.329230e-01   3.340959e-15   1.390930e-04   5.676769e-17   4248
  2.334218e-01   3.410799e-15   1.332244e-04   5.592975e-17   3926
  2.339228e-01   3.427189e-15   1.406621e-04   6.188184e-17   3504
  2.344067e-01   3.215074e-15   1.257540e-04   5.297761e-17   3960
  2.349411e-01   3.422222e-15   1.415697e-04   6.292537e-17   3684
  2.353994e-01   3.225154e-15   1.415603e-04   5.390309e-17   4104
  2.358576e-01   3.294879e-15   1.342621e-04   5.782348e-17   3144
  2.363498e-01   3.129332e-15   1.470632e-04   4.894351e-17   4224
  2.368909e-01   3.205479e-15   1.305314e-04   5.332902e-17   4008
  2.373532e-01   3.077472e-15   1.436052e-04   5.532669e-17   3312
  2.378293e-01   3.153228e-15   1.428317e-04   5.274498e-17   3726
  2.383356e-01   3.183506e-15   1.467057e-04   5.298377e-17   3936
  2.387852e-01   3.105435e-15   1.512247e-04   5.390381e-17   3888
  2.392518e-01   3.098256e-15   1.429975e-04   5.241084e-17   3864
  2.397372e-01   3.078894e-15   1.520184e-04   5.399588e-17   3888
  2.402373e-01   2.896728e-15   1.433767e-04   4.711869e-17   4080
  2.407309e-01   2.972240e-15   1.521663e-04   5.365423e-17   3400
  2.412345e-01   3.006379e-15   1.395519e-04   4.713531e-17   4588
  2.417438e-01   2.753489e-15   1.381276e-04   4.655272e-17   3816
  2.421888e-01   2.855376e-15   1.308874e-04   5.007478e-17   3534
  2.426599e-01   2.899544e-15   1.292818e-04   4.640247e-17   4080
  2.431528e-01   2.842002e-15   1.351361e-04   4.406888e-17   4248
  2.436477e-01   2.903135e-15   1.361762e-04   5.105001e-17   3528
  2.441045e-01   2.791164e-15   1.392215e-04   4.550067e-17   4248
  2.445661e-01   2.753627e-15   1.361726e-04   4.747613e-17   3696
  2.450802e-01   2.745483e-15   1.412982e-04   4.227757e-17   4560
  2.455678e-01   2.823970e-15   1.323495e-04   4.562497e-17   3864
  2.460685e-01   2.667728e-15   1.441083e-04   4.111032e-17   4440
  2.465431e-01   2.698599e-15   1.344565e-04   4.849021e-17   3432
  2.470417e-01   2.749347e-15   1.318374e-04   4.276218e-17   4470
  2.475323e-01   2.643869e-15   1.171596e-04   4.367338e-17   4188
  2.480144e-01   2.626694e-15   1.500979e-04   4.204117e-17   4392
  2.484933e-01   2.596450e-15   1.161150e-04   4.592740e-17   3960
  2.489913e-01   2.517036e-15   1.311762e-04   4.255428e-17   4328
  2.494737e-01   2.502253e-15   1.365155e-04   4.207529e-17   4320
  2.499612e-01   2.555534e-15   1.427527e-04   4.183151e-17   4152
  2.504133e-01   2.463498e-15   1.194148e-04   4.422649e-17   3528
  2.509246e-01   2.428979e-15   1.292483e-04   3.819504e-17   4512
  2.514030e-01   2.517414e-15   1.321235e-04   4.266362e-17   4134
  2.518889e-01   2.529829e-15   1.407559e-04   3.851652e-17   5208
  2.523561e-01   2.477633e-15   1.226327e-04   4.528680e-17   3240
  2.528396e-01   2.448658e-15   1.352583e-04   3.948666e-17   4680
  2.533316e-01   2.390984e-15   1.339167e-04   3.677673e-17   4440
  2.538242e-01   2.452323e-15   1.517493e-04   4.313006e-17   4260
  2.542967e-01   2.308995e-15   1.238886e-04   4.006185e-17   4056
  2.547833e-01   2.266970e-15   1.373522e-04   3.344850e-17   4704
  2.552940e-01   2.230372e-15   1.598328e-04   3.293634e-17   4800
  2.558338e-01   2.355142e-15   1.384828e-04   3.607305e-17   4806
  2.563004e-01   2.366373e-15   1.380453e-04   4.165849e-17   3552
  2.567447e-01   2.185427e-15   1.384155e-04   3.525651e-17   4304
  2.572463e-01   2.238445e-15   1.342317e-04   3.234547e-17   5280
  2.577424e-01   2.233495e-15   1.287726e-04   3.626334e-17   4320
  2.582120e-01   2.289350e-15   1.454180e-04   3.780701e-17   4296
  2.587071e-01   2.256534e-15   1.616686e-04   3.564651e-17   4608
  2.592079e-01   2.254451e-15   1.548872e-04   3.341311e-17   4824
  2.597037e-01   2.049654e-15   1.462245e-04   3.297381e-17   4488
  2.602357e-01   2.095397e-15   1.365163e-04   3.327409e-17   4530
  2.606750e-01   2.117837e-15   1.332969e-04   3.510668e-17   4464
  2.611146e-01   2.017740e-15   1.256224e-04   3.448387e-17   4104
  2.616192e-01   2.179608e-15   1.354472e-04   3.006310e-17   5424
  2.621157e-01   2.064535e-15   1.458006e-04   3.302680e-17   4392
  2.626209e-01   2.059254e-15   1.427447e-04   3.100893e-17   4896
  2.630796e-01   2.107792e-15   1.399190e-04   3.532666e-17   4104
  2.635583e-01   2.019389e-15   1.261700e-04   3.037758e-17   4824
  2.640634e-01   1.938342e-15   1.205890e-04   2.899438e-17   4680
  2.645034e-01   1.987830e-15   1.233362e-04   3.361393e-17   4328
  2.650142e-01   1.888355e-15   1.421747e-04   2.771339e-17   5118
  2.655274e-01   1.974716e-15   1.647184e-04   2.918329e-17   5304
  2.659905e-01   1.933917e-15   1.297081e-04   3.244034e-17   4392
  2.664951e-01   1.939746e-15   1.301864e-04   3.141557e-17   4476
  2.669364e-01   1.943156e-15   1.292906e-04   3.057530e-17   4704
  2.674274e-01   1.911579e-15   1.564908e-04   2.756365e-17   5208
  2.679435e-01   1.832253e-15   1.319479e-04   2.714831e-17   5304
  2.684190e-01   1.851096e-15   1.413346e-04   2.983789e-17   4296
  2.689066e-01   1.806376e-15   1.340217e-04   2.772897e-17   4752
  2.694189e-01   1.891637e-15   1.345359e-04   2.962555e-17   4950
  2.698794e-01   1.878445e-15   1.406262e-04   2.849013e-17   5064
  2.703399e-01   1.857599e-15   1.178265e-04   2.881055e-17   4872
  2.708057e-01   1.754146e-15   1.240390e-04   2.915762e-17   4224
  2.713029e-01   1.776417e-15   1.370167e-04   2.639879e-17   6120
  2.718321e-01   1.769410e-15   1.507358e-04   2.874807e-17   4968
  2.723121e-01   1.746364e-15   1.333881e-04   2.924869e-17   4424
  2.728088e-01   1.685940e-15   1.703749e-04   2.487957e-17   5436
  2.732993e-01   1.691950e-15   1.452596e-04   2.524060e-17   4896
  2.737736e-01   1.640211e-15   1.390702e-04   2.462770e-17   5214
  2.742308e-01   1.745717e-15   1.182169e-04   2.702878e-17   4656
  2.747387e-01   1.710442e-15   1.503032e-04   2.563716e-17   5448
  2.752241e-01   1.699739e-15   1.269422e-04   2.765789e-17   4992
  2.756994e-01   1.685851e-15   1.404898e-04   2.535726e-17   5400
  2.762219e-01   1.654474e-15   1.557062e-04   2.484191e-17   5328
  2.767032e-01   1.613799e-15   1.392299e-04   2.618994e-17   4776
  2.771561e-01   1.589299e-15   1.308295e-04   2.591158e-17   4800
  2.776593e-01   1.587958e-15   1.682401e-04   2.098172e-17   6552
  2.781857e-01   1.628197e-15   1.271030e-04   2.855792e-17   3942
  2.786419e-01   1.596554e-15   1.601990e-04   2.279856e-17   6072
  2.791470e-01   1.684162e-15   1.244164e-04   2.941300e-17   4692
  2.795705e-01   1.599041e-15   1.298888e-04   2.428512e-17   4944
  2.800665e-01   1.545368e-15   1.394107e-04   2.202274e-17   5840
  2.805759e-01   1.530699e-15   1.492333e-04   2.129206e-17   5712
  2.810773e-01   1.543690e-15   1.250671e-04   2.396536e-17   4800
  2.815348e-01   1.540472e-15   1.656330e-04   2.272899e-17   5688
  2.820359e-01   1.476205e-15   1.306810e-04   2.426615e-17   4848
  2.825324e-01   1.479224e-15   1.454557e-04   2.172146e-17   5406
  2.830037e-01   1.380459e-15   1.312973e-04   2.029017e-17   5568
  2.834769e-01   1.408269e-15   1.180275e-04   2.062293e-17   5736
  2.839884e-01   1.378539e-15   1.465826e-04   2.076666e-17   5280
  2.844524e-01   1.401095e-15   1.355263e-04   1.997384e-17   5592
  2.849301e-01   1.362481e-15   1.551417e-04   2.151357e-17   4968
  2.854352e-01   1.363786e-15   1.391053e-04   1.783125e-17   5964
  2.859279e-01   1.237145e-15   1.397517e-04   1.837399e-17   5376
  2.863756e-01   1.305313e-15   1.349389e-04   1.912638e-17   5472
  2.868946e-01   1.334489e-15   1.281532e-04   1.938692e-17   5472
  2.873693e-01   1.285589e-15   1.457059e-04   1.877624e-17   5415
  2.878292e-01   1.261398e-15   1.281660e-04   1.943088e-17   5096
  2.883268e-01   1.260045e-15   1.648183e-04   1.638347e-17   6372
  2.888302e-01   1.274899e-15   1.337920e-04   2.013323e-17   4656
  2.892814e-01   1.229032e-15   1.460580e-04   1.745183e-17   5844
  2.897668e-01   1.268812e-15   1.284189e-04   1.861531e-17   5508
  2.902812e-01   1.196261e-15   1.456803e-04   1.574900e-17   6324
  2.907860e-01   1.238967e-15   1.251396e-04   1.961101e-17   4752
  2.912474e-01   1.196725e-15   1.401041e-04   1.654399e-17   5676
  2.917468e-01   1.185844e-15   1.281684e-04   1.858825e-17   5472
  2.922209e-01   1.143527e-15   1.445704e-04   1.633962e-17   5556
  2.927301e-01   1.142242e-15   1.408810e-04   1.635112e-17   5436
  2.932217e-01   1.179633e-15   1.442016e-04   1.708239e-17   5916
  2.937264e-01   1.124813e-15   1.500331e-04   1.577296e-17   5520
  2.941809e-01   1.123203e-15   1.364480e-04   1.694739e-17   5280
  2.946466e-01   1.095239e-15   1.340724e-04   1.726682e-17   4416
  2.951720e-01   1.059908e-15   1.306879e-04   1.389250e-17   6260
  2.956655e-01   1.077156e-15   1.554038e-04   1.506808e-17   5940
  2.961126e-01   1.036464e-15   1.217066e-04   1.691767e-17   4188
  2.966047e-01   1.061013e-15   1.556122e-04   1.455593e-17   6360
  2.971222e-01   1.043433e-15   1.387995e-04   1.545349e-17   5256
  2.976029e-01   1.087680e-15   1.312113e-04   1.657040e-17   4848
  2.980147e-01   1.053763e-15   1.189499e-04   1.620470e-17   4704
  2.985217e-01   1.015579e-15   1.459205e-04   1.384734e-17   5784
  2.990374e-01   9.549590e-16   1.544008e-04   1.309187e-17   5820
  2.995352e-01   1.024884e-15   1.383100e-04   1.440019e-17   5700
  3.000361e-01   9.573173e-16   1.282634e-04   1.376886e-17   5232
  3.005375e-01   9.659288e-16   1.423193e-04   1.419682e-17   4932
  3.009817e-01   9.979977e-16   1.224997e-04   1.563886e-17   4716
  3.014485e-01   9.910593e-16   1.560382e-04   1.420861e-17   5616
  3.019287e-01   9.750157e-16   1.378046e-04   1.458386e-17   5184
  3.024240e-01   9.203861e-16   1.390111e-04   1.393438e-17   5064
  3.028912e-01   9.314620e-16   1.423406e-04   1.279717e-17   5544
  3.034093e-01   9.409648e-16   1.428860e-04   1.349547e-17   5192
  3.038807e-01   8.679543e-16   1.284053e-04   1.250411e-17   5244
  3.043764e-01   8.861055e-16   1.389360e-04   1.319999e-17   5112
  3.048691e-01   8.434248e-16   1.275010e-04   1.259102e-17   5040
  3.053213e-01   8.549225e-16   1.340439e-04   1.274656e-17   5124
  3.058494e-01   8.809566e-16   1.504823e-04   1.193188e-17   5952
  3.063369e-01   8.624411e-16   1.318531e-04   1.299649e-17   4824
  3.067788e-01   9.071561e-16   1.330892e-04   1.458672e-17   4536
  3.072903e-01   8.551744e-16   1.414616e-04   1.124892e-17   5712
  3.078157e-01   8.660695e-16   1.547976e-04   1.198980e-17   5352
  3.083112e-01   8.353187e-16   1.348344e-04   1.229177e-17   5004
  3.087539e-01   8.278804e-16   1.348711e-04   1.205488e-17   4800
  3.092296e-01   7.779380e-16   1.449374e-04   1.185064e-17   5148
  3.097567e-01   8.330690e-16   1.505363e-04   1.128474e-17   5664
  3.102329e-01   8.232628e-16   1.352034e-04   1.264060e-17   4692
  3.106729e-01   8.085988e-16   1.256056e-04   1.311238e-17   4008
  3.111861e-01   7.841290e-16   1.439712e-04   1.049685e-17   5852
  3.117078e-01   7.821538e-16   1.363273e-04   1.149491e-17   5784
  3.121712e-01   7.538013e-16   1.256700e-04   1.157741e-17   4392
  3.126481e-01   7.745566e-16   1.232703e-04   1.135551e-17   4944
  3.131489e-01   7.614789e-16   1.453336e-04   1.112839e-17   4776
  3.136211e-01   7.668270e-16   1.398188e-04   1.104295e-17   5244
  3.141336e-01   7.876839e-16   1.395722e-04   1.191335e-17   4884
  3.145636e-01   7.019325e-16   1.183681e-04   1.064674e-17   4488
  3.150636e-01   7.364631e-16   1.406525e-04   1.082146e-17   5160
  3.155671e-01   7.506353e-16   1.432039e-04   1.067820e-17   5316
  3.160521e-01   7.144336e-16   1.447892e-04   1.058779e-17   4896
  3.165249e-01   7.234349e-16   1.345344e-04   1.209359e-17   4188
  3.170014e-01   6.966026e-16   1.467406e-04   1.043134e-17   4836
  3.174880e-01   7.270200e-16   1.455680e-04   1.021836e-17   5316
  3.179808e-01   6.742426e-16   1.347408e-04   9.987550e-18   4920
  3.184417e-01   7.183900e-16   1.357413e-04   1.196723e-17   4128
  3.189362e-01   6.814359e-16   1.460260e-04   9.544477e-18   5348
  3.194229e-01   6.977805e-16   1.267067e-04   1.023285e-17   4836
  3.198876e-01   6.850775e-16   1.365306e-04   1.095395e-17   4392
  3.203882e-01   6.653312e-16   1.199532e-04   9.821954e-18   4632
  3.208388e-01   6.674592e-16   1.340287e-04   9.955706e-18   4596
  3.213563e-01   6.752044e-16   1.347844e-04   9.514957e-18   5424
  3.218683e-01   6.618955e-16   1.387362e-04   9.559119e-18   5256
  3.223958e-01   6.659974e-16   1.409032e-04   1.036588e-17   4524
  3.228350e-01   6.465085e-16   1.340268e-04   1.060596e-17   4440
  3.233270e-01   6.513823e-16   1.146101e-04   1.014875e-17   4380
  3.238085e-01   6.267103e-16   1.499870e-04   9.231369e-18   4812
  3.243210e-01   6.317696e-16   1.489725e-04   9.429431e-18   5376
  3.247896e-01   6.405840e-16   1.189892e-04   1.053192e-17   3888
  3.252385e-01   6.156728e-16   1.362564e-04   9.221662e-18   4896
  3.257395e-01   6.095783e-16   1.437728e-04   8.968734e-18   4608
  3.262654e-01   6.252111e-16   1.357127e-04   9.627244e-18   4448
  3.267232e-01   5.999592e-16   1.400926e-04   8.752557e-18   4752
  3.272056e-01   6.076472e-16   1.467382e-04   9.463089e-18   4356
  3.277129e-01   5.975516e-16   1.412082e-04   8.594744e-18   5232
  3.282173e-01   5.901055e-16   1.423025e-04   9.026100e-18   4548
  3.287063e-01   5.941631e-16   1.383360e-04   8.716085e-18   4608
  3.291837e-01   5.783890e-16   1.256671e-04   9.557746e-18   3936
  3.296343e-01   5.631242e-16   1.502088e-04   8.708011e-18   4260
  3.301407e-01   5.519267e-16   1.346643e-04   8.111705e-18   5004
  3.306038e-01   5.581228e-16   1.330711e-04   8.981325e-18   4224
  3.311115e-01   5.422459e-16   1.437697e-04   8.050028e-18   4788
  3.316047e-01   5.528538e-16   1.511985e-04   8.585680e-18   4428
  3.320852e-01   5.490647e-16   1.263467e-04   9.067398e-18   4080
  3.325477e-01   5.283684e-16   1.381486e-04   8.049227e-18   4632
  3.330347e-01   5.338444e-16   1.436640e-04   8.711768e-18   4056
  3.335467e-01   5.511255e-16   1.352621e-04   8.353553e-18   4536
  3.340144e-01   5.279703e-16   1.379585e-04   7.969695e-18   4668
  3.345266e-01   4.963768e-16   1.478669e-04   7.295066e-18   4604
  3.350255e-01   5.166531e-16   1.328598e-04   8.105256e-18   4152
  3.354859e-01   5.275602e-16   1.287622e-04   8.070172e-18   4224
  3.359739e-01   5.273125e-16   1.237953e-04   8.459668e-18   4152
  3.364615e-01   4.996982e-16   1.404246e-04   7.928197e-18   4224
  3.369356e-01   4.809603e-16   1.298644e-04   8.002064e-18   3960
  3.373922e-01   5.166601e-16   1.340119e-04   8.071769e-18   4656
  3.378910e-01   4.907619e-16   1.445961e-04   7.637960e-18   4452
  3.384025e-01   4.769553e-16   1.470057e-04   7.821746e-18   4056
  3.388784e-01   4.740142e-16   1.456648e-04   7.190332e-18   4212
  3.393606e-01   5.133245e-16   1.210536e-04   8.910438e-18   3432
  3.398492e-01   4.605093e-16   1.548628e-04   6.498695e-18   5352
  3.403267e-01   4.509654e-16   1.134185e-04   7.817479e-18   3600
  3.408466e-01   4.846567e-16   1.251027e-04   7.372390e-18   4584
  3.413005e-01   4.686072e-16   1.247343e-04   7.837880e-18   3768
  3.417680e-01   4.808086e-16   1.331557e-04   7.757443e-18   3848
  3.422347e-01   4.688613e-16   1.220886e-04   8.053474e-18   3720
  3.427639e-01   4.521975e-16   1.532392e-04   6.661688e-18   4764
  3.432311e-01   4.687883e-16   1.234001e-04   7.882714e-18   3864
  3.437109e-01   4.479527e-16   1.528459e-04   6.866009e-18   4332
  3.442342e-01   4.546861e-16   1.304937e-04   7.552844e-18   3792
  3.447018e-01   4.532386e-16   1.480185e-04   7.340214e-18   4284
  3.451974e-01   4.183615e-16   1.401572e-04   7.043353e-18   3840
  3.456664e-01   4.461271e-16   1.334113e-04   7.832435e-18   3480
  3.461427e-01   4.362436e-16   1.488614e-04   6.724850e-18   4380
  3.466576e-01   4.568418e-16   1.398292e-04   7.072823e-18   4200
  3.471635e-01   4.343857e-16   1.344014e-04   6.974776e-18   4056
  3.476333e-01   4.088054e-16   1.350788e-04   6.719596e-18   3600
  3.480735e-01   4.438792e-16   1.345848e-04   7.341915e-18   3492
  3.485878e-01   4.223160e-16   1.571647e-04   6.380221e-18   4500
  3.491126e-01   4.356906e-16   1.376975e-04   7.222436e-18   3516
  3.495636e-01   3.943235e-16   1.439500e-04   6.393226e-18   3968
  3.500690e-01   4.089039e-16   1.383484e-04   6.735619e-18   3648
  3.505165e-01   4.172423e-16   1.322992e-04   6.560125e-18   4224
  3.510237e-01   3.947543e-16   1.484940e-04   6.833825e-18   3588
  3.514997e-01   4.019015e-16   1.369683e-04   7.322258e-18   3456
  3.519786e-01   3.969686e-16   1.216448e-04   7.249124e-18   3660
  3.524735e-01   3.995381e-16   1.335194e-04   6.585371e-18   3768
  3.529347e-01   3.891445e-16   1.350276e-04   6.467595e-18   3744
  3.534301e-01   3.767783e-16   1.482149e-04   6.017088e-18   4176
  3.539572e-01   3.990958e-16   1.367120e-04   6.860027e-18   3612
  3.543928e-01   3.967425e-16   1.485682e-04   6.895460e-18   3216
  3.548913e-01   3.756440e-16   1.436402e-04   6.351786e-18   3624
  3.553925e-01   3.854761e-16   1.350690e-04   6.287446e-18   3744
  3.558768e-01   3.562003e-16   1.441176e-04   5.821203e-18   3672
  3.563547e-01   3.720579e-16   1.306896e-04   5.800855e-18   3852
  3.568482e-01   3.855353e-16   1.345097e-04   6.660286e-18   3672
  3.573731e-01   3.763181e-16   1.310574e-04   6.801245e-18   3248
  3.578115e-01   3.851941e-16   1.341465e-04   6.641085e-18   3336
  3.582900e-01   3.508816e-16   1.365492e-04   5.685686e-18   3576
  3.587793e-01   3.677375e-16   1.159180e-04   6.606772e-18   3336
  3.592778e-01   3.478250e-16   1.376902e-04   5.668102e-18   3936
  3.597697e-01   3.497180e-16   1.466440e-04   5.917821e-18   3408
  3.602575e-01   3.560226e-16   1.291957e-04   6.197509e-18   3336
  3.607316e-01   3.551026e-16   1.451163e-04   6.285350e-18   3312
  3.612054e-01   3.452101e-16   1.469319e-04   5.935882e-18   3432
  3.617101e-01   3.430269e-16   1.273841e-04   6.203245e-18   3144
  3.621706e-01   3.445540e-16   1.382881e-04   6.039302e-18   3456
  3.626887e-01   3.427822e-16   1.329107e-04   5.699799e-18   3792
  3.631568e-01   3.443965e-16   1.305556e-04   6.579642e-18   2868
  3.636625e-01   3.285115e-16   1.352551e-04   5.378057e-18   3888
  3.641351e-01   3.191684e-16   1.174435e-04   5.875801e-18   2784
  3.646004e-01   3.296438e-16   1.341238e-04   6.055993e-18   2964
  3.651086e-01   3.405703e-16   1.381212e-04   5.710547e-18   3432
  3.655924e-01   3.106460e-16   1.429694e-04   5.194275e-18   3416
  3.660820e-01   3.248237e-16   1.528218e-04   5.488013e-18   3528
  3.665830e-01   3.235731e-16   1.226504e-04   6.326681e-18   2904
  3.670262e-01   3.241767e-16   1.375270e-04   5.750322e-18   3072
  3.675416e-01   3.360612e-16   1.544586e-04   5.939031e-18   3216
  3.680569e-01   3.151122e-16   1.250951e-04   6.123055e-18   2844
  3.685093e-01   3.026004e-16   1.431483e-04   5.359046e-18   3432
  3.689737e-01   3.196782e-16   1.150574e-04   6.023753e-18   2880
  3.694925e-01   3.075412e-16   1.524100e-04   5.166145e-18   3576
  3.699812e-01   3.020655e-16   1.362332e-04   5.860917e-18   2700
  3.704492e-01   3.053095e-16   1.530237e-04   5.602869e-18   3000
  3.709392e-01   3.075262e-16   1.270553e-04   6.481561e-18   2556
  3.714151e-01   2.924980e-16   1.361780e-04   5.073839e-18   3360
  3.719070e-01   2.894900e-16   1.323185e-04   5.459087e-18   3120
  3.724371e-01   3.051374e-16   1.557809e-04   5.337763e-18   3216
  3.728935e-01   2.929575e-16   1.098680e-04   5.852459e-18   2628
  3.734065e-01   3.060839e-16   1.452297e-04   5.873012e-18   3200
  3.738745e-01   3.025800e-16   1.370102e-04   6.509245e-18   2232
  3.743471e-01   3.184987e-16   1.563929e-04   5.782420e-18   3108
  3.748177e-01   2.759300e-16   1.373821e-04   5.418703e-18   2604
  3.752991e-01   2.976475e-16   1.479994e-04   5.370393e-18   3096
  3.758288e-01   2.702581e-16   1.348469e-04   4.855728e-18   3084
  3.762884e-01   2.834868e-16   1.376092e-04   5.574404e-18   2664
  3.767621e-01   2.915912e-16   1.213497e-04   6.294925e-18   2232
  3.772262e-01   2.766595e-16   1.494845e-04   4.952730e-18   2808
  3.777344e-01   2.877675e-16   1.412112e-04   5.710966e-18   2592
  3.782089e-01   2.753895e-16   1.449703e-04   4.901771e-18   2952
  3.787074e-01   2.788470e-16   1.368697e-04   5.139018e-18   2772
  3.791921e-01   2.860677e-16   1.471948e-04   5.320186e-18   3036
  3.796993e-01   2.740239e-16   1.427797e-04   5.940679e-18   2136
  3.801616e-01   2.750324e-16   1.138671e-04   5.427824e-18   2496
  3.806364e-01   2.807652e-16   1.516625e-04   6.149747e-18   2228
  3.811316e-01   2.714621e-16   1.413981e-04   4.967294e-18   3048
  3.816243e-01   2.690023e-16   1.350676e-04   5.183402e-18   2676
  3.821140e-01   2.760093e-16   1.345571e-04   5.401483e-18   2784
  3.825820e-01   2.665831e-16   1.307225e-04   6.498702e-18   1920
  3.830514e-01   2.652915e-16   1.395126e-04   5.223838e-18   2400
  3.835600e-01   2.539945e-16   1.279618e-04   4.838529e-18   2532
  3.840860e-01   2.514446e-16   1.421350e-04   4.776532e-18   2544
  3.845592e-01   2.487370e-16   1.486925e-04   4.765815e-18   2772
  3.850254e-01   2.536291e-16   1.392746e-04   5.654324e-18   2160
  3.854884e-01   2.621060e-16   1.500120e-04   5.687245e-18   2304
  3.860241e-01   2.496461e-16   1.467945e-04   5.083049e-18   2328
  3.865043e-01   2.437562e-16   1.407449e-04   5.405024e-18   2304
  3.869492e-01   2.612484e-16   1.330938e-04   6.255035e-18   1908
  3.874552e-01   2.587536e-16   1.488569e-04   4.813111e-18   2736
  3.879425e-01   2.605483e-16   1.410418e-04   5.242348e-18   2448
  3.884609e-01   2.422985e-16   1.318665e-04   5.570586e-18   2040
  3.889299e-01   2.449686e-16   1.372999e-04   5.248773e-18   2120
  3.893809e-01   2.503453e-16   1.138355e-04   5.523018e-18   2040
  3.898664e-01   2.343848e-16   1.412334e-04   5.237104e-18   2208
  3.904158e-01   2.454391e-16   1.268062e-04   5.132920e-18   2208
  3.908608e-01   2.529505e-16   1.405255e-04   5.448612e-18   2196
  3.913207e-01   2.388851e-16   1.236152e-04   5.766487e-18   1848
  3.917886e-01   2.489380e-16   1.401960e-04   5.610936e-18   2124
  3.923120e-01   2.382768e-16   1.470626e-04   5.047587e-18   2328
  3.928231e-01   2.383827e-16   1.497225e-04   6.109264e-18   1920
  3.933200e-01   2.186436e-16   1.374435e-04   5.528917e-18   1548
  3.937619e-01   2.304825e-16   1.507712e-04   4.945925e-18   2388
  3.942832e-01   2.117138e-16   1.395210e-04   4.828646e-18   2160
  3.947606e-01   2.334450e-16   1.269906e-04   5.649366e-18   1704
  3.952179e-01   2.137022e-16   1.430661e-04   4.954924e-18   1776
  3.956506e-01   2.338999e-16   1.338203e-04   5.515717e-18   1800
  3.961977e-01   2.355724e-16   1.544832e-04   5.823463e-18   1700
  3.967087e-01   2.226334e-16   1.390936e-04   4.858387e-18   2292
  3.971846e-01   2.155221e-16   1.291201e-04   4.935701e-18   1704
  3.976337e-01   2.298844e-16   1.443780e-04   5.693621e-18   1728
  3.981255e-01   2.220306e-16   1.336251e-04   5.431359e-18   1728
  3.986075e-01   2.291243e-16   1.334994e-04   6.074743e-18   1680
  3.991202e-01   2.077984e-16   1.537953e-04   5.172063e-18   1704
  3.996310e-01   2.204787e-16   1.207753e-04   5.386240e-18   1752
  4.000877e-01   2.328738e-16   1.435789e-04   5.127557e-18   1872
  4.005817e-01   2.310014e-16   1.407232e-04   5.920759e-18   1500
  4.010829e-01   2.298747e-16   1.232237e-04   5.723415e-18   1656
  4.015697e-01   2.151055e-16   1.321192e-04   5.825501e-18   1464
  4.020023e-01   2.180231e-16   1.157232e-04   5.811992e-18   1488
  4.025329e-01   2.171041e-16   1.396693e-04   5.572868e-18   1680
  4.030178e-01   2.100262e-16   1.459194e-04   5.232466e-18   1692
  4.034716e-01   1.994913e-16   1.397252e-04   5.797540e-18   1128
  4.039751e-01   2.217903e-16   1.345433e-04   6.010844e-18   1536
  4.044663e-01   2.031069e-16   1.402479e-04   5.093741e-18   1616
  4.049637e-01   2.036391e-16   1.352429e-04   5.457739e-18   1476
  4.054650e-01   2.010175e-16   1.488381e-04   6.017429e-18   1176
  4.059124e-01   1.995990e-16   1.599107e-04   4.923018e-18   1656
  4.063997e-01   2.060876e-16   1.404668e-04   7.454664e-18   891
  4.069020e-01   2.100956e-16   1.497388e-04   5.079224e-18   1596
  4.073915e-01   1.936783e-16   1.305762e-04   5.088135e-18   1422
  4.078742e-01   1.910621e-16   1.252138e-04   5.968273e-18   1254
  4.083284e-01   1.865134e-16   1.279202e-04   6.506987e-18   918
  4.088148e-01   2.011878e-16   1.400009e-04   5.027505e-18   1614
  4.093049e-01   1.914177e-16   1.209347e-04   7.178455e-18   798
  4.097922e-01   1.953870e-16   1.550239e-04   5.249431e-18   1458
  4.102863e-01   2.011248e-16   1.419502e-04   5.449792e-18   1374
  4.107747e-01   1.945935e-16   1.212349e-04   6.655505e-18   984
  4.112591e-01   1.984861e-16   1.668024e-04   6.172894e-18   1062
  4.117525e-01   1.972881e-16   1.413965e-04   5.832611e-18   1246
  4.122317e-01   1.832342e-16   1.311095e-04   5.808172e-18   1072
  4.127436e-01   1.777238e-16   1.419832e-04   5.394108e-18   1110
  4.132166e-01   1.928661e-16   1.538182e-04   5.782889e-18   1254
  4.137139e-01   1.815021e-16   1.459816e-04   6.229973e-18   1032
  4.142557e-01   1.839732e-16   1.352509e-04   6.742494e-18   786
  4.146677e-01   1.932547e-16   1.386613e-04   5.934426e-18   1152
  4.151502e-01   1.725127e-16   1.511270e-04   5.419900e-18   1086
  4.156529e-01   1.805577e-16   1.363503e-04   5.807824e-18   912
  4.161175e-01   1.838505e-16   1.366785e-04   5.664110e-18   1062
  4.165917e-01   1.848297e-16   1.362355e-04   6.475659e-18   912
  4.171397e-01   1.702711e-16   1.520835e-04   6.275257e-18   750
  4.175668e-01   1.759336e-16   1.465336e-04   4.913322e-18   1200
  4.180611e-01   1.809427e-16   1.326977e-04   6.485907e-18   918
  4.185524e-01   1.756155e-16   1.377357e-04   6.127381e-18   876
  4.190517e-01   1.897545e-16   1.203534e-04   6.122233e-18   870
  4.194890e-01   1.807214e-16   1.403731e-04   6.472174e-18   768
  4.200015e-01   1.530002e-16   1.286594e-04   5.250377e-18   830
  4.204761e-01   1.624560e-16   1.332096e-04   4.809681e-18   1080
  4.209676e-01   1.703652e-16   1.498783e-04   5.528623e-18   840
  4.214632e-01   1.728072e-16   1.443163e-04   6.301619e-18   798
  4.220251e-01   1.780286e-16   1.145461e-04   6.192354e-18   792
  4.224609e-01   1.813420e-16   1.335978e-04   6.309918e-18   726
  4.229181e-01   1.538999e-16   1.497038e-04   5.266768e-18   864
  4.234189e-01   1.855560e-16   1.281430e-04   5.935698e-18   900
  4.239267e-01   1.608818e-16   1.424135e-04   6.232823e-18   726
  4.243623e-01   1.757146e-16   1.232527e-04   7.635485e-18   576
  4.249434e-01   1.757074e-16   1.282664e-04   5.955294e-18   840
  4.253523e-01   1.584717e-16   1.331485e-04   6.146436e-18   750
  4.258366e-01   1.564510e-16   1.335529e-04   5.964927e-18   720
  4.262936e-01   1.724308e-16   1.351090e-04   6.861513e-18   702
  4.268271e-01   1.633808e-16   1.475571e-04   5.801974e-18   696
  4.272662e-01   1.733951e-16   1.319621e-04   8.151111e-18   480
  4.277837e-01   1.589425e-16   1.250396e-04   5.604667e-18   830
  4.282419e-01   1.675736e-16   1.454616e-04   5.857610e-18   756
  4.287552e-01   1.579432e-16   1.396687e-04   6.975184e-18   624
  4.292083e-01   1.655122e-16   1.475796e-04   6.888169e-18   582
  4.297440e-01   1.602090e-16   1.132706e-04   7.259684e-18   576
  4.302073e-01   1.572878e-16   1.517064e-04   6.754651e-18   624
  4.306823e-01   1.578840e-16   1.238986e-04   6.128981e-18   702
  4.311525e-01   1.453315e-16   1.425165e-04   6.496403e-18   624
  4.317110e-01   1.522958e-16   1.378751e-04   6.014796e-18   672
  4.321659e-01   1.553949e-16   1.032125e-04   8.096203e-18   342
  4.326655e-01   1.562833e-16   1.290292e-04   5.518197e-18   660
  4.331249e-01   1.378954e-16   1.326364e-04   6.079933e-18   576
  4.335992e-01   1.562470e-16   1.289493e-04   6.206789e-18   600
  4.340787e-01   1.524605e-16   1.491476e-04   6.211356e-18   510
  4.346181e-01   1.460135e-16   1.397290e-04   5.691864e-18   600
  4.350341e-01   1.462230e-16   1.112888e-04   9.543415e-18   216
  4.355185e-01   1.330188e-16   1.354577e-04   5.188252e-18   758
  4.360833e-01   1.319440e-16   1.482975e-04   4.875457e-18   576
  4.365782e-01   1.431261e-16   1.259005e-04   6.579061e-18   528
  4.370248e-01   1.617043e-16   8.670054e-05   9.068125e-18   318
  4.375047e-01   1.689922e-16   1.497759e-04   7.162493e-18   540
  4.380721e-01   1.132102e-16   1.058893e-04   6.533803e-18   384
  4.384565e-01   1.373035e-16   1.463022e-04   5.514575e-18   576
  4.389570e-01   1.343951e-16   1.195560e-04   6.711973e-18   414
  4.394302e-01   1.428235e-16   1.335050e-04   6.411728e-18   504
  4.399357e-01   1.462783e-16   1.465573e-04   7.636031e-18   312
  4.404212e-01   1.379371e-16   1.327827e-04   7.365436e-18   414
  4.409029e-01   1.295912e-16   1.226699e-04   6.324939e-18   432
  4.413512e-01   1.303789e-16   1.624587e-04   5.887845e-18   504
  4.418701e-01   1.428597e-16   1.564660e-04   6.774941e-18   432
  4.423558e-01   1.443309e-16   1.281691e-04   7.938496e-18   354
  4.428506e-01   1.341679e-16   1.865017e-04   8.833711e-18   200
  4.432750e-01   1.336278e-16   1.323290e-04   6.054841e-18   480
  4.438485e-01   1.326083e-16   1.512148e-04   5.839956e-18   552
  4.443745e-01   1.269367e-16   9.419478e-05   6.926531e-18   366
  4.447799e-01   1.335440e-16   1.002751e-04   7.285928e-18   240
  4.452261e-01   1.516001e-16   1.401886e-04   9.864330e-18   288
  4.458541e-01   1.223589e-16   9.634579e-05   6.218686e-18   366
  4.462600e-01   1.296799e-16   1.562070e-04   5.945440e-18   408
  4.467132e-01   1.255858e-16   1.174273e-04   6.424551e-18   360
  4.471820e-01   1.276378e-16   1.094619e-04   6.971743e-18   324
  4.476367e-01   1.277257e-16   1.292780e-04   1.067357e-17   174
  4.481783e-01   1.245789e-16   1.485222e-04   7.407035e-18   264
  4.486867e-01   1.217895e-16   1.354596e-04   5.848684e-18   456
  4.491937e-01   1.407700e-16   1.362099e-04   7.762203e-18   360
  4.496105e-01   1.371858e-16   1.500483e-04   8.247756e-18   270
  4.501209e-01   1.209120e-16   1.641082e-04   6.809049e-18   240
  4.507604e-01   1.112358e-16   1.195905e-04   8.887579e-18   120
  4.510747e-01   1.134526e-16   1.248485e-04   6.063386e-18   320
  4.515822e-01   1.322844e-16   1.544785e-04   6.370265e-18   462
  4.521137e-01   1.527830e-16   8.987666e-05   8.627186e-18   276
  4.525754e-01   1.162550e-16   1.019637e-04   9.183296e-18   144
  4.530202e-01   1.540752e-16   1.070818e-04   1.523772e-17   120
  4.536115e-01   1.202548e-16   8.108908e-05   7.233540e-18   294
  4.540583e-01   1.264426e-16   1.438563e-04   6.038965e-18   384
  4.544753e-01   1.176698e-16   9.523196e-05   7.418092e-18   216
  4.548743e-01   1.508058e-16   8.843896e-05   1.160058e-17   168
  4.553251e-01   1.303146e-16   1.052282e-04   1.337612e-17   102
  4.559768e-01   1.228692e-16   1.596520e-04   9.819659e-18   168
  4.564337e-01   1.170377e-16   1.397340e-04   6.636318e-18   384
  4.569346e-01   1.130128e-16   1.419732e-04   6.652743e-18   300
  4.574008e-01   1.053775e-16   1.520225e-04   9.653499e-18   144
  4.579263e-01   1.589281e-16   1.556925e-04   1.722169e-17   102
  4.585568e-01   1.502938e-16   3.685588e-05   1.697581e-17   56
  4.588590e-01   1.243687e-16   1.199932e-04   7.522227e-18   288
  4.593328e-01   1.145107e-16   1.561557e-04   6.137139e-18   360
  4.598487e-01   1.344508e-16   8.376686e-05   1.022126e-17   126
  4.602834e-01   1.405774e-16   4.125612e-05   1.657078e-17   72
  4.607572e-01   1.475088e-16   2.185755e-05   1.440750e-17   48
  4.613754e-01   1.095870e-16   8.842417e-05   7.014484e-18   240
  4.617816e-01   1.198885e-16   1.311982e-04   6.705402e-18   306
  4.621975e-01   1.306149e-16   7.291699e-05   1.104530e-17   120
  4.626766e-01   1.331250e-16   1.794585e-04   1.270388e-17   96
  4.630248e-01   9.664407e-17   0.000000e+00   1.282569e-17   24
  4.638071e-01   1.222877e-16   1.554065e-04   1.016368e-17   120
  4.641905e-01   1.036982e-16   1.343981e-04   5.754414e-18   318
  4.646594e-01   1.069930e-16   1.436227e-04   8.129639e-18   168
  4.651731e-01   1.306741e-16   1.541232e-04   1.659800e-17   72
  4.657357e-01   1.401590e-16   0.000000e+00   2.628419e-17   24
  4.663408e-01   8.797784e-17   7.481195e-05   1.917131e-17   14
  4.666286e-01   1.140154e-16   1.179951e-04   6.399265e-18   288
  4.670757e-01   1.165064e-16   1.419546e-04   9.305494e-18   204
  4.675916e-01   1.212123e-16   2.153808e-05   1.674238e-17   48
  4.680007e-01   1.702770e-16   0.000000e+00   3.299983e-17   24
  4.684739e-01   5.113854e-17   0.000000e+00   8.103291e-18   6
  4.691541e-01   1.106564e-16   8.821950e-05   8.013588e-18   216
  4.695046e-01   1.038845e-16   1.174842e-04   7.528835e-18   192
  4.699334e-01   1.026571e-16   2.143075e-05   1.549039e-17   48
  4.703832e-01   1.127517e-16   1.712353e-04   1.619662e-17   30
  4.716555e-01   1.047743e-16   3.540978e-05   1.089470e-17   96
  4.719167e-01   1.007331e-16   1.160286e-04   7.476332e-18   228
  4.724128e-01   1.451811e-16   1.517284e-04   1.828624e-17   72
  4.730094e-01   2.206202e-16   0.000000e+00   5.055903e-17   6
  4.743680e-01   1.236073e-16   1.145631e-04   6.824466e-18   248
  4.748016e-01   1.399770e-16   1.311235e-04   1.358402e-17   72
  4.753245e-01   1.192126e-16   7.266090e-09   2.670288e-17   6
  4.769053e-01   1.167207e-16   8.141014e-05   1.021027e-17   180
  4.772205e-01   9.117110e-17   1.107713e-04   9.292584e-18   72
  4.776705e-01   2.073639e-16   0.000000e+00   6.037918e-17   6
  4.794278e-01   6.846683e-17   3.483570e-05   6.854180e-18   96
  4.796378e-01   9.028107e-17   9.563861e-05   1.028707e-17   96
  4.800471e-01   1.490178e-16   0.000000e+00   5.586033e-17   6
  4.820778e-01   1.418967e-16   9.153355e-05   1.117206e-17   140
  4.824537e-01   6.931606e-17   0.000000e+00   1.464394e-17   6
  4.846301e-01   1.493737e-16   6.146888e-05   1.624715e-17   96
  4.848898e-01   1.137890e-16   0.000000e+00   5.546828e-17   6
  4.871898e-01   8.044894e-17   3.697860e-05   7.440612e-18   60
  4.873552e-01   6.337336e-17   0.000000e+00   1.799336e-17   6
  4.897713e-01   1.012514e-16   3.748867e-05   1.878639e-17   38
  4.923442e-01   9.786608e-17   1.928513e-05   1.122616e-17   18
  4.949217e-01   6.912663e-17   7.266090e-09   2.080390e-17   6
