# power spectrum of zeta (dimensionless)
# redshift z=5.964155
# k              Pk             sigma(k)       sigma(Pk)      count
  1.256637e-01   6.670005e-15   0.000000e+00   1.218605e-15   6
  1.777153e-01   3.969080e-15   0.000000e+00   1.031205e-15   12
  2.176559e-01   4.689187e-15   2.384186e-09   1.227299e-15   8
  2.513274e-01   4.984785e-14   0.000000e+00   1.590258e-14   6
  2.809926e-01   1.953055e-14   4.495664e-09   5.045196e-15   24
  3.078120e-01   2.124806e-14   4.495664e-09   4.191897e-15   24
  3.554306e-01   3.409915e-14   0.000000e+00   6.677122e-15   12
  3.769911e-01   4.322355e-14   5.086263e-09   7.819160e-15   30
  3.973835e-01   3.589093e-14   0.000000e+00   6.794972e-15   24
  4.167794e-01   2.560956e-14   7.786718e-09   5.865018e-15   24
  4.353118e-01   4.385042e-14   4.768372e-09   4.598228e-15   8
  4.530869e-01   4.420826e-14   6.357829e-09   8.775884e-15   24
  4.701905e-01   3.943029e-14   0.000000e+00   5.259342e-15   48
  5.026548e-01   3.816780e-15   0.000000e+00   1.039119e-15   6
  5.181247e-01   3.335625e-14   6.357829e-09   4.288307e-15   48
  5.331460e-01   3.178600e-14   5.994218e-09   1.060159e-14   36
  5.477554e-01   2.140577e-14   6.357829e-09   3.876368e-15   24
  5.619852e-01   3.193802e-14   8.991328e-09   5.950137e-15   24
  5.758634e-01   3.521317e-14   0.000000e+00   4.557791e-15   48
  5.894150e-01   2.941666e-14   8.991328e-09   6.629641e-15   24
  6.156239e-01   3.455328e-14   8.991328e-09   5.927083e-15   24
  6.283185e-01   1.670498e-14   0.000000e+00   2.392776e-15   30
  6.407617e-01   2.915861e-14   0.000000e+00   2.886312e-15   72
  6.529678e-01   1.929746e-14   9.536743e-09   2.697080e-15   32
  6.767198e-01   2.494485e-14   0.000000e+00   2.867130e-15   72
  6.882885e-01   2.886781e-14   0.000000e+00   2.881494e-15   48
  7.108613e-01   2.437072e-14   0.000000e+00   1.778430e-15   12
  7.273110e-01   2.301248e-14   5.427997e-03   2.090331e-15   96
  7.434365e-01   3.027179e-14   8.991328e-09   3.540796e-15   48
  7.539822e-01   3.949053e-14   1.017253e-08   9.257085e-15   30
  7.720780e-01   2.804148e-14   4.442982e-03   3.355315e-15   96
  7.947671e-01   2.049306e-14   0.000000e+00   3.225197e-15   24
  8.078915e-01   2.084764e-14   4.597878e-03   1.824469e-15   144
  8.240320e-01   3.353445e-14   1.557344e-08   5.430343e-15   24
  8.406230e-01   2.852350e-14   4.078565e-03   3.169558e-15   96
  8.522927e-01   2.437280e-14   0.000000e+00   3.828555e-15   48
  8.784818e-01   3.160893e-14   3.024579e-03   4.120915e-15   62
  8.917918e-01   2.615732e-14   4.253298e-03   2.535448e-15   132
  9.061739e-01   1.739169e-14   1.271566e-08   2.598596e-15   24
  9.197543e-01   2.128026e-14   4.251090e-03   1.349371e-15   168
  9.445606e-01   2.323175e-14   4.179554e-03   2.459170e-15   96
  9.631875e-01   1.604384e-14   3.557186e-03   1.393405e-15   96
  9.860433e-01   1.884144e-14   3.964957e-03   1.416464e-15   168
  1.005310e+00   4.348352e-14   0.000000e+00   1.396215e-14   6
  1.013133e+00   1.581209e-14   0.000000e+00   1.572604e-15   96
  1.022438e+00   2.071885e-14   3.081996e-03   2.028355e-15   120
  1.041311e+00   1.742272e-14   3.578749e-03   1.506654e-15   144
  1.051378e+00   1.855729e-14   0.000000e+00   2.865400e-15   48
  1.070509e+00   1.366317e-14   3.651792e-03   1.289685e-15   84
  1.081000e+00   1.498455e-14   2.491750e-08   1.436358e-15   120
  1.090449e+00   1.260778e-14   3.313740e-03   1.168692e-15   80
  1.105074e+00   1.571113e-14   3.364535e-03   1.474054e-15   144
  1.123970e+00   1.714159e-14   1.798266e-08   3.044502e-15   24
  1.133201e+00   1.427128e-14   3.246628e-03   1.176355e-15   150
  1.147601e+00   1.730170e-14   3.368559e-03   1.721232e-15   120
  1.163416e+00   1.638970e-14   3.069733e-03   1.073082e-15   168
  1.178830e+00   1.922663e-14   1.798266e-08   4.515560e-15   24
  1.188528e+00   1.399164e-14   3.307029e-03   1.024915e-15   264
  1.198755e+00   9.683681e-15   1.798266e-08   1.175273e-15   48
  1.216189e+00   1.365556e-14   3.063158e-03   1.046569e-15   144
  1.235512e+00   1.778851e-14   3.015167e-03   2.015271e-15   72
  1.246540e+00   1.429083e-14   3.101478e-03   8.591417e-16   180
  1.261955e+00   1.456290e-14   2.247234e-03   1.039110e-15   198
  1.269141e+00   1.288018e-14   0.000000e+00   1.535978e-15   48
  1.285036e+00   1.354738e-14   3.041694e-03   1.120080e-15   168
  1.296831e+00   1.361687e-14   3.044222e-03   1.042283e-15   144
  1.314676e+00   1.484200e-14   4.277300e-03   8.409289e-16   248
  1.338772e+00   1.279299e-14   2.948852e-03   9.413428e-16   192
  1.355181e+00   1.231741e-14   4.554933e-03   8.044646e-16   240
  1.365057e+00   9.710566e-15   0.000000e+00   1.195553e-15   72
  1.380120e+00   1.603662e-14   2.779615e-03   1.934815e-15   126
  1.389623e+00   1.349749e-14   2.564571e-03   1.132137e-15   168
  1.407767e+00   1.339507e-14   2.804328e-03   8.360469e-16   288
  1.426839e+00   1.110493e-14   1.476986e-03   8.287931e-16   156
  1.436715e+00   1.107294e-14   2.484720e-03   9.133497e-16   168
  1.451693e+00   1.209967e-14   4.259613e-03   8.720635e-16   264
  1.465478e+00   9.800562e-15   0.000000e+00   1.058447e-15   48
  1.475722e+00   1.267737e-14   4.239347e-03   8.865996e-16   264
  1.490407e+00   1.109451e-14   2.498827e-03   8.060332e-16   144
  1.501498e+00   1.320582e-14   5.112474e-03   1.999366e-15   78
  1.517654e+00   1.033438e-14   3.323319e-03   5.907064e-16   336
  1.532889e+00   1.172913e-14   2.528505e-03   8.166105e-16   200
  1.542895e+00   1.057784e-14   4.950846e-03   7.969512e-16   192
  1.556403e+00   1.021779e-14   2.484459e-03   8.900827e-16   240
  1.568812e+00   9.685480e-15   4.979003e-03   8.099616e-16   168
  1.581561e+00   1.062511e-14   3.986332e-03   1.018235e-15   120
  1.596873e+00   1.064438e-14   3.115666e-03   6.749627e-16   324
  1.611730e+00   1.190656e-14   2.449443e-03   8.251749e-16   192
  1.621842e+00   1.073637e-14   4.392943e-03   6.675772e-16   168
  1.639042e+00   7.901234e-15   3.618152e-03   3.993786e-16   342
  1.654551e+00   1.082640e-14   2.913340e-03   5.390812e-16   336
  1.670270e+00   9.330925e-15   2.229470e-03   1.008166e-15   72
  1.680871e+00   1.069400e-14   3.565739e-03   8.370073e-16   288
  1.693176e+00   8.746535e-15   2.322255e-03   5.838112e-16   264
  1.710363e+00   9.219593e-15   3.054338e-03   4.667402e-16   384
  1.725757e+00   8.969440e-15   3.666000e-03   6.572991e-16   240
  1.732155e+00   9.577377e-15   0.000000e+00   1.620289e-15   48
  1.750659e+00   9.619302e-15   3.000861e-03   4.903480e-16   392
  1.764776e+00   9.717603e-15   3.293295e-03   5.586182e-16   294
  1.779956e+00   8.543477e-15   2.140470e-03   6.993732e-16   228
  1.789939e+00   8.824491e-15   3.250617e-03   5.336692e-16   216
  1.802361e+00   9.609583e-15   1.980050e-03   5.406681e-16   336
  1.817567e+00   8.713443e-15   2.352625e-03   4.308061e-16   360
  1.830119e+00   8.814415e-15   3.584392e-03   5.284719e-16   240
  1.843199e+00   7.673265e-15   4.241157e-03   5.754819e-16   168
  1.855399e+00   7.129914e-15   3.338306e-03   3.817170e-16   312
  1.869935e+00   8.553481e-15   2.089228e-03   4.627945e-16   336
  1.885637e+00   7.047550e-15   2.850095e-03   4.772157e-16   294
  1.897477e+00   9.156253e-15   3.798594e-03   5.046352e-16   288
  1.906536e+00   7.574644e-15   2.376907e-03   5.687084e-16   264
  1.922691e+00   8.415526e-15   4.082916e-03   3.963961e-16   480
  1.936199e+00   8.997064e-15   1.997349e-03   5.206262e-16   240
  1.952759e+00   7.398814e-15   2.019671e-03   4.097306e-16   276
  1.965824e+00   7.089070e-15   4.433576e-03   3.121980e-16   488
  1.981346e+00   9.248363e-15   1.952641e-03   5.036405e-16   240
  1.990355e+00   7.603417e-15   3.791527e-03   4.133257e-16   360
  2.002988e+00   6.825828e-15   1.348968e-03   5.513678e-16   198
  2.019235e+00   6.614769e-15   4.558217e-03   2.949649e-16   480
  2.031131e+00   6.989774e-15   1.682460e-03   4.304112e-16   288
  2.047583e+00   8.074236e-15   3.556337e-03   3.655741e-16   480
  2.062377e+00   8.112956e-15   2.191154e-03   3.552146e-16   480
  2.077570e+00   6.684675e-15   2.833894e-03   3.774381e-16   288
  2.087050e+00   7.083677e-15   3.023242e-03   4.397691e-16   288
  2.101959e+00   7.794417e-15   5.255912e-03   3.356750e-16   456
  2.116971e+00   7.790632e-15   4.949844e-03   4.073989e-16   360
  2.126650e+00   6.323434e-15   2.967082e-03   5.679053e-16   180
  2.140657e+00   6.404058e-15   3.231514e-03   2.907649e-16   486
  2.154854e+00   6.447847e-15   4.298953e-03   2.808592e-16   504
  2.169289e+00   7.349891e-15   3.340070e-03   3.345990e-16   456
  2.181258e+00   7.253935e-15   2.775009e-03   4.824783e-16   296
  2.197072e+00   6.009608e-15   2.738289e-03   2.776290e-16   528
  2.208965e+00   6.457719e-15   2.701981e-03   3.512298e-16   336
  2.226481e+00   6.578174e-15   2.997004e-03   2.676966e-16   600
  2.239302e+00   5.849375e-15   1.755804e-03   3.609641e-16   264
  2.252151e+00   6.608942e-15   1.898694e-03   3.419558e-16   360
  2.265266e+00   6.492792e-15   3.801372e-03   2.753851e-16   630
  2.279717e+00   7.069022e-15   1.962233e-03   3.353155e-16   432
  2.292537e+00   6.513539e-15   3.780726e-03   3.333443e-16   408
  2.308272e+00   6.988658e-15   2.509414e-03   4.401955e-16   324
  2.319978e+00   6.096982e-15   3.576222e-03   2.357280e-16   744
  2.334098e+00   6.243095e-15   2.858952e-03   3.464095e-16   336
  2.347588e+00   6.168192e-15   3.930328e-03   2.660616e-16   528
  2.362382e+00   6.657616e-15   2.005373e-03   3.232370e-16   408
  2.372191e+00   5.702133e-15   3.413147e-03   2.729421e-16   408
  2.388397e+00   5.268436e-15   2.817663e-03   2.457508e-16   470
  2.400201e+00   5.137673e-15   3.384925e-03   2.274769e-16   528
  2.416685e+00   5.550605e-15   2.820560e-03   2.273222e-16   624
  2.428827e+00   5.029877e-15   2.146180e-03   2.437126e-16   504
  2.441353e+00   5.718829e-15   2.989469e-03   2.686416e-16   552
  2.453777e+00   5.229780e-15   1.453231e-03   3.262585e-16   336
  2.469334e+00   5.161055e-15   3.093356e-03   2.389643e-16   528
  2.481386e+00   5.759042e-15   3.521844e-03   2.439891e-16   564
  2.495502e+00   5.888850e-15   3.241487e-03   2.419169e-16   528
  2.510806e+00   5.352192e-15   5.032507e-03   2.424133e-16   582
  2.524724e+00   5.316309e-15   3.874271e-03   2.081135e-16   624
  2.536896e+00   5.524906e-15   4.429036e-03   3.033663e-16   432
  2.551418e+00   5.554136e-15   4.926531e-03   1.894670e-16   816
  2.566361e+00   5.299134e-15   2.245292e-03   2.861284e-16   312
  2.576137e+00   5.010201e-15   3.638994e-03   2.250488e-16   552
  2.591900e+00   4.938239e-15   2.291924e-03   1.877733e-16   744
  2.603321e+00   5.684057e-15   2.141123e-03   2.674626e-16   408
  2.618061e+00   5.634529e-15   3.068323e-03   2.167596e-16   632
  2.633374e+00   5.255528e-15   5.210791e-03   1.815304e-16   750
  2.645831e+00   5.337521e-15   3.584637e-03   3.132904e-16   312
  2.659713e+00   4.941736e-15   5.292216e-03   1.793269e-16   876
  2.673443e+00   4.454221e-15   3.455503e-03   1.832931e-16   552
  2.688914e+00   5.158846e-15   2.857688e-03   1.888742e-16   696
  2.699453e+00   5.318021e-15   3.154346e-03   2.366594e-16   576
  2.713796e+00   4.796642e-15   3.339693e-03   1.965482e-16   576
  2.726037e+00   4.705975e-15   4.475199e-03   1.958745e-16   648
  2.740832e+00   4.854081e-15   4.479393e-03   1.868390e-16   672
  2.757165e+00   4.593191e-15   1.899992e-03   2.276408e-16   480
  2.767620e+00   4.717488e-15   2.942368e-03   2.015190e-16   726
  2.781081e+00   4.877132e-15   3.334085e-03   1.756657e-16   792
  2.795661e+00   4.232676e-15   4.625257e-03   1.428443e-16   768
  2.811027e+00   4.362038e-15   3.780047e-03   1.595385e-16   672
  2.825116e+00   4.470327e-15   2.535576e-03   1.938256e-16   608
  2.835316e+00   4.543260e-15   2.434230e-03   1.704659e-16   624
  2.849867e+00   3.746192e-15   3.163261e-03   1.500172e-16   684
  2.864019e+00   4.006837e-15   4.672505e-03   1.420073e-16   768
  2.877191e+00   4.459046e-15   3.735635e-03   1.498668e-16   744
  2.892886e+00   4.062983e-15   2.352178e-03   1.593474e-16   750
  2.904325e+00   3.809781e-15   3.496199e-03   1.477933e-16   600
  2.916695e+00   3.998029e-15   3.712332e-03   1.694752e-16   600
  2.931979e+00   4.149805e-15   4.278234e-03   1.367712e-16   1008
  2.944116e+00   4.168776e-15   2.372856e-03   1.458125e-16   696
  2.957565e+00   4.327622e-15   3.134649e-03   1.872502e-16   624
  2.971086e+00   4.111651e-15   4.877909e-03   1.358169e-16   840
  2.986446e+00   4.403311e-15   3.319024e-03   1.563604e-16   816
  2.998905e+00   3.879305e-15   2.204574e-03   1.394953e-16   744
  3.011488e+00   3.887013e-15   3.897323e-03   1.947489e-16   510
  3.026687e+00   3.702551e-15   3.741750e-03   1.083597e-16   1020
  3.040833e+00   3.977053e-15   3.019222e-03   1.361008e-16   912
  3.054778e+00   4.074370e-15   4.473147e-03   1.600065e-16   752
  3.066309e+00   4.052915e-15   3.711666e-03   1.354183e-16   888
  3.082044e+00   3.624382e-15   2.395124e-03   1.260259e-16   768
  3.094915e+00   3.855152e-15   4.352150e-03   1.358806e-16   720
  3.109727e+00   3.862330e-15   3.836546e-03   1.259090e-16   1056
  3.122866e+00   3.781493e-15   2.654285e-03   1.551646e-16   504
  3.133631e+00   3.750577e-15   4.144719e-03   1.352612e-16   774
  3.149026e+00   3.548507e-15   3.986123e-03   1.037177e-16   1272
  3.163486e+00   3.640819e-15   2.611538e-03   1.403633e-16   744
  3.176969e+00   3.441013e-15   4.264475e-03   1.228788e-16   768
  3.189339e+00   3.767277e-15   3.607190e-03   1.359292e-16   840
  3.203231e+00   3.564334e-15   2.445578e-03   1.163887e-16   924
  3.216608e+00   3.493453e-15   4.311548e-03   1.232375e-16   936
  3.229755e+00   3.227403e-15   2.996363e-03   1.148486e-16   840
  3.242998e+00   3.563971e-15   3.562326e-03   1.113752e-16   1008
  3.259829e+00   3.267420e-15   4.021535e-03   1.384700e-16   696
  3.270389e+00   3.365887e-15   3.574451e-03   1.065338e-16   974
  3.286078e+00   3.472370e-15   4.747287e-03   1.071652e-16   1152
  3.299719e+00   3.428657e-15   1.857626e-03   1.224451e-16   816
  3.310327e+00   3.263690e-15   4.086567e-03   1.183180e-16   816
  3.324599e+00   2.983516e-15   3.608623e-03   9.520958e-17   1152
  3.339651e+00   3.402829e-15   3.248998e-03   1.269981e-16   912
  3.353338e+00   3.255350e-15   3.947532e-03   9.925163e-17   1056
  3.365058e+00   3.337387e-15   3.375847e-03   1.467254e-16   624
  3.380817e+00   2.931944e-15   4.216875e-03   8.694897e-17   1260
  3.394418e+00   3.413806e-15   2.543440e-03   1.128714e-16   894
  3.407703e+00   3.284724e-15   4.357818e-03   9.257273e-17   1176
  3.420993e+00   2.987577e-15   3.606982e-03   1.077571e-16   840
  3.436121e+00   2.990954e-15   4.099862e-03   8.149328e-17   1440
  3.452005e+00   3.037403e-15   2.304966e-03   1.005299e-16   864
  3.464048e+00   3.019379e-15   3.955435e-03   9.735301e-17   1056
  3.476035e+00   3.147259e-15   2.332073e-03   1.288675e-16   624
  3.490594e+00   3.063049e-15   4.318596e-03   8.602694e-17   1496
  3.504515e+00   2.913292e-15   3.049082e-03   1.037164e-16   936
  3.516908e+00   2.866066e-15   4.414111e-03   9.730083e-17   966
  3.530243e+00   3.164442e-15   3.128902e-03   1.139082e-16   936
  3.544251e+00   2.969531e-15   3.870284e-03   8.498614e-17   1248
  3.558592e+00   2.598893e-15   2.728377e-03   7.658390e-17   1044
  3.571955e+00   2.988985e-15   4.226344e-03   7.916721e-17   1392
  3.582538e+00   2.759716e-15   3.255138e-03   1.088302e-16   600
  3.597678e+00   2.817176e-15   3.698179e-03   7.196877e-17   1416
  3.611873e+00   2.707233e-15   3.980638e-03   7.671247e-17   1152
  3.626257e+00   2.527382e-15   3.818797e-03   9.133620e-17   936
  3.637844e+00   2.601952e-15   4.095847e-03   8.447024e-17   870
  3.651613e+00   2.710072e-15   3.434204e-03   7.493650e-17   1368
  3.666892e+00   2.911087e-15   4.515083e-03   7.057234e-17   1632
  3.679949e+00   2.659631e-15   1.960196e-03   9.211107e-17   816
  3.694083e+00   2.836588e-15   4.472000e-03   8.626417e-17   1200
  3.706415e+00   2.708320e-15   4.275759e-03   7.871578e-17   1184
  3.718942e+00   2.496452e-15   3.245022e-03   8.101657e-17   984
  3.734312e+00   2.554846e-15   3.961839e-03   7.038736e-17   1572
  3.748246e+00   2.474409e-15   2.181853e-03   8.660552e-17   840
  3.761231e+00   2.399753e-15   5.073986e-03   6.147565e-17   1392
  3.774941e+00   2.405037e-15   3.725317e-03   7.757844e-17   1158
  3.787179e+00   2.508914e-15   3.392190e-03   7.176502e-17   1272
  3.801913e+00   2.504772e-15   3.456945e-03   7.130984e-17   1320
  3.815753e+00   2.253058e-15   3.382582e-03   6.754848e-17   1104
  3.828921e+00   2.235358e-15   3.828609e-03   6.021108e-17   1392
  3.842742e+00   2.362993e-15   4.141026e-03   6.796253e-17   1296
  3.856976e+00   2.329078e-15   4.323915e-03   6.680982e-17   1392
  3.870333e+00   2.376667e-15   3.171938e-03   7.417883e-17   1104
  3.882690e+00   2.358294e-15   3.995358e-03   7.147169e-17   1320
  3.900292e+00   2.258820e-15   3.051196e-03   6.827481e-17   1422
  3.911534e+00   2.184931e-15   3.800093e-03   6.427246e-17   1212
  3.924449e+00   2.145356e-15   4.152476e-03   6.104682e-17   1280
  3.937717e+00   2.282096e-15   4.323858e-03   7.280645e-17   1272
  3.950433e+00   2.263586e-15   3.741871e-03   5.705750e-17   1680
  3.965505e+00   2.298719e-15   3.535373e-03   7.326216e-17   1152
  3.979380e+00   2.199591e-15   4.094086e-03   5.562784e-17   1512
  3.993967e+00   2.155425e-15   1.728507e-03   7.093610e-17   912
  4.005497e+00   2.108481e-15   4.357212e-03   5.570920e-17   1680
  4.020833e+00   2.174793e-15   3.859977e-03   6.087819e-17   1518
  4.032200e+00   2.088629e-15   3.573605e-03   6.565816e-17   1056
  4.044173e+00   2.085970e-15   3.608353e-03   5.906277e-17   1344
  4.059650e+00   2.034863e-15   3.874584e-03   5.061548e-17   1680
  4.073653e+00   1.938301e-15   3.818000e-03   5.059772e-17   1656
  4.088955e+00   2.184113e-15   3.245360e-03   6.738446e-17   1140
  4.100443e+00   1.990339e-15   3.757881e-03   5.494647e-17   1368
  4.113960e+00   2.109383e-15   4.274611e-03   4.996681e-17   1656
  4.127700e+00   2.023820e-15   4.378119e-03   5.368232e-17   1448
  4.142656e+00   1.898927e-15   4.112955e-03   4.974843e-17   1422
  4.156469e+00   1.919518e-15   4.540534e-03   5.379524e-17   1512
  4.168283e+00   1.989540e-15   3.461570e-03   5.611741e-17   1296
  4.181952e+00   1.920862e-15   3.160641e-03   4.530531e-17   1824
  4.196729e+00   1.915314e-15   4.098248e-03   4.729292e-17   1464
  4.211657e+00   1.818039e-15   3.657099e-03   4.333649e-17   1824
  4.225511e+00   1.911187e-15   2.907578e-03   5.325530e-17   1416
  4.237563e+00   1.894467e-15   4.258820e-03   5.331995e-17   1392
  4.250574e+00   1.728172e-15   3.929974e-03   4.819501e-17   1464
  4.266448e+00   1.871805e-15   3.842159e-03   5.220412e-17   1524
  4.278716e+00   1.930443e-15   3.540612e-03   4.870860e-17   1686
  4.292893e+00   1.937735e-15   4.215803e-03   4.869259e-17   1800
  4.305078e+00   1.766633e-15   3.346946e-03   5.017049e-17   1344
  4.318597e+00   1.853415e-15   3.904869e-03   4.841027e-17   1656
  4.332150e+00   1.711746e-15   3.117839e-03   4.664632e-17   1488
  4.343925e+00   1.673398e-15   3.112762e-03   4.327740e-17   1536
  4.360333e+00   1.891190e-15   3.457925e-03   4.552970e-17   1760
  4.373047e+00   1.637418e-15   3.846268e-03   4.120949e-17   1824
  4.387749e+00   1.713909e-15   3.227735e-03   4.360442e-17   1560
  4.401895e+00   1.665110e-15   3.707356e-03   4.017421e-17   1926
  4.415200e+00   1.580427e-15   2.636418e-03   4.510338e-17   1272
  4.427344e+00   1.624839e-15   4.430497e-03   4.297291e-17   1848
  4.443306e+00   1.678547e-15   3.579461e-03   3.971854e-17   1908
  4.455447e+00   1.572188e-15   3.491292e-03   4.221321e-17   1488
  4.468258e+00   1.609737e-15   3.937426e-03   4.092622e-17   1800
  4.482146e+00   1.580048e-15   3.941308e-03   3.929751e-17   1752
  4.495448e+00   1.616382e-15   4.190952e-03   4.513117e-17   1368
  4.508761e+00   1.648582e-15   3.938690e-03   4.128341e-17   2016
  4.523403e+00   1.591080e-15   4.160224e-03   3.939244e-17   1542
  4.536915e+00   1.533774e-15   4.073984e-03   3.466457e-17   2184
  4.551872e+00   1.478450e-15   3.726771e-03   3.668631e-17   1776
  4.564793e+00   1.467435e-15   4.260262e-03   3.879407e-17   1568
  4.577109e+00   1.486466e-15   3.892227e-03   3.433464e-17   2040
  4.590510e+00   1.455546e-15   4.161138e-03   3.591831e-17   1704
  4.604538e+00   1.483154e-15   4.171238e-03   4.032625e-17   1512
  4.617765e+00   1.464949e-15   3.558077e-03   3.287753e-17   2028
  4.632626e+00   1.438660e-15   4.291956e-03   3.335227e-17   1968
  4.646213e+00   1.446380e-15   4.353548e-03   3.354987e-17   1854
  4.659509e+00   1.445493e-15   4.150271e-03   3.919209e-17   1632
  4.673135e+00   1.430915e-15   4.264760e-03   3.158850e-17   2424
  4.687258e+00   1.399480e-15   4.269195e-03   3.513664e-17   1560
  4.699197e+00   1.375465e-15   4.034385e-03   3.435808e-17   1728
  4.713624e+00   1.267274e-15   4.306520e-03   2.956349e-17   2088
  4.728145e+00   1.300180e-15   4.099347e-03   3.092348e-17   1968
  4.741503e+00   1.325484e-15   4.058747e-03   2.844894e-17   2256
  4.754898e+00   1.304341e-15   3.608676e-03   3.067450e-17   1728
  4.768882e+00   1.238056e-15   3.557384e-03   3.392695e-17   1416
  4.781270e+00   1.295520e-15   3.750195e-03   2.756774e-17   2246
  4.795296e+00   1.225965e-15   4.153300e-03   2.749054e-17   2148
  4.808715e+00   1.253145e-15   3.508307e-03   3.126229e-17   1680
  4.821345e+00   1.280230e-15   4.435233e-03   2.888284e-17   2280
  4.836527e+00   1.256825e-15   4.130181e-03   2.760599e-17   2352
  4.850707e+00   1.186044e-15   3.470382e-03   2.915963e-17   1632
  4.861925e+00   1.207500e-15   3.971039e-03   2.733853e-17   1968
  4.877319e+00   1.257286e-15   4.074288e-03   2.893707e-17   2112
  4.891594e+00   1.199437e-15   3.060509e-03   2.637103e-17   2208
  4.905465e+00   1.214603e-15   3.085913e-03   2.801170e-17   1974
  4.916413e+00   1.130407e-15   3.018862e-03   2.641666e-17   1944
  4.931203e+00   1.168966e-15   3.415495e-03   2.670014e-17   2160
  4.944022e+00   1.106223e-15   3.194258e-03   2.522696e-17   2040
  4.957876e+00   1.124788e-15   4.468841e-03   2.406287e-17   2352
  4.972085e+00   1.161988e-15   3.712532e-03   2.714875e-17   1836
  4.985054e+00   1.078221e-15   3.960355e-03   2.394354e-17   2352
  4.999614e+00   1.083877e-15   4.153876e-03   2.484955e-17   2008
  5.012962e+00   1.089086e-15   4.086408e-03   2.270704e-17   2464
  5.027846e+00   1.081905e-15   3.295867e-03   2.319484e-17   2118
  5.040054e+00   1.016230e-15   3.313173e-03   2.325083e-17   1848
  5.052620e+00   1.043811e-15   4.384411e-03   2.362374e-17   2280
  5.067797e+00   1.050816e-15   4.170623e-03   2.138426e-17   2472
  5.081980e+00   1.005306e-15   2.787100e-03   2.146165e-17   2280
  5.093886e+00   9.701933e-16   3.406760e-03   2.298319e-17   1992
  5.106726e+00   1.015530e-15   3.581554e-03   2.264448e-17   2184
  5.121532e+00   1.023099e-15   4.320591e-03   2.220622e-17   2352
  5.135798e+00   9.367009e-16   4.553131e-03   1.949276e-17   2496
  5.149768e+00   9.481043e-16   4.252678e-03   2.282299e-17   1770
  5.162298e+00   9.813637e-16   3.669389e-03   2.013433e-17   2568
  5.177360e+00   9.583110e-16   4.500656e-03   1.926531e-17   2712
  5.191053e+00   9.408401e-16   3.574170e-03   1.908904e-17   2448
  5.204725e+00   9.220151e-16   3.012843e-03   2.065417e-17   2064
  5.216066e+00   8.989440e-16   3.180123e-03   2.178251e-17   1944
  5.230772e+00   8.841642e-16   3.928620e-03   2.008043e-17   2480
  5.245774e+00   9.321179e-16   4.267634e-03   1.783076e-17   2880
  5.259063e+00   9.090395e-16   4.093786e-03   1.915964e-17   2304
  5.272942e+00   8.822168e-16   3.761177e-03   2.164341e-17   1806
  5.285249e+00   8.938082e-16   3.688568e-03   1.766794e-17   2856
  5.300671e+00   8.859096e-16   3.537448e-03   1.884772e-17   2568
  5.312407e+00   9.275699e-16   3.549041e-03   2.067363e-17   2112
  5.325180e+00   8.386314e-16   3.418353e-03   1.951512e-17   2028
  5.338884e+00   8.507413e-16   4.046323e-03   1.711307e-17   2712
  5.352799e+00   8.307275e-16   4.359274e-03   1.595764e-17   2952
  5.367753e+00   8.635535e-16   3.368279e-03   2.067354e-17   2112
  5.379842e+00   8.254922e-16   3.947451e-03   1.770588e-17   2520
  5.394364e+00   8.325975e-16   3.807395e-03   1.902468e-17   2376
  5.407591e+00   8.691195e-16   3.052135e-03   1.795561e-17   2526
  5.421320e+00   7.613935e-16   3.798300e-03   1.594210e-17   2664
  5.434913e+00   7.577973e-16   4.530289e-03   1.632508e-17   2408
  5.447943e+00   8.143457e-16   3.628938e-03   1.635309e-17   2568
  5.461232e+00   7.838981e-16   3.421437e-03   1.571290e-17   2904
  5.475648e+00   7.927851e-16   3.838949e-03   1.707168e-17   2544
  5.489345e+00   7.514793e-16   2.827650e-03   1.659600e-17   2160
  5.502268e+00   7.660383e-16   4.888682e-03   1.557225e-17   2652
  5.516545e+00   7.829454e-16   3.870830e-03   1.591963e-17   2784
  5.530283e+00   7.615220e-16   3.822557e-03   1.633093e-17   2694
  5.544517e+00   7.650555e-16   3.435410e-03   1.498291e-17   2952
  5.556886e+00   7.340905e-16   3.253958e-03   1.676092e-17   2208
  5.569485e+00   6.987661e-16   3.468078e-03   1.537864e-17   2304
  5.583550e+00   7.120494e-16   4.509853e-03   1.237494e-17   3504
  5.599953e+00   6.826240e-16   3.651788e-03   1.382818e-17   2616
  5.612745e+00   6.988765e-16   3.567502e-03   1.457576e-17   2664
  5.625069e+00   6.910092e-16   3.314521e-03   1.497740e-17   2448
  5.637487e+00   6.976624e-16   4.616036e-03   1.552580e-17   2472
  5.652096e+00   6.861856e-16   3.670011e-03   1.331439e-17   3134
  5.665845e+00   6.658150e-16   4.013913e-03   1.462856e-17   2616
  5.679574e+00   6.524900e-16   3.251426e-03   1.295873e-17   2712
  5.693697e+00   6.458323e-16   3.728915e-03   1.221573e-17   3204
  5.707195e+00   6.319502e-16   4.294589e-03   1.305782e-17   2760
  5.720015e+00   6.262278e-16   3.746961e-03   1.276221e-17   2688
  5.734152e+00   6.308592e-16   3.542739e-03   1.236673e-17   2760
  5.746653e+00   6.592866e-16   2.925296e-03   1.373363e-17   2568
  5.761049e+00   6.419744e-16   4.542841e-03   1.204635e-17   3336
  5.774866e+00   5.976497e-16   3.845016e-03   1.247888e-17   2334
  5.788819e+00   5.879026e-16   4.254924e-03   1.097512e-17   3264
  5.801858e+00   5.863772e-16   3.093655e-03   1.226756e-17   2760
  5.815230e+00   5.951039e-16   3.736259e-03   1.217176e-17   3192
  5.828845e+00   5.729900e-16   3.879036e-03   1.212579e-17   2904
  5.843326e+00   5.336042e-16   3.892076e-03   1.092463e-17   2784
  5.855447e+00   5.724311e-16   3.203250e-03   1.242667e-17   2592
  5.869236e+00   5.961272e-16   4.366488e-03   1.148939e-17   3284
  5.883890e+00   5.655001e-16   4.385937e-03   1.082352e-17   3168
  5.897000e+00   5.532303e-16   3.618712e-03   1.157979e-17   2616
  5.910782e+00   5.505729e-16   3.496570e-03   1.039506e-17   3222
  5.924188e+00   5.108459e-16   3.923260e-03   9.736447e-18   3240
  5.937171e+00   5.342996e-16   3.969009e-03   1.111741e-17   2568
  5.951932e+00   5.440592e-16   3.641761e-03   1.045221e-17   3120
  5.964273e+00   5.343431e-16   4.003580e-03   1.000911e-17   3168
  5.977546e+00   5.244317e-16   3.504830e-03   9.882900e-18   3240
  5.992066e+00   5.210737e-16   3.595869e-03   1.002828e-17   3144
  6.006172e+00   5.198050e-16   3.427490e-03   1.019857e-17   2856
  6.019505e+00   4.997875e-16   3.660696e-03   9.472694e-18   3264
  6.034592e+00   4.972572e-16   4.044906e-03   9.386653e-18   3318
  6.046466e+00   4.604673e-16   2.832824e-03   1.053646e-17   2556
  6.060617e+00   4.855212e-16   4.838986e-03   8.690446e-18   4008
  6.074943e+00   4.718062e-16   3.572017e-03   9.270603e-18   2904
  6.087200e+00   4.752884e-16   3.652513e-03   9.514040e-18   3144
  6.101153e+00   4.825967e-16   3.807781e-03   8.738192e-18   3200
  6.115592e+00   4.815232e-16   3.755394e-03   8.959686e-18   3312
  6.128536e+00   4.543430e-16   3.026680e-03   9.411030e-18   2832
  6.142988e+00   4.566139e-16   4.355583e-03   7.839033e-18   3984
  6.156407e+00   4.679082e-16   3.540883e-03   1.132798e-17   2238
  6.168657e+00   4.481561e-16   4.167010e-03   8.040426e-18   3984
  6.183855e+00   4.299038e-16   3.959901e-03   8.187552e-18   3384
  6.196482e+00   4.319113e-16   3.701438e-03   8.626297e-18   3048
  6.209665e+00   4.275994e-16   3.398642e-03   8.211619e-18   3096
  6.223435e+00   4.193565e-16   3.852259e-03   7.851666e-18   3708
  6.237127e+00   4.275106e-16   3.651419e-03   9.185485e-18   2784
  6.249844e+00   4.302735e-16   3.792698e-03   7.763615e-18   3648
  6.264291e+00   4.153773e-16   3.903504e-03   6.761908e-18   3888
  6.279665e+00   4.250618e-16   4.167105e-03   8.956536e-18   2958
  6.291144e+00   3.875229e-16   3.557011e-03   7.387897e-18   3264
  6.304977e+00   3.903339e-16   3.926839e-03   7.623701e-18   3160
  6.318045e+00   3.868051e-16   3.558843e-03   6.855776e-18   3736
  6.330431e+00   3.805293e-16   3.242939e-03   7.649979e-18   3216
  6.345038e+00   4.076294e-16   3.974048e-03   7.257635e-18   4032
  6.360272e+00   3.688516e-16   3.628234e-03   6.614370e-18   3528
  6.373262e+00   4.027378e-16   3.202694e-03   7.912992e-18   3192
  6.386247e+00   3.677766e-16   3.507520e-03   6.774137e-18   3456
  6.400334e+00   3.653973e-16   3.636928e-03   7.097173e-18   3060
  6.414454e+00   3.635308e-16   4.324726e-03   6.069397e-18   4518
  6.428212e+00   3.513271e-16   3.852771e-03   6.571210e-18   3528
  6.440859e+00   3.192863e-16   3.235655e-03   6.374673e-18   3024
  6.454342e+00   3.353414e-16   4.380947e-03   5.977298e-18   3672
  6.468077e+00   3.497268e-16   3.760183e-03   6.135271e-18   3864
  6.483327e+00   3.470687e-16   3.985743e-03   6.202188e-18   3816
  6.495798e+00   3.481415e-16   3.626145e-03   6.373353e-18   3456
  6.507756e+00   3.403825e-16   3.282483e-03   7.129129e-18   2688
  6.521843e+00   3.476157e-16   3.894603e-03   5.745340e-18   4248
  6.535809e+00   3.398632e-16   3.730284e-03   6.011701e-18   3926
  6.549837e+00   3.091705e-16   3.938539e-03   5.898147e-18   3504
  6.563389e+00   3.146784e-16   3.521113e-03   5.462888e-18   3960
  6.578351e+00   3.157446e-16   3.963952e-03   5.893224e-18   3684
  6.591183e+00   3.271111e-16   3.963687e-03   5.716167e-18   4104
  6.604012e+00   3.131207e-16   3.759338e-03   5.862064e-18   3144
  6.617793e+00   3.080791e-16   4.117770e-03   5.651333e-18   4224
  6.632945e+00   3.038070e-16   3.654879e-03   5.191838e-18   4008
  6.645891e+00   2.881114e-16   4.020945e-03   5.595414e-18   3312
  6.659221e+00   3.020548e-16   3.999289e-03   5.600043e-18   3726
  6.673398e+00   3.004790e-16   4.107760e-03   5.418745e-18   3936
  6.685987e+00   2.900829e-16   4.234293e-03   5.103956e-18   3888
  6.699051e+00   2.925739e-16   4.003929e-03   5.333283e-18   3864
  6.712643e+00   2.774723e-16   4.256514e-03   5.206982e-18   3888
  6.726643e+00   2.853001e-16   4.014548e-03   4.813797e-18   4080
  6.740465e+00   2.849302e-16   4.260657e-03   5.338234e-18   3400
  6.754567e+00   2.809037e-16   3.907452e-03   4.672502e-18   4588
  6.768825e+00   2.788539e-16   3.867571e-03   4.977452e-18   3816
  6.781286e+00   2.877879e-16   3.664848e-03   5.353258e-18   3534
  6.794478e+00   2.676892e-16   3.619891e-03   4.673621e-18   4080
  6.808278e+00   2.514293e-16   3.783811e-03   4.456512e-18   4248
  6.822137e+00   2.596989e-16   3.812932e-03   4.977701e-18   3528
  6.834925e+00   2.562253e-16   3.898202e-03   4.285730e-18   4248
  6.847851e+00   2.509657e-16   3.812833e-03   4.484256e-18   3696
  6.862246e+00   2.529279e-16   3.956350e-03   4.464710e-18   4560
  6.875897e+00   2.452204e-16   3.705786e-03   4.464253e-18   3864
  6.889918e+00   2.449006e-16   4.035033e-03   3.970599e-18   4440
  6.903205e+00   2.482979e-16   3.764781e-03   4.698907e-18   3432
  6.917168e+00   2.288770e-16   3.691446e-03   3.792523e-18   4470
  6.930903e+00   2.279367e-16   3.280469e-03   4.175604e-18   4188
  6.944404e+00   2.311889e-16   4.202742e-03   3.804649e-18   4392
  6.957812e+00   2.358939e-16   3.251220e-03   4.067640e-18   3960
  6.971756e+00   2.219187e-16   3.672933e-03   3.851135e-18   4328
  6.985263e+00   2.244346e-16   3.822434e-03   3.895196e-18   4320
  6.998915e+00   2.317819e-16   3.997076e-03   4.026122e-18   4152
  7.011574e+00   2.172198e-16   3.343614e-03   4.291159e-18   3528
  7.025890e+00   2.255961e-16   3.618951e-03   3.710692e-18   4512
  7.039283e+00   2.252422e-16   3.699459e-03   4.055207e-18   4134
  7.052888e+00   2.080599e-16   3.941164e-03   3.278362e-18   5208
  7.065972e+00   1.986394e-16   3.433716e-03   3.823177e-18   3240
  7.079508e+00   2.149189e-16   3.787232e-03   3.734990e-18   4680
  7.093285e+00   1.956931e-16   3.749666e-03   3.317311e-18   4440
  7.107078e+00   1.935031e-16   4.248981e-03   3.344840e-18   4260
  7.120308e+00   1.936160e-16   3.468882e-03   3.322956e-18   4056
  7.133932e+00   2.046068e-16   3.845862e-03   3.325479e-18   4704
  7.148231e+00   1.947279e-16   4.475317e-03   3.157467e-18   4800
  7.163348e+00   1.912276e-16   3.877518e-03   3.039099e-18   4806
  7.176410e+00   1.803161e-16   3.865268e-03   3.575878e-18   3552
  7.188851e+00   1.960027e-16   3.875633e-03   3.391335e-18   4304
  7.202898e+00   1.855808e-16   3.758487e-03   2.968673e-18   5280
  7.216787e+00   1.836520e-16   3.605632e-03   3.119634e-18   4320
  7.229935e+00   1.877744e-16   4.071704e-03   3.299768e-18   4296
  7.243800e+00   1.860430e-16   4.526721e-03   3.098420e-18   4608
  7.257822e+00   1.813145e-16   4.336841e-03   2.996979e-18   4824
  7.271703e+00   1.825552e-16   4.094286e-03   3.049808e-18   4488
  7.286600e+00   1.768459e-16   3.822456e-03   2.975033e-18   4530
  7.298900e+00   1.636509e-16   3.732313e-03   2.768623e-18   4464
  7.311208e+00   1.664162e-16   3.517428e-03   3.099609e-18   4104
  7.325339e+00   1.621741e-16   3.792522e-03   2.616012e-18   5424
  7.339239e+00   1.675360e-16   4.082418e-03   2.906081e-18   4392
  7.353384e+00   1.658638e-16   3.996852e-03   2.753130e-18   4896
  7.366230e+00   1.671033e-16   3.917732e-03   3.117416e-18   4104
  7.379634e+00   1.659837e-16   3.532761e-03   2.779817e-18   4824
  7.393776e+00   1.530206e-16   3.376492e-03   2.519412e-18   4680
  7.406096e+00   1.616534e-16   3.453413e-03   2.941399e-18   4328
  7.420397e+00   1.550652e-16   3.980891e-03   2.551472e-18   5118
  7.434767e+00   1.510356e-16   4.612116e-03   2.352478e-18   5304
  7.447735e+00   1.454651e-16   3.631827e-03   2.516884e-18   4392
  7.461864e+00   1.516301e-16   3.645220e-03   2.621612e-18   4476
  7.474220e+00   1.442103e-16   3.620136e-03   2.315456e-18   4704
  7.487968e+00   1.468625e-16   4.381742e-03   2.302863e-18   5208
  7.502418e+00   1.405098e-16   3.694542e-03   2.102949e-18   5304
  7.515732e+00   1.461113e-16   3.957369e-03   2.430925e-18   4296
  7.529385e+00   1.415562e-16   3.752608e-03   2.373011e-18   4752
  7.543730e+00   1.370068e-16   3.767007e-03   2.244171e-18   4950
  7.556622e+00   1.398104e-16   3.937534e-03   2.385712e-18   5064
  7.569518e+00   1.350112e-16   3.299143e-03   2.272283e-18   4872
  7.582558e+00   1.324867e-16   3.473093e-03   2.413269e-18   4224
  7.596482e+00   1.242281e-16   3.836467e-03   1.869642e-18   6120
  7.611299e+00   1.285722e-16   4.220602e-03   1.980064e-18   4968
  7.624740e+00   1.272263e-16   3.734866e-03   2.239645e-18   4424
  7.638645e+00   1.299970e-16   4.770498e-03   2.059688e-18   5436
  7.652381e+00   1.209326e-16   4.067269e-03   2.031040e-18   4896
  7.665661e+00   1.248212e-16   3.893965e-03   1.987663e-18   5214
  7.678461e+00   1.177599e-16   3.310074e-03   1.928001e-18   4656
  7.692685e+00   1.158428e-16   4.208491e-03   1.818975e-18   5448
  7.706276e+00   1.218312e-16   3.554381e-03   1.909909e-18   4992
  7.719584e+00   1.204860e-16   3.933714e-03   1.974676e-18   5400
  7.734212e+00   1.169985e-16   4.359773e-03   1.860627e-18   5328
  7.747690e+00   1.158241e-16   3.898436e-03   2.012447e-18   4776
  7.760371e+00   1.130559e-16   3.663227e-03   1.834120e-18   4800
  7.774459e+00   1.150293e-16   4.710721e-03   1.602717e-18   6552
  7.789199e+00   1.080721e-16   3.558885e-03   1.967296e-18   3942
  7.801972e+00   1.077737e-16   4.485571e-03   1.579997e-18   6072
  7.816115e+00   1.025371e-16   3.483659e-03   1.792251e-18   4692
  7.827973e+00   1.033085e-16   3.636885e-03   1.682394e-18   4944
  7.841863e+00   1.028956e-16   3.903498e-03   1.515267e-18   5840
  7.856124e+00   1.066876e-16   4.178533e-03   1.674047e-18   5712
  7.870165e+00   1.013675e-16   3.501880e-03   1.733468e-18   4800
  7.882974e+00   1.024652e-16   4.637724e-03   1.543936e-18   5688
  7.897004e+00   9.886249e-17   3.659067e-03   1.576189e-18   4848
  7.910908e+00   9.935598e-17   4.072759e-03   1.541191e-18   5406
  7.924104e+00   8.820449e-17   3.676325e-03   1.339244e-18   5568
  7.937355e+00   9.259548e-17   3.304770e-03   1.434001e-18   5736
  7.951674e+00   8.720013e-17   4.104312e-03   1.472019e-18   5280
  7.964668e+00   8.914314e-17   3.794736e-03   1.352499e-18   5592
  7.978044e+00   8.456162e-17   4.343968e-03   1.354419e-18   4968
  7.992185e+00   8.425615e-17   3.894947e-03   1.250126e-18   5964
  8.005981e+00   8.954047e-17   3.913047e-03   1.435882e-18   5376
  8.018517e+00   8.778037e-17   3.778288e-03   1.359961e-18   5472
  8.033050e+00   7.938857e-17   3.588288e-03   1.202884e-18   5472
  8.046339e+00   8.267215e-17   4.079766e-03   1.344362e-18   5415
  8.059218e+00   8.561281e-17   3.588648e-03   1.443164e-18   5096
  8.073151e+00   8.311266e-17   4.614911e-03   1.205571e-18   6372
  8.087246e+00   7.888316e-17   3.746176e-03   1.336923e-18   4656
  8.099878e+00   7.644759e-17   4.089625e-03   1.107047e-18   5844
  8.113469e+00   7.463628e-17   3.595730e-03   1.118733e-18   5508
  8.127874e+00   7.648781e-17   4.079049e-03   1.076387e-18   6324
  8.142009e+00   8.238096e-17   3.503908e-03   1.379448e-18   4752
  8.154927e+00   7.302400e-17   3.922916e-03   1.133172e-18   5676
  8.168912e+00   7.750180e-17   3.588715e-03   1.200918e-18   5472
  8.182185e+00   7.613525e-17   4.047970e-03   1.156806e-18   5556
  8.196444e+00   7.066225e-17   3.944669e-03   1.069093e-18   5436
  8.210207e+00   7.268176e-17   4.037644e-03   1.064730e-18   5916
  8.224340e+00   6.835168e-17   4.200926e-03   9.909314e-19   5520
  8.237065e+00   7.015499e-17   3.820545e-03   1.047009e-18   5280
  8.250104e+00   6.716675e-17   3.754028e-03   1.144493e-18   4416
  8.264815e+00   6.732187e-17   3.659260e-03   9.554450e-19   6260
  8.278635e+00   7.050594e-17   4.351307e-03   1.094581e-18   5940
  8.291152e+00   6.864352e-17   3.407784e-03   1.205923e-18   4188
  8.304933e+00   6.537068e-17   4.357141e-03   9.252192e-19   6360
  8.319422e+00   6.453818e-17   3.886387e-03   9.624842e-19   5256
  8.332880e+00   6.451938e-17   3.673916e-03   9.823838e-19   4848
  8.344411e+00   6.367668e-17   3.330596e-03   1.035390e-18   4704
  8.358606e+00   6.424082e-17   4.085775e-03   9.185771e-19   5784
  8.373047e+00   6.044804e-17   4.323222e-03   8.819274e-19   5820
  8.386987e+00   5.984604e-17   3.872681e-03   8.650411e-19   5700
  8.401010e+00   5.951601e-17   3.591376e-03   8.898065e-19   5232
  8.415051e+00   6.255130e-17   3.984940e-03   9.485502e-19   4932
  8.427489e+00   6.095965e-17   3.429992e-03   9.645989e-19   4716
  8.440557e+00   5.995547e-17   4.369071e-03   8.743558e-19   5616
  8.454004e+00   5.629400e-17   3.858530e-03   8.620223e-19   5184
  8.467873e+00   5.913753e-17   3.892310e-03   8.886301e-19   5064
  8.480954e+00   5.953640e-17   3.985538e-03   9.057144e-19   5544
  8.495461e+00   5.820536e-17   4.000807e-03   9.079417e-19   5192
  8.508660e+00   5.811657e-17   3.595349e-03   8.766777e-19   5244
  8.522539e+00   5.913875e-17   3.890208e-03   8.850159e-19   5112
  8.536336e+00   5.600061e-17   3.570029e-03   9.057909e-19   5040
  8.548997e+00   5.416261e-17   3.753229e-03   8.242043e-19   5124
  8.563784e+00   5.333553e-17   4.213504e-03   7.658973e-19   5952
  8.577433e+00   5.457002e-17   3.691886e-03   8.958528e-19   4824
  8.589806e+00   5.285042e-17   3.726497e-03   8.562306e-19   4536
  8.604129e+00   5.245735e-17   3.960926e-03   7.816605e-19   5712
  8.618841e+00   5.136573e-17   4.334333e-03   7.701700e-19   5352
  8.632715e+00   5.211225e-17   3.775364e-03   8.110014e-19   5004
  8.645110e+00   5.398906e-17   3.776392e-03   8.856241e-19   4800
  8.658430e+00   5.106460e-17   4.058247e-03   7.790216e-19   5148
  8.673187e+00   4.917160e-17   4.215016e-03   6.869408e-19   5664
  8.686522e+00   5.203318e-17   3.785694e-03   8.299401e-19   4692
  8.698842e+00   4.938565e-17   3.516957e-03   8.622470e-19   4008
  8.713211e+00   4.771719e-17   4.031193e-03   6.837553e-19   5852
  8.727819e+00   4.886804e-17   3.817164e-03   6.890088e-19   5784
  8.740793e+00   4.685662e-17   3.518761e-03   7.857388e-19   4392
  8.754148e+00   4.520291e-17   3.451568e-03   6.833592e-19   4944
  8.768168e+00   4.674043e-17   4.069341e-03   7.331559e-19   4776
  8.781390e+00   4.545852e-17   3.914928e-03   6.774607e-19   5244
  8.795740e+00   4.617914e-17   3.908022e-03   7.111248e-19   4884
  8.807779e+00   4.477102e-17   3.314306e-03   7.194547e-19   4488
  8.821780e+00   4.508194e-17   3.938271e-03   6.960648e-19   5160
  8.835879e+00   4.278182e-17   4.009709e-03   6.472445e-19   5316
  8.849460e+00   4.630456e-17   4.054096e-03   7.311535e-19   4896
  8.862698e+00   4.128157e-17   3.766964e-03   7.046767e-19   4188
  8.876040e+00   4.561781e-17   4.108738e-03   7.050388e-19   4836
  8.889663e+00   4.201767e-17   4.075904e-03   6.422838e-19   5316
  8.903463e+00   4.042652e-17   3.772744e-03   6.348606e-19   4920
  8.916368e+00   4.010990e-17   3.800756e-03   6.641614e-19   4128
  8.930215e+00   4.137982e-17   4.088729e-03   6.515907e-19   5348
  8.943842e+00   4.187295e-17   3.547787e-03   6.764448e-19   4836
  8.956853e+00   4.058899e-17   3.822856e-03   6.763246e-19   4392
  8.970868e+00   3.997716e-17   3.358691e-03   6.399606e-19   4632
  8.983486e+00   4.015781e-17   3.752803e-03   6.443196e-19   4596
  8.997977e+00   3.938562e-17   3.773963e-03   5.821894e-19   5424
  9.012312e+00   3.997769e-17   3.884614e-03   5.957497e-19   5256
  9.027082e+00   3.962782e-17   3.945289e-03   6.518044e-19   4524
  9.039381e+00   3.944266e-17   3.752749e-03   6.393887e-19   4440
  9.053157e+00   3.713592e-17   3.209082e-03   6.092686e-19   4380
  9.066638e+00   3.786070e-17   4.199636e-03   5.705340e-19   4812
  9.080988e+00   3.665648e-17   4.171231e-03   5.288374e-19   5376
  9.094107e+00   3.817114e-17   3.331699e-03   6.713585e-19   3888
  9.106679e+00   3.540003e-17   3.815180e-03   5.348592e-19   4896
  9.120705e+00   3.648127e-17   4.025639e-03   5.962557e-19   4608
  9.135432e+00   3.462520e-17   3.799955e-03   5.572071e-19   4448
  9.148250e+00   3.638526e-17   3.922592e-03   5.666413e-19   4752
  9.161757e+00   3.479267e-17   4.108670e-03   5.839142e-19   4356
  9.175960e+00   3.374859e-17   3.953830e-03   5.341806e-19   5232
  9.190083e+00   3.358684e-17   3.984470e-03   5.573538e-19   4548
  9.203776e+00   3.442535e-17   3.873408e-03   5.454349e-19   4608
  9.217142e+00   3.398983e-17   3.518679e-03   5.919281e-19   3936
  9.229761e+00   3.242197e-17   4.205845e-03   5.256105e-19   4260
  9.243941e+00   3.298217e-17   3.770601e-03   5.094264e-19   5004
  9.256906e+00   3.123375e-17   3.725991e-03   5.304872e-19   4224
  9.271122e+00   3.188877e-17   4.025551e-03   5.011269e-19   4788
  9.284930e+00   3.082921e-17   4.233557e-03   5.189892e-19   4428
  9.298384e+00   3.369778e-17   3.537707e-03   5.660499e-19   4080
  9.311336e+00   3.100050e-17   3.868160e-03   4.821151e-19   4632
  9.324972e+00   3.030043e-17   4.022591e-03   5.303872e-19   4056
  9.339306e+00   3.054016e-17   3.787339e-03   4.900929e-19   4536
  9.352403e+00   3.001604e-17   3.862837e-03   4.777546e-19   4668
  9.366745e+00   2.987454e-17   4.140272e-03   4.851070e-19   4604
  9.380714e+00   3.003177e-17   3.720074e-03   4.908378e-19   4152
  9.393605e+00   3.030212e-17   3.605343e-03   5.098713e-19   4224
  9.407270e+00   2.964176e-17   3.466268e-03   5.076152e-19   4152
  9.420923e+00   2.897171e-17   3.931888e-03   4.709566e-19   4224
  9.434196e+00   2.764622e-17   3.636203e-03   4.749180e-19   3960
  9.446982e+00   2.835386e-17   3.752332e-03   4.605982e-19   4656
  9.460948e+00   2.804122e-17   4.048690e-03   4.698643e-19   4452
  9.475269e+00   2.847907e-17   4.116161e-03   4.880289e-19   4056
  9.488596e+00   2.775004e-17   4.078615e-03   4.546612e-19   4212
  9.502096e+00   2.797397e-17   3.389500e-03   5.064791e-19   3432
  9.515777e+00   2.673672e-17   4.336159e-03   3.903935e-19   5352
  9.529148e+00   2.629783e-17   3.175719e-03   4.716428e-19   3600
  9.543704e+00   2.655132e-17   3.502875e-03   4.351549e-19   4584
  9.556413e+00   2.659137e-17   3.492560e-03   4.586726e-19   3768
  9.569504e+00   2.653083e-17   3.728359e-03   4.704189e-19   3848
  9.582571e+00   2.521197e-17   3.418481e-03   4.504939e-19   3720
  9.597389e+00   2.668626e-17   4.290699e-03   4.299901e-19   4764
  9.610471e+00   2.526210e-17   3.455204e-03   4.539454e-19   3864
  9.623905e+00   2.490739e-17   4.279686e-03   4.115694e-19   4332
  9.638558e+00   2.318969e-17   3.653823e-03   4.165488e-19   3792
  9.651651e+00   2.525753e-17   4.144519e-03   4.287524e-19   4284
  9.665527e+00   2.471488e-17   3.924401e-03   4.345325e-19   3840
  9.678659e+00   2.434537e-17   3.735517e-03   4.622941e-19   3480
  9.691996e+00   2.285552e-17   4.168119e-03   3.738689e-19   4380
  9.706412e+00   2.354391e-17   3.915217e-03   3.945289e-19   4200
  9.720578e+00   2.338282e-17   3.763239e-03   3.884488e-19   4056
  9.733733e+00   2.152680e-17   3.782207e-03   3.941362e-19   3600
  9.746058e+00   2.394612e-17   3.768375e-03   4.330061e-19   3492
  9.760459e+00   2.314311e-17   4.400611e-03   3.824570e-19   4500
  9.775152e+00   2.267329e-17   3.855530e-03   4.021788e-19   3516
  9.787780e+00   2.082972e-17   4.030599e-03   3.599829e-19   3968
  9.801933e+00   2.204253e-17   3.873755e-03   3.890033e-19   3648
  9.814461e+00   2.179270e-17   3.704379e-03   3.624589e-19   4224
  9.828664e+00   2.139914e-17   4.157831e-03   3.770792e-19   3588
  9.841991e+00   2.109749e-17   3.835114e-03   3.970036e-19   3456
  9.855400e+00   2.166276e-17   3.406055e-03   3.898661e-19   3660
  9.869258e+00   1.999850e-17   3.738544e-03   3.551025e-19   3768
  9.882173e+00   2.011135e-17   3.780772e-03   3.719249e-19   3744
  9.896044e+00   1.991393e-17   4.150018e-03   3.358778e-19   4176
  9.910801e+00   2.092065e-17   3.827936e-03   3.678379e-19   3612
  9.922997e+00   2.049157e-17   4.159911e-03   4.010229e-19   3216
  9.936956e+00   2.034646e-17   4.021925e-03   3.736633e-19   3624
  9.950989e+00   1.983546e-17   3.781932e-03   3.625527e-19   3744
  9.964551e+00   1.847645e-17   4.035291e-03   3.613516e-19   3672
  9.977933e+00   1.981709e-17   3.659310e-03   3.644016e-19   3852
  9.991750e+00   1.840934e-17   3.766272e-03   3.306914e-19   3672
  1.000645e+01   1.878112e-17   3.669608e-03   3.459162e-19   3248
  1.001872e+01   1.955913e-17   3.756103e-03   3.750320e-19   3336
  1.003212e+01   1.915059e-17   3.823377e-03   3.407747e-19   3576
  1.004582e+01   1.837656e-17   3.245703e-03   3.402784e-19   3336
  1.005978e+01   1.855092e-17   3.855326e-03   3.373161e-19   3936
  1.007355e+01   1.777681e-17   4.106031e-03   3.176389e-19   3408
  1.008721e+01   1.813806e-17   3.617479e-03   3.341146e-19   3336
  1.010048e+01   1.911883e-17   4.063257e-03   3.454432e-19   3312
  1.011375e+01   1.803999e-17   4.114093e-03   3.468748e-19   3432
  1.012788e+01   1.783144e-17   3.566754e-03   3.510411e-19   3144
  1.014078e+01   1.755335e-17   3.872067e-03   3.294613e-19   3456
  1.015528e+01   1.684596e-17   3.721500e-03   3.099528e-19   3792
  1.016839e+01   1.684057e-17   3.655557e-03   3.255034e-19   2868
  1.018255e+01   1.750877e-17   3.787143e-03   3.029222e-19   3888
  1.019578e+01   1.642212e-17   3.288419e-03   3.185938e-19   2784
  1.020881e+01   1.669714e-17   3.755468e-03   3.236744e-19   2964
  1.022304e+01   1.688793e-17   3.867395e-03   3.193212e-19   3432
  1.023659e+01   1.588037e-17   4.003143e-03   2.934145e-19   3416
  1.025029e+01   1.672438e-17   4.279009e-03   3.000538e-19   3528
  1.026432e+01   1.542818e-17   3.434210e-03   3.153545e-19   2904
  1.027673e+01   1.610611e-17   3.850756e-03   3.203833e-19   3072
  1.029117e+01   1.636181e-17   4.324841e-03   3.250465e-19   3216
  1.030559e+01   1.526664e-17   3.502662e-03   3.089485e-19   2844
  1.031826e+01   1.517393e-17   4.008153e-03   2.754751e-19   3432
  1.033126e+01   1.543209e-17   3.221608e-03   3.078258e-19   2880
  1.034579e+01   1.539004e-17   4.267481e-03   2.751980e-19   3576
  1.035947e+01   1.458226e-17   3.814530e-03   3.125499e-19   2700
  1.037258e+01   1.613877e-17   4.284663e-03   3.185983e-19   3000
  1.038630e+01   1.548364e-17   3.557547e-03   3.215031e-19   2556
  1.039962e+01   1.496209e-17   3.812983e-03   2.699902e-19   3360
  1.041340e+01   1.496574e-17   3.704919e-03   3.069774e-19   3120
  1.042824e+01   1.510023e-17   4.361864e-03   3.131249e-19   3216
  1.044102e+01   1.370413e-17   3.076304e-03   2.983863e-19   2628
  1.045538e+01   1.427059e-17   4.066431e-03   2.740194e-19   3200
  1.046849e+01   1.497808e-17   3.836286e-03   3.455326e-19   2232
  1.048172e+01   1.439382e-17   4.379000e-03   2.767485e-19   3108
  1.049489e+01   1.329785e-17   3.846700e-03   2.829640e-19   2604
  1.050838e+01   1.348935e-17   4.143983e-03   2.687977e-19   3096
  1.052321e+01   1.369221e-17   3.775712e-03   2.754011e-19   3084
  1.053608e+01   1.322450e-17   3.853056e-03   2.938804e-19   2664
  1.054934e+01   1.393536e-17   3.397791e-03   3.180580e-19   2232
  1.056233e+01   1.425883e-17   4.185566e-03   2.926302e-19   2808
  1.057656e+01   1.395146e-17   3.953914e-03   2.909535e-19   2592
  1.058985e+01   1.279482e-17   4.059168e-03   2.585574e-19   2952
  1.060381e+01   1.271353e-17   3.832353e-03   2.596511e-19   2772
  1.061738e+01   1.249666e-17   4.121455e-03   2.446544e-19   3036
  1.063158e+01   1.342232e-17   3.997831e-03   2.976477e-19   2136
  1.064453e+01   1.326062e-17   3.188280e-03   2.890729e-19   2496
  1.065782e+01   1.359908e-17   4.246551e-03   3.206617e-19   2228
  1.067168e+01   1.223841e-17   3.959147e-03   2.460775e-19   3048
  1.068548e+01   1.280179e-17   3.781893e-03   2.594027e-19   2676
  1.069919e+01   1.277001e-17   3.767600e-03   2.764356e-19   2784
  1.071230e+01   1.282028e-17   3.660231e-03   3.230226e-19   1920
  1.072544e+01   1.202543e-17   3.906352e-03   2.745541e-19   2400
  1.073968e+01   1.271983e-17   3.582931e-03   2.609353e-19   2532
  1.075441e+01   1.187217e-17   3.979779e-03   2.590002e-19   2544
  1.076766e+01   1.134085e-17   4.163389e-03   2.491150e-19   2772
  1.078071e+01   1.116926e-17   3.899689e-03   2.613842e-19   2160
  1.079368e+01   1.179027e-17   4.200336e-03   2.705983e-19   2304
  1.080867e+01   1.260703e-17   4.110246e-03   2.792031e-19   2328
  1.082212e+01   1.208181e-17   3.940858e-03   2.774859e-19   2304
  1.083458e+01   1.211612e-17   3.726627e-03   2.871582e-19   1908
  1.084874e+01   1.135867e-17   4.167993e-03   2.471751e-19   2736
  1.086239e+01   1.207965e-17   3.949170e-03   2.633630e-19   2448
  1.087690e+01   1.110920e-17   3.692261e-03   2.492935e-19   2040
  1.089004e+01   1.160209e-17   3.844396e-03   2.813713e-19   2120
  1.090267e+01   1.137306e-17   3.187394e-03   2.625803e-19   2040
  1.091626e+01   1.157521e-17   3.954536e-03   2.638936e-19   2208
  1.093164e+01   1.088189e-17   3.550574e-03   2.443916e-19   2208
  1.094410e+01   1.050832e-17   3.934714e-03   2.439653e-19   2196
  1.095698e+01   1.141134e-17   3.461225e-03   2.715047e-19   1848
  1.097008e+01   1.063580e-17   3.925487e-03   2.427013e-19   2124
  1.098474e+01   1.028793e-17   4.117751e-03   2.389545e-19   2328
  1.099905e+01   1.072635e-17   4.192229e-03   2.628621e-19   1920
  1.101296e+01   1.073318e-17   3.848418e-03   2.781373e-19   1548
  1.102533e+01   9.967546e-18   4.221595e-03   2.169487e-19   2388
  1.103993e+01   1.070295e-17   3.906588e-03   2.480299e-19   2160
  1.105330e+01   9.742937e-18   3.555737e-03   2.411117e-19   1704
  1.106610e+01   1.070208e-17   4.005852e-03   2.583643e-19   1776
  1.107822e+01   1.074771e-17   3.746969e-03   2.704328e-19   1800
  1.109354e+01   1.083529e-17   4.325530e-03   2.679994e-19   1700
  1.110784e+01   9.471635e-18   3.894621e-03   2.143724e-19   2292
  1.112117e+01   9.889467e-18   3.615364e-03   2.632950e-19   1704
  1.113374e+01   1.046569e-17   4.042583e-03   2.622482e-19   1728
  1.114751e+01   1.012078e-17   3.741502e-03   2.498118e-19   1728
  1.116101e+01   1.016665e-17   3.737983e-03   2.641093e-19   1680
  1.117537e+01   1.010570e-17   4.306268e-03   2.535172e-19   1704
  1.118967e+01   9.958213e-18   3.381709e-03   2.488706e-19   1752
  1.120245e+01   9.317358e-18   4.020210e-03   2.375475e-19   1872
  1.121629e+01   9.976165e-18   3.940248e-03   2.792956e-19   1500
  1.123032e+01   9.302053e-18   3.450264e-03   2.405230e-19   1656
  1.124395e+01   9.567196e-18   3.699339e-03   2.562217e-19   1464
  1.125606e+01   8.717576e-18   3.240250e-03   2.306885e-19   1488
  1.127092e+01   9.787959e-18   3.910741e-03   2.453260e-19   1680
  1.128450e+01   9.398978e-18   4.085744e-03   2.324582e-19   1692
  1.129720e+01   9.866247e-18   3.912307e-03   2.820605e-19   1128
  1.131130e+01   8.849213e-18   3.767213e-03   2.320113e-19   1536
  1.132506e+01   9.647801e-18   3.926941e-03   2.423522e-19   1616
  1.133898e+01   9.802662e-18   3.786801e-03   2.659711e-19   1476
  1.135302e+01   9.223125e-18   4.167468e-03   2.743240e-19   1176
  1.136555e+01   9.251340e-18   4.477500e-03   2.226149e-19   1656
  1.137919e+01   9.360426e-18   3.933069e-03   3.276902e-19   891
  1.139326e+01   9.296650e-18   4.192686e-03   2.561385e-19   1596
  1.140696e+01   9.751119e-18   3.656134e-03   2.734258e-19   1422
  1.142048e+01   8.480557e-18   3.505987e-03   2.392776e-19   1254
  1.143319e+01   9.479007e-18   3.581765e-03   3.216661e-19   918
  1.144682e+01   9.527747e-18   3.920026e-03   2.308586e-19   1614
  1.146054e+01   9.283136e-18   3.386171e-03   3.146651e-19   798
  1.147418e+01   9.037394e-18   4.340669e-03   2.250577e-19   1458
  1.148802e+01   9.010218e-18   3.974605e-03   2.452816e-19   1374
  1.150169e+01   8.499088e-18   3.394577e-03   2.556781e-19   984
  1.151525e+01   9.085197e-18   4.670468e-03   2.906126e-19   1062
  1.152907e+01   8.333348e-18   3.959103e-03   2.150715e-19   1246
  1.154249e+01   9.266893e-18   3.671067e-03   3.013291e-19   1072
  1.155682e+01   8.459333e-18   3.975530e-03   2.646220e-19   1110
  1.157007e+01   7.935435e-18   4.306909e-03   2.359261e-19   1254
  1.158399e+01   8.743665e-18   4.087484e-03   2.651615e-19   1032
  1.159916e+01   9.386540e-18   3.787024e-03   3.292880e-19   786
  1.161070e+01   8.921144e-18   3.882517e-03   3.039418e-19   1152
  1.162421e+01   7.772655e-18   4.231557e-03   2.418989e-19   1086
  1.163828e+01   8.050895e-18   3.817809e-03   2.676720e-19   912
  1.165129e+01   8.075742e-18   3.826999e-03   2.550505e-19   1062
  1.166457e+01   8.040293e-18   3.814594e-03   2.701540e-19   912
  1.167991e+01   7.302112e-18   4.258338e-03   2.620889e-19   750
  1.169187e+01   7.537875e-18   4.102940e-03   2.115751e-19   1200
  1.170571e+01   8.780580e-18   3.715535e-03   2.802522e-19   918
  1.171947e+01   7.574801e-18   3.856601e-03   2.533101e-19   876
  1.173345e+01   8.295346e-18   3.369895e-03   2.931865e-19   870
  1.174569e+01   7.399142e-18   3.930446e-03   2.506260e-19   768
  1.176004e+01   8.140166e-18   3.602462e-03   2.958040e-19   830
  1.177333e+01   7.059405e-18   3.729870e-03   2.239851e-19   1080
  1.178709e+01   7.840091e-18   4.196592e-03   2.548373e-19   840
  1.180097e+01   7.042615e-18   4.040856e-03   2.427154e-19   798
  1.181670e+01   7.400334e-18   3.207290e-03   2.533433e-19   792
  1.182890e+01   8.124149e-18   3.740740e-03   3.121088e-19   726
  1.184171e+01   6.840770e-18   4.191707e-03   2.304453e-19   864
  1.185573e+01   7.443609e-18   3.588004e-03   2.485825e-19   900
  1.186995e+01   6.954002e-18   3.987579e-03   2.407821e-19   726
  1.188214e+01   8.467725e-18   3.451076e-03   3.513593e-19   576
  1.189842e+01   7.233466e-18   3.591459e-03   2.535402e-19   840
  1.190986e+01   7.008143e-18   3.728159e-03   2.557935e-19   750
  1.192343e+01   6.464819e-18   3.739480e-03   2.449206e-19   720
  1.193622e+01   6.798330e-18   3.783051e-03   2.858474e-19   702
  1.195116e+01   7.016420e-18   4.131600e-03   2.607515e-19   696
  1.196345e+01   6.791281e-18   3.694940e-03   3.496987e-19   480
  1.197794e+01   6.943447e-18   3.501108e-03   2.375921e-19   830
  1.199077e+01   6.956825e-18   4.072924e-03   2.621874e-19   756
  1.200515e+01   6.532732e-18   3.910723e-03   2.644773e-19   624
  1.201783e+01   6.456572e-18   4.132228e-03   2.699535e-19   582
  1.203283e+01   6.845179e-18   3.171578e-03   3.110096e-19   576
  1.204580e+01   6.830268e-18   4.247779e-03   2.963246e-19   624
  1.205910e+01   6.192959e-18   3.469160e-03   2.365175e-19   702
  1.207227e+01   5.898607e-18   3.990462e-03   2.246548e-19   624
  1.208791e+01   6.555707e-18   3.860504e-03   2.495140e-19   672
  1.210064e+01   6.923120e-18   2.889949e-03   3.518693e-19   342
  1.211463e+01   6.391176e-18   3.612817e-03   2.701701e-19   660
  1.212750e+01   6.131991e-18   3.713819e-03   2.643415e-19   576
  1.214078e+01   5.955924e-18   3.610581e-03   2.421163e-19   600
  1.215420e+01   5.466919e-18   4.176133e-03   2.497658e-19   510
  1.216931e+01   6.192677e-18   3.912411e-03   2.518484e-19   600
  1.218096e+01   7.528785e-18   3.116086e-03   5.154181e-19   216
  1.219452e+01   6.147711e-18   3.792817e-03   2.273196e-19   758
  1.221033e+01   5.711830e-18   4.152329e-03   2.346147e-19   576
  1.222419e+01   6.281162e-18   3.525214e-03   2.495148e-19   528
  1.223670e+01   6.189052e-18   2.427615e-03   3.080859e-19   318
  1.225013e+01   6.391152e-18   4.193726e-03   2.575187e-19   540
  1.226602e+01   5.726211e-18   2.964901e-03   3.089647e-19   384
  1.227678e+01   5.437366e-18   4.096461e-03   2.255060e-19   576
  1.229079e+01   6.100818e-18   3.347568e-03   3.141234e-19   414
  1.230405e+01   5.704305e-18   3.738140e-03   2.657131e-19   504
  1.231820e+01   5.476041e-18   4.103605e-03   2.993341e-19   312
  1.233179e+01   5.664841e-18   3.717916e-03   2.517218e-19   414
  1.234528e+01   5.210291e-18   3.434758e-03   2.588356e-19   432
  1.235783e+01   5.507558e-18   4.548844e-03   2.424598e-19   504
  1.237236e+01   5.373352e-18   4.381048e-03   2.620440e-19   432
  1.238596e+01   5.026001e-18   3.588736e-03   2.316224e-19   354
  1.239982e+01   6.248478e-18   5.222048e-03   4.222422e-19   200
  1.241170e+01   4.611482e-18   3.705212e-03   2.186393e-19   480
  1.242776e+01   4.970477e-18   4.234016e-03   2.036327e-19   552
  1.244249e+01   5.360855e-18   2.637454e-03   2.682509e-19   366
  1.245384e+01   5.818391e-18   2.807703e-03   3.884928e-19   240
  1.246633e+01   5.787798e-18   3.925282e-03   3.712024e-19   288
  1.248391e+01   4.858975e-18   2.697682e-03   2.713758e-19   366
  1.249528e+01   4.427560e-18   4.373795e-03   2.175433e-19   408
  1.250797e+01   5.561395e-18   3.287965e-03   3.144700e-19   360
  1.252110e+01   5.561206e-18   3.064933e-03   2.849103e-19   324
  1.253383e+01   6.198742e-18   3.619784e-03   5.239170e-19   174
  1.254899e+01   4.819959e-18   4.158623e-03   3.406137e-19   264
  1.256323e+01   4.944884e-18   3.792868e-03   2.325237e-19   456
  1.257742e+01   4.415409e-18   3.813877e-03   2.424195e-19   360
  1.258909e+01   5.248847e-18   4.201352e-03   3.290549e-19   270
  1.260339e+01   4.958928e-18   4.595030e-03   3.155720e-19   240
  1.262129e+01   6.025939e-18   3.348535e-03   5.459899e-19   120
  1.263009e+01   4.176755e-18   3.495757e-03   2.446463e-19   320
  1.264430e+01   4.394159e-18   4.325399e-03   1.921357e-19   462
  1.265918e+01   4.411926e-18   2.516547e-03   2.510387e-19   276
  1.267211e+01   5.136889e-18   2.854984e-03   5.269453e-19   144
  1.268457e+01   5.627768e-18   2.998289e-03   4.911007e-19   120
  1.270112e+01   4.297248e-18   2.270494e-03   2.415812e-19   294
  1.271363e+01   4.263155e-18   4.027978e-03   2.257554e-19   384
  1.272531e+01   4.934978e-18   2.666495e-03   3.402371e-19   216
  1.273648e+01   4.575389e-18   2.476291e-03   3.770210e-19   168
  1.274910e+01   4.070856e-18   2.946391e-03   3.893869e-19   102
  1.276735e+01   4.179177e-18   4.470257e-03   2.685373e-19   168
  1.278014e+01   4.028299e-18   3.912551e-03   1.860262e-19   384
  1.279417e+01   4.065386e-18   3.975249e-03   2.274443e-19   300
  1.280722e+01   4.317595e-18   4.256630e-03   3.312238e-19   144
  1.282194e+01   4.891663e-18   4.359391e-03   4.763908e-19   102
  1.283959e+01   6.152055e-18   1.031965e-03   6.423102e-19   56
  1.284805e+01   3.423441e-18   3.359809e-03   2.229447e-19   288
  1.286132e+01   4.485563e-18   4.372359e-03   2.088529e-19   360
  1.287576e+01   3.714033e-18   2.345472e-03   3.296069e-19   126
  1.288793e+01   5.088965e-18   1.155171e-03   5.612835e-19   72
  1.290120e+01   5.961023e-18   6.120115e-04   8.394399e-19   48
  1.291851e+01   3.909493e-18   2.475877e-03   2.165164e-19   240
  1.292989e+01   3.839443e-18   3.673549e-03   2.425199e-19   306
  1.294153e+01   3.946141e-18   2.041676e-03   3.512351e-19   120
  1.295495e+01   5.007241e-18   5.024838e-03   5.063851e-19   96
  1.296469e+01   3.772570e-18   0.000000e+00   8.137499e-19   24
  1.298660e+01   3.473426e-18   4.351382e-03   3.323164e-19   120
  1.299733e+01   3.770563e-18   3.763148e-03   1.924724e-19   318
  1.301046e+01   3.932036e-18   4.021435e-03   3.686139e-19   168
  1.302485e+01   3.332788e-18   4.315451e-03   3.818188e-19   72
  1.304060e+01   5.097175e-18   0.000000e+00   8.617496e-19   24
  1.305754e+01   5.347511e-18   2.094735e-03   8.302744e-19   14
  1.306560e+01   3.790588e-18   3.303864e-03   2.016135e-19   288
  1.307812e+01   3.875629e-18   3.974728e-03   2.974178e-19   204
  1.309257e+01   2.752118e-18   6.030662e-04   3.252327e-19   48
  1.310402e+01   5.926322e-18   0.000000e+00   1.182793e-18   24
  1.311727e+01   7.426797e-18   0.000000e+00   1.177343e-18   6
  1.313632e+01   3.725462e-18   2.470146e-03   2.437982e-19   216
  1.314613e+01   3.590341e-18   3.289558e-03   2.385186e-19   192
  1.315814e+01   3.709317e-18   6.000610e-04   6.329853e-19   48
  1.317073e+01   3.518418e-18   4.794588e-03   4.276219e-19   30
  1.320635e+01   3.023307e-18   9.914737e-04   3.130561e-19   96
  1.321367e+01   3.982437e-18   3.248800e-03   2.426663e-19   228
  1.322756e+01   3.401279e-18   4.248394e-03   3.739560e-19   72
  1.324426e+01   2.540851e-18   0.000000e+00   2.031744e-19   6
  1.328230e+01   3.940963e-18   3.207767e-03   2.442073e-19   248
  1.329444e+01   2.869422e-18   3.671457e-03   3.615235e-19   72
  1.330909e+01   3.803381e-18   2.034505e-07   1.600568e-18   6
  1.335335e+01   3.161652e-18   2.279484e-03   2.424080e-19   180
  1.336217e+01   3.587550e-18   3.101597e-03   3.777053e-19   72
  1.337477e+01   1.011274e-18   0.000000e+00   1.821237e-19   6
  1.342398e+01   3.490932e-18   9.753997e-04   3.244104e-19   96
  1.342986e+01   3.481130e-18   2.677881e-03   3.028150e-19   96
  1.344132e+01   1.616511e-18   0.000000e+00   8.186587e-19   6
  1.349818e+01   3.177465e-18   2.562939e-03   2.386374e-19   140
  1.350870e+01   4.136825e-18   0.000000e+00   1.081202e-18   6
  1.356964e+01   2.935638e-18   1.721129e-03   3.157045e-19   96
  1.357692e+01   4.464012e-18   0.000000e+00   1.881905e-18   6
  1.364131e+01   2.520518e-18   1.035401e-03   3.175272e-19   60
  1.364594e+01   1.945551e-18   0.000000e+00   3.100950e-19   6
  1.371360e+01   2.268454e-18   1.049683e-03   4.466206e-19   38
  1.378564e+01   1.630800e-18   5.399836e-04   4.226809e-19   18
  1.385781e+01   7.285071e-19   2.034505e-07   1.941350e-19   6
