# power spectrum of zeta (dimensionless)
# redshift z=9.828898
# k              Pk             sigma(k)       sigma(Pk)      count
  1.256637e-01   2.574758e-15   0.000000e+00   4.099151e-16   6
  1.777153e-01   1.717857e-15   0.000000e+00   5.023565e-16   12
  2.176559e-01   1.668539e-15   2.384186e-09   3.224396e-16   8
  2.513274e-01   1.795024e-14   0.000000e+00   6.314144e-15   6
  2.809926e-01   6.714703e-15   4.495664e-09   1.689981e-15   24
  3.078120e-01   7.491004e-15   4.495664e-09   1.552434e-15   24
  3.554306e-01   1.183769e-14   0.000000e+00   2.229400e-15   12
  3.769911e-01   1.592190e-14   5.086263e-09   2.764706e-15   30
  3.973835e-01   1.265951e-14   0.000000e+00   2.292827e-15   24
  4.167794e-01   1.018184e-14   7.786718e-09   2.115889e-15   24
  4.353118e-01   1.531602e-14   4.768372e-09   1.837787e-15   8
  4.530869e-01   1.685111e-14   6.357829e-09   3.550129e-15   24
  4.701905e-01   1.380308e-14   0.000000e+00   1.983893e-15   48
  5.026548e-01   1.321588e-15   0.000000e+00   1.838146e-16   6
  5.181247e-01   1.263250e-14   6.357829e-09   1.767322e-15   48
  5.331460e-01   1.114351e-14   5.994218e-09   3.931984e-15   36
  5.477554e-01   7.427877e-15   6.357829e-09   1.172284e-15   24
  5.619852e-01   1.195646e-14   8.991328e-09   2.289327e-15   24
  5.758634e-01   1.364267e-14   0.000000e+00   1.712500e-15   48
  5.894150e-01   1.186706e-14   8.991328e-09   2.377769e-15   24
  6.156239e-01   1.205191e-14   8.991328e-09   1.905300e-15   24
  6.283185e-01   5.868561e-15   0.000000e+00   8.191212e-16   30
  6.407617e-01   1.168683e-14   0.000000e+00   1.157522e-15   72
  6.529678e-01   6.954001e-15   9.536743e-09   9.982591e-16   32
  6.767198e-01   9.086927e-15   0.000000e+00   1.007284e-15   72
  6.882885e-01   1.053754e-14   0.000000e+00   1.110274e-15   48
  7.108613e-01   1.043184e-14   0.000000e+00   1.072523e-15   12
  7.273110e-01   9.293616e-15   5.427997e-03   8.799804e-16   96
  7.434365e-01   1.254880e-14   8.991328e-09   1.514786e-15   48
  7.539822e-01   1.449851e-14   1.017253e-08   3.385442e-15   30
  7.720780e-01   1.006262e-14   4.442982e-03   1.267519e-15   96
  7.947671e-01   7.211498e-15   0.000000e+00   1.281602e-15   24
  8.078915e-01   7.762232e-15   4.597878e-03   6.525843e-16   144
  8.240320e-01   1.249035e-14   1.557344e-08   2.005411e-15   24
  8.406230e-01   1.060722e-14   4.078565e-03   1.154019e-15   96
  8.522927e-01   8.134561e-15   0.000000e+00   1.100730e-15   48
  8.784818e-01   1.247953e-14   3.024579e-03   1.661799e-15   62
  8.917918e-01   1.012126e-14   4.253298e-03   9.507426e-16   132
  9.061739e-01   6.174837e-15   1.271566e-08   1.126682e-15   24
  9.197543e-01   7.749698e-15   4.251090e-03   4.952106e-16   168
  9.445606e-01   7.709119e-15   4.179554e-03   7.641930e-16   96
  9.631875e-01   6.686151e-15   3.557186e-03   6.210631e-16   96
  9.860433e-01   6.773412e-15   3.964957e-03   5.351959e-16   168
  1.005310e+00   1.659506e-14   0.000000e+00   5.208848e-15   6
  1.013133e+00   5.787673e-15   0.000000e+00   5.738866e-16   96
  1.022438e+00   7.580144e-15   3.081996e-03   7.379421e-16   120
  1.041311e+00   6.283817e-15   3.578749e-03   5.262204e-16   144
  1.051378e+00   5.894737e-15   0.000000e+00   9.329527e-16   48
  1.070509e+00   4.825974e-15   3.651792e-03   4.348841e-16   84
  1.081000e+00   5.086529e-15   2.491750e-08   4.623872e-16   120
  1.090449e+00   4.767556e-15   3.313740e-03   5.005420e-16   80
  1.105074e+00   6.166284e-15   3.364535e-03   5.043121e-16   144
  1.123970e+00   5.554852e-15   1.798266e-08   8.543554e-16   24
  1.133201e+00   5.206699e-15   3.246628e-03   3.907680e-16   150
  1.147601e+00   6.160461e-15   3.368559e-03   6.097136e-16   120
  1.163416e+00   6.390402e-15   3.069733e-03   4.199993e-16   168
  1.178830e+00   6.716107e-15   1.798266e-08   1.445393e-15   24
  1.188528e+00   5.076761e-15   3.307029e-03   3.143290e-16   264
  1.198755e+00   3.665088e-15   1.798266e-08   3.633260e-16   48
  1.216189e+00   5.096432e-15   3.063158e-03   3.839724e-16   144
  1.235512e+00   5.907357e-15   3.015167e-03   6.708601e-16   72
  1.246540e+00   5.556897e-15   3.101478e-03   3.588659e-16   180
  1.261955e+00   5.208062e-15   2.247234e-03   4.023588e-16   198
  1.269141e+00   5.263683e-15   0.000000e+00   7.307560e-16   48
  1.285036e+00   4.935247e-15   3.041694e-03   4.007469e-16   168
  1.296831e+00   5.497832e-15   3.044222e-03   4.243590e-16   144
  1.314676e+00   5.444652e-15   4.277300e-03   3.005462e-16   248
  1.338772e+00   4.644739e-15   2.948852e-03   3.277347e-16   192
  1.355181e+00   4.363183e-15   4.554933e-03   3.058272e-16   240
  1.365057e+00   3.663354e-15   0.000000e+00   4.598966e-16   72
  1.380120e+00   5.598811e-15   2.779615e-03   6.579778e-16   126
  1.389623e+00   5.004081e-15   2.564571e-03   4.253373e-16   168
  1.407767e+00   4.569795e-15   2.804328e-03   2.771518e-16   288
  1.426839e+00   4.182431e-15   1.476986e-03   3.154995e-16   156
  1.436715e+00   3.583265e-15   2.484720e-03   2.903696e-16   168
  1.451693e+00   4.618294e-15   4.259613e-03   3.310593e-16   264
  1.465478e+00   2.934441e-15   0.000000e+00   3.686322e-16   48
  1.475722e+00   4.758394e-15   4.239347e-03   2.858432e-16   264
  1.490407e+00   4.101172e-15   2.498827e-03   3.096230e-16   144
  1.501498e+00   4.461007e-15   5.112474e-03   5.516337e-16   78
  1.517654e+00   3.786191e-15   3.323319e-03   2.071461e-16   336
  1.532889e+00   3.981666e-15   2.528505e-03   3.247630e-16   200
  1.542895e+00   4.069391e-15   4.950846e-03   3.112705e-16   192
  1.556403e+00   3.730044e-15   2.484459e-03   3.258848e-16   240
  1.568812e+00   3.462775e-15   4.979003e-03   2.915320e-16   168
  1.581561e+00   3.414640e-15   3.986332e-03   2.754824e-16   120
  1.596873e+00   3.722578e-15   3.115666e-03   2.138819e-16   324
  1.611730e+00   4.040001e-15   2.449443e-03   3.455575e-16   192
  1.621842e+00   3.781968e-15   4.392943e-03   2.603507e-16   168
  1.639042e+00   3.018372e-15   3.618152e-03   1.540721e-16   342
  1.654551e+00   3.573905e-15   2.913340e-03   1.764303e-16   336
  1.670270e+00   2.876720e-15   2.229470e-03   3.309779e-16   72
  1.680871e+00   3.610725e-15   3.565739e-03   2.376733e-16   288
  1.693176e+00   2.917102e-15   2.322255e-03   1.702604e-16   264
  1.710363e+00   3.170535e-15   3.054338e-03   1.624042e-16   384
  1.725757e+00   3.470889e-15   3.666000e-03   2.371798e-16   240
  1.732155e+00   3.609479e-15   0.000000e+00   5.691084e-16   48
  1.750659e+00   3.354742e-15   3.000861e-03   1.797798e-16   392
  1.764776e+00   3.587302e-15   3.293295e-03   2.101892e-16   294
  1.779956e+00   2.930778e-15   2.140470e-03   2.083663e-16   228
  1.789939e+00   3.398611e-15   3.250617e-03   2.191834e-16   216
  1.802361e+00   3.150302e-15   1.980050e-03   1.685224e-16   336
  1.817567e+00   3.109398e-15   2.352625e-03   1.713444e-16   360
  1.830119e+00   3.101510e-15   3.584392e-03   1.807854e-16   240
  1.843199e+00   2.332038e-15   4.241157e-03   1.797104e-16   168
  1.855399e+00   2.549680e-15   3.338306e-03   1.453766e-16   312
  1.869935e+00   2.592303e-15   2.089228e-03   1.353356e-16   336
  1.885637e+00   2.566172e-15   2.850095e-03   1.461071e-16   294
  1.897477e+00   3.066344e-15   3.798594e-03   1.828728e-16   288
  1.906536e+00   2.568273e-15   2.376907e-03   1.646255e-16   264
  1.922691e+00   2.697786e-15   4.082916e-03   1.292607e-16   480
  1.936199e+00   2.739630e-15   1.997349e-03   1.746531e-16   240
  1.952759e+00   2.487310e-15   2.019671e-03   1.256530e-16   276
  1.965824e+00   2.387972e-15   4.433576e-03   1.039975e-16   488
  1.981346e+00   3.103393e-15   1.952641e-03   1.748475e-16   240
  1.990355e+00   2.684252e-15   3.791527e-03   1.345662e-16   360
  2.002988e+00   2.618884e-15   1.348968e-03   1.952674e-16   198
  2.019235e+00   2.303202e-15   4.558217e-03   9.927624e-17   480
  2.031131e+00   2.336815e-15   1.682460e-03   1.457246e-16   288
  2.047583e+00   2.720422e-15   3.556337e-03   1.075952e-16   480
  2.062377e+00   2.562416e-15   2.191154e-03   1.075748e-16   480
  2.077570e+00   2.301492e-15   2.833894e-03   1.280648e-16   288
  2.087050e+00   2.249671e-15   3.023242e-03   1.415180e-16   288
  2.101959e+00   2.524559e-15   5.255912e-03   1.158723e-16   456
  2.116971e+00   2.462792e-15   4.949844e-03   1.245491e-16   360
  2.126650e+00   2.299353e-15   2.967082e-03   1.583867e-16   180
  2.140657e+00   2.407157e-15   3.231514e-03   1.081377e-16   486
  2.154854e+00   2.178405e-15   4.298953e-03   9.800928e-17   504
  2.169289e+00   2.190825e-15   3.340070e-03   1.057573e-16   456
  2.181258e+00   2.468146e-15   2.775009e-03   1.486005e-16   296
  2.197072e+00   2.029289e-15   2.738289e-03   9.727133e-17   528
  2.208965e+00   2.228146e-15   2.701981e-03   1.095447e-16   336
  2.226481e+00   2.099956e-15   2.997004e-03   8.131139e-17   600
  2.239302e+00   2.109407e-15   1.755804e-03   1.398547e-16   264
  2.252151e+00   2.138914e-15   1.898694e-03   1.083902e-16   360
  2.265266e+00   2.172433e-15   3.801372e-03   8.270168e-17   630
  2.279717e+00   2.224455e-15   1.962233e-03   1.040188e-16   432
  2.292537e+00   2.055314e-15   3.780726e-03   1.129971e-16   408
  2.308272e+00   2.218778e-15   2.509414e-03   1.480103e-16   324
  2.319978e+00   1.996553e-15   3.576222e-03   7.821394e-17   744
  2.334098e+00   1.837243e-15   2.858952e-03   9.444868e-17   336
  2.347588e+00   1.974388e-15   3.930328e-03   8.429153e-17   528
  2.362382e+00   2.018310e-15   2.005373e-03   1.000978e-16   408
  2.372191e+00   1.565303e-15   3.413147e-03   7.604299e-17   408
  2.388397e+00   1.703426e-15   2.817663e-03   7.705170e-17   470
  2.400201e+00   1.846114e-15   3.384925e-03   8.917517e-17   528
  2.416685e+00   1.747618e-15   2.820560e-03   7.356714e-17   624
  2.428827e+00   1.711388e-15   2.146180e-03   6.655093e-17   504
  2.441353e+00   1.822460e-15   2.989469e-03   7.524474e-17   552
  2.453777e+00   1.720981e-15   1.453231e-03   1.021476e-16   336
  2.469334e+00   1.820695e-15   3.093356e-03   8.990488e-17   528
  2.481386e+00   1.841800e-15   3.521844e-03   7.793674e-17   564
  2.495502e+00   1.679014e-15   3.241487e-03   7.341118e-17   528
  2.510806e+00   1.660307e-15   5.032507e-03   7.041847e-17   582
  2.524724e+00   1.780887e-15   3.874271e-03   6.505048e-17   624
  2.536896e+00   1.702367e-15   4.429036e-03   1.044086e-16   432
  2.551418e+00   1.654473e-15   4.926531e-03   5.659330e-17   816
  2.566361e+00   1.692132e-15   2.245292e-03   9.968011e-17   312
  2.576137e+00   1.416429e-15   3.638994e-03   5.974430e-17   552
  2.591900e+00   1.575792e-15   2.291924e-03   6.021416e-17   744
  2.603321e+00   1.712461e-15   2.141123e-03   8.366726e-17   408
  2.618061e+00   1.612840e-15   3.068323e-03   6.018944e-17   632
  2.633374e+00   1.706956e-15   5.210791e-03   6.396235e-17   750
  2.645831e+00   1.620183e-15   3.584637e-03   1.043357e-16   312
  2.659713e+00   1.523460e-15   5.292216e-03   5.915799e-17   876
  2.673443e+00   1.343783e-15   3.455503e-03   5.381442e-17   552
  2.688914e+00   1.690445e-15   2.857688e-03   5.996862e-17   696
  2.699453e+00   1.570947e-15   3.154346e-03   6.890689e-17   576
  2.713796e+00   1.412244e-15   3.339693e-03   5.894029e-17   576
  2.726037e+00   1.346520e-15   4.475199e-03   5.739858e-17   648
  2.740832e+00   1.507523e-15   4.479393e-03   5.331717e-17   672
  2.757165e+00   1.360208e-15   1.899992e-03   5.799125e-17   480
  2.767620e+00   1.431559e-15   2.942368e-03   6.285261e-17   726
  2.781081e+00   1.459425e-15   3.334085e-03   5.467910e-17   792
  2.795661e+00   1.435078e-15   4.625257e-03   5.108379e-17   768
  2.811027e+00   1.413501e-15   3.780047e-03   5.217904e-17   672
  2.825116e+00   1.472090e-15   2.535576e-03   6.211290e-17   608
  2.835316e+00   1.409802e-15   2.434230e-03   5.599226e-17   624
  2.849867e+00   1.259324e-15   3.163261e-03   5.020623e-17   684
  2.864019e+00   1.230995e-15   4.672505e-03   4.564694e-17   768
  2.877191e+00   1.323290e-15   3.735635e-03   4.753677e-17   744
  2.892886e+00   1.248651e-15   2.352178e-03   4.394674e-17   750
  2.904325e+00   1.140212e-15   3.496199e-03   5.421934e-17   600
  2.916695e+00   1.183920e-15   3.712332e-03   5.118536e-17   600
  2.931979e+00   1.330042e-15   4.278234e-03   4.054804e-17   1008
  2.944116e+00   1.303218e-15   2.372856e-03   4.585465e-17   696
  2.957565e+00   1.304449e-15   3.134649e-03   5.521751e-17   624
  2.971086e+00   1.235436e-15   4.877909e-03   4.108478e-17   840
  2.986446e+00   1.338358e-15   3.319024e-03   4.613447e-17   816
  2.998905e+00   1.206450e-15   2.204574e-03   4.445432e-17   744
  3.011488e+00   1.212191e-15   3.897323e-03   5.281749e-17   510
  3.026687e+00   1.106879e-15   3.741750e-03   3.604227e-17   1020
  3.040833e+00   1.264327e-15   3.019222e-03   4.499717e-17   912
  3.054778e+00   1.132724e-15   4.473147e-03   4.483212e-17   752
  3.066309e+00   1.082585e-15   3.711666e-03   3.302227e-17   888
  3.082044e+00   1.145289e-15   2.395124e-03   4.130139e-17   768
  3.094915e+00   1.052344e-15   4.352150e-03   3.565846e-17   720
  3.109727e+00   1.082209e-15   3.836546e-03   3.467637e-17   1056
  3.122866e+00   1.123862e-15   2.654285e-03   5.026125e-17   504
  3.133631e+00   1.129903e-15   4.144719e-03   4.154139e-17   774
  3.149026e+00   1.066516e-15   3.986123e-03   3.111854e-17   1272
  3.163486e+00   1.097421e-15   2.611538e-03   3.906700e-17   744
  3.176969e+00   1.074700e-15   4.264475e-03   4.092589e-17   768
  3.189339e+00   1.106414e-15   3.607190e-03   3.714759e-17   840
  3.203231e+00   1.040184e-15   2.445578e-03   3.283485e-17   924
  3.216608e+00   1.113382e-15   4.311548e-03   3.793839e-17   936
  3.229755e+00   1.015146e-15   2.996363e-03   3.331122e-17   840
  3.242998e+00   1.038717e-15   3.562326e-03   3.346328e-17   1008
  3.259829e+00   9.751516e-16   4.021535e-03   3.981889e-17   696
  3.270389e+00   1.001885e-15   3.574451e-03   3.174481e-17   974
  3.286078e+00   1.060381e-15   4.747287e-03   3.126769e-17   1152
  3.299719e+00   9.792886e-16   1.857626e-03   3.380304e-17   816
  3.310327e+00   9.483263e-16   4.086567e-03   3.369937e-17   816
  3.324599e+00   9.176008e-16   3.608623e-03   2.554270e-17   1152
  3.339651e+00   9.339858e-16   3.248998e-03   3.470358e-17   912
  3.353338e+00   9.721457e-16   3.947532e-03   2.962900e-17   1056
  3.365058e+00   9.140968e-16   3.375847e-03   4.000919e-17   624
  3.380817e+00   8.639176e-16   4.216875e-03   2.639280e-17   1260
  3.394418e+00   1.011445e-15   2.543440e-03   3.578536e-17   894
  3.407703e+00   8.933938e-16   4.357818e-03   2.788422e-17   1176
  3.420993e+00   9.584089e-16   3.606982e-03   3.443172e-17   840
  3.436121e+00   9.063122e-16   4.099862e-03   2.445946e-17   1440
  3.452005e+00   9.222547e-16   2.304966e-03   2.918476e-17   864
  3.464048e+00   8.486606e-16   3.955435e-03   2.672527e-17   1056
  3.476035e+00   9.611533e-16   2.332073e-03   3.874708e-17   624
  3.490594e+00   9.157163e-16   4.318596e-03   2.468950e-17   1496
  3.504515e+00   8.132111e-16   3.049082e-03   2.642460e-17   936
  3.516908e+00   8.474490e-16   4.414111e-03   2.832520e-17   966
  3.530243e+00   8.360826e-16   3.128902e-03   2.829731e-17   936
  3.544251e+00   8.239601e-16   3.870284e-03   2.326808e-17   1248
  3.558592e+00   7.713193e-16   2.728377e-03   2.285633e-17   1044
  3.571955e+00   8.625988e-16   4.226344e-03   2.462304e-17   1392
  3.582538e+00   7.907035e-16   3.255138e-03   2.894546e-17   600
  3.597678e+00   7.690698e-16   3.698179e-03   2.174626e-17   1416
  3.611873e+00   7.862625e-16   3.980638e-03   2.332961e-17   1152
  3.626257e+00   7.683912e-16   3.818797e-03   2.354364e-17   936
  3.637844e+00   8.025407e-16   4.095847e-03   2.843097e-17   870
  3.651613e+00   7.395944e-16   3.434204e-03   2.081427e-17   1368
  3.666892e+00   7.787719e-16   4.515083e-03   1.963243e-17   1632
  3.679949e+00   7.173052e-16   1.960196e-03   2.525613e-17   816
  3.694083e+00   7.892833e-16   4.472000e-03   2.284197e-17   1200
  3.706415e+00   7.363625e-16   4.275759e-03   2.192624e-17   1184
  3.718942e+00   7.406058e-16   3.245022e-03   2.348966e-17   984
  3.734312e+00   7.212097e-16   3.961839e-03   1.844388e-17   1572
  3.748246e+00   6.701713e-16   2.181853e-03   2.324064e-17   840
  3.761231e+00   7.153261e-16   5.073986e-03   2.024658e-17   1392
  3.774941e+00   6.848582e-16   3.725317e-03   1.986045e-17   1158
  3.787179e+00   6.972452e-16   3.392190e-03   1.804905e-17   1272
  3.801913e+00   6.998580e-16   3.456945e-03   2.056017e-17   1320
  3.815753e+00   6.481570e-16   3.382582e-03   1.909487e-17   1104
  3.828921e+00   6.486901e-16   3.828609e-03   1.763902e-17   1392
  3.842742e+00   6.834755e-16   4.141026e-03   1.994059e-17   1296
  3.856976e+00   6.551368e-16   4.323915e-03   1.801254e-17   1392
  3.870333e+00   6.566966e-16   3.171938e-03   2.070142e-17   1104
  3.882690e+00   6.457369e-16   3.995358e-03   1.680976e-17   1320
  3.900292e+00   6.415418e-16   3.051196e-03   1.783990e-17   1422
  3.911534e+00   6.230443e-16   3.800093e-03   1.797698e-17   1212
  3.924449e+00   5.781702e-16   4.152476e-03   1.668526e-17   1280
  3.937717e+00   6.438327e-16   4.323858e-03   1.861753e-17   1272
  3.950433e+00   5.956320e-16   3.741871e-03   1.432685e-17   1680
  3.965505e+00   6.232104e-16   3.535373e-03   1.884723e-17   1152
  3.979380e+00   6.006053e-16   4.094086e-03   1.480647e-17   1512
  3.993967e+00   5.607319e-16   1.728507e-03   1.701116e-17   912
  4.005497e+00   6.403460e-16   4.357212e-03   1.529308e-17   1680
  4.020833e+00   5.778646e-16   3.859977e-03   1.508701e-17   1518
  4.032200e+00   5.645288e-16   3.573605e-03   1.621152e-17   1056
  4.044173e+00   5.770663e-16   3.608353e-03   1.624813e-17   1344
  4.059650e+00   6.024710e-16   3.874584e-03   1.463233e-17   1680
  4.073653e+00   5.647268e-16   3.818000e-03   1.403804e-17   1656
  4.088955e+00   5.646606e-16   3.245360e-03   1.761612e-17   1140
  4.100443e+00   5.482709e-16   3.757881e-03   1.437352e-17   1368
  4.113960e+00   5.707300e-16   4.274611e-03   1.416189e-17   1656
  4.127700e+00   5.386677e-16   4.378119e-03   1.483048e-17   1448
  4.142656e+00   5.589422e-16   4.112955e-03   1.444554e-17   1422
  4.156469e+00   5.364623e-16   4.540534e-03   1.410901e-17   1512
  4.168283e+00   5.265506e-16   3.461570e-03   1.540906e-17   1296
  4.181952e+00   5.479957e-16   3.160641e-03   1.324963e-17   1824
  4.196729e+00   5.432442e-16   4.098248e-03   1.414005e-17   1464
  4.211657e+00   4.775099e-16   3.657099e-03   1.165598e-17   1824
  4.225511e+00   5.247215e-16   2.907578e-03   1.259807e-17   1416
  4.237563e+00   4.982242e-16   4.258820e-03   1.363790e-17   1392
  4.250574e+00   4.817059e-16   3.929974e-03   1.300165e-17   1464
  4.266448e+00   4.660370e-16   3.842159e-03   1.203328e-17   1524
  4.278716e+00   4.995743e-16   3.540612e-03   1.199349e-17   1686
  4.292893e+00   4.615011e-16   4.215803e-03   1.053341e-17   1800
  4.305078e+00   4.870404e-16   3.346946e-03   1.518719e-17   1344
  4.318597e+00   4.879366e-16   3.904869e-03   1.245932e-17   1656
  4.332150e+00   4.643623e-16   3.117839e-03   1.231662e-17   1488
  4.343925e+00   4.581183e-16   3.112762e-03   1.231083e-17   1536
  4.360333e+00   4.900414e-16   3.457925e-03   1.205940e-17   1760
  4.373047e+00   4.601673e-16   3.846268e-03   1.093932e-17   1824
  4.387749e+00   4.692111e-16   3.227735e-03   1.295827e-17   1560
  4.401895e+00   4.572173e-16   3.707356e-03   1.109108e-17   1926
  4.415200e+00   4.061454e-16   2.636418e-03   1.187506e-17   1272
  4.427344e+00   4.246789e-16   4.430497e-03   1.016676e-17   1848
  4.443306e+00   4.654647e-16   3.579461e-03   1.084336e-17   1908
  4.455447e+00   4.236701e-16   3.491292e-03   1.135873e-17   1488
  4.468258e+00   4.240672e-16   3.937426e-03   1.053408e-17   1800
  4.482146e+00   4.125026e-16   3.941308e-03   9.681242e-18   1752
  4.495448e+00   4.513543e-16   4.190952e-03   1.310823e-17   1368
  4.508761e+00   4.276642e-16   3.938690e-03   9.893045e-18   2016
  4.523403e+00   4.136217e-16   4.160224e-03   1.019481e-17   1542
  4.536915e+00   3.985284e-16   4.073984e-03   8.634413e-18   2184
  4.551872e+00   4.060616e-16   3.726771e-03   9.432649e-18   1776
  4.564793e+00   3.945278e-16   4.260262e-03   1.120443e-17   1568
  4.577109e+00   4.044954e-16   3.892227e-03   9.180234e-18   2040
  4.590510e+00   3.850222e-16   4.161138e-03   9.599014e-18   1704
  4.604538e+00   3.879327e-16   4.171238e-03   1.065909e-17   1512
  4.617765e+00   3.838901e-16   3.558077e-03   9.117414e-18   2028
  4.632626e+00   3.711809e-16   4.291956e-03   8.453752e-18   1968
  4.646213e+00   3.675245e-16   4.353548e-03   8.607126e-18   1854
  4.659509e+00   3.605136e-16   4.150271e-03   9.288950e-18   1632
  4.673135e+00   3.746618e-16   4.264760e-03   7.400796e-18   2424
  4.687258e+00   3.604229e-16   4.269195e-03   9.231695e-18   1560
  4.699197e+00   3.635162e-16   4.034385e-03   9.443807e-18   1728
  4.713624e+00   3.495419e-16   4.306520e-03   7.800446e-18   2088
  4.728145e+00   3.404110e-16   4.099347e-03   8.100378e-18   1968
  4.741503e+00   3.427112e-16   4.058747e-03   7.498811e-18   2256
  4.754898e+00   3.584717e-16   3.608676e-03   9.024539e-18   1728
  4.768882e+00   3.509431e-16   3.557384e-03   9.450644e-18   1416
  4.781270e+00   3.538595e-16   3.750195e-03   7.866231e-18   2246
  4.795296e+00   3.213963e-16   4.153300e-03   6.741761e-18   2148
  4.808715e+00   3.349414e-16   3.508307e-03   8.736199e-18   1680
  4.821345e+00   3.253736e-16   4.435233e-03   6.932474e-18   2280
  4.836527e+00   3.211807e-16   4.130181e-03   6.705366e-18   2352
  4.850707e+00   3.091728e-16   3.470382e-03   7.799320e-18   1632
  4.861925e+00   2.970121e-16   3.971039e-03   7.048448e-18   1968
  4.877319e+00   3.090665e-16   4.074288e-03   7.173382e-18   2112
  4.891594e+00   2.976295e-16   3.060509e-03   6.226211e-18   2208
  4.905465e+00   3.072419e-16   3.085913e-03   6.981049e-18   1974
  4.916413e+00   2.954018e-16   3.018862e-03   7.142761e-18   1944
  4.931203e+00   3.001470e-16   3.415495e-03   6.957669e-18   2160
  4.944022e+00   3.021210e-16   3.194258e-03   6.799652e-18   2040
  4.957876e+00   2.909895e-16   4.468841e-03   5.933506e-18   2352
  4.972085e+00   2.996598e-16   3.712532e-03   7.040268e-18   1836
  4.985054e+00   2.808227e-16   3.960355e-03   5.702084e-18   2352
  4.999614e+00   2.797440e-16   4.153876e-03   6.365962e-18   2008
  5.012962e+00   2.848850e-16   4.086408e-03   6.153820e-18   2464
  5.027846e+00   2.883239e-16   3.295867e-03   6.406754e-18   2118
  5.040054e+00   2.673417e-16   3.313173e-03   6.131526e-18   1848
  5.052620e+00   2.722712e-16   4.384411e-03   5.998381e-18   2280
  5.067797e+00   2.771449e-16   4.170623e-03   5.889232e-18   2472
  5.081980e+00   2.690277e-16   2.787100e-03   5.717945e-18   2280
  5.093886e+00   2.536260e-16   3.406760e-03   5.599744e-18   1992
  5.106726e+00   2.576221e-16   3.581554e-03   5.757299e-18   2184
  5.121532e+00   2.544953e-16   4.320591e-03   5.476860e-18   2352
  5.135798e+00   2.499950e-16   4.553131e-03   4.998252e-18   2496
  5.149768e+00   2.541892e-16   4.252678e-03   6.325063e-18   1770
  5.162298e+00   2.633562e-16   3.669389e-03   5.394537e-18   2568
  5.177360e+00   2.612392e-16   4.500656e-03   5.122032e-18   2712
  5.191053e+00   2.538617e-16   3.574170e-03   5.187057e-18   2448
  5.204725e+00   2.521608e-16   3.012843e-03   5.500014e-18   2064
  5.216066e+00   2.425832e-16   3.180123e-03   5.675381e-18   1944
  5.230772e+00   2.525795e-16   3.928620e-03   5.287159e-18   2480
  5.245774e+00   2.477463e-16   4.267634e-03   4.633608e-18   2880
  5.259063e+00   2.355306e-16   4.093786e-03   4.879930e-18   2304
  5.272942e+00   2.356112e-16   3.761177e-03   5.657491e-18   1806
  5.285249e+00   2.240655e-16   3.688568e-03   4.192745e-18   2856
  5.300671e+00   2.245490e-16   3.537448e-03   4.564675e-18   2568
  5.312407e+00   2.278722e-16   3.549041e-03   5.357947e-18   2112
  5.325180e+00   2.106006e-16   3.418353e-03   5.035760e-18   2028
  5.338884e+00   2.280045e-16   4.046323e-03   4.435949e-18   2712
  5.352799e+00   2.253880e-16   4.359274e-03   4.284231e-18   2952
  5.367753e+00   2.205048e-16   3.368279e-03   4.829377e-18   2112
  5.379842e+00   2.134713e-16   3.947451e-03   4.333853e-18   2520
  5.394364e+00   2.157966e-16   3.807395e-03   4.606073e-18   2376
  5.407591e+00   2.116787e-16   3.052135e-03   4.704917e-18   2526
  5.421320e+00   2.160077e-16   3.798300e-03   4.177899e-18   2664
  5.434913e+00   2.041469e-16   4.530289e-03   4.278386e-18   2408
  5.447943e+00   2.019007e-16   3.628938e-03   4.137810e-18   2568
  5.461232e+00   2.000946e-16   3.421437e-03   3.974992e-18   2904
  5.475648e+00   2.008156e-16   3.838949e-03   3.991483e-18   2544
  5.489345e+00   2.029014e-16   2.827650e-03   4.728836e-18   2160
  5.502268e+00   2.023660e-16   4.888682e-03   3.891214e-18   2652
  5.516545e+00   1.952872e-16   3.870830e-03   3.986181e-18   2784
  5.530283e+00   1.986114e-16   3.822557e-03   3.910478e-18   2694
  5.544517e+00   1.890241e-16   3.435410e-03   3.775638e-18   2952
  5.556886e+00   1.883684e-16   3.253958e-03   4.234177e-18   2208
  5.569485e+00   1.818891e-16   3.468078e-03   3.886164e-18   2304
  5.583550e+00   1.850943e-16   4.509853e-03   3.270037e-18   3504
  5.599953e+00   1.939941e-16   3.651788e-03   3.987735e-18   2616
  5.612745e+00   1.793855e-16   3.567502e-03   3.690340e-18   2664
  5.625069e+00   1.752118e-16   3.314521e-03   3.536486e-18   2448
  5.637487e+00   1.766330e-16   4.616036e-03   3.704297e-18   2472
  5.652096e+00   1.802365e-16   3.670011e-03   3.302214e-18   3134
  5.665845e+00   1.693737e-16   4.013913e-03   3.513729e-18   2616
  5.679574e+00   1.753665e-16   3.251426e-03   3.394967e-18   2712
  5.693697e+00   1.625398e-16   3.728915e-03   2.952869e-18   3204
  5.707195e+00   1.645396e-16   4.294589e-03   3.342385e-18   2760
  5.720015e+00   1.649777e-16   3.746961e-03   3.326695e-18   2688
  5.734152e+00   1.583961e-16   3.542739e-03   3.119943e-18   2760
  5.746653e+00   1.615313e-16   2.925296e-03   3.320720e-18   2568
  5.761049e+00   1.674729e-16   4.542841e-03   3.077128e-18   3336
  5.774866e+00   1.590596e-16   3.845016e-03   3.634336e-18   2334
  5.788819e+00   1.535540e-16   4.254924e-03   2.848202e-18   3264
  5.801858e+00   1.553316e-16   3.093655e-03   3.050371e-18   2760
  5.815230e+00   1.567548e-16   3.736259e-03   2.925495e-18   3192
  5.828845e+00   1.504706e-16   3.879036e-03   2.839519e-18   2904
  5.843326e+00   1.465036e-16   3.892076e-03   2.957741e-18   2784
  5.855447e+00   1.475195e-16   3.203250e-03   2.857735e-18   2592
  5.869236e+00   1.509993e-16   4.366488e-03   2.745178e-18   3284
  5.883890e+00   1.432780e-16   4.385937e-03   2.648721e-18   3168
  5.897000e+00   1.492944e-16   3.618712e-03   3.122607e-18   2616
  5.910782e+00   1.390053e-16   3.496570e-03   2.674594e-18   3222
  5.924188e+00   1.339893e-16   3.923260e-03   2.451997e-18   3240
  5.937171e+00   1.358176e-16   3.969009e-03   2.789480e-18   2568
  5.951932e+00   1.474088e-16   3.641761e-03   2.854713e-18   3120
  5.964273e+00   1.393133e-16   4.003580e-03   2.618352e-18   3168
  5.977546e+00   1.342624e-16   3.504830e-03   2.468994e-18   3240
  5.992066e+00   1.206900e-16   3.595869e-03   2.248844e-18   3144
  6.006172e+00   1.307696e-16   3.427490e-03   2.417054e-18   2856
  6.019505e+00   1.327595e-16   3.660696e-03   2.462042e-18   3264
  6.034592e+00   1.356569e-16   4.044906e-03   2.532388e-18   3318
  6.046466e+00   1.248546e-16   2.832824e-03   2.545229e-18   2556
  6.060617e+00   1.261420e-16   4.838986e-03   2.132768e-18   4008
  6.074943e+00   1.234645e-16   3.572017e-03   2.372166e-18   2904
  6.087200e+00   1.251023e-16   3.652513e-03   2.310754e-18   3144
  6.101153e+00   1.232105e-16   3.807781e-03   2.348511e-18   3200
  6.115592e+00   1.187189e-16   3.755394e-03   2.148988e-18   3312
  6.128536e+00   1.176766e-16   3.026680e-03   2.255471e-18   2832
  6.142988e+00   1.173986e-16   4.355583e-03   1.924256e-18   3984
  6.156407e+00   1.235008e-16   3.540883e-03   2.793025e-18   2238
  6.168657e+00   1.127388e-16   4.167010e-03   1.880990e-18   3984
  6.183855e+00   1.106758e-16   3.959901e-03   1.973543e-18   3384
  6.196482e+00   1.141117e-16   3.701438e-03   2.209388e-18   3048
  6.209665e+00   1.107375e-16   3.398642e-03   2.003921e-18   3096
  6.223435e+00   1.120179e-16   3.852259e-03   2.042812e-18   3708
  6.237127e+00   1.049090e-16   3.651419e-03   2.036053e-18   2784
  6.249844e+00   1.091525e-16   3.792698e-03   1.858744e-18   3648
  6.264291e+00   1.102648e-16   3.903504e-03   1.916505e-18   3888
  6.279665e+00   1.111222e-16   4.167105e-03   2.209184e-18   2958
  6.291144e+00   1.048699e-16   3.557011e-03   2.027449e-18   3264
  6.304977e+00   1.049211e-16   3.926839e-03   1.992856e-18   3160
  6.318045e+00   1.006131e-16   3.558843e-03   1.687055e-18   3736
  6.330431e+00   9.897662e-17   3.242939e-03   1.855631e-18   3216
  6.345038e+00   9.996105e-17   3.974048e-03   1.606277e-18   4032
  6.360272e+00   9.732924e-17   3.628234e-03   1.758688e-18   3528
  6.373262e+00   9.615845e-17   3.202694e-03   1.758884e-18   3192
  6.386247e+00   1.026418e-16   3.507520e-03   1.906410e-18   3456
  6.400334e+00   9.898253e-17   3.636928e-03   1.788687e-18   3060
  6.414454e+00   9.138975e-17   4.324726e-03   1.433083e-18   4518
  6.428212e+00   8.853702e-17   3.852771e-03   1.563979e-18   3528
  6.440859e+00   8.798893e-17   3.235655e-03   1.708763e-18   3024
  6.454342e+00   9.253469e-17   4.380947e-03   1.715701e-18   3672
  6.468077e+00   9.392687e-17   3.760183e-03   1.650643e-18   3864
  6.483327e+00   9.057575e-17   3.985743e-03   1.590378e-18   3816
  6.495798e+00   9.170317e-17   3.626145e-03   1.611957e-18   3456
  6.507756e+00   8.438493e-17   3.282483e-03   1.733637e-18   2688
  6.521843e+00   9.121279e-17   3.894603e-03   1.457037e-18   4248
  6.535809e+00   8.513620e-17   3.730284e-03   1.471509e-18   3926
  6.549837e+00   8.324678e-17   3.938539e-03   1.523930e-18   3504
  6.563389e+00   8.494563e-17   3.521113e-03   1.496264e-18   3960
  6.578351e+00   8.407502e-17   3.963952e-03   1.447484e-18   3684
  6.591183e+00   8.477748e-17   3.963687e-03   1.366015e-18   4104
  6.604012e+00   7.851237e-17   3.759338e-03   1.610864e-18   3144
  6.617793e+00   7.890537e-17   4.117770e-03   1.284089e-18   4224
  6.632945e+00   7.998047e-17   3.654879e-03   1.321275e-18   4008
  6.645891e+00   7.815837e-17   4.020945e-03   1.475003e-18   3312
  6.659221e+00   7.173650e-17   3.999289e-03   1.192313e-18   3726
  6.673398e+00   7.824639e-17   4.107760e-03   1.308580e-18   3936
  6.685987e+00   7.865170e-17   4.234293e-03   1.423975e-18   3888
  6.699051e+00   7.672984e-17   4.003929e-03   1.331861e-18   3864
  6.712643e+00   7.111552e-17   4.256514e-03   1.235534e-18   3888
  6.726643e+00   7.430691e-17   4.014548e-03   1.230399e-18   4080
  6.740465e+00   7.363858e-17   4.260657e-03   1.347372e-18   3400
  6.754567e+00   7.298453e-17   3.907452e-03   1.145098e-18   4588
  6.768825e+00   7.190097e-17   3.867571e-03   1.257229e-18   3816
  6.781286e+00   7.309210e-17   3.664848e-03   1.308068e-18   3534
  6.794478e+00   7.009431e-17   3.619891e-03   1.141441e-18   4080
  6.808278e+00   6.677741e-17   3.783811e-03   1.132321e-18   4248
  6.822137e+00   6.604442e-17   3.812932e-03   1.178579e-18   3528
  6.834925e+00   6.651312e-17   3.898202e-03   1.062387e-18   4248
  6.847851e+00   6.409808e-17   3.812833e-03   1.128971e-18   3696
  6.862246e+00   6.351382e-17   3.956350e-03   9.867615e-19   4560
  6.875897e+00   6.317274e-17   3.705786e-03   1.093179e-18   3864
  6.889918e+00   6.575680e-17   4.035033e-03   1.036830e-18   4440
  6.903205e+00   6.471400e-17   3.764781e-03   1.188126e-18   3432
  6.917168e+00   6.209970e-17   3.691446e-03   1.029559e-18   4470
  6.930903e+00   6.028704e-17   3.280469e-03   9.979891e-19   4188
  6.944404e+00   6.239359e-17   4.202742e-03   1.032078e-18   4392
  6.957812e+00   6.291918e-17   3.251220e-03   1.122797e-18   3960
  6.971756e+00   6.044692e-17   3.672933e-03   9.839039e-19   4328
  6.985263e+00   5.839949e-17   3.822434e-03   9.457524e-19   4320
  6.998915e+00   6.087405e-17   3.997076e-03   1.027352e-18   4152
  7.011574e+00   5.928774e-17   3.343614e-03   1.134139e-18   3528
  7.025890e+00   5.662778e-17   3.618951e-03   8.959476e-19   4512
  7.039283e+00   5.524798e-17   3.699459e-03   8.863892e-19   4134
  7.052888e+00   5.513038e-17   3.941164e-03   8.293346e-19   5208
  7.065972e+00   5.258501e-17   3.433716e-03   1.016690e-18   3240
  7.079508e+00   5.504722e-17   3.787232e-03   8.647605e-19   4680
  7.093285e+00   5.244183e-17   3.749666e-03   8.729928e-19   4440
  7.107078e+00   5.354772e-17   4.248981e-03   8.574773e-19   4260
  7.120308e+00   5.300841e-17   3.468882e-03   8.887312e-19   4056
  7.133932e+00   5.586762e-17   3.845862e-03   8.713549e-19   4704
  7.148231e+00   5.208947e-17   4.475317e-03   8.116191e-19   4800
  7.163348e+00   4.836122e-17   3.877518e-03   7.368885e-19   4806
  7.176410e+00   4.993918e-17   3.865268e-03   9.276979e-19   3552
  7.188851e+00   4.991686e-17   3.875633e-03   7.872885e-19   4304
  7.202898e+00   4.817365e-17   3.758487e-03   6.990201e-19   5280
  7.216787e+00   4.962329e-17   3.605632e-03   8.095097e-19   4320
  7.229935e+00   4.538220e-17   4.071704e-03   7.554005e-19   4296
  7.243800e+00   5.020194e-17   4.526721e-03   7.973346e-19   4608
  7.257822e+00   4.840220e-17   4.336841e-03   7.577392e-19   4824
  7.271703e+00   4.923939e-17   4.094286e-03   7.868064e-19   4488
  7.286600e+00   4.602459e-17   3.822456e-03   7.357818e-19   4530
  7.298900e+00   4.401761e-17   3.732313e-03   7.169622e-19   4464
  7.311208e+00   4.459880e-17   3.517428e-03   7.795692e-19   4104
  7.325339e+00   4.431108e-17   3.792522e-03   6.803971e-19   5424
  7.339239e+00   4.251582e-17   4.082418e-03   6.893893e-19   4392
  7.353384e+00   4.429785e-17   3.996852e-03   6.900172e-19   4896
  7.366230e+00   4.400947e-17   3.917732e-03   7.551008e-19   4104
  7.379634e+00   4.265934e-17   3.532761e-03   6.872704e-19   4824
  7.393776e+00   4.105981e-17   3.376492e-03   6.352750e-19   4680
  7.406096e+00   4.147045e-17   3.453413e-03   6.791108e-19   4328
  7.420397e+00   4.040529e-17   3.980891e-03   6.420886e-19   5118
  7.434767e+00   4.173388e-17   4.612116e-03   6.348100e-19   5304
  7.447735e+00   3.978038e-17   3.631827e-03   6.723010e-19   4392
  7.461864e+00   4.127391e-17   3.645220e-03   6.994883e-19   4476
  7.474220e+00   3.873246e-17   3.620136e-03   6.018074e-19   4704
  7.487968e+00   4.067267e-17   4.381742e-03   6.395235e-19   5208
  7.502418e+00   3.838044e-17   3.694542e-03   5.448611e-19   5304
  7.515732e+00   4.102008e-17   3.957369e-03   6.520270e-19   4296
  7.529385e+00   3.852779e-17   3.752608e-03   6.030380e-19   4752
  7.543730e+00   3.598424e-17   3.767007e-03   5.803022e-19   4950
  7.556622e+00   3.653549e-17   3.937534e-03   5.485785e-19   5064
  7.569518e+00   3.611502e-17   3.299143e-03   5.793263e-19   4872
  7.582558e+00   3.592960e-17   3.473093e-03   5.899179e-19   4224
  7.596482e+00   3.340306e-17   3.836467e-03   4.499486e-19   6120
  7.611299e+00   3.536047e-17   4.220602e-03   5.455950e-19   4968
  7.624740e+00   3.388251e-17   3.734866e-03   5.686362e-19   4424
  7.638645e+00   3.391350e-17   4.770498e-03   4.767225e-19   5436
  7.652381e+00   3.235434e-17   4.067269e-03   5.127577e-19   4896
  7.665661e+00   3.253741e-17   3.893965e-03   4.699871e-19   5214
  7.678461e+00   3.192870e-17   3.310074e-03   5.214499e-19   4656
  7.692685e+00   3.081083e-17   4.208491e-03   4.578144e-19   5448
  7.706276e+00   3.334833e-17   3.554381e-03   5.025149e-19   4992
  7.719584e+00   3.160373e-17   3.933714e-03   4.732951e-19   5400
  7.734212e+00   3.038971e-17   4.359773e-03   4.214848e-19   5328
  7.747690e+00   2.961964e-17   3.898436e-03   4.608444e-19   4776
  7.760371e+00   3.067929e-17   3.663227e-03   4.675357e-19   4800
  7.774459e+00   3.128444e-17   4.710721e-03   3.990615e-19   6552
  7.789199e+00   2.934433e-17   3.558885e-03   5.122806e-19   3942
  7.801972e+00   2.915154e-17   4.485571e-03   4.064099e-19   6072
  7.816115e+00   2.780330e-17   3.483659e-03   4.558495e-19   4692
  7.827973e+00   2.797286e-17   3.636885e-03   4.164367e-19   4944
  7.841863e+00   2.824489e-17   3.903498e-03   3.935343e-19   5840
  7.856124e+00   2.733923e-17   4.178533e-03   3.869711e-19   5712
  7.870165e+00   2.652263e-17   3.501880e-03   4.146929e-19   4800
  7.882974e+00   2.658705e-17   4.637724e-03   3.863654e-19   5688
  7.897004e+00   2.527084e-17   3.659067e-03   4.017892e-19   4848
  7.910908e+00   2.533885e-17   4.072759e-03   3.932751e-19   5406
  7.924104e+00   1.931716e-17   3.676325e-03   2.845441e-19   5568
  7.937355e+00   1.980401e-17   3.304770e-03   2.852504e-19   5736
  7.951674e+00   1.877010e-17   4.104312e-03   2.769231e-19   5280
  7.964668e+00   1.913006e-17   3.794736e-03   2.751520e-19   5592
  7.978044e+00   1.824799e-17   4.343968e-03   2.763654e-19   4968
  7.992185e+00   1.821830e-17   3.894947e-03   2.492146e-19   5964
  8.005981e+00   1.817323e-17   3.913047e-03   2.580439e-19   5376
  8.018517e+00   1.773364e-17   3.778288e-03   2.530854e-19   5472
  8.033050e+00   1.659401e-17   3.588288e-03   2.381362e-19   5472
  8.046339e+00   1.658412e-17   4.079766e-03   2.485947e-19   5415
  8.059218e+00   1.617932e-17   3.588648e-03   2.389234e-19   5096
  8.073151e+00   1.648759e-17   4.614911e-03   2.152635e-19   6372
  8.087246e+00   1.647122e-17   3.746176e-03   2.730969e-19   4656
  8.099878e+00   1.570486e-17   4.089625e-03   2.259487e-19   5844
  8.113469e+00   1.484126e-17   3.595730e-03   2.143720e-19   5508
  8.127874e+00   1.475928e-17   4.079049e-03   2.033992e-19   6324
  8.142009e+00   1.531213e-17   3.503908e-03   2.291837e-19   4752
  8.154927e+00   1.449419e-17   3.922916e-03   2.044719e-19   5676
  8.168912e+00   1.442357e-17   3.588715e-03   2.160362e-19   5472
  8.182185e+00   1.437639e-17   4.047970e-03   2.071872e-19   5556
  8.196444e+00   1.428190e-17   3.944669e-03   2.059018e-19   5436
  8.210207e+00   1.410601e-17   4.037644e-03   1.934679e-19   5916
  8.224340e+00   1.366950e-17   4.200926e-03   1.896622e-19   5520
  8.237065e+00   1.332785e-17   3.820545e-03   1.936443e-19   5280
  8.250104e+00   1.349198e-17   3.754028e-03   2.136513e-19   4416
  8.264815e+00   1.304910e-17   3.659260e-03   1.693560e-19   6260
  8.278635e+00   1.245705e-17   4.351307e-03   1.760997e-19   5940
  8.291152e+00   1.282106e-17   3.407784e-03   2.151827e-19   4188
  8.304933e+00   1.201085e-17   4.357141e-03   1.603088e-19   6360
  8.319422e+00   1.156471e-17   3.886387e-03   1.652630e-19   5256
  8.332880e+00   1.153672e-17   3.673916e-03   1.725295e-19   4848
  8.344411e+00   1.167064e-17   3.330596e-03   1.819991e-19   4704
  8.358606e+00   1.183719e-17   4.085775e-03   1.640160e-19   5784
  8.373047e+00   1.119816e-17   4.323222e-03   1.525073e-19   5820
  8.386987e+00   1.111778e-17   3.872681e-03   1.608184e-19   5700
  8.401010e+00   1.087963e-17   3.591376e-03   1.619462e-19   5232
  8.415051e+00   1.116051e-17   3.984940e-03   1.657199e-19   4932
  8.427489e+00   1.113554e-17   3.429992e-03   1.684862e-19   4716
  8.440557e+00   1.052521e-17   4.369071e-03   1.535462e-19   5616
  8.454004e+00   9.935825e-18   3.858530e-03   1.394241e-19   5184
  8.467873e+00   1.022719e-17   3.892310e-03   1.528745e-19   5064
  8.480954e+00   1.006412e-17   3.985538e-03   1.442638e-19   5544
  8.495461e+00   9.897210e-18   4.000807e-03   1.467492e-19   5192
  8.508660e+00   9.537240e-18   3.595349e-03   1.385107e-19   5244
  8.522539e+00   9.796552e-18   3.890208e-03   1.425659e-19   5112
  8.536336e+00   9.277773e-18   3.570029e-03   1.355637e-19   5040
  8.548997e+00   9.075844e-18   3.753229e-03   1.349801e-19   5124
  8.563784e+00   9.246825e-18   4.213504e-03   1.199357e-19   5952
  8.577433e+00   9.247105e-18   3.691886e-03   1.415390e-19   4824
  8.589806e+00   9.201441e-18   3.726497e-03   1.459786e-19   4536
  8.604129e+00   8.811347e-18   3.960926e-03   1.259129e-19   5712
  8.618841e+00   8.506920e-18   4.334333e-03   1.243905e-19   5352
  8.632715e+00   8.815529e-18   3.775364e-03   1.250222e-19   5004
  8.645110e+00   8.502791e-18   3.776392e-03   1.334307e-19   4800
  8.658430e+00   8.115189e-18   4.058247e-03   1.188948e-19   5148
  8.673187e+00   7.951354e-18   4.215016e-03   1.132214e-19   5664
  8.686522e+00   7.994145e-18   3.785694e-03   1.242458e-19   4692
  8.698842e+00   7.777606e-18   3.516957e-03   1.253680e-19   4008
  8.713211e+00   7.778973e-18   4.031193e-03   1.073011e-19   5852
  8.727819e+00   7.619035e-18   3.817164e-03   1.065226e-19   5784
  8.740793e+00   7.779273e-18   3.518761e-03   1.286237e-19   4392
  8.754148e+00   7.340726e-18   3.451568e-03   1.114412e-19   4944
  8.768168e+00   7.541784e-18   4.069341e-03   1.139686e-19   4776
  8.781390e+00   7.224909e-18   3.914928e-03   1.022508e-19   5244
  8.795740e+00   7.248392e-18   3.908022e-03   1.050810e-19   4884
  8.807779e+00   7.016699e-18   3.314306e-03   1.125324e-19   4488
  8.821780e+00   6.801507e-18   3.938271e-03   9.977933e-20   5160
  8.835879e+00   6.670987e-18   4.009709e-03   9.492553e-20   5316
  8.849460e+00   6.884222e-18   4.054096e-03   1.032592e-19   4896
  8.862698e+00   6.485244e-18   3.766964e-03   1.006739e-19   4188
  8.876040e+00   6.875914e-18   4.108738e-03   1.055546e-19   4836
  8.889663e+00   6.459629e-18   4.075904e-03   9.184097e-20   5316
  8.903463e+00   6.550745e-18   3.772744e-03   9.627783e-20   4920
  8.916368e+00   6.386500e-18   3.800756e-03   1.013457e-19   4128
  8.930215e+00   6.487334e-18   4.088729e-03   9.118125e-20   5348
  8.943842e+00   6.213048e-18   3.547787e-03   9.224744e-20   4836
  8.956853e+00   6.182172e-18   3.822856e-03   9.701535e-20   4392
  8.970868e+00   6.001148e-18   3.358691e-03   9.501298e-20   4632
  8.983486e+00   5.780005e-18   3.752803e-03   9.254612e-20   4596
  8.997977e+00   5.712369e-18   3.773963e-03   8.079146e-20   5424
  9.012312e+00   5.819193e-18   3.884614e-03   8.380394e-20   5256
  9.027082e+00   5.981017e-18   3.945289e-03   9.534813e-20   4524
  9.039381e+00   5.582996e-18   3.752749e-03   8.817101e-20   4440
  9.053157e+00   5.571192e-18   3.209082e-03   8.532565e-20   4380
  9.066638e+00   5.329120e-18   4.199636e-03   8.084595e-20   4812
  9.080988e+00   5.257965e-18   4.171231e-03   7.855771e-20   5376
  9.094107e+00   5.449428e-18   3.331699e-03   9.589166e-20   3888
  9.106679e+00   5.444795e-18   3.815180e-03   8.559612e-20   4896
  9.120705e+00   5.205839e-18   4.025639e-03   8.077671e-20   4608
  9.135432e+00   4.971326e-18   3.799955e-03   7.676813e-20   4448
  9.148250e+00   5.120476e-18   3.922592e-03   7.588897e-20   4752
  9.161757e+00   5.065865e-18   4.108670e-03   8.137907e-20   4356
  9.175960e+00   4.926585e-18   3.953830e-03   7.047490e-20   5232
  9.190083e+00   4.778980e-18   3.984470e-03   7.438077e-20   4548
  9.203776e+00   4.787990e-18   3.873408e-03   7.434377e-20   4608
  9.217142e+00   4.966243e-18   3.518679e-03   8.162240e-20   3936
  9.229761e+00   4.601383e-18   4.205845e-03   7.449929e-20   4260
  9.243941e+00   4.604103e-18   3.770601e-03   6.623918e-20   5004
  9.256906e+00   4.444970e-18   3.725991e-03   6.855047e-20   4224
  9.271122e+00   4.493392e-18   4.025551e-03   6.856374e-20   4788
  9.284930e+00   4.298743e-18   4.233557e-03   6.849392e-20   4428
  9.298384e+00   4.609402e-18   3.537707e-03   7.499187e-20   4080
  9.311336e+00   4.333605e-18   3.868160e-03   6.429113e-20   4632
  9.324972e+00   4.356649e-18   4.022591e-03   7.413665e-20   4056
  9.339306e+00   4.021432e-18   3.787339e-03   6.231000e-20   4536
  9.352403e+00   4.096824e-18   3.862837e-03   6.528191e-20   4668
  9.366745e+00   3.993251e-18   4.140272e-03   6.200442e-20   4604
  9.380714e+00   4.009981e-18   3.720074e-03   6.516541e-20   4152
  9.393605e+00   4.206208e-18   3.605343e-03   7.042331e-20   4224
  9.407270e+00   3.998626e-18   3.466268e-03   6.219363e-20   4152
  9.420923e+00   3.767010e-18   3.931888e-03   6.323001e-20   4224
  9.434196e+00   3.575914e-18   3.636203e-03   6.089556e-20   3960
  9.446982e+00   3.782959e-18   3.752332e-03   5.992239e-20   4656
  9.460948e+00   3.553616e-18   4.048690e-03   5.629924e-20   4452
  9.475269e+00   3.800601e-18   4.116161e-03   6.002841e-20   4056
  9.488596e+00   3.698643e-18   4.078615e-03   5.954246e-20   4212
  9.502096e+00   3.859700e-18   3.389500e-03   7.072654e-20   3432
  9.515777e+00   3.447778e-18   4.336159e-03   5.070158e-20   5352
  9.529148e+00   3.307330e-18   3.175719e-03   5.787455e-20   3600
  9.543704e+00   3.374501e-18   3.502875e-03   5.472866e-20   4584
  9.556413e+00   3.287294e-18   3.492560e-03   5.555118e-20   3768
  9.569504e+00   3.353127e-18   3.728359e-03   5.475717e-20   3848
  9.582571e+00   3.285315e-18   3.418481e-03   5.756754e-20   3720
  9.597389e+00   3.320225e-18   4.290699e-03   5.032947e-20   4764
  9.610471e+00   3.181642e-18   3.455204e-03   5.716513e-20   3864
  9.623905e+00   2.971710e-18   4.279686e-03   4.661023e-20   4332
  9.638558e+00   3.061937e-18   3.653823e-03   5.083268e-20   3792
  9.651651e+00   3.271508e-18   4.144519e-03   5.239646e-20   4284
  9.665527e+00   3.042510e-18   3.924401e-03   5.269078e-20   3840
  9.678659e+00   3.107403e-18   3.735517e-03   5.834148e-20   3480
  9.691996e+00   2.963167e-18   4.168119e-03   4.719001e-20   4380
  9.706412e+00   2.907816e-18   3.915217e-03   4.762173e-20   4200
  9.720578e+00   2.835746e-18   3.763239e-03   4.706930e-20   4056
  9.733733e+00   2.850543e-18   3.782207e-03   4.873559e-20   3600
  9.746058e+00   2.920947e-18   3.768375e-03   5.164853e-20   3492
  9.760459e+00   2.791232e-18   4.400611e-03   4.407706e-20   4500
  9.775152e+00   2.761883e-18   3.855530e-03   4.981572e-20   3516
  9.787780e+00   2.534619e-18   4.030599e-03   4.355181e-20   3968
  9.801933e+00   2.564789e-18   3.873755e-03   4.471609e-20   3648
  9.814461e+00   2.699307e-18   3.704379e-03   4.355047e-20   4224
  9.828664e+00   2.839766e-18   4.157831e-03   4.999202e-20   3588
  9.841991e+00   2.664032e-18   3.835114e-03   4.779652e-20   3456
  9.855400e+00   2.642713e-18   3.406055e-03   4.460066e-20   3660
  9.869258e+00   2.524911e-18   3.738544e-03   4.483103e-20   3768
  9.882173e+00   2.449278e-18   3.780772e-03   4.228262e-20   3744
  9.896044e+00   2.468991e-18   4.150018e-03   4.025889e-20   4176
  9.910801e+00   2.407832e-18   3.827936e-03   4.088915e-20   3612
  9.922997e+00   2.464941e-18   4.159911e-03   4.693741e-20   3216
  9.936956e+00   2.347259e-18   4.021925e-03   4.014388e-20   3624
  9.950989e+00   2.228525e-18   3.781932e-03   4.038434e-20   3744
  9.964551e+00   2.324854e-18   4.035291e-03   3.986715e-20   3672
  9.977933e+00   2.297915e-18   3.659310e-03   4.178360e-20   3852
  9.991750e+00   2.238187e-18   3.766272e-03   3.901998e-20   3672
  1.000645e+01   2.371025e-18   3.669608e-03   4.416675e-20   3248
  1.001872e+01   2.329164e-18   3.756103e-03   4.248585e-20   3336
  1.003212e+01   2.268220e-18   3.823377e-03   4.048662e-20   3576
  1.004582e+01   2.098249e-18   3.245703e-03   3.903751e-20   3336
  1.005978e+01   2.150249e-18   3.855326e-03   3.506257e-20   3936
  1.007355e+01   2.144074e-18   4.106031e-03   4.296286e-20   3408
  1.008721e+01   2.089472e-18   3.617479e-03   3.879184e-20   3336
  1.010048e+01   2.068787e-18   4.063257e-03   3.704376e-20   3312
  1.011375e+01   2.039195e-18   4.114093e-03   3.546131e-20   3432
  1.012788e+01   2.080749e-18   3.566754e-03   3.966946e-20   3144
  1.014078e+01   1.990994e-18   3.872067e-03   3.674972e-20   3456
  1.015528e+01   1.921386e-18   3.721500e-03   3.317324e-20   3792
  1.016839e+01   1.919607e-18   3.655557e-03   3.867210e-20   2868
  1.018255e+01   2.053591e-18   3.787143e-03   3.594958e-20   3888
  1.019578e+01   1.926954e-18   3.288419e-03   4.032664e-20   2784
  1.020881e+01   1.905427e-18   3.755468e-03   3.722536e-20   2964
  1.022304e+01   1.853931e-18   3.867395e-03   3.422094e-20   3432
  1.023659e+01   1.768776e-18   4.003143e-03   3.105712e-20   3416
  1.025029e+01   1.829163e-18   4.279009e-03   3.274875e-20   3528
  1.026432e+01   1.792426e-18   3.434210e-03   3.426120e-20   2904
  1.027673e+01   1.929622e-18   3.850756e-03   3.773792e-20   3072
  1.029117e+01   1.851615e-18   4.324841e-03   3.465592e-20   3216
  1.030559e+01   1.712048e-18   3.502662e-03   3.296379e-20   2844
  1.031826e+01   1.706046e-18   4.008153e-03   3.192793e-20   3432
  1.033126e+01   1.721834e-18   3.221608e-03   3.318575e-20   2880
  1.034579e+01   1.655587e-18   4.267481e-03   2.782787e-20   3576
  1.035947e+01   1.597888e-18   3.814530e-03   3.123020e-20   2700
  1.037258e+01   1.791490e-18   4.284663e-03   3.543875e-20   3000
  1.038630e+01   1.653016e-18   3.557547e-03   3.322388e-20   2556
  1.039962e+01   1.531105e-18   3.812983e-03   2.735744e-20   3360
  1.041340e+01   1.527040e-18   3.704919e-03   2.884766e-20   3120
  1.042824e+01   1.598463e-18   4.361864e-03   3.003278e-20   3216
  1.044102e+01   1.587313e-18   3.076304e-03   3.392002e-20   2628
  1.045538e+01   1.538482e-18   4.066431e-03   2.804910e-20   3200
  1.046849e+01   1.593861e-18   3.836286e-03   3.513027e-20   2232
  1.048172e+01   1.562359e-18   4.379000e-03   2.937516e-20   3108
  1.049489e+01   1.423673e-18   3.846700e-03   2.984733e-20   2604
  1.050838e+01   1.538797e-18   4.143983e-03   3.097583e-20   3096
  1.052321e+01   1.436510e-18   3.775712e-03   2.747765e-20   3084
  1.053608e+01   1.440381e-18   3.853056e-03   2.982658e-20   2664
  1.054934e+01   1.471724e-18   3.397791e-03   3.389456e-20   2232
  1.056233e+01   1.463700e-18   4.185566e-03   2.889929e-20   2808
  1.057656e+01   1.361143e-18   3.953914e-03   2.889045e-20   2592
  1.058985e+01   1.310472e-18   4.059168e-03   2.570203e-20   2952
  1.060381e+01   1.304651e-18   3.832353e-03   2.505112e-20   2772
  1.061738e+01   1.327768e-18   4.121455e-03   2.577556e-20   3036
  1.063158e+01   1.328086e-18   3.997831e-03   2.995205e-20   2136
  1.064453e+01   1.425229e-18   3.188280e-03   3.137429e-20   2496
  1.065782e+01   1.317005e-18   4.246551e-03   3.015776e-20   2228
  1.067168e+01   1.261232e-18   3.959147e-03   2.320038e-20   3048
  1.068548e+01   1.253332e-18   3.781893e-03   2.510356e-20   2676
  1.069919e+01   1.324490e-18   3.767600e-03   2.553472e-20   2784
  1.071230e+01   1.232745e-18   3.660231e-03   2.858571e-20   1920
  1.072544e+01   1.246034e-18   3.906352e-03   2.638496e-20   2400
  1.073968e+01   1.300385e-18   3.582931e-03   2.841955e-20   2532
  1.075441e+01   1.143496e-18   3.979779e-03   2.260448e-20   2544
  1.076766e+01   1.160332e-18   4.163389e-03   2.277352e-20   2772
  1.078071e+01   1.177663e-18   3.899689e-03   2.660815e-20   2160
  1.079368e+01   1.155872e-18   4.200336e-03   2.605562e-20   2304
  1.080867e+01   1.197474e-18   4.110246e-03   2.582016e-20   2328
  1.082212e+01   1.165873e-18   3.940858e-03   2.425790e-20   2304
  1.083458e+01   1.140624e-18   3.726627e-03   2.581613e-20   1908
  1.084874e+01   1.107347e-18   4.167993e-03   2.225246e-20   2736
  1.086239e+01   1.098854e-18   3.949170e-03   2.310075e-20   2448
  1.087690e+01   1.054687e-18   3.692261e-03   2.407806e-20   2040
  1.089004e+01   1.125329e-18   3.844396e-03   2.496599e-20   2120
  1.090267e+01   1.115639e-18   3.187394e-03   2.572916e-20   2040
  1.091626e+01   1.096616e-18   3.954536e-03   2.308283e-20   2208
  1.093164e+01   1.021658e-18   3.550574e-03   2.316552e-20   2208
  1.094410e+01   1.030819e-18   3.934714e-03   2.265254e-20   2196
  1.095698e+01   1.044817e-18   3.461225e-03   2.503131e-20   1848
  1.097008e+01   1.059949e-18   3.925487e-03   2.332081e-20   2124
  1.098474e+01   1.019203e-18   4.117751e-03   2.275626e-20   2328
  1.099905e+01   1.028105e-18   4.192229e-03   2.452084e-20   1920
  1.101296e+01   1.014835e-18   3.848418e-03   2.478690e-20   1548
  1.102533e+01   1.000083e-18   4.221595e-03   2.053188e-20   2388
  1.103993e+01   9.961290e-19   3.906588e-03   2.222865e-20   2160
  1.105330e+01   9.447102e-19   3.555737e-03   2.308985e-20   1704
  1.106610e+01   9.396380e-19   4.005852e-03   2.081305e-20   1776
  1.107822e+01   9.499649e-19   3.746969e-03   2.308080e-20   1800
  1.109354e+01   9.804864e-19   4.325530e-03   2.379337e-20   1700
  1.110784e+01   9.398225e-19   3.894621e-03   1.916430e-20   2292
  1.112117e+01   9.514497e-19   3.615364e-03   2.413005e-20   1704
  1.113374e+01   9.535461e-19   4.042583e-03   2.352589e-20   1728
  1.114751e+01   9.355838e-19   3.741502e-03   2.280155e-20   1728
  1.116101e+01   9.565516e-19   3.737983e-03   2.417885e-20   1680
  1.117537e+01   8.918660e-19   4.306268e-03   2.108214e-20   1704
  1.118967e+01   9.029112e-19   3.381709e-03   2.114901e-20   1752
  1.120245e+01   9.442479e-19   4.020210e-03   2.205449e-20   1872
  1.121629e+01   8.439466e-19   3.940248e-03   2.259603e-20   1500
  1.123032e+01   8.466791e-19   3.450264e-03   2.080176e-20   1656
  1.124395e+01   8.672725e-19   3.699339e-03   2.291689e-20   1464
  1.125606e+01   8.618025e-19   3.240250e-03   2.141804e-20   1488
  1.127092e+01   8.445113e-19   3.910741e-03   2.175722e-20   1680
  1.128450e+01   8.787751e-19   4.085744e-03   2.263778e-20   1692
  1.129720e+01   8.784966e-19   3.912307e-03   2.805418e-20   1128
  1.131130e+01   8.709658e-19   3.767213e-03   2.503656e-20   1536
  1.132506e+01   8.449331e-19   3.926941e-03   2.067780e-20   1616
  1.133898e+01   8.636291e-19   3.786801e-03   2.155291e-20   1476
  1.135302e+01   8.576714e-19   4.167468e-03   2.312814e-20   1176
  1.136555e+01   7.808239e-19   4.477500e-03   1.903927e-20   1656
  1.137919e+01   8.835352e-19   3.933069e-03   3.054161e-20   891
  1.139326e+01   7.814645e-19   4.192686e-03   2.000512e-20   1596
  1.140696e+01   7.759506e-19   3.656134e-03   2.074958e-20   1422
  1.142048e+01   7.650779e-19   3.505987e-03   2.122716e-20   1254
  1.143319e+01   8.034149e-19   3.581765e-03   2.611554e-20   918
  1.144682e+01   8.058498e-19   3.920026e-03   2.012234e-20   1614
  1.146054e+01   7.734068e-19   3.386171e-03   2.608266e-20   798
  1.147418e+01   7.423989e-19   4.340669e-03   2.018493e-20   1458
  1.148802e+01   7.545127e-19   3.974605e-03   2.048567e-20   1374
  1.150169e+01   7.717451e-19   3.394577e-03   2.600603e-20   984
  1.151525e+01   7.542205e-19   4.670468e-03   2.450427e-20   1062
  1.152907e+01   8.035643e-19   3.959103e-03   2.209173e-20   1246
  1.154249e+01   7.067401e-19   3.671067e-03   2.100952e-20   1072
  1.155682e+01   6.837030e-19   3.975530e-03   1.995906e-20   1110
  1.157007e+01   6.799333e-19   4.306909e-03   1.945415e-20   1254
  1.158399e+01   6.776430e-19   4.087484e-03   2.140113e-20   1032
  1.159916e+01   8.017095e-19   3.787024e-03   2.714655e-20   786
  1.161070e+01   6.547077e-19   3.882517e-03   1.997360e-20   1152
  1.162421e+01   6.548011e-19   4.231557e-03   1.952648e-20   1086
  1.163828e+01   6.238820e-19   3.817809e-03   2.004630e-20   912
  1.165129e+01   7.141394e-19   3.826999e-03   2.251776e-20   1062
  1.166457e+01   6.934437e-19   3.814594e-03   2.297100e-20   912
  1.167991e+01   6.253494e-19   4.258338e-03   2.363761e-20   750
  1.169187e+01   6.524003e-19   4.102940e-03   1.827226e-20   1200
  1.170571e+01   6.028454e-19   3.715535e-03   2.043702e-20   918
  1.171947e+01   5.796682e-19   3.856601e-03   2.106273e-20   876
  1.173345e+01   7.295259e-19   3.369895e-03   2.283207e-20   870
  1.174569e+01   6.129365e-19   3.930446e-03   2.248954e-20   768
  1.176004e+01   5.873788e-19   3.602462e-03   2.186688e-20   830
  1.177333e+01   6.129331e-19   3.729870e-03   1.870099e-20   1080
  1.178709e+01   6.309780e-19   4.196592e-03   2.368549e-20   840
  1.180097e+01   5.718776e-19   4.040856e-03   2.007977e-20   798
  1.181670e+01   6.190366e-19   3.207290e-03   2.116456e-20   792
  1.182890e+01   5.343504e-19   3.740740e-03   2.063752e-20   726
  1.184171e+01   5.059836e-19   4.191707e-03   1.617790e-20   864
  1.185573e+01   5.935850e-19   3.588004e-03   2.155498e-20   900
  1.186995e+01   5.497288e-19   3.987579e-03   2.066219e-20   726
  1.188214e+01   6.234132e-19   3.451076e-03   2.579722e-20   576
  1.189842e+01   5.642008e-19   3.591459e-03   1.815533e-20   840
  1.190986e+01   5.047169e-19   3.728159e-03   1.744153e-20   750
  1.192343e+01   4.967298e-19   3.739480e-03   1.924854e-20   720
  1.193622e+01   5.511629e-19   3.783051e-03   2.242378e-20   702
  1.195116e+01   4.995573e-19   4.131600e-03   2.015366e-20   696
  1.196345e+01   5.501141e-19   3.694940e-03   2.209414e-20   480
  1.197794e+01   5.158190e-19   3.501108e-03   2.009875e-20   830
  1.199077e+01   4.575374e-19   4.072924e-03   1.791686e-20   756
  1.200515e+01   4.891567e-19   3.910723e-03   1.974174e-20   624
  1.201783e+01   4.709081e-19   4.132228e-03   2.151678e-20   582
  1.203283e+01   5.067550e-19   3.171578e-03   2.114262e-20   576
  1.204580e+01   4.968039e-19   4.247779e-03   1.990264e-20   624
  1.205910e+01   5.005849e-19   3.469160e-03   1.889377e-20   702
  1.207227e+01   4.689233e-19   3.990462e-03   1.952022e-20   624
  1.208791e+01   4.927484e-19   3.860504e-03   2.027175e-20   672
  1.210064e+01   5.464703e-19   2.889949e-03   3.026872e-20   342
  1.211463e+01   5.030315e-19   3.612817e-03   2.097990e-20   660
  1.212750e+01   4.054940e-19   3.713819e-03   1.767703e-20   576
  1.214078e+01   4.649308e-19   3.610581e-03   1.872894e-20   600
  1.215420e+01   4.204764e-19   4.176133e-03   1.840342e-20   510
  1.216931e+01   4.438673e-19   3.912411e-03   1.688773e-20   600
  1.218096e+01   5.486655e-19   3.116086e-03   3.844402e-20   216
  1.219452e+01   4.115654e-19   3.792817e-03   1.588653e-20   758
  1.221033e+01   3.792359e-19   4.152329e-03   1.562923e-20   576
  1.222419e+01   4.340392e-19   3.525214e-03   1.841881e-20   528
  1.223670e+01   4.024115e-19   2.427615e-03   1.948638e-20   318
  1.225013e+01   4.632738e-19   4.193726e-03   2.232580e-20   540
  1.226602e+01   4.107610e-19   2.964901e-03   2.176755e-20   384
  1.227678e+01   3.882110e-19   4.096461e-03   1.875729e-20   576
  1.229079e+01   4.151172e-19   3.347568e-03   2.029113e-20   414
  1.230405e+01   4.207146e-19   3.738140e-03   1.873469e-20   504
  1.231820e+01   3.678347e-19   4.103605e-03   2.130448e-20   312
  1.233179e+01   4.511353e-19   3.717916e-03   2.182651e-20   414
  1.234528e+01   3.650696e-19   3.434758e-03   1.859949e-20   432
  1.235783e+01   3.703075e-19   4.548844e-03   1.617456e-20   504
  1.237236e+01   3.554646e-19   4.381048e-03   1.754304e-20   432
  1.238596e+01   4.023240e-19   3.588736e-03   2.169214e-20   354
  1.239982e+01   3.953811e-19   5.222048e-03   2.827650e-20   200
  1.241170e+01   3.316988e-19   3.705212e-03   1.447496e-20   480
  1.242776e+01   3.394731e-19   4.234016e-03   1.284570e-20   552
  1.244249e+01   3.876280e-19   2.637454e-03   2.091111e-20   366
  1.245384e+01   4.373271e-19   2.807703e-03   2.881149e-20   240
  1.246633e+01   4.031336e-19   3.925282e-03   2.335216e-20   288
  1.248391e+01   3.389794e-19   2.697682e-03   1.801868e-20   366
  1.249528e+01   3.172533e-19   4.373795e-03   1.474919e-20   408
  1.250797e+01   3.711843e-19   3.287965e-03   2.219811e-20   360
  1.252110e+01   3.691292e-19   3.064933e-03   2.454255e-20   324
  1.253383e+01   3.657280e-19   3.619784e-03   2.614877e-20   174
  1.254899e+01   3.187392e-19   4.158623e-03   2.270874e-20   264
  1.256323e+01   2.990797e-19   3.792868e-03   1.277758e-20   456
  1.257742e+01   2.955935e-19   3.813877e-03   1.426432e-20   360
  1.258909e+01   3.714666e-19   4.201352e-03   2.292599e-20   270
  1.260339e+01   3.510064e-19   4.595030e-03   2.345264e-20   240
  1.262129e+01   3.657743e-19   3.348535e-03   2.656411e-20   120
  1.263009e+01   3.006702e-19   3.495757e-03   1.423358e-20   320
  1.264430e+01   3.130877e-19   4.325399e-03   1.372480e-20   462
  1.265918e+01   3.496929e-19   2.516547e-03   1.979166e-20   276
  1.267211e+01   2.996963e-19   2.854984e-03   2.921574e-20   144
  1.268457e+01   3.329342e-19   2.998289e-03   2.264043e-20   120
  1.270112e+01   2.918706e-19   2.270494e-03   2.002690e-20   294
  1.271363e+01   2.917985e-19   4.027978e-03   1.579526e-20   384
  1.272531e+01   3.101308e-19   2.666495e-03   2.309924e-20   216
  1.273648e+01   3.673336e-19   2.476291e-03   2.822192e-20   168
  1.274910e+01   3.692186e-19   2.946391e-03   4.382488e-20   102
  1.276735e+01   2.727995e-19   4.470257e-03   2.271210e-20   168
  1.278014e+01   2.643366e-19   3.912551e-03   1.401952e-20   384
  1.279417e+01   3.054483e-19   3.975249e-03   1.749955e-20   300
  1.280722e+01   2.286240e-19   4.256630e-03   1.819748e-20   144
  1.282194e+01   2.570352e-19   4.359391e-03   2.393432e-20   102
  1.283959e+01   3.771446e-19   1.031965e-03   5.006666e-20   56
  1.284805e+01   2.636835e-19   3.359809e-03   1.246540e-20   288
  1.286132e+01   2.953894e-19   4.372359e-03   1.520205e-20   360
  1.287576e+01   3.121298e-19   2.345472e-03   2.976774e-20   126
  1.288793e+01   3.338573e-19   1.155171e-03   3.285116e-20   72
  1.290120e+01   4.012181e-19   6.120115e-04   6.896629e-20   48
  1.291851e+01   2.700045e-19   2.475877e-03   1.898440e-20   240
  1.292989e+01   2.524380e-19   3.673549e-03   1.893363e-20   306
  1.294153e+01   2.572344e-19   2.041676e-03   2.025521e-20   120
  1.295495e+01   3.121953e-19   5.024838e-03   3.223591e-20   96
  1.296469e+01   2.807421e-19   0.000000e+00   4.950306e-20   24
  1.298660e+01   2.117060e-19   4.351382e-03   1.597737e-20   120
  1.299733e+01   2.439563e-19   3.763148e-03   1.170106e-20   318
  1.301046e+01   2.622345e-19   4.021435e-03   2.336767e-20   168
  1.302485e+01   2.615156e-19   4.315451e-03   2.879819e-20   72
  1.304060e+01   5.292022e-19   0.000000e+00   8.690187e-20   24
  1.305754e+01   6.766330e-19   2.094735e-03   1.393829e-19   14
  1.306560e+01   2.715452e-19   3.303864e-03   1.482030e-20   288
  1.307812e+01   2.496984e-19   3.974728e-03   1.783280e-20   204
  1.309257e+01   1.736276e-19   6.030662e-04   1.590103e-20   48
  1.310402e+01   3.258214e-19   0.000000e+00   6.945873e-20   24
  1.311727e+01   5.600614e-19   0.000000e+00   1.186739e-19   6
  1.313632e+01   2.033553e-19   2.470146e-03   1.274672e-20   216
  1.314613e+01   2.737015e-19   3.289558e-03   2.217719e-20   192
  1.315814e+01   2.908577e-19   6.000610e-04   3.809375e-20   48
  1.317073e+01   3.089228e-19   4.794588e-03   4.732494e-20   30
  1.320635e+01   1.919207e-19   9.914737e-04   2.135166e-20   96
  1.321367e+01   2.675108e-19   3.248800e-03   1.829996e-20   228
  1.322756e+01   2.060837e-19   4.248394e-03   2.682415e-20   72
  1.324426e+01   5.820033e-19   0.000000e+00   1.766484e-19   6
  1.328230e+01   2.434009e-19   3.207767e-03   1.419873e-20   248
  1.329444e+01   2.390024e-19   3.671457e-03   2.736482e-20   72
  1.330909e+01   1.974713e-19   2.034505e-07   7.975229e-20   6
  1.335335e+01   2.184383e-19   2.279484e-03   1.373101e-20   180
  1.336217e+01   1.980079e-19   3.101597e-03   2.091579e-20   72
  1.337477e+01   1.669057e-19   0.000000e+00   4.048133e-20   6
  1.342398e+01   2.657576e-19   9.753997e-04   1.979846e-20   96
  1.342986e+01   2.651307e-19   2.677881e-03   3.258847e-20   96
  1.344132e+01   7.884858e-20   0.000000e+00   3.127818e-20   6
  1.349818e+01   2.712852e-19   2.562939e-03   1.955066e-20   140
  1.350870e+01   1.844653e-19   0.000000e+00   2.469195e-20   6
  1.356964e+01   2.047621e-19   1.721129e-03   1.947907e-20   96
  1.357692e+01   4.023910e-19   0.000000e+00   1.132079e-19   6
  1.364131e+01   1.589827e-19   1.035401e-03   2.100681e-20   60
  1.364594e+01   2.161848e-19   0.000000e+00   3.074679e-20   6
  1.371360e+01   2.346971e-19   1.049683e-03   3.337272e-20   38
  1.378564e+01   2.666487e-19   5.399836e-04   5.110979e-20   18
  1.385781e+01   7.101003e-20   2.034505e-07   2.504002e-20   6
