# power spectrum of zeta (dimensionless)
# redshift z=48.512538
# k              Pk             sigma(k)       sigma(Pk)      count
  1.256637e-01   1.557638e-17   0.000000e+00   1.423656e-18   6
  1.777153e-01   1.209025e-17   0.000000e+00   3.787451e-18   12
  2.176559e-01   1.023391e-17   2.384186e-09   6.798718e-19   8
  2.513274e-01   1.143866e-16   0.000000e+00   4.875592e-17   6
  2.809926e-01   3.797678e-17   4.495664e-09   9.037088e-18   24
  3.078120e-01   4.450598e-17   4.495664e-09   8.621231e-18   24
  3.554306e-01   6.712804e-17   0.000000e+00   1.169499e-17   12
  3.769911e-01   9.554688e-17   5.086263e-09   1.496521e-17   30
  3.973835e-01   7.214986e-17   0.000000e+00   1.236228e-17   24
  4.167794e-01   6.750587e-17   7.786718e-09   1.199924e-17   24
  4.353118e-01   8.644591e-17   4.768372e-09   1.334283e-17   8
  4.530869e-01   1.059866e-16   6.357829e-09   2.410402e-17   24
  4.701905e-01   7.508419e-17   0.000000e+00   1.249646e-17   48
  5.026548e-01   1.324427e-17   0.000000e+00   3.600709e-18   6
  5.181247e-01   7.899970e-17   6.357829e-09   1.183827e-17   48
  5.331460e-01   6.348183e-17   5.994218e-09   2.225674e-17   36
  5.477554e-01   4.783122e-17   6.357829e-09   7.327575e-18   24
  5.619852e-01   7.324949e-17   8.991328e-09   1.510686e-17   24
  5.758634e-01   8.915772e-17   0.000000e+00   1.099681e-17   48
  5.894150e-01   8.234589e-17   8.991328e-09   1.332076e-17   24
  6.156239e-01   6.989070e-17   8.991328e-09   1.003154e-17   24
  6.283185e-01   3.661567e-17   0.000000e+00   4.535733e-18   30
  6.407617e-01   7.821104e-17   0.000000e+00   8.421013e-18   72
  6.529678e-01   4.898023e-17   9.536743e-09   6.261654e-18   32
  6.767198e-01   5.630681e-17   0.000000e+00   5.741534e-18   72
  6.882885e-01   6.065460e-17   0.000000e+00   8.225078e-18   48
  7.108613e-01   6.820795e-17   0.000000e+00   1.011999e-17   12
  7.273110e-01   6.334386e-17   5.427997e-03   6.198364e-18   96
  7.434365e-01   8.517641e-17   8.991328e-09   1.083929e-17   48
  7.539822e-01   7.255409e-17   1.017253e-08   1.651277e-17   30
  7.720780e-01   5.960038e-17   4.442982e-03   6.807644e-18   96
  7.947671e-01   3.731979e-17   0.000000e+00   7.783122e-18   24
  8.078915e-01   4.911189e-17   4.597878e-03   3.799062e-18   144
  8.240320e-01   7.334080e-17   1.557344e-08   1.302146e-17   24
  8.406230e-01   6.009390e-17   4.078565e-03   5.995272e-18   96
  8.522927e-01   4.035235e-17   0.000000e+00   4.598976e-18   48
  8.784818e-01   8.124257e-17   3.024579e-03   1.080693e-17   62
  8.917918e-01   6.154245e-17   4.253298e-03   6.197179e-18   132
  9.061739e-01   3.700284e-17   1.271566e-08   7.628521e-18   24
  9.197543e-01   4.782107e-17   4.251090e-03   3.418080e-18   168
  9.445606e-01   4.444464e-17   4.179554e-03   4.527912e-18   96
  9.631875e-01   4.628196e-17   3.557186e-03   4.463066e-18   96
  9.860433e-01   4.130291e-17   3.964957e-03   3.708405e-18   168
  1.005310e+00   3.093743e-16   0.000000e+00   1.429567e-16   6
  1.013133e+00   3.436775e-17   0.000000e+00   3.334046e-18   96
  1.022438e+00   4.444450e-17   3.081996e-03   4.387779e-18   120
  1.041311e+00   4.016500e-17   3.578749e-03   3.215925e-18   144
  1.051378e+00   3.365106e-17   0.000000e+00   4.674086e-18   48
  1.070509e+00   2.791700e-17   3.651792e-03   2.392393e-18   84
  1.081000e+00   2.609862e-17   2.491750e-08   2.121238e-18   120
  1.090449e+00   3.224604e-17   3.313740e-03   3.797300e-18   80
  1.105074e+00   4.058201e-17   3.364535e-03   3.399243e-18   144
  1.123970e+00   3.250517e-17   1.798266e-08   4.796863e-18   24
  1.133201e+00   3.466054e-17   3.246628e-03   2.477207e-18   150
  1.147601e+00   3.585016e-17   3.368559e-03   3.430596e-18   120
  1.163416e+00   4.251879e-17   3.069733e-03   3.004014e-18   168
  1.178830e+00   4.726102e-17   1.798266e-08   9.041918e-18   24
  1.188528e+00   3.164465e-17   3.307029e-03   1.842144e-18   264
  1.198755e+00   2.670269e-17   1.798266e-08   3.462233e-18   48
  1.216189e+00   3.159410e-17   3.063158e-03   2.227889e-18   144
  1.235512e+00   2.949534e-17   3.015167e-03   3.154380e-18   72
  1.246540e+00   3.522078e-17   3.101478e-03   2.489003e-18   180
  1.261955e+00   3.444800e-17   2.247234e-03   3.080228e-18   198
  1.269141e+00   3.929731e-17   0.000000e+00   5.400908e-18   48
  1.285036e+00   3.478791e-17   3.041694e-03   2.541832e-18   168
  1.296831e+00   3.679256e-17   3.044222e-03   3.133740e-18   144
  1.314676e+00   3.331859e-17   4.277300e-03   1.887713e-18   248
  1.338772e+00   2.775440e-17   2.948852e-03   1.785449e-18   192
  1.355181e+00   2.809965e-17   4.554933e-03   1.964705e-18   240
  1.365057e+00   2.571187e-17   0.000000e+00   3.142106e-18   72
  1.380120e+00   3.250633e-17   2.779615e-03   3.199404e-18   126
  1.389623e+00   3.295652e-17   2.564571e-03   2.993511e-18   168
  1.407767e+00   2.626342e-17   2.804328e-03   1.490323e-18   288
  1.426839e+00   2.866142e-17   1.476986e-03   2.241366e-18   156
  1.436715e+00   2.176001e-17   2.484720e-03   2.186349e-18   168
  1.451693e+00   2.928419e-17   4.259613e-03   1.733591e-18   264
  1.465478e+00   1.718175e-17   0.000000e+00   2.528310e-18   48
  1.475722e+00   2.735141e-17   4.239347e-03   1.790450e-18   264
  1.490407e+00   2.372024e-17   2.498827e-03   1.778444e-18   144
  1.501498e+00   4.201019e-17   5.112474e-03   1.045170e-17   78
  1.517654e+00   2.463252e-17   3.323319e-03   1.474985e-18   336
  1.532889e+00   2.427126e-17   2.528505e-03   2.201884e-18   200
  1.542895e+00   2.327434e-17   4.950846e-03   1.724815e-18   192
  1.556403e+00   2.345938e-17   2.484459e-03   1.678679e-18   240
  1.568812e+00   2.225147e-17   4.979003e-03   1.621017e-18   168
  1.581561e+00   2.001076e-17   3.986332e-03   1.553254e-18   120
  1.596873e+00   2.303126e-17   3.115666e-03   1.205045e-18   324
  1.611730e+00   2.481224e-17   2.449443e-03   2.282865e-18   192
  1.621842e+00   2.498746e-17   4.392943e-03   1.825871e-18   168
  1.639042e+00   2.626066e-17   3.618152e-03   1.484007e-18   342
  1.654551e+00   2.312613e-17   2.913340e-03   1.162988e-18   336
  1.670270e+00   1.925653e-17   2.229470e-03   1.620034e-18   72
  1.680871e+00   2.190100e-17   3.565739e-03   1.428340e-18   288
  1.693176e+00   1.768483e-17   2.322255e-03   9.368078e-19   264
  1.710363e+00   1.879281e-17   3.054338e-03   1.024197e-18   384
  1.725757e+00   2.125229e-17   3.666000e-03   1.331224e-18   240
  1.732155e+00   2.242125e-17   0.000000e+00   3.109753e-18   48
  1.750659e+00   2.008726e-17   3.000861e-03   1.133486e-18   392
  1.764776e+00   2.835633e-17   3.293295e-03   2.465935e-18   294
  1.779956e+00   1.931128e-17   2.140470e-03   1.133703e-18   228
  1.789939e+00   2.023046e-17   3.250617e-03   1.377758e-18   216
  1.802361e+00   1.787823e-17   1.980050e-03   1.047630e-18   336
  1.817567e+00   1.861286e-17   2.352625e-03   1.030406e-18   360
  1.830119e+00   2.034270e-17   3.584392e-03   1.161094e-18   240
  1.843199e+00   1.499262e-17   4.241157e-03   1.141124e-18   168
  1.855399e+00   1.865041e-17   3.338306e-03   1.193805e-18   312
  1.869935e+00   1.432569e-17   2.089228e-03   7.713931e-19   336
  1.885637e+00   2.054273e-17   2.850095e-03   1.545365e-18   294
  1.897477e+00   2.251614e-17   3.798594e-03   1.366851e-18   288
  1.906536e+00   1.511582e-17   2.376907e-03   8.452995e-19   264
  1.922691e+00   1.664091e-17   4.082916e-03   8.293382e-19   480
  1.936199e+00   1.610326e-17   1.997349e-03   8.384032e-19   240
  1.952759e+00   1.412265e-17   2.019671e-03   9.287615e-19   276
  1.965824e+00   1.601486e-17   4.433576e-03   7.341401e-19   488
  1.981346e+00   1.575134e-17   1.952641e-03   1.048126e-18   240
  1.990355e+00   1.761643e-17   3.791527e-03   8.902683e-19   360
  2.002988e+00   4.282858e-17   1.348968e-03   1.334988e-17   198
  2.019235e+00   1.799069e-17   4.558217e-03   1.009266e-18   480
  2.031131e+00   1.534964e-17   1.682460e-03   9.002056e-19   288
  2.047583e+00   1.633503e-17   3.556337e-03   7.094290e-19   480
  2.062377e+00   1.526860e-17   2.191154e-03   6.952508e-19   480
  2.077570e+00   1.392609e-17   2.833894e-03   8.574021e-19   288
  2.087050e+00   1.331493e-17   3.023242e-03   7.045571e-19   288
  2.101959e+00   1.486197e-17   5.255912e-03   6.800571e-19   456
  2.116971e+00   1.460091e-17   4.949844e-03   7.514240e-19   360
  2.126650e+00   1.482201e-17   2.967082e-03   1.014842e-18   180
  2.140657e+00   1.838753e-17   3.231514e-03   9.514612e-19   486
  2.154854e+00   1.576129e-17   4.298953e-03   7.179586e-19   504
  2.169289e+00   1.385619e-17   3.340070e-03   6.955194e-19   456
  2.181258e+00   1.432786e-17   2.775009e-03   8.836584e-19   296
  2.197072e+00   1.482402e-17   2.738289e-03   6.655107e-19   528
  2.208965e+00   1.359134e-17   2.701981e-03   7.823507e-19   336
  2.226481e+00   1.196379e-17   2.997004e-03   4.923304e-19   600
  2.239302e+00   1.355916e-17   1.755804e-03   7.625748e-19   264
  2.252151e+00   1.235009e-17   1.898694e-03   6.328351e-19   360
  2.265266e+00   1.877496e-17   3.801372e-03   1.953497e-18   630
  2.279717e+00   1.437615e-17   1.962233e-03   9.330555e-19   432
  2.292537e+00   1.210027e-17   3.780726e-03   6.043843e-19   408
  2.308272e+00   1.146301e-17   2.509414e-03   7.430551e-19   324
  2.319978e+00   1.149170e-17   3.576222e-03   4.464336e-19   744
  2.334098e+00   9.237420e-18   2.858952e-03   4.750596e-19   336
  2.347588e+00   1.226240e-17   3.930328e-03   5.627649e-19   528
  2.362382e+00   1.099197e-17   2.005373e-03   5.494245e-19   408
  2.372191e+00   9.640481e-18   3.413147e-03   4.463362e-19   408
  2.388397e+00   1.596594e-17   2.817663e-03   1.727308e-18   470
  2.400201e+00   1.575561e-17   3.384925e-03   7.494581e-19   528
  2.416685e+00   1.070722e-17   2.820560e-03   4.549846e-19   624
  2.428827e+00   1.152786e-17   2.146180e-03   5.049085e-19   504
  2.441353e+00   1.179977e-17   2.989469e-03   4.865290e-19   552
  2.453777e+00   1.158844e-17   1.453231e-03   6.661419e-19   336
  2.469334e+00   1.158695e-17   3.093356e-03   5.116012e-19   528
  2.481386e+00   1.074505e-17   3.521844e-03   4.807463e-19   564
  2.495502e+00   9.872130e-18   3.241487e-03   4.722618e-19   528
  2.510806e+00   2.633333e-17   5.032507e-03   8.082094e-18   582
  2.524724e+00   1.352979e-17   3.874271e-03   7.655325e-19   624
  2.536896e+00   1.024770e-17   4.429036e-03   5.324826e-19   432
  2.551418e+00   1.071756e-17   4.926531e-03   3.881590e-19   816
  2.566361e+00   9.796693e-18   2.245292e-03   5.584027e-19   312
  2.576137e+00   9.757786e-18   3.638994e-03   4.121349e-19   552
  2.591900e+00   9.431768e-18   2.291924e-03   3.713911e-19   744
  2.603321e+00   9.601567e-18   2.141123e-03   4.746413e-19   408
  2.618061e+00   9.709501e-18   3.068323e-03   3.901805e-19   632
  2.633374e+00   1.105196e-17   5.210791e-03   5.825077e-19   750
  2.645831e+00   1.957438e-17   3.584637e-03   2.226759e-18   312
  2.659713e+00   1.020009e-17   5.292216e-03   3.476616e-19   876
  2.673443e+00   1.007545e-17   3.455503e-03   4.796087e-19   552
  2.688914e+00   9.773296e-18   2.857688e-03   3.638059e-19   696
  2.699453e+00   9.080117e-18   3.154346e-03   4.400387e-19   576
  2.713796e+00   9.085684e-18   3.339693e-03   3.498862e-19   576
  2.726037e+00   8.903396e-18   4.475199e-03   3.805285e-19   648
  2.740832e+00   9.312787e-18   4.479393e-03   3.983930e-19   672
  2.757165e+00   7.677673e-18   1.899992e-03   3.639209e-19   480
  2.767620e+00   1.631661e-17   2.942368e-03   2.288444e-18   726
  2.781081e+00   1.128521e-17   3.334085e-03   5.801008e-19   792
  2.795661e+00   1.002245e-17   4.625257e-03   3.635386e-19   768
  2.811027e+00   8.666692e-18   3.780047e-03   3.142401e-19   672
  2.825116e+00   8.541214e-18   2.535576e-03   3.827184e-19   608
  2.835316e+00   9.286097e-18   2.434230e-03   4.094662e-19   624
  2.849867e+00   8.622391e-18   3.163261e-03   3.186635e-19   684
  2.864019e+00   7.989906e-18   4.672505e-03   2.951751e-19   768
  2.877191e+00   7.998199e-18   3.735635e-03   3.028531e-19   744
  2.892886e+00   1.575647e-17   2.352178e-03   1.524618e-18   750
  2.904325e+00   1.006792e-17   3.496199e-03   5.573595e-19   600
  2.916695e+00   8.577277e-18   3.712332e-03   3.861579e-19   600
  2.931979e+00   8.188812e-18   4.278234e-03   2.597813e-19   1008
  2.944116e+00   8.101269e-18   2.372856e-03   3.292582e-19   696
  2.957565e+00   7.637739e-18   3.134649e-03   2.766260e-19   624
  2.971086e+00   7.731346e-18   4.877909e-03   2.450453e-19   840
  2.986446e+00   7.753660e-18   3.319024e-03   2.542761e-19   816
  2.998905e+00   7.431371e-18   2.204574e-03   2.979300e-19   744
  3.011488e+00   3.867402e-17   3.897323e-03   1.573152e-17   510
  3.026687e+00   1.086391e-17   3.741750e-03   6.245576e-19   1020
  3.040833e+00   8.283360e-18   3.019222e-03   3.234557e-19   912
  3.054778e+00   7.820277e-18   4.473147e-03   3.084660e-19   752
  3.066309e+00   7.564477e-18   3.711666e-03   2.893193e-19   888
  3.082044e+00   7.238365e-18   2.395124e-03   2.538806e-19   768
  3.094915e+00   7.137736e-18   4.352150e-03   2.703539e-19   720
  3.109727e+00   6.651269e-18   3.836546e-03   2.029427e-19   1056
  3.122866e+00   7.285597e-18   2.654285e-03   3.186422e-19   504
  3.133631e+00   9.358100e-18   4.144719e-03   1.122902e-18   774
  3.149026e+00   1.137847e-17   3.986123e-03   6.714461e-19   1272
  3.163486e+00   7.681058e-18   2.611538e-03   2.978132e-19   744
  3.176969e+00   6.772523e-18   4.264475e-03   2.647109e-19   768
  3.189339e+00   6.862226e-18   3.607190e-03   2.481936e-19   840
  3.203231e+00   6.092275e-18   2.445578e-03   1.908160e-19   924
  3.216608e+00   6.679675e-18   4.311548e-03   2.341087e-19   936
  3.229755e+00   6.778851e-18   2.996363e-03   2.383161e-19   840
  3.242998e+00   6.383083e-18   3.562326e-03   2.131257e-19   1008
  3.259829e+00   6.669006e-18   4.021535e-03   2.758556e-19   696
  3.270389e+00   1.599745e-17   3.574451e-03   2.733076e-18   974
  3.286078e+00   7.720177e-18   4.747287e-03   3.335788e-19   1152
  3.299719e+00   6.281690e-18   1.857626e-03   2.429396e-19   816
  3.310327e+00   5.735032e-18   4.086567e-03   1.856380e-19   816
  3.324599e+00   6.576970e-18   3.608623e-03   1.893156e-19   1152
  3.339651e+00   6.492736e-18   3.248998e-03   2.365499e-19   912
  3.353338e+00   6.371113e-18   3.947532e-03   1.905585e-19   1056
  3.365058e+00   5.610733e-18   3.375847e-03   2.242464e-19   624
  3.380817e+00   5.752519e-18   4.216875e-03   1.668910e-19   1260
  3.394418e+00   1.309108e-17   2.543440e-03   1.602895e-18   894
  3.407703e+00   7.542813e-18   4.357818e-03   4.077737e-19   1176
  3.420993e+00   6.404576e-18   3.606982e-03   2.422462e-19   840
  3.436121e+00   5.458159e-18   4.099862e-03   1.393586e-19   1440
  3.452005e+00   5.673987e-18   2.304966e-03   1.945316e-19   864
  3.464048e+00   5.556128e-18   3.955435e-03   1.809513e-19   1056
  3.476035e+00   5.431415e-18   2.332073e-03   2.372400e-19   624
  3.490594e+00   5.599985e-18   4.318596e-03   1.450540e-19   1496
  3.504515e+00   5.694964e-18   3.049082e-03   1.756102e-19   936
  3.516908e+00   2.920838e-17   4.414111e-03   1.046627e-17   966
  3.530243e+00   8.438581e-18   3.128902e-03   6.777653e-19   936
  3.544251e+00   5.677717e-18   3.870284e-03   1.701126e-19   1248
  3.558592e+00   5.324372e-18   2.728377e-03   1.588781e-19   1044
  3.571955e+00   5.304126e-18   4.226344e-03   1.476388e-19   1392
  3.582538e+00   5.014333e-18   3.255138e-03   2.367237e-19   600
  3.597678e+00   5.216939e-18   3.698179e-03   1.478190e-19   1416
  3.611873e+00   5.168560e-18   3.980638e-03   1.629158e-19   1152
  3.626257e+00   4.478831e-18   3.818797e-03   1.406234e-19   936
  3.637844e+00   6.701040e-18   4.095847e-03   1.001123e-18   870
  3.651613e+00   9.883274e-18   3.434204e-03   8.186746e-19   1368
  3.666892e+00   4.896590e-18   4.515083e-03   1.351255e-19   1632
  3.679949e+00   4.438249e-18   1.960196e-03   1.539499e-19   816
  3.694083e+00   4.885850e-18   4.472000e-03   1.483411e-19   1200
  3.706415e+00   5.027723e-18   4.275759e-03   1.385036e-19   1184
  3.718942e+00   4.536994e-18   3.245022e-03   1.549857e-19   984
  3.734312e+00   4.597711e-18   3.961839e-03   1.231843e-19   1572
  3.748246e+00   4.352254e-18   2.181853e-03   1.496544e-19   840
  3.761231e+00   4.756320e-18   5.073986e-03   1.356371e-19   1392
  3.774941e+00   1.731827e-17   3.725317e-03   3.033884e-18   1158
  3.787179e+00   5.417754e-18   3.392190e-03   1.655147e-19   1272
  3.801913e+00   4.551025e-18   3.456945e-03   1.351970e-19   1320
  3.815753e+00   4.083735e-18   3.382582e-03   1.269688e-19   1104
  3.828921e+00   4.352382e-18   3.828609e-03   1.136869e-19   1392
  3.842742e+00   4.469400e-18   4.141026e-03   1.297721e-19   1296
  3.856976e+00   4.247860e-18   4.323915e-03   1.160792e-19   1392
  3.870333e+00   4.282870e-18   3.171938e-03   1.415912e-19   1104
  3.882690e+00   4.334957e-18   3.995358e-03   1.210512e-19   1320
  3.900292e+00   1.150460e-17   3.051196e-03   1.383210e-18   1422
  3.911534e+00   6.062122e-18   3.800093e-03   3.117305e-19   1212
  3.924449e+00   4.133305e-18   4.152476e-03   1.262177e-19   1280
  3.937717e+00   4.319044e-18   4.323858e-03   1.259485e-19   1272
  3.950433e+00   4.096333e-18   3.741871e-03   9.240368e-20   1680
  3.965505e+00   3.868467e-18   3.535373e-03   1.123380e-19   1152
  3.979380e+00   3.674549e-18   4.094086e-03   9.031058e-20   1512
  3.993967e+00   3.827609e-18   1.728507e-03   1.403137e-19   912
  4.005497e+00   3.809472e-18   4.357212e-03   8.989635e-20   1680
  4.020833e+00   2.229586e-17   3.859977e-03   8.363709e-18   1518
  4.032200e+00   7.227460e-18   3.573605e-03   6.780776e-19   1056
  4.044173e+00   4.345256e-18   3.608353e-03   1.332565e-19   1344
  4.059650e+00   4.063784e-18   3.874584e-03   1.019209e-19   1680
  4.073653e+00   3.546820e-18   3.818000e-03   9.083440e-20   1656
  4.088955e+00   3.584715e-18   3.245360e-03   1.037335e-19   1140
  4.100443e+00   3.616276e-18   3.757881e-03   9.661446e-20   1368
  4.113960e+00   3.752884e-18   4.274611e-03   9.863478e-20   1656
  4.127700e+00   3.583881e-18   4.378119e-03   9.865554e-20   1448
  4.142656e+00   7.391722e-18   4.112955e-03   1.103367e-18   1422
  4.156469e+00   7.431696e-18   4.540534e-03   5.909205e-19   1512
  4.168283e+00   3.993618e-18   3.461570e-03   1.360094e-19   1296
  4.181952e+00   3.571362e-18   3.160641e-03   8.492731e-20   1824
  4.196729e+00   3.642658e-18   4.098248e-03   8.942298e-20   1464
  4.211657e+00   3.489898e-18   3.657099e-03   8.222611e-20   1824
  4.225511e+00   3.258409e-18   2.907578e-03   9.110464e-20   1416
  4.237563e+00   3.478629e-18   4.258820e-03   9.482533e-20   1392
  4.250574e+00   3.390759e-18   3.929974e-03   9.339432e-20   1464
  4.266448e+00   3.214382e-18   3.842159e-03   8.264788e-20   1524
  4.278716e+00   1.398672e-17   3.540612e-03   2.672347e-18   1686
  4.292893e+00   4.022361e-18   4.215803e-03   1.293413e-19   1800
  4.305078e+00   3.521956e-18   3.346946e-03   9.872767e-20   1344
  4.318597e+00   3.165360e-18   3.904869e-03   7.772541e-20   1656
  4.332150e+00   2.999105e-18   3.117839e-03   7.406976e-20   1488
  4.343925e+00   3.131503e-18   3.112762e-03   7.686418e-20   1536
  4.360333e+00   3.162492e-18   3.457925e-03   7.371602e-20   1760
  4.373047e+00   3.168284e-18   3.846268e-03   7.279125e-20   1824
  4.387749e+00   3.223178e-18   3.227735e-03   8.404746e-20   1560
  4.401895e+00   1.000549e-17   3.707356e-03   1.178005e-18   1926
  4.415200e+00   3.691343e-18   2.636418e-03   1.500843e-19   1272
  4.427344e+00   3.179396e-18   4.430497e-03   7.298749e-20   1848
  4.443306e+00   2.857742e-18   3.579461e-03   6.696918e-20   1908
  4.455447e+00   2.876242e-18   3.491292e-03   7.797761e-20   1488
  4.468258e+00   2.918882e-18   3.937426e-03   6.604509e-20   1800
  4.482146e+00   2.922625e-18   3.941308e-03   6.858675e-20   1752
  4.495448e+00   2.794812e-18   4.190952e-03   7.278651e-20   1368
  4.508761e+00   2.787390e-18   3.938690e-03   6.607442e-20   2016
  4.523403e+00   2.329222e-17   4.160224e-03   8.777566e-18   1542
  4.536915e+00   5.034984e-18   4.073984e-03   4.151502e-19   2184
  4.551872e+00   2.979903e-18   3.726771e-03   7.486213e-20   1776
  4.564793e+00   2.862931e-18   4.260262e-03   7.134446e-20   1568
  4.577109e+00   2.741414e-18   3.892227e-03   6.023357e-20   2040
  4.590510e+00   2.575523e-18   4.161138e-03   6.896401e-20   1704
  4.604538e+00   2.610180e-18   4.171238e-03   6.544889e-20   1512
  4.617765e+00   2.540360e-18   3.558077e-03   5.558318e-20   2028
  4.632626e+00   2.621174e-18   4.291956e-03   6.353349e-20   1968
  4.646213e+00   6.009014e-18   4.353548e-03   9.423329e-19   1854
  4.659509e+00   6.283106e-18   4.150271e-03   5.402665e-19   1632
  4.673135e+00   2.921000e-18   4.264760e-03   7.514761e-20   2424
  4.687258e+00   2.564640e-18   4.269195e-03   7.474748e-20   1560
  4.699197e+00   2.626830e-18   4.034385e-03   6.456518e-20   1728
  4.713624e+00   2.373306e-18   4.306520e-03   5.249830e-20   2088
  4.728145e+00   2.453455e-18   4.099347e-03   5.472276e-20   1968
  4.741503e+00   2.481713e-18   4.058747e-03   5.308619e-20   2256
  4.754898e+00   2.369372e-18   3.608676e-03   5.828960e-20   1728
  4.768882e+00   2.323175e-18   3.557384e-03   6.471042e-20   1416
  4.781270e+00   1.095467e-17   3.750195e-03   2.050386e-18   2246
  4.795296e+00   2.917271e-18   4.153300e-03   1.066557e-19   2148
  4.808715e+00   2.607536e-18   3.508307e-03   6.508328e-20   1680
  4.821345e+00   2.384767e-18   4.435233e-03   5.050318e-20   2280
  4.836527e+00   2.183768e-18   4.130181e-03   4.842852e-20   2352
  4.850707e+00   2.143108e-18   3.470382e-03   5.083705e-20   1632
  4.861925e+00   2.273979e-18   3.971039e-03   5.322350e-20   1968
  4.877319e+00   2.359592e-18   4.074288e-03   5.159670e-20   2112
  4.891594e+00   2.277939e-18   3.060509e-03   4.876126e-20   2208
  4.905465e+00   9.532456e-18   3.085913e-03   1.222358e-18   1974
  4.916413e+00   2.794228e-18   3.018862e-03   8.861238e-20   1944
  4.931203e+00   2.403436e-18   3.415495e-03   5.417008e-20   2160
  4.944022e+00   2.176638e-18   3.194258e-03   5.176166e-20   2040
  4.957876e+00   2.165823e-18   4.468841e-03   4.359065e-20   2352
  4.972085e+00   2.138066e-18   3.712532e-03   5.110706e-20   1836
  4.985054e+00   2.099613e-18   3.960355e-03   4.383780e-20   2352
  4.999614e+00   2.042963e-18   4.153876e-03   4.677571e-20   2008
  5.012962e+00   2.117773e-18   4.086408e-03   4.488832e-20   2464
  5.027846e+00   1.876245e-17   3.295867e-03   6.968984e-18   2118
  5.040054e+00   3.604106e-18   3.313173e-03   2.148232e-19   1848
  5.052620e+00   2.186762e-18   4.384411e-03   5.253669e-20   2280
  5.067797e+00   2.059082e-18   4.170623e-03   4.141556e-20   2472
  5.081980e+00   1.956949e-18   2.787100e-03   4.118266e-20   2280
  5.093886e+00   1.981399e-18   3.406760e-03   5.115686e-20   1992
  5.106726e+00   1.977736e-18   3.581554e-03   4.394885e-20   2184
  5.121532e+00   2.020442e-18   4.320591e-03   4.052522e-20   2352
  5.135798e+00   1.949776e-18   4.553131e-03   3.872608e-20   2496
  5.149768e+00   6.823192e-18   4.252678e-03   1.075587e-18   1770
  5.162298e+00   3.351697e-18   3.669389e-03   2.052990e-19   2568
  5.177360e+00   1.983795e-18   4.500656e-03   4.079179e-20   2712
  5.191053e+00   1.984753e-18   3.574170e-03   4.363002e-20   2448
  5.204725e+00   1.871337e-18   3.012843e-03   4.399636e-20   2064
  5.216066e+00   1.878134e-18   3.180123e-03   4.270239e-20   1944
  5.230772e+00   1.818119e-18   3.928620e-03   3.677328e-20   2480
  5.245774e+00   1.818309e-18   4.267634e-03   3.510814e-20   2880
  5.259063e+00   1.861255e-18   4.093786e-03   3.838312e-20   2304
  5.272942e+00   7.800129e-18   3.761177e-03   2.573691e-18   1806
  5.285249e+00   5.140770e-18   3.688568e-03   4.531438e-19   2856
  5.300671e+00   2.202495e-18   3.537448e-03   7.145443e-20   2568
  5.312407e+00   1.917028e-18   3.549041e-03   4.169102e-20   2112
  5.325180e+00   1.767899e-18   3.418353e-03   3.996733e-20   2028
  5.338884e+00   1.769104e-18   4.046323e-03   3.519273e-20   2712
  5.352799e+00   1.674207e-18   4.359274e-03   3.232874e-20   2952
  5.367753e+00   1.707036e-18   3.368279e-03   3.789434e-20   2112
  5.379842e+00   1.660824e-18   3.947451e-03   3.456310e-20   2520
  5.394364e+00   1.620740e-18   3.807395e-03   3.632347e-20   2376
  5.407591e+00   7.406827e-18   3.052135e-03   9.564012e-19   2526
  5.421320e+00   2.026921e-18   3.798300e-03   5.911982e-20   2664
  5.434913e+00   1.716849e-18   4.530289e-03   3.766261e-20   2408
  5.447943e+00   1.679600e-18   3.628938e-03   3.543131e-20   2568
  5.461232e+00   1.612189e-18   3.421437e-03   3.217488e-20   2904
  5.475648e+00   1.649710e-18   3.838949e-03   3.370845e-20   2544
  5.489345e+00   1.585315e-18   2.827650e-03   3.377146e-20   2160
  5.502268e+00   1.562873e-18   4.888682e-03   3.109136e-20   2652
  5.516545e+00   1.608683e-18   3.870830e-03   3.244969e-20   2784
  5.530283e+00   1.495181e-17   3.822557e-03   5.258435e-18   2694
  5.544517e+00   1.876546e-18   3.435410e-03   5.952889e-20   2952
  5.556886e+00   1.638661e-18   3.253958e-03   4.567147e-20   2208
  5.569485e+00   1.503553e-18   3.468078e-03   3.519188e-20   2304
  5.583550e+00   1.561463e-18   4.509853e-03   2.765025e-20   3504
  5.599953e+00   1.421230e-18   3.651788e-03   2.724135e-20   2616
  5.612745e+00   1.406415e-18   3.567502e-03   2.802335e-20   2664
  5.625069e+00   1.409516e-18   3.314521e-03   2.794197e-20   2448
  5.637487e+00   1.492816e-18   4.616036e-03   3.181632e-20   2472
  5.652096e+00   4.105866e-18   3.670011e-03   6.019754e-19   3134
  5.665845e+00   2.814012e-18   4.013913e-03   1.927953e-19   2616
  5.679574e+00   1.556917e-18   3.251426e-03   3.516128e-20   2712
  5.693697e+00   1.437509e-18   3.728915e-03   2.481079e-20   3204
  5.707195e+00   1.372693e-18   4.294589e-03   2.513028e-20   2760
  5.720015e+00   1.337179e-18   3.746961e-03   2.746750e-20   2688
  5.734152e+00   1.338584e-18   3.542739e-03   2.735136e-20   2760
  5.746653e+00   1.412684e-18   2.925296e-03   2.866667e-20   2568
  5.761049e+00   1.301510e-18   4.542841e-03   2.365471e-20   3336
  5.774866e+00   5.595893e-18   3.845016e-03   1.854287e-18   2334
  5.788819e+00   4.125430e-18   4.254924e-03   3.466650e-19   3264
  5.801858e+00   1.477901e-18   3.093655e-03   3.493799e-20   2760
  5.815230e+00   1.259265e-18   3.736259e-03   2.313928e-20   3192
  5.828845e+00   1.265332e-18   3.879036e-03   2.301069e-20   2904
  5.843326e+00   1.282896e-18   3.892076e-03   2.468396e-20   2784
  5.855447e+00   1.215677e-18   3.203250e-03   2.414657e-20   2592
  5.869236e+00   1.220860e-18   4.366488e-03   2.173451e-20   3284
  5.883890e+00   1.254575e-18   4.385937e-03   2.151535e-20   3168
  5.897000e+00   1.134441e-18   3.618712e-03   2.308378e-20   2616
  5.910782e+00   5.257881e-18   3.496570e-03   6.520244e-19   3222
  5.924188e+00   1.343018e-18   3.923260e-03   3.933161e-20   3240
  5.937171e+00   1.187115e-18   3.969009e-03   2.482720e-20   2568
  5.951932e+00   1.206150e-18   3.641761e-03   2.290739e-20   3120
  5.964273e+00   1.161044e-18   4.003580e-03   2.112007e-20   3168
  5.977546e+00   1.156825e-18   3.504830e-03   2.035675e-20   3240
  5.992066e+00   1.148795e-18   3.595869e-03   2.201772e-20   3144
  6.006172e+00   1.131012e-18   3.427490e-03   2.115878e-20   2856
  6.019505e+00   1.120081e-18   3.660696e-03   2.125173e-20   3264
  6.034592e+00   1.029712e-17   4.044906e-03   3.604782e-18   3318
  6.046466e+00   1.464092e-18   2.832824e-03   6.337865e-20   2556
  6.060617e+00   1.146633e-18   4.838986e-03   2.140900e-20   4008
  6.074943e+00   1.089795e-18   3.572017e-03   2.126780e-20   2904
  6.087200e+00   1.074188e-18   3.652513e-03   1.901665e-20   3144
  6.101153e+00   1.105942e-18   3.807781e-03   1.971572e-20   3200
  6.115592e+00   1.091851e-18   3.755394e-03   1.926543e-20   3312
  6.128536e+00   1.022937e-18   3.026680e-03   1.933812e-20   2832
  6.142988e+00   1.006182e-18   4.355583e-03   1.592194e-20   3984
  6.156407e+00   4.007751e-18   3.540883e-03   6.415306e-19   2238
  6.168657e+00   1.816623e-18   4.167010e-03   1.010778e-19   3984
  6.183855e+00   1.079316e-18   3.959901e-03   1.921168e-20   3384
  6.196482e+00   1.036969e-18   3.701438e-03   1.936758e-20   3048
  6.209665e+00   9.946604e-19   3.398642e-03   1.838533e-20   3096
  6.223435e+00   9.438175e-19   3.852259e-03   1.594867e-20   3708
  6.237127e+00   9.977950e-19   3.651419e-03   1.969543e-20   2784
  6.249844e+00   9.919093e-19   3.792698e-03   1.692739e-20   3648
  6.264291e+00   9.490622e-19   3.903504e-03   1.629302e-20   3888
  6.279665e+00   4.161731e-18   4.167105e-03   1.162114e-18   2958
  6.291144e+00   2.750832e-18   3.557011e-03   2.500202e-19   3264
  6.304977e+00   1.015159e-18   3.926839e-03   1.918495e-20   3160
  6.318045e+00   9.558736e-19   3.558843e-03   1.595262e-20   3736
  6.330431e+00   9.139563e-19   3.242939e-03   1.660216e-20   3216
  6.345038e+00   9.470562e-19   3.974048e-03   1.618352e-20   4032
  6.360272e+00   9.094319e-19   3.628234e-03   1.594640e-20   3528
  6.373262e+00   9.212914e-19   3.202694e-03   1.779710e-20   3192
  6.386247e+00   8.947519e-19   3.507520e-03   1.646058e-20   3456
  6.400334e+00   8.861173e-19   3.636928e-03   1.638191e-20   3060
  6.414454e+00   3.059819e-18   4.324726e-03   3.470990e-19   4518
  6.428212e+00   1.058309e-18   3.852771e-03   2.735917e-20   3528
  6.440859e+00   8.584014e-19   3.235655e-03   1.616725e-20   3024
  6.454342e+00   8.349644e-19   4.380947e-03   1.374793e-20   3672
  6.468077e+00   8.723076e-19   3.760183e-03   1.539508e-20   3864
  6.483327e+00   8.248653e-19   3.985743e-03   1.442966e-20   3816
  6.495798e+00   8.294672e-19   3.626145e-03   1.456930e-20   3456
  6.507756e+00   8.135668e-19   3.282483e-03   1.595474e-20   2688
  6.521843e+00   8.190699e-19   3.894603e-03   1.286323e-20   4248
  6.535809e+00   6.529384e-18   3.730284e-03   2.213963e-18   3926
  6.549837e+00   1.025601e-18   3.938539e-03   3.186992e-20   3504
  6.563389e+00   8.007248e-19   3.521113e-03   1.281128e-20   3960
  6.578351e+00   7.979117e-19   3.963952e-03   1.372624e-20   3684
  6.591183e+00   7.735011e-19   3.963687e-03   1.307027e-20   4104
  6.604012e+00   8.057806e-19   3.759338e-03   1.503743e-20   3144
  6.617793e+00   7.672158e-19   4.117770e-03   1.235030e-20   4224
  6.632945e+00   7.829731e-19   3.654879e-03   1.214949e-20   4008
  6.645891e+00   7.386766e-19   4.020945e-03   1.330859e-20   3312
  6.659221e+00   2.209729e-18   3.999289e-03   2.799907e-19   3726
  6.673398e+00   1.105329e-18   4.107760e-03   4.327030e-20   3936
  6.685987e+00   7.569746e-19   4.234293e-03   1.290260e-20   3888
  6.699051e+00   7.410869e-19   4.003929e-03   1.230246e-20   3864
  6.712643e+00   7.261865e-19   4.256514e-03   1.241386e-20   3888
  6.726643e+00   7.261456e-19   4.014548e-03   1.192358e-20   4080
  6.740465e+00   7.236671e-19   4.260657e-03   1.306250e-20   3400
  6.754567e+00   7.181347e-19   3.907452e-03   1.065599e-20   4588
  6.768825e+00   6.997780e-19   3.867571e-03   1.166126e-20   3816
  6.781286e+00   2.479733e-18   3.664848e-03   6.487073e-19   3534
  6.794478e+00   1.745493e-18   3.619891e-03   1.345849e-19   4080
  6.808278e+00   6.895041e-19   3.783811e-03   1.166157e-20   4248
  6.822137e+00   6.829484e-19   3.812932e-03   1.221482e-20   3528
  6.834925e+00   6.695591e-19   3.898202e-03   1.098746e-20   4248
  6.847851e+00   6.929392e-19   3.812833e-03   1.200748e-20   3696
  6.862246e+00   6.750108e-19   3.956350e-03   1.073491e-20   4560
  6.875897e+00   6.695626e-19   3.705786e-03   1.094219e-20   3864
  6.889918e+00   6.455459e-19   4.035033e-03   9.738149e-21   4440
  6.903205e+00   6.786688e-19   3.764781e-03   1.228999e-20   3432
  6.917168e+00   2.091732e-18   3.691446e-03   2.242641e-19   4470
  6.930903e+00   6.761703e-19   3.280469e-03   1.182728e-20   4188
  6.944404e+00   6.179643e-19   4.202742e-03   9.586190e-21   4392
  6.957812e+00   5.953720e-19   3.251220e-03   1.032444e-20   3960
  6.971756e+00   6.032822e-19   3.672933e-03   9.380385e-21   4328
  6.985263e+00   5.963629e-19   3.822434e-03   9.859711e-21   4320
  6.998915e+00   5.998658e-19   3.997076e-03   9.454399e-21   4152
  7.011574e+00   5.730115e-19   3.343614e-03   9.944191e-21   3528
  7.025890e+00   6.046972e-19   3.618951e-03   9.361603e-21   4512
  7.039283e+00   3.748063e-18   3.699459e-03   1.226691e-18   4134
  7.052888e+00   6.456341e-19   3.941164e-03   1.221056e-20   5208
  7.065972e+00   5.931243e-19   3.433716e-03   1.134379e-20   3240
  7.079508e+00   5.840523e-19   3.787232e-03   8.809723e-21   4680
  7.093285e+00   5.795498e-19   3.749666e-03   9.175897e-21   4440
  7.107078e+00   5.637766e-19   4.248981e-03   9.056945e-21   4260
  7.120308e+00   5.677375e-19   3.468882e-03   9.491845e-21   4056
  7.133932e+00   5.720083e-19   3.845862e-03   8.780560e-21   4704
  7.148231e+00   5.534829e-19   4.475317e-03   8.399650e-21   4800
  7.163348e+00   1.207257e-18   3.877518e-03   1.111239e-19   4806
  7.176410e+00   6.210498e-19   3.865268e-03   1.378070e-20   3552
  7.188851e+00   5.694448e-19   3.875633e-03   8.697508e-21   4304
  7.202898e+00   5.048142e-19   3.758487e-03   7.573262e-21   5280
  7.216787e+00   5.329107e-19   3.605632e-03   8.936086e-21   4320
  7.229935e+00   5.292382e-19   4.071704e-03   8.401850e-21   4296
  7.243800e+00   5.223519e-19   4.526721e-03   8.264341e-21   4608
  7.257822e+00   5.067394e-19   4.336841e-03   7.874480e-21   4824
  7.271703e+00   4.977128e-19   4.094286e-03   8.032325e-21   4488
  7.286600e+00   1.300916e-18   3.822456e-03   2.370549e-19   4530
  7.298900e+00   7.609474e-19   3.732313e-03   4.417102e-20   4464
  7.311208e+00   5.096178e-19   3.517428e-03   8.621250e-21   4104
  7.325339e+00   4.826692e-19   3.792522e-03   6.807547e-21   5424
  7.339239e+00   4.949272e-19   4.082418e-03   7.771603e-21   4392
  7.353384e+00   4.786018e-19   3.996852e-03   7.218735e-21   4896
  7.366230e+00   4.880159e-19   3.917732e-03   7.803594e-21   4104
  7.379634e+00   4.897159e-19   3.532761e-03   7.838670e-21   4824
  7.393776e+00   4.730603e-19   3.376492e-03   6.925327e-21   4680
  7.406096e+00   4.641286e-19   3.453413e-03   7.633092e-21   4328
  7.420397e+00   9.872360e-19   3.980891e-03   8.311192e-20   5118
  7.434767e+00   4.664647e-19   4.612116e-03   6.784540e-21   5304
  7.447735e+00   4.317316e-19   3.631827e-03   6.994347e-21   4392
  7.461864e+00   4.615613e-19   3.645220e-03   7.333961e-21   4476
  7.474220e+00   4.471238e-19   3.620136e-03   6.789062e-21   4704
  7.487968e+00   4.447448e-19   4.381742e-03   6.712246e-21   5208
  7.502418e+00   4.339195e-19   3.694542e-03   6.301561e-21   5304
  7.515732e+00   4.504082e-19   3.957369e-03   7.306528e-21   4296
  7.529385e+00   4.286958e-19   3.752608e-03   6.778656e-21   4752
  7.543730e+00   1.241465e-18   3.767007e-03   3.133178e-19   4950
  7.556622e+00   4.215988e-19   3.937534e-03   6.598682e-21   5064
  7.569518e+00   4.037965e-19   3.299143e-03   6.133763e-21   4872
  7.582558e+00   3.891657e-19   3.473093e-03   6.608970e-21   4224
  7.596482e+00   3.971489e-19   3.836467e-03   5.396856e-21   6120
  7.611299e+00   4.009313e-19   4.220602e-03   6.025182e-21   4968
  7.624740e+00   3.888608e-19   3.734866e-03   6.171134e-21   4424
  7.638645e+00   3.878261e-19   4.770498e-03   5.761858e-21   5436
  7.652381e+00   4.043257e-19   4.067269e-03   6.128242e-21   4896
  7.665661e+00   4.927316e-19   3.893965e-03   2.247918e-20   5214
  7.678461e+00   3.657584e-19   3.310074e-03   5.626220e-21   4656
  7.692685e+00   3.560333e-19   4.208491e-03   5.182014e-21   5448
  7.706276e+00   3.594904e-19   3.554381e-03   5.334130e-21   4992
  7.719584e+00   3.560574e-19   3.933714e-03   5.304495e-21   5400
  7.734212e+00   3.373620e-19   4.359773e-03   4.928196e-21   5328
  7.747690e+00   3.385433e-19   3.898436e-03   5.256266e-21   4776
  7.760371e+00   3.460802e-19   3.663227e-03   5.208820e-21   4800
  7.774459e+00   3.207061e-19   4.710721e-03   4.166446e-21   6552
  7.789199e+00   5.202665e-19   3.558885e-03   6.085744e-20   3942
  7.801972e+00   3.515421e-19   4.485571e-03   6.695074e-21   6072
  7.816115e+00   2.952139e-19   3.483659e-03   4.500624e-21   4692
  7.827973e+00   2.974603e-19   3.636885e-03   4.518276e-21   4944
  7.841863e+00   2.730825e-19   3.903498e-03   3.792272e-21   5840
  7.856124e+00   2.700612e-19   4.178533e-03   3.806035e-21   5712
  7.870165e+00   2.590581e-19   3.501880e-03   3.900494e-21   4800
  7.882974e+00   2.592955e-19   4.637724e-03   3.580693e-21   5688
  7.897004e+00   2.446404e-19   3.659067e-03   3.865008e-21   4848
  7.910908e+00   2.593018e-19   4.072759e-03   5.004611e-21   5406
  7.924104e+00   2.752324e-19   3.676325e-03   9.939148e-21   5568
  7.937355e+00   2.129219e-19   3.304770e-03   2.904305e-21   5736
  7.951674e+00   1.964751e-19   4.104312e-03   3.125593e-21   5280
  7.964668e+00   1.905522e-19   3.794736e-03   2.894956e-21   5592
  7.978044e+00   1.775813e-19   4.343968e-03   2.928139e-21   4968
  7.992185e+00   1.701967e-19   3.894947e-03   2.433798e-21   5964
  8.005981e+00   1.605818e-19   3.913047e-03   2.434941e-21   5376
  8.018517e+00   1.506522e-19   3.778288e-03   2.237182e-21   5472
  8.033050e+00   1.366888e-19   3.588288e-03   2.002385e-21   5472
  8.046339e+00   1.447860e-19   4.079766e-03   2.424120e-21   5415
  8.059218e+00   1.343262e-19   3.588648e-03   2.032694e-21   5096
  8.073151e+00   1.247450e-19   4.614911e-03   1.638870e-21   6372
  8.087246e+00   1.197208e-19   3.746176e-03   2.016522e-21   4656
  8.099878e+00   1.124410e-19   4.089625e-03   1.604418e-21   5844
  8.113469e+00   1.090392e-19   3.595730e-03   1.602173e-21   5508
  8.127874e+00   1.073337e-19   4.079049e-03   1.452025e-21   6324
  8.142009e+00   9.984722e-20   3.503908e-03   1.613392e-21   4752
  8.154927e+00   9.375567e-20   3.922916e-03   1.372137e-21   5676
  8.168912e+00   9.535260e-20   3.588715e-03   1.408944e-21   5472
  8.182185e+00   9.169744e-20   4.047970e-03   1.385892e-21   5556
  8.196444e+00   8.286099e-20   3.944669e-03   1.175542e-21   5436
  8.210207e+00   8.443889e-20   4.037644e-03   1.222231e-21   5916
  8.224340e+00   7.824116e-20   4.200926e-03   1.131614e-21   5520
  8.237065e+00   7.546614e-20   3.820545e-03   1.148495e-21   5280
  8.250104e+00   7.570359e-20   3.754028e-03   1.220275e-21   4416
  8.264815e+00   7.185011e-20   3.659260e-03   9.659818e-22   6260
  8.278635e+00   6.905091e-20   4.351307e-03   9.620081e-22   5940
  8.291152e+00   6.878208e-20   3.407784e-03   1.139393e-21   4188
  8.304933e+00   6.653674e-20   4.357141e-03   8.909691e-22   6360
  8.319422e+00   6.465620e-20   3.886387e-03   9.319376e-22   5256
  8.332880e+00   6.014927e-20   3.673916e-03   9.297302e-22   4848
  8.344411e+00   5.966871e-20   3.330596e-03   9.608407e-22   4704
  8.358606e+00   5.929658e-20   4.085775e-03   8.231613e-22   5784
  8.373047e+00   5.584097e-20   4.323222e-03   7.563665e-22   5820
  8.386987e+00   5.659209e-20   3.872681e-03   8.008423e-22   5700
  8.401010e+00   5.232651e-20   3.591376e-03   7.542354e-22   5232
  8.415051e+00   5.518923e-20   3.984940e-03   8.351087e-22   4932
  8.427489e+00   5.361251e-20   3.429992e-03   8.741060e-22   4716
  8.440557e+00   5.310413e-20   4.369071e-03   7.557351e-22   5616
  8.454004e+00   4.832961e-20   3.858530e-03   7.251830e-22   5184
  8.467873e+00   4.646043e-20   3.892310e-03   6.739307e-22   5064
  8.480954e+00   4.663107e-20   3.985538e-03   6.802930e-22   5544
  8.495461e+00   4.513467e-20   4.000807e-03   6.595842e-22   5192
  8.508660e+00   4.356727e-20   3.595349e-03   6.017980e-22   5244
  8.522539e+00   4.398615e-20   3.890208e-03   6.474569e-22   5112
  8.536336e+00   4.353929e-20   3.570029e-03   6.640806e-22   5040
  8.548997e+00   4.078146e-20   3.753229e-03   5.970130e-22   5124
  8.563784e+00   4.117676e-20   4.213504e-03   5.565239e-22   5952
  8.577433e+00   4.136879e-20   3.691886e-03   5.997715e-22   4824
  8.589806e+00   4.115688e-20   3.726497e-03   6.364399e-22   4536
  8.604129e+00   3.853438e-20   3.960926e-03   5.132580e-22   5712
  8.618841e+00   3.718810e-20   4.334333e-03   5.376797e-22   5352
  8.632715e+00   3.644178e-20   3.775364e-03   5.095013e-22   5004
  8.645110e+00   3.803846e-20   3.776392e-03   5.670497e-22   4800
  8.658430e+00   3.536985e-20   4.058247e-03   5.259163e-22   5148
  8.673187e+00   3.468668e-20   4.215016e-03   4.665338e-22   5664
  8.686522e+00   3.388712e-20   3.785694e-03   5.054063e-22   4692
  8.698842e+00   3.462658e-20   3.516957e-03   5.532323e-22   4008
  8.713211e+00   3.282014e-20   4.031193e-03   4.484175e-22   5852
  8.727819e+00   3.176900e-20   3.817164e-03   4.275014e-22   5784
  8.740793e+00   3.223266e-20   3.518761e-03   4.989816e-22   4392
  8.754148e+00   3.104244e-20   3.451568e-03   4.487144e-22   4944
  8.768168e+00   3.046038e-20   4.069341e-03   4.543045e-22   4776
  8.781390e+00   2.980959e-20   3.914928e-03   4.238427e-22   5244
  8.795740e+00   2.957480e-20   3.908022e-03   4.343087e-22   4884
  8.807779e+00   2.801793e-20   3.314306e-03   4.294402e-22   4488
  8.821780e+00   2.977669e-20   3.938271e-03   4.329032e-22   5160
  8.835879e+00   2.818233e-20   4.009709e-03   3.862074e-22   5316
  8.849460e+00   2.865236e-20   4.054096e-03   4.152234e-22   4896
  8.862698e+00   2.691083e-20   3.766964e-03   4.303607e-22   4188
  8.876040e+00   2.791451e-20   4.108738e-03   4.147722e-22   4836
  8.889663e+00   2.674440e-20   4.075904e-03   3.535737e-22   5316
  8.903463e+00   2.534572e-20   3.772744e-03   3.686558e-22   4920
  8.916368e+00   2.682778e-20   3.800756e-03   4.387377e-22   4128
  8.930215e+00   2.565058e-20   4.088729e-03   3.544564e-22   5348
  8.943842e+00   2.507926e-20   3.547787e-03   3.773331e-22   4836
  8.956853e+00   2.503962e-20   3.822856e-03   3.895239e-22   4392
  8.970868e+00   2.518397e-20   3.358691e-03   3.763602e-22   4632
  8.983486e+00   2.402133e-20   3.752803e-03   3.649571e-22   4596
  8.997977e+00   2.297760e-20   3.773963e-03   3.052180e-22   5424
  9.012312e+00   2.345815e-20   3.884614e-03   3.201531e-22   5256
  9.027082e+00   2.289003e-20   3.945289e-03   3.415887e-22   4524
  9.039381e+00   2.300128e-20   3.752749e-03   3.614167e-22   4440
  9.053157e+00   2.235743e-20   3.209082e-03   3.302616e-22   4380
  9.066638e+00   2.125420e-20   4.199636e-03   3.136727e-22   4812
  9.080988e+00   2.080245e-20   4.171231e-03   2.889901e-22   5376
  9.094107e+00   2.157909e-20   3.331699e-03   3.428307e-22   3888
  9.106679e+00   2.141977e-20   3.815180e-03   2.988275e-22   4896
  9.120705e+00   2.127661e-20   4.025639e-03   3.146540e-22   4608
  9.135432e+00   2.054559e-20   3.799955e-03   3.040560e-22   4448
  9.148250e+00   1.992596e-20   3.922592e-03   2.975161e-22   4752
  9.161757e+00   1.979902e-20   4.108670e-03   3.010935e-22   4356
  9.175960e+00   1.909428e-20   3.953830e-03   2.663199e-22   5232
  9.190083e+00   1.842500e-20   3.984470e-03   2.832417e-22   4548
  9.203776e+00   1.829986e-20   3.873408e-03   2.638502e-22   4608
  9.217142e+00   1.947718e-20   3.518679e-03   3.125838e-22   3936
  9.229761e+00   1.834572e-20   4.205845e-03   2.804498e-22   4260
  9.243941e+00   1.840507e-20   3.770601e-03   2.638527e-22   5004
  9.256906e+00   1.804963e-20   3.725991e-03   2.790203e-22   4224
  9.271122e+00   1.777273e-20   4.025551e-03   2.704519e-22   4788
  9.284930e+00   1.733359e-20   4.233557e-03   2.721563e-22   4428
  9.298384e+00   1.859083e-20   3.537707e-03   2.963225e-22   4080
  9.311336e+00   1.742300e-20   3.868160e-03   2.533154e-22   4632
  9.324972e+00   1.668602e-20   4.022591e-03   2.650530e-22   4056
  9.339306e+00   1.680596e-20   3.787339e-03   2.522434e-22   4536
  9.352403e+00   1.596838e-20   3.862837e-03   2.343858e-22   4668
  9.366745e+00   1.536113e-20   4.140272e-03   2.326234e-22   4604
  9.380714e+00   1.602580e-20   3.720074e-03   2.583306e-22   4152
  9.393605e+00   1.647854e-20   3.605343e-03   2.478225e-22   4224
  9.407270e+00   1.560448e-20   3.466268e-03   2.368086e-22   4152
  9.420923e+00   1.518888e-20   3.931888e-03   2.359496e-22   4224
  9.434196e+00   1.547956e-20   3.636203e-03   2.508586e-22   3960
  9.446982e+00   1.540596e-20   3.752332e-03   2.272762e-22   4656
  9.460948e+00   1.441020e-20   4.048690e-03   2.175478e-22   4452
  9.475269e+00   1.426518e-20   4.116161e-03   2.289431e-22   4056
  9.488596e+00   1.484685e-20   4.078615e-03   2.275630e-22   4212
  9.502096e+00   1.486474e-20   3.389500e-03   2.601222e-22   3432
  9.515777e+00   1.377118e-20   4.336159e-03   1.950319e-22   5352
  9.529148e+00   1.363909e-20   3.175719e-03   2.275891e-22   3600
  9.543704e+00   1.404359e-20   3.502875e-03   2.093440e-22   4584
  9.556413e+00   1.367179e-20   3.492560e-03   2.369843e-22   3768
  9.569504e+00   1.354958e-20   3.728359e-03   2.191566e-22   3848
  9.582571e+00   1.313372e-20   3.418481e-03   2.257365e-22   3720
  9.597389e+00   1.279311e-20   4.290699e-03   1.909806e-22   4764
  9.610471e+00   1.326268e-20   3.455204e-03   2.148298e-22   3864
  9.623905e+00   1.307262e-20   4.279686e-03   2.024070e-22   4332
  9.638558e+00   1.261373e-20   3.653823e-03   2.107740e-22   3792
  9.651651e+00   1.257354e-20   4.144519e-03   1.885658e-22   4284
  9.665527e+00   1.187784e-20   3.924401e-03   1.966313e-22   3840
  9.678659e+00   1.180973e-20   3.735517e-03   2.080242e-22   3480
  9.691996e+00   1.160334e-20   4.168119e-03   1.717761e-22   4380
  9.706412e+00   1.191556e-20   3.915217e-03   1.851364e-22   4200
  9.720578e+00   1.185788e-20   3.763239e-03   1.893833e-22   4056
  9.733733e+00   1.149161e-20   3.782207e-03   1.892330e-22   3600
  9.746058e+00   1.150860e-20   3.768375e-03   1.851726e-22   3492
  9.760459e+00   1.151289e-20   4.400611e-03   1.732915e-22   4500
  9.775152e+00   1.118601e-20   3.855530e-03   1.866316e-22   3516
  9.787780e+00   1.142302e-20   4.030599e-03   1.869207e-22   3968
  9.801933e+00   1.091119e-20   3.873755e-03   1.791283e-22   3648
  9.814461e+00   1.076331e-20   3.704379e-03   1.682352e-22   4224
  9.828664e+00   9.906340e-21   4.157831e-03   1.774230e-22   3588
  9.841991e+00   1.068104e-20   3.835114e-03   1.849791e-22   3456
  9.855400e+00   1.030188e-20   3.406055e-03   1.777568e-22   3660
  9.869258e+00   1.019126e-20   3.738544e-03   1.741535e-22   3768
  9.882173e+00   9.669750e-21   3.780772e-03   1.558407e-22   3744
  9.896044e+00   1.013109e-20   4.150018e-03   1.571737e-22   4176
  9.910801e+00   1.014990e-20   3.827936e-03   1.777404e-22   3612
  9.922997e+00   1.012022e-20   4.159911e-03   1.788628e-22   3216
  9.936956e+00   9.991931e-21   4.021925e-03   1.764135e-22   3624
  9.950989e+00   9.895075e-21   3.781932e-03   1.577315e-22   3744
  9.964551e+00   9.341077e-21   4.035291e-03   1.558719e-22   3672
  9.977933e+00   9.447333e-21   3.659310e-03   1.536348e-22   3852
  9.991750e+00   9.114668e-21   3.766272e-03   1.508421e-22   3672
  1.000645e+01   9.330918e-21   3.669608e-03   1.706284e-22   3248
  1.001872e+01   9.423373e-21   3.756103e-03   1.622299e-22   3336
  1.003212e+01   8.810564e-21   3.823377e-03   1.479575e-22   3576
  1.004582e+01   8.854100e-21   3.245703e-03   1.570070e-22   3336
  1.005978e+01   8.410667e-21   3.855326e-03   1.377540e-22   3936
  1.007355e+01   8.579606e-21   4.106031e-03   1.486611e-22   3408
  1.008721e+01   9.011746e-21   3.617479e-03   1.584167e-22   3336
  1.010048e+01   8.315249e-21   4.063257e-03   1.421673e-22   3312
  1.011375e+01   8.334593e-21   4.114093e-03   1.526917e-22   3432
  1.012788e+01   8.247249e-21   3.566754e-03   1.444730e-22   3144
  1.014078e+01   7.873929e-21   3.872067e-03   1.486047e-22   3456
  1.015528e+01   8.365564e-21   3.721500e-03   1.402772e-22   3792
  1.016839e+01   8.173924e-21   3.655557e-03   1.522913e-22   2868
  1.018255e+01   8.150442e-21   3.787143e-03   1.306504e-22   3888
  1.019578e+01   7.548024e-21   3.288419e-03   1.481953e-22   2784
  1.020881e+01   7.629574e-21   3.755468e-03   1.465183e-22   2964
  1.022304e+01   7.550697e-21   3.867395e-03   1.292735e-22   3432
  1.023659e+01   7.495816e-21   4.003143e-03   1.250903e-22   3416
  1.025029e+01   7.845371e-21   4.279009e-03   1.327350e-22   3528
  1.026432e+01   7.525764e-21   3.434210e-03   1.390694e-22   2904
  1.027673e+01   7.381320e-21   3.850756e-03   1.414448e-22   3072
  1.029117e+01   7.438775e-21   4.324841e-03   1.277851e-22   3216
  1.030559e+01   7.177160e-21   3.502662e-03   1.446981e-22   2844
  1.031826e+01   6.767468e-21   4.008153e-03   1.171020e-22   3432
  1.033126e+01   7.172246e-21   3.221608e-03   1.318663e-22   2880
  1.034579e+01   6.574992e-21   4.267481e-03   1.075240e-22   3576
  1.035947e+01   6.965877e-21   3.814530e-03   1.347638e-22   2700
  1.037258e+01   6.881166e-21   4.284663e-03   1.244177e-22   3000
  1.038630e+01   6.913619e-21   3.557547e-03   1.408752e-22   2556
  1.039962e+01   6.799123e-21   3.812983e-03   1.161779e-22   3360
  1.041340e+01   6.485713e-21   3.704919e-03   1.247019e-22   3120
  1.042824e+01   6.270973e-21   4.361864e-03   1.129539e-22   3216
  1.044102e+01   6.395362e-21   3.076304e-03   1.295607e-22   2628
  1.045538e+01   6.681682e-21   4.066431e-03   1.202569e-22   3200
  1.046849e+01   6.586455e-21   3.836286e-03   1.359239e-22   2232
  1.048172e+01   6.155468e-21   4.379000e-03   1.138476e-22   3108
  1.049489e+01   5.786724e-21   3.846700e-03   1.086625e-22   2604
  1.050838e+01   5.957652e-21   4.143983e-03   1.055738e-22   3096
  1.052321e+01   6.235888e-21   3.775712e-03   1.149677e-22   3084
  1.053608e+01   6.229650e-21   3.853056e-03   1.241389e-22   2664
  1.054934e+01   6.274849e-21   3.397791e-03   1.305621e-22   2232
  1.056233e+01   5.923624e-21   4.185566e-03   1.095309e-22   2808
  1.057656e+01   5.554109e-21   3.953914e-03   1.115423e-22   2592
  1.058985e+01   5.520316e-21   4.059168e-03   9.619898e-23   2952
  1.060381e+01   5.758708e-21   3.832353e-03   1.073530e-22   2772
  1.061738e+01   5.600577e-21   4.121455e-03   1.023750e-22   3036
  1.063158e+01   5.580792e-21   3.997831e-03   1.249494e-22   2136
  1.064453e+01   5.788120e-21   3.188280e-03   1.166050e-22   2496
  1.065782e+01   5.535898e-21   4.246551e-03   1.149742e-22   2228
  1.067168e+01   5.650580e-21   3.959147e-03   1.033957e-22   3048
  1.068548e+01   4.956844e-21   3.781893e-03   9.623859e-23   2676
  1.069919e+01   5.308782e-21   3.767600e-03   1.003431e-22   2784
  1.071230e+01   5.663680e-21   3.660231e-03   1.267037e-22   1920
  1.072544e+01   5.084906e-21   3.906352e-03   1.037420e-22   2400
  1.073968e+01   5.566675e-21   3.582931e-03   1.062185e-22   2532
  1.075441e+01   5.044193e-21   3.979779e-03   1.016787e-22   2544
  1.076766e+01   5.150633e-21   4.163389e-03   9.705225e-23   2772
  1.078071e+01   4.918046e-21   3.899689e-03   1.084418e-22   2160
  1.079368e+01   4.799754e-21   4.200336e-03   9.587590e-23   2304
  1.080867e+01   4.984837e-21   4.110246e-03   1.090213e-22   2328
  1.082212e+01   4.806245e-21   3.940858e-03   1.049541e-22   2304
  1.083458e+01   4.926795e-21   3.726627e-03   1.124473e-22   1908
  1.084874e+01   4.818606e-21   4.167993e-03   9.649181e-23   2736
  1.086239e+01   4.765512e-21   3.949170e-03   9.582163e-23   2448
  1.087690e+01   4.840806e-21   3.692261e-03   1.096548e-22   2040
  1.089004e+01   4.690548e-21   3.844396e-03   1.010815e-22   2120
  1.090267e+01   4.947439e-21   3.187394e-03   1.082561e-22   2040
  1.091626e+01   4.562152e-21   3.954536e-03   9.522751e-23   2208
  1.093164e+01   4.534566e-21   3.550574e-03   1.008324e-22   2208
  1.094410e+01   4.658398e-21   3.934714e-03   9.711771e-23   2196
  1.095698e+01   4.167863e-21   3.461225e-03   1.017791e-22   1848
  1.097008e+01   4.289047e-21   3.925487e-03   9.338548e-23   2124
  1.098474e+01   4.616501e-21   4.117751e-03   9.982868e-23   2328
  1.099905e+01   4.453801e-21   4.192229e-03   1.093525e-22   1920
  1.101296e+01   4.397138e-21   3.848418e-03   1.142701e-22   1548
  1.102533e+01   4.307203e-21   4.221595e-03   8.926520e-23   2388
  1.103993e+01   4.181278e-21   3.906588e-03   9.086615e-23   2160
  1.105330e+01   3.925792e-21   3.555737e-03   1.039157e-22   1704
  1.106610e+01   4.259380e-21   4.005852e-03   1.025798e-22   1776
  1.107822e+01   4.235364e-21   3.746969e-03   1.014079e-22   1800
  1.109354e+01   4.202124e-21   4.325530e-03   1.172692e-22   1700
  1.110784e+01   3.991037e-21   3.894621e-03   8.713552e-23   2292
  1.112117e+01   4.211186e-21   3.615364e-03   1.005811e-22   1704
  1.113374e+01   3.846347e-21   4.042583e-03   8.929926e-23   1728
  1.114751e+01   3.945385e-21   3.741502e-03   9.364422e-23   1728
  1.116101e+01   3.923029e-21   3.737983e-03   9.509926e-23   1680
  1.117537e+01   3.722228e-21   4.306268e-03   8.984253e-23   1704
  1.118967e+01   3.625772e-21   3.381709e-03   8.385756e-23   1752
  1.120245e+01   3.802819e-21   4.020210e-03   9.094148e-23   1872
  1.121629e+01   4.045093e-21   3.940248e-03   1.012844e-22   1500
  1.123032e+01   3.557838e-21   3.450264e-03   8.981346e-23   1656
  1.124395e+01   3.870556e-21   3.699339e-03   1.059255e-22   1464
  1.125606e+01   3.548928e-21   3.240250e-03   9.351954e-23   1488
  1.127092e+01   3.563835e-21   3.910741e-03   8.338147e-23   1680
  1.128450e+01   3.822077e-21   4.085744e-03   9.564952e-23   1692
  1.129720e+01   3.597184e-21   3.912307e-03   1.096120e-22   1128
  1.131130e+01   3.594014e-21   3.767213e-03   9.294364e-23   1536
  1.132506e+01   3.635697e-21   3.926941e-03   8.985438e-23   1616
  1.133898e+01   3.267377e-21   3.786801e-03   8.910089e-23   1476
  1.135302e+01   3.417104e-21   4.167468e-03   1.005181e-22   1176
  1.136555e+01   3.383846e-21   4.477500e-03   7.939521e-23   1656
  1.137919e+01   3.488182e-21   3.933069e-03   1.147054e-22   891
  1.139326e+01   3.370674e-21   4.192686e-03   7.880076e-23   1596
  1.140696e+01   3.539628e-21   3.656134e-03   1.031131e-22   1422
  1.142048e+01   3.097106e-21   3.505987e-03   9.438638e-23   1254
  1.143319e+01   3.130090e-21   3.581765e-03   1.061481e-22   918
  1.144682e+01   3.214537e-21   3.920026e-03   7.962154e-23   1614
  1.146054e+01   2.883375e-21   3.386171e-03   1.051981e-22   798
  1.147418e+01   3.146802e-21   4.340669e-03   8.409771e-23   1458
  1.148802e+01   3.143392e-21   3.974605e-03   8.952680e-23   1374
  1.150169e+01   3.011617e-21   3.394577e-03   1.045523e-22   984
  1.151525e+01   3.068291e-21   4.670468e-03   9.487336e-23   1062
  1.152907e+01   3.161168e-21   3.959103e-03   9.415576e-23   1246
  1.154249e+01   2.827009e-21   3.671067e-03   8.275447e-23   1072
  1.155682e+01   2.889170e-21   3.975530e-03   8.598139e-23   1110
  1.157007e+01   3.013366e-21   4.306909e-03   8.393508e-23   1254
  1.158399e+01   2.782258e-21   4.087484e-03   9.292397e-23   1032
  1.159916e+01   3.005649e-21   3.787024e-03   1.112831e-22   786
  1.161070e+01   2.797246e-21   3.882517e-03   8.324149e-23   1152
  1.162421e+01   2.789081e-21   4.231557e-03   8.546532e-23   1086
  1.163828e+01   2.865051e-21   3.817809e-03   9.905366e-23   912
  1.165129e+01   3.171764e-21   3.826999e-03   1.024402e-22   1062
  1.166457e+01   2.654441e-21   3.814594e-03   8.169416e-23   912
  1.167991e+01   2.432243e-21   4.258338e-03   8.504577e-23   750
  1.169187e+01   2.878552e-21   4.102940e-03   8.730369e-23   1200
  1.170571e+01   2.756050e-21   3.715535e-03   9.726934e-23   918
  1.171947e+01   2.485060e-21   3.856601e-03   8.728315e-23   876
  1.173345e+01   2.787727e-21   3.369895e-03   8.953811e-23   870
  1.174569e+01   2.691451e-21   3.930446e-03   9.893896e-23   768
  1.176004e+01   2.411339e-21   3.602462e-03   8.200895e-23   830
  1.177333e+01   2.676918e-21   3.729870e-03   8.330701e-23   1080
  1.178709e+01   2.626371e-21   4.196592e-03   9.653273e-23   840
  1.180097e+01   2.352830e-21   4.040856e-03   8.114281e-23   798
  1.181670e+01   2.612452e-21   3.207290e-03   9.300409e-23   792
  1.182890e+01   2.213179e-21   3.740740e-03   8.159047e-23   726
  1.184171e+01   2.215322e-21   4.191707e-03   7.557176e-23   864
  1.185573e+01   2.226065e-21   3.588004e-03   7.514678e-23   900
  1.186995e+01   2.187541e-21   3.987579e-03   8.103700e-23   726
  1.188214e+01   2.192982e-21   3.451076e-03   9.206489e-23   576
  1.189842e+01   2.411890e-21   3.591459e-03   9.231545e-23   840
  1.190986e+01   2.156616e-21   3.728159e-03   7.686828e-23   750
  1.192343e+01   2.153032e-21   3.739480e-03   8.333242e-23   720
  1.193622e+01   2.206534e-21   3.783051e-03   7.944739e-23   702
  1.195116e+01   2.286429e-21   4.131600e-03   8.815705e-23   696
  1.196345e+01   2.338545e-21   3.694940e-03   1.017230e-22   480
  1.197794e+01   2.229014e-21   3.501108e-03   8.490589e-23   830
  1.199077e+01   2.221770e-21   4.072924e-03   8.544669e-23   756
  1.200515e+01   2.127980e-21   3.910723e-03   8.275988e-23   624
  1.201783e+01   1.908245e-21   4.132228e-03   7.736071e-23   582
  1.203283e+01   2.197430e-21   3.171578e-03   9.781953e-23   576
  1.204580e+01   2.104848e-21   4.247779e-03   8.158913e-23   624
  1.205910e+01   2.104148e-21   3.469160e-03   8.448455e-23   702
  1.207227e+01   1.917517e-21   3.990462e-03   7.187226e-23   624
  1.208791e+01   2.220954e-21   3.860504e-03   7.680333e-23   672
  1.210064e+01   1.886972e-21   2.889949e-03   9.607464e-23   342
  1.211463e+01   2.117748e-21   3.612817e-03   8.710262e-23   660
  1.212750e+01   1.779974e-21   3.713819e-03   8.574437e-23   576
  1.214078e+01   1.891705e-21   3.610581e-03   7.990283e-23   600
  1.215420e+01   1.761847e-21   4.176133e-03   7.477492e-23   510
  1.216931e+01   1.989466e-21   3.912411e-03   8.089058e-23   600
  1.218096e+01   1.707172e-21   3.116086e-03   1.209143e-22   216
  1.219452e+01   1.695464e-21   3.792817e-03   6.293151e-23   758
  1.221033e+01   1.818791e-21   4.152329e-03   7.062444e-23   576
  1.222419e+01   1.927147e-21   3.525214e-03   8.668171e-23   528
  1.223670e+01   1.933202e-21   2.427615e-03   1.317419e-22   318
  1.225013e+01   1.899250e-21   4.193726e-03   8.355391e-23   540
  1.226602e+01   1.413342e-21   2.964901e-03   6.173110e-23   384
  1.227678e+01   1.729409e-21   4.096461e-03   7.554661e-23   576
  1.229079e+01   1.650640e-21   3.347568e-03   8.222931e-23   414
  1.230405e+01   1.877288e-21   3.738140e-03   8.683300e-23   504
  1.231820e+01   1.700663e-21   4.103605e-03   9.151941e-23   312
  1.233179e+01   1.632466e-21   3.717916e-03   7.759025e-23   414
  1.234528e+01   1.575466e-21   3.434758e-03   7.826964e-23   432
  1.235783e+01   1.414682e-21   4.548844e-03   6.249123e-23   504
  1.237236e+01   1.755775e-21   4.381048e-03   9.060868e-23   432
  1.238596e+01   1.586055e-21   3.588736e-03   8.101673e-23   354
  1.239982e+01   1.591348e-21   5.222048e-03   1.125832e-22   200
  1.241170e+01   1.463643e-21   3.705212e-03   6.087718e-23   480
  1.242776e+01   1.479815e-21   4.234016e-03   5.779301e-23   552
  1.244249e+01   1.583661e-21   2.637454e-03   8.658700e-23   366
  1.245384e+01   1.551332e-21   2.807703e-03   1.220628e-22   240
  1.246633e+01   1.765184e-21   3.925282e-03   1.008507e-22   288
  1.248391e+01   1.599142e-21   2.697682e-03   9.060668e-23   366
  1.249528e+01   1.337710e-21   4.373795e-03   6.519960e-23   408
  1.250797e+01   1.334892e-21   3.287965e-03   7.880653e-23   360
  1.252110e+01   1.502337e-21   3.064933e-03   8.877945e-23   324
  1.253383e+01   1.605460e-21   3.619784e-03   1.250070e-22   174
  1.254899e+01   1.302451e-21   4.158623e-03   1.019637e-22   264
  1.256323e+01   1.238821e-21   3.792868e-03   6.416171e-23   456
  1.257742e+01   1.374671e-21   3.813877e-03   8.446811e-23   360
  1.258909e+01   1.291444e-21   4.201352e-03   9.249226e-23   270
  1.260339e+01   1.596214e-21   4.595030e-03   9.828968e-23   240
  1.262129e+01   1.427002e-21   3.348535e-03   1.353565e-22   120
  1.263009e+01   1.121747e-21   3.495757e-03   7.402344e-23   320
  1.264430e+01   1.179157e-21   4.325399e-03   5.791318e-23   462
  1.265918e+01   1.195720e-21   2.516547e-03   6.897619e-23   276
  1.267211e+01   1.430766e-21   2.854984e-03   1.347977e-22   144
  1.268457e+01   1.605435e-21   2.998289e-03   1.440744e-22   120
  1.270112e+01   1.002277e-21   2.270494e-03   4.677830e-23   294
  1.271363e+01   1.297640e-21   4.027978e-03   6.263725e-23   384
  1.272531e+01   1.406310e-21   2.666495e-03   9.415130e-23   216
  1.273648e+01   1.463175e-21   2.476291e-03   9.997154e-23   168
  1.274910e+01   1.063567e-21   2.946391e-03   1.210009e-22   102
  1.276735e+01   1.379966e-21   4.470257e-03   8.650009e-23   168
  1.278014e+01   1.342110e-21   3.912551e-03   6.896995e-23   384
  1.279417e+01   1.328076e-21   3.975249e-03   9.275271e-23   300
  1.280722e+01   1.165645e-21   4.256630e-03   8.145808e-23   144
  1.282194e+01   1.105207e-21   4.359391e-03   1.116248e-22   102
  1.283959e+01   1.371546e-21   1.031965e-03   1.354972e-22   56
  1.284805e+01   1.144822e-21   3.359809e-03   7.589913e-23   288
  1.286132e+01   1.010479e-21   4.372359e-03   5.108889e-23   360
  1.287576e+01   1.223162e-21   2.345472e-03   8.600662e-23   126
  1.288793e+01   1.024432e-21   1.155171e-03   1.029507e-22   72
  1.290120e+01   1.642989e-21   6.120115e-04   2.108079e-22   48
  1.291851e+01   1.044763e-21   2.475877e-03   7.400543e-23   240
  1.292989e+01   1.173578e-21   3.673549e-03   6.062864e-23   306
  1.294153e+01   1.224356e-21   2.041676e-03   1.065718e-22   120
  1.295495e+01   1.265056e-21   5.024838e-03   1.237305e-22   96
  1.296469e+01   1.105317e-21   0.000000e+00   2.148549e-22   24
  1.298660e+01   8.872300e-22   4.351382e-03   7.982218e-23   120
  1.299733e+01   1.016049e-21   3.763148e-03   5.509242e-23   318
  1.301046e+01   1.161798e-21   4.021435e-03   8.997401e-23   168
  1.302485e+01   1.125043e-21   4.315451e-03   1.333433e-22   72
  1.304060e+01   9.395435e-22   0.000000e+00   1.377280e-22   24
  1.305754e+01   1.165666e-21   2.094735e-03   2.411086e-22   14
  1.306560e+01   8.588522e-22   3.303864e-03   4.738643e-23   288
  1.307812e+01   9.712341e-22   3.974728e-03   8.155314e-23   204
  1.309257e+01   1.530812e-21   6.030662e-04   2.002007e-22   48
  1.310402e+01   1.452083e-21   0.000000e+00   2.575492e-22   24
  1.311727e+01   2.261790e-22   0.000000e+00   6.059298e-23   6
  1.313632e+01   1.063863e-21   2.470146e-03   7.431061e-23   216
  1.314613e+01   1.141201e-21   3.289558e-03   7.699731e-23   192
  1.315814e+01   9.635427e-22   6.000610e-04   1.286005e-22   48
  1.317073e+01   1.323444e-21   4.794588e-03   1.449330e-22   30
  1.320635e+01   1.146312e-21   9.914737e-04   1.019061e-22   96
  1.321367e+01   8.088085e-22   3.248800e-03   5.541260e-23   228
  1.322756e+01   1.028037e-21   4.248394e-03   1.186734e-22   72
  1.324426e+01   1.290273e-21   0.000000e+00   5.076375e-22   6
  1.328230e+01   8.786952e-22   3.207767e-03   5.445341e-23   248
  1.329444e+01   1.030539e-21   3.671457e-03   1.522947e-22   72
  1.330909e+01   4.797241e-22   2.034505e-07   4.419101e-23   6
  1.335335e+01   8.045716e-22   2.279484e-03   5.829910e-23   180
  1.336217e+01   7.665684e-22   3.101597e-03   7.394702e-23   72
  1.337477e+01   5.291548e-22   0.000000e+00   1.732741e-22   6
  1.342398e+01   1.068388e-21   9.753997e-04   9.854287e-23   96
  1.342986e+01   9.075794e-22   2.677881e-03   9.627662e-23   96
  1.344132e+01   8.606130e-22   0.000000e+00   3.189179e-22   6
  1.349818e+01   9.731058e-22   2.562939e-03   7.890633e-23   140
  1.350870e+01   9.130690e-23   0.000000e+00   2.650208e-23   6
  1.356964e+01   6.733011e-22   1.721129e-03   6.751480e-23   96
  1.357692e+01   5.462915e-22   0.000000e+00   1.664603e-22   6
  1.364131e+01   1.112260e-21   1.035401e-03   1.864175e-22   60
  1.364594e+01   9.311775e-22   0.000000e+00   1.052163e-22   6
  1.371360e+01   1.048440e-21   1.049683e-03   1.404691e-22   38
  1.378564e+01   8.496328e-22   5.399836e-04   1.482397e-22   18
  1.385781e+01   1.268243e-21   2.034505e-07   2.554566e-22   6
