# power spectrum of pi_k * H (dimensionless)
# redshift z=9.828898
# k              Pk             sigma(k)       sigma(Pk)      count
  1.256637e-01   1.494690e-11   0.000000e+00   6.024315e-12   6
  1.777153e-01   3.936944e-12   0.000000e+00   7.915142e-13   12
  2.176559e-01   1.860041e-12   2.384186e-09   4.026693e-13   8
  2.513274e-01   4.430573e-12   0.000000e+00   4.877957e-13   6
  2.809926e-01   2.404308e-12   4.495664e-09   7.602634e-13   24
  3.078120e-01   2.789742e-12   4.495664e-09   4.823460e-13   24
  3.554306e-01   8.152898e-13   0.000000e+00   3.596307e-13   12
  3.769911e-01   8.784221e-13   5.086263e-09   1.512717e-13   30
  3.973835e-01   1.003829e-12   0.000000e+00   2.115647e-13   24
  4.167794e-01   8.887873e-13   7.786718e-09   2.167826e-13   24
  4.353118e-01   8.132796e-13   4.768372e-09   1.554426e-13   8
  4.530869e-01   6.724372e-13   6.357829e-09   8.793719e-14   24
  4.701905e-01   5.783415e-13   0.000000e+00   8.386989e-14   48
  5.026548e-01   5.752792e-13   0.000000e+00   2.568430e-13   6
  5.181247e-01   4.573481e-13   6.357829e-09   6.641698e-14   48
  5.331460e-01   3.832051e-13   5.994218e-09   4.534284e-14   36
  5.477554e-01   5.560149e-13   6.357829e-09   1.146903e-13   24
  5.619852e-01   3.332784e-13   8.991328e-09   5.480722e-14   24
  5.758634e-01   2.726077e-13   0.000000e+00   3.522067e-14   48
  5.894150e-01   3.662717e-13   8.991328e-09   5.582989e-14   24
  6.156239e-01   2.972654e-13   8.991328e-09   4.171402e-14   24
  6.283185e-01   1.707935e-13   0.000000e+00   2.954883e-14   30
  6.407617e-01   2.053029e-13   0.000000e+00   2.330169e-14   72
  6.529678e-01   1.797246e-13   9.536743e-09   4.120552e-14   32
  6.767198e-01   2.337976e-13   0.000000e+00   2.765597e-14   72
  6.882885e-01   1.176009e-13   0.000000e+00   1.816726e-14   48
  7.108613e-01   7.358638e-14   0.000000e+00   2.353606e-14   12
  7.273110e-01   1.264623e-13   5.427997e-03   1.037828e-14   96
  7.434365e-01   1.370752e-13   8.991328e-09   1.939163e-14   48
  7.539822e-01   1.656275e-13   1.017253e-08   3.178477e-14   30
  7.720780e-01   1.571490e-13   4.442982e-03   1.479990e-14   96
  7.947671e-01   5.853790e-14   0.000000e+00   1.423426e-14   24
  8.078915e-01   1.105590e-13   4.597878e-03   9.473554e-15   144
  8.240320e-01   7.069883e-14   1.557344e-08   1.462272e-14   24
  8.406230e-01   9.965879e-14   4.078565e-03   1.066688e-14   96
  8.522927e-01   9.076471e-14   0.000000e+00   1.199324e-14   48
  8.784818e-01   1.075277e-13   3.024579e-03   1.485152e-14   62
  8.917918e-01   7.954776e-14   4.253298e-03   8.649468e-15   132
  9.061739e-01   5.257091e-14   1.271566e-08   7.947251e-15   24
  9.197543e-01   7.005916e-14   4.251090e-03   5.952402e-15   168
  9.445606e-01   7.893456e-14   4.179554e-03   5.735277e-15   96
  9.631875e-01   5.703765e-14   3.557186e-03   5.011769e-15   96
  9.860433e-01   5.330694e-14   3.964957e-03   4.390386e-15   168
  1.005310e+00   6.508069e-14   0.000000e+00   3.153015e-14   6
  1.013133e+00   5.267049e-14   0.000000e+00   5.319584e-15   96
  1.022438e+00   5.045558e-14   3.081996e-03   5.158993e-15   120
  1.041311e+00   4.152660e-14   3.578749e-03   3.573662e-15   144
  1.051378e+00   4.416687e-14   0.000000e+00   7.235359e-15   48
  1.070509e+00   3.508005e-14   3.651792e-03   3.766833e-15   84
  1.081000e+00   4.106198e-14   2.491750e-08   3.516330e-15   120
  1.090449e+00   3.509453e-14   3.313740e-03   4.716190e-15   80
  1.105074e+00   3.137386e-14   3.364535e-03   2.601800e-15   144
  1.123970e+00   3.867896e-14   1.798266e-08   6.594550e-15   24
  1.133201e+00   4.301485e-14   3.246628e-03   3.762701e-15   150
  1.147601e+00   3.574347e-14   3.368559e-03   2.448440e-15   120
  1.163416e+00   3.420005e-14   3.069733e-03   2.676947e-15   168
  1.178830e+00   4.516029e-14   1.798266e-08   5.107158e-15   24
  1.188528e+00   2.692198e-14   3.307029e-03   1.847354e-15   264
  1.198755e+00   2.139181e-14   1.798266e-08   3.763698e-15   48
  1.216189e+00   2.674320e-14   3.063158e-03   2.284887e-15   144
  1.235512e+00   2.685187e-14   3.015167e-03   3.196225e-15   72
  1.246540e+00   2.508503e-14   3.101478e-03   1.652153e-15   180
  1.261955e+00   2.428922e-14   2.247234e-03   1.751379e-15   198
  1.269141e+00   2.900628e-14   0.000000e+00   3.147855e-15   48
  1.285036e+00   2.043499e-14   3.041694e-03   1.612635e-15   168
  1.296831e+00   2.288691e-14   3.044222e-03   1.696077e-15   144
  1.314676e+00   2.216517e-14   4.277300e-03   1.199864e-15   248
  1.338772e+00   1.537886e-14   2.948852e-03   1.292722e-15   192
  1.355181e+00   1.859874e-14   4.554933e-03   1.200403e-15   240
  1.365057e+00   2.418983e-14   0.000000e+00   2.749130e-15   72
  1.380120e+00   2.049270e-14   2.779615e-03   1.774409e-15   126
  1.389623e+00   1.900205e-14   2.564571e-03   1.591855e-15   168
  1.407767e+00   1.884271e-14   2.804328e-03   9.865086e-16   288
  1.426839e+00   1.697864e-14   1.476986e-03   1.623590e-15   156
  1.436715e+00   1.384592e-14   2.484720e-03   1.292308e-15   168
  1.451693e+00   1.579073e-14   4.259613e-03   1.100717e-15   264
  1.465478e+00   1.060467e-14   0.000000e+00   1.503163e-15   48
  1.475722e+00   1.394456e-14   4.239347e-03   8.523222e-16   264
  1.490407e+00   1.200130e-14   2.498827e-03   8.437295e-16   144
  1.501498e+00   1.423621e-14   5.112474e-03   1.604296e-15   78
  1.517654e+00   1.248691e-14   3.323319e-03   7.041456e-16   336
  1.532889e+00   9.826760e-15   2.528505e-03   6.194638e-16   200
  1.542895e+00   1.057516e-14   4.950846e-03   8.448663e-16   192
  1.556403e+00   1.403523e-14   2.484459e-03   9.468407e-16   240
  1.568812e+00   1.410144e-14   4.979003e-03   9.904411e-16   168
  1.581561e+00   1.032149e-14   3.986332e-03   9.613933e-16   120
  1.596873e+00   1.208820e-14   3.115666e-03   6.929143e-16   324
  1.611730e+00   9.265242e-15   2.449443e-03   5.711736e-16   192
  1.621842e+00   1.250200e-14   4.392943e-03   7.693447e-16   168
  1.639042e+00   9.196566e-15   3.618152e-03   4.621121e-16   342
  1.654551e+00   1.068507e-14   2.913340e-03   5.915502e-16   336
  1.670270e+00   1.041228e-14   2.229470e-03   1.076597e-15   72
  1.680871e+00   8.881655e-15   3.565739e-03   5.105215e-16   288
  1.693176e+00   9.117378e-15   2.322255e-03   6.130745e-16   264
  1.710363e+00   8.467173e-15   3.054338e-03   5.047202e-16   384
  1.725757e+00   8.952429e-15   3.666000e-03   5.588003e-16   240
  1.732155e+00   7.526712e-15   0.000000e+00   1.022835e-15   48
  1.750659e+00   7.669625e-15   3.000861e-03   4.031268e-16   392
  1.764776e+00   6.861169e-15   3.293295e-03   3.754167e-16   294
  1.779956e+00   7.026165e-15   2.140470e-03   4.698423e-16   228
  1.789939e+00   8.211218e-15   3.250617e-03   5.091802e-16   216
  1.802361e+00   6.894299e-15   1.980050e-03   3.549261e-16   336
  1.817567e+00   7.391530e-15   2.352625e-03   4.253022e-16   360
  1.830119e+00   7.432779e-15   3.584392e-03   4.641975e-16   240
  1.843199e+00   7.103767e-15   4.241157e-03   5.253605e-16   168
  1.855399e+00   6.611761e-15   3.338306e-03   3.698729e-16   312
  1.869935e+00   5.950260e-15   2.089228e-03   3.290080e-16   336
  1.885637e+00   6.223107e-15   2.850095e-03   3.542553e-16   294
  1.897477e+00   7.131885e-15   3.798594e-03   4.127916e-16   288
  1.906536e+00   5.502399e-15   2.376907e-03   3.316523e-16   264
  1.922691e+00   5.554405e-15   4.082916e-03   2.519136e-16   480
  1.936199e+00   6.638079e-15   1.997349e-03   3.941233e-16   240
  1.952759e+00   5.847228e-15   2.019671e-03   3.538824e-16   276
  1.965824e+00   5.939242e-15   4.433576e-03   2.651902e-16   488
  1.981346e+00   5.113516e-15   1.952641e-03   4.007831e-16   240
  1.990355e+00   5.020874e-15   3.791527e-03   2.892213e-16   360
  2.002988e+00   5.430119e-15   1.348968e-03   3.709110e-16   198
  2.019235e+00   4.598329e-15   4.558217e-03   1.916091e-16   480
  2.031131e+00   4.422214e-15   1.682460e-03   2.411913e-16   288
  2.047583e+00   4.565434e-15   3.556337e-03   2.218262e-16   480
  2.062377e+00   4.457850e-15   2.191154e-03   2.035466e-16   480
  2.077570e+00   4.868258e-15   2.833894e-03   2.672166e-16   288
  2.087050e+00   4.660193e-15   3.023242e-03   3.087910e-16   288
  2.101959e+00   4.397660e-15   5.255912e-03   2.121065e-16   456
  2.116971e+00   4.656241e-15   4.949844e-03   2.459964e-16   360
  2.126650e+00   4.198320e-15   2.967082e-03   2.913061e-16   180
  2.140657e+00   3.700693e-15   3.231514e-03   1.586652e-16   486
  2.154854e+00   3.844188e-15   4.298953e-03   1.748993e-16   504
  2.169289e+00   4.286681e-15   3.340070e-03   1.882826e-16   456
  2.181258e+00   4.031275e-15   2.775009e-03   2.847094e-16   296
  2.197072e+00   3.542260e-15   2.738289e-03   1.557693e-16   528
  2.208965e+00   3.396429e-15   2.701981e-03   1.698953e-16   336
  2.226481e+00   3.482436e-15   2.997004e-03   1.437411e-16   600
  2.239302e+00   2.973201e-15   1.755804e-03   1.915634e-16   264
  2.252151e+00   3.431167e-15   1.898694e-03   1.702599e-16   360
  2.265266e+00   3.404129e-15   3.801372e-03   1.705223e-16   630
  2.279717e+00   3.345482e-15   1.962233e-03   1.650255e-16   432
  2.292537e+00   3.341982e-15   3.780726e-03   1.664157e-16   408
  2.308272e+00   2.751745e-15   2.509414e-03   1.573449e-16   324
  2.319978e+00   2.883424e-15   3.576222e-03   1.136361e-16   744
  2.334098e+00   2.809534e-15   2.858952e-03   1.483367e-16   336
  2.347588e+00   3.040176e-15   3.930328e-03   1.332339e-16   528
  2.362382e+00   2.762879e-15   2.005373e-03   1.583951e-16   408
  2.372191e+00   2.635875e-15   3.413147e-03   1.300179e-16   408
  2.388397e+00   2.793666e-15   2.817663e-03   1.280729e-16   470
  2.400201e+00   2.858110e-15   3.384925e-03   1.380477e-16   528
  2.416685e+00   2.448736e-15   2.820560e-03   1.016519e-16   624
  2.428827e+00   2.826427e-15   2.146180e-03   1.270406e-16   504
  2.441353e+00   2.368526e-15   2.989469e-03   9.722974e-17   552
  2.453777e+00   2.690882e-15   1.453231e-03   1.645665e-16   336
  2.469334e+00   2.347685e-15   3.093356e-03   1.014953e-16   528
  2.481386e+00   2.608985e-15   3.521844e-03   1.035452e-16   564
  2.495502e+00   2.272846e-15   3.241487e-03   1.020674e-16   528
  2.510806e+00   2.238890e-15   5.032507e-03   9.959378e-17   582
  2.524724e+00   2.303932e-15   3.874271e-03   8.798452e-17   624
  2.536896e+00   2.235986e-15   4.429036e-03   1.103312e-16   432
  2.551418e+00   2.280868e-15   4.926531e-03   7.981191e-17   816
  2.566361e+00   2.060164e-15   2.245292e-03   1.140315e-16   312
  2.576137e+00   2.050516e-15   3.638994e-03   8.091331e-17   552
  2.591900e+00   1.970543e-15   2.291924e-03   7.613486e-17   744
  2.603321e+00   2.106891e-15   2.141123e-03   1.055969e-16   408
  2.618061e+00   2.057526e-15   3.068323e-03   8.147798e-17   632
  2.633374e+00   2.018577e-15   5.210791e-03   8.467665e-17   750
  2.645831e+00   1.970425e-15   3.584637e-03   1.133243e-16   312
  2.659713e+00   1.921285e-15   5.292216e-03   7.139235e-17   876
  2.673443e+00   1.917919e-15   3.455503e-03   9.209211e-17   552
  2.688914e+00   1.761380e-15   2.857688e-03   7.224931e-17   696
  2.699453e+00   1.826945e-15   3.154346e-03   8.292397e-17   576
  2.713796e+00   1.896983e-15   3.339693e-03   7.586672e-17   576
  2.726037e+00   1.732743e-15   4.475199e-03   6.602980e-17   648
  2.740832e+00   1.823058e-15   4.479393e-03   7.108437e-17   672
  2.757165e+00   1.429627e-15   1.899992e-03   6.956527e-17   480
  2.767620e+00   1.605680e-15   2.942368e-03   6.408960e-17   726
  2.781081e+00   1.757761e-15   3.334085e-03   6.071279e-17   792
  2.795661e+00   1.693860e-15   4.625257e-03   6.488438e-17   768
  2.811027e+00   1.633543e-15   3.780047e-03   6.144378e-17   672
  2.825116e+00   1.485013e-15   2.535576e-03   6.235525e-17   608
  2.835316e+00   1.570758e-15   2.434230e-03   5.952466e-17   624
  2.849867e+00   1.426708e-15   3.163261e-03   5.272720e-17   684
  2.864019e+00   1.487906e-15   4.672505e-03   5.293343e-17   768
  2.877191e+00   1.433774e-15   3.735635e-03   4.837998e-17   744
  2.892886e+00   1.586712e-15   2.352178e-03   5.632660e-17   750
  2.904325e+00   1.301663e-15   3.496199e-03   5.744366e-17   600
  2.916695e+00   1.529339e-15   3.712332e-03   6.049420e-17   600
  2.931979e+00   1.348047e-15   4.278234e-03   4.410640e-17   1008
  2.944116e+00   1.369683e-15   2.372856e-03   4.944579e-17   696
  2.957565e+00   1.279371e-15   3.134649e-03   5.098547e-17   624
  2.971086e+00   1.250971e-15   4.877909e-03   4.328326e-17   840
  2.986446e+00   1.221938e-15   3.319024e-03   4.096561e-17   816
  2.998905e+00   1.181558e-15   2.204574e-03   4.358808e-17   744
  3.011488e+00   1.182012e-15   3.897323e-03   4.934132e-17   510
  3.026687e+00   1.198879e-15   3.741750e-03   3.583745e-17   1020
  3.040833e+00   1.199225e-15   3.019222e-03   4.288331e-17   912
  3.054778e+00   1.205374e-15   4.473147e-03   3.983622e-17   752
  3.066309e+00   1.143955e-15   3.711666e-03   4.159305e-17   888
  3.082044e+00   1.213719e-15   2.395124e-03   4.337372e-17   768
  3.094915e+00   1.155604e-15   4.352150e-03   4.254432e-17   720
  3.109727e+00   1.035628e-15   3.836546e-03   3.259665e-17   1056
  3.122866e+00   9.782674e-16   2.654285e-03   4.446083e-17   504
  3.133631e+00   1.097226e-15   4.144719e-03   3.668351e-17   774
  3.149026e+00   1.063176e-15   3.986123e-03   3.199248e-17   1272
  3.163486e+00   1.026865e-15   2.611538e-03   4.257325e-17   744
  3.176969e+00   9.998329e-16   4.264475e-03   3.531926e-17   768
  3.189339e+00   1.019426e-15   3.607190e-03   3.618229e-17   840
  3.203231e+00   9.526636e-16   2.445578e-03   3.268838e-17   924
  3.216608e+00   9.900161e-16   4.311548e-03   3.207433e-17   936
  3.229755e+00   8.817799e-16   2.996363e-03   3.276991e-17   840
  3.242998e+00   9.566998e-16   3.562326e-03   3.131096e-17   1008
  3.259829e+00   8.948935e-16   4.021535e-03   3.093325e-17   696
  3.270389e+00   9.005842e-16   3.574451e-03   2.756909e-17   974
  3.286078e+00   8.904364e-16   4.747287e-03   2.714452e-17   1152
  3.299719e+00   9.218328e-16   1.857626e-03   3.406493e-17   816
  3.310327e+00   8.595775e-16   4.086567e-03   2.882197e-17   816
  3.324599e+00   8.829772e-16   3.608623e-03   2.544263e-17   1152
  3.339651e+00   8.479032e-16   3.248998e-03   2.902732e-17   912
  3.353338e+00   8.679300e-16   3.947532e-03   2.522593e-17   1056
  3.365058e+00   7.646598e-16   3.375847e-03   2.828457e-17   624
  3.380817e+00   8.449032e-16   4.216875e-03   2.469667e-17   1260
  3.394418e+00   7.683587e-16   2.543440e-03   2.618539e-17   894
  3.407703e+00   7.832340e-16   4.357818e-03   2.156683e-17   1176
  3.420993e+00   7.126163e-16   3.606982e-03   2.498980e-17   840
  3.436121e+00   7.881438e-16   4.099862e-03   2.003523e-17   1440
  3.452005e+00   7.330697e-16   2.304966e-03   2.435111e-17   864
  3.464048e+00   7.747321e-16   3.955435e-03   2.412350e-17   1056
  3.476035e+00   7.616638e-16   2.332073e-03   2.893403e-17   624
  3.490594e+00   7.352194e-16   4.318596e-03   1.948906e-17   1496
  3.504515e+00   7.481295e-16   3.049082e-03   2.381471e-17   936
  3.516908e+00   7.255255e-16   4.414111e-03   2.187141e-17   966
  3.530243e+00   6.699720e-16   3.128902e-03   2.199588e-17   936
  3.544251e+00   7.116285e-16   3.870284e-03   1.984547e-17   1248
  3.558592e+00   6.915195e-16   2.728377e-03   2.088670e-17   1044
  3.571955e+00   6.476511e-16   4.226344e-03   1.734200e-17   1392
  3.582538e+00   6.512140e-16   3.255138e-03   2.534355e-17   600
  3.597678e+00   6.046366e-16   3.698179e-03   1.599017e-17   1416
  3.611873e+00   6.590834e-16   3.980638e-03   1.940769e-17   1152
  3.626257e+00   5.923728e-16   3.818797e-03   2.016824e-17   936
  3.637844e+00   5.495910e-16   4.095847e-03   2.012667e-17   870
  3.651613e+00   6.282710e-16   3.434204e-03   1.578660e-17   1368
  3.666892e+00   5.634207e-16   4.515083e-03   1.420092e-17   1632
  3.679949e+00   5.785183e-16   1.960196e-03   1.900920e-17   816
  3.694083e+00   5.815945e-16   4.472000e-03   1.642357e-17   1200
  3.706415e+00   6.234966e-16   4.275759e-03   1.811804e-17   1184
  3.718942e+00   5.831697e-16   3.245022e-03   2.051500e-17   984
  3.734312e+00   5.451035e-16   3.961839e-03   1.432905e-17   1572
  3.748246e+00   5.401840e-16   2.181853e-03   1.899791e-17   840
  3.761231e+00   5.310164e-16   5.073986e-03   1.392089e-17   1392
  3.774941e+00   5.432533e-16   3.725317e-03   1.682857e-17   1158
  3.787179e+00   5.646971e-16   3.392190e-03   1.748891e-17   1272
  3.801913e+00   5.348509e-16   3.456945e-03   1.498564e-17   1320
  3.815753e+00   4.549385e-16   3.382582e-03   1.436302e-17   1104
  3.828921e+00   4.932065e-16   3.828609e-03   1.381926e-17   1392
  3.842742e+00   4.913169e-16   4.141026e-03   1.371105e-17   1296
  3.856976e+00   4.798874e-16   4.323915e-03   1.278249e-17   1392
  3.870333e+00   5.017384e-16   3.171938e-03   1.646552e-17   1104
  3.882690e+00   4.767148e-16   3.995358e-03   1.302728e-17   1320
  3.900292e+00   4.468393e-16   3.051196e-03   1.189298e-17   1422
  3.911534e+00   4.699142e-16   3.800093e-03   1.262767e-17   1212
  3.924449e+00   4.530121e-16   4.152476e-03   1.285780e-17   1280
  3.937717e+00   4.576080e-16   4.323858e-03   1.332202e-17   1272
  3.950433e+00   4.399190e-16   3.741871e-03   1.087486e-17   1680
  3.965505e+00   4.121636e-16   3.535373e-03   1.281392e-17   1152
  3.979380e+00   4.535361e-16   4.094086e-03   1.241301e-17   1512
  3.993967e+00   4.444675e-16   1.728507e-03   1.618940e-17   912
  4.005497e+00   4.050325e-16   4.357212e-03   9.848087e-18   1680
  4.020833e+00   3.984070e-16   3.859977e-03   1.154213e-17   1518
  4.032200e+00   4.470102e-16   3.573605e-03   1.434211e-17   1056
  4.044173e+00   4.342974e-16   3.608353e-03   1.163441e-17   1344
  4.059650e+00   4.103710e-16   3.874584e-03   9.959040e-18   1680
  4.073653e+00   3.897670e-16   3.818000e-03   9.771452e-18   1656
  4.088955e+00   3.875381e-16   3.245360e-03   1.196454e-17   1140
  4.100443e+00   3.966416e-16   3.757881e-03   1.141516e-17   1368
  4.113960e+00   3.707773e-16   4.274611e-03   9.767356e-18   1656
  4.127700e+00   3.831263e-16   4.378119e-03   1.040391e-17   1448
  4.142656e+00   3.622677e-16   4.112955e-03   9.412364e-18   1422
  4.156469e+00   3.787080e-16   4.540534e-03   1.018269e-17   1512
  4.168283e+00   3.794118e-16   3.461570e-03   1.115412e-17   1296
  4.181952e+00   3.669105e-16   3.160641e-03   8.775780e-18   1824
  4.196729e+00   3.536350e-16   4.098248e-03   8.949845e-18   1464
  4.211657e+00   3.445567e-16   3.657099e-03   7.851588e-18   1824
  4.225511e+00   3.541318e-16   2.907578e-03   9.372408e-18   1416
  4.237563e+00   3.260136e-16   4.258820e-03   9.865223e-18   1392
  4.250574e+00   3.281354e-16   3.929974e-03   9.130932e-18   1464
  4.266448e+00   3.098190e-16   3.842159e-03   8.067583e-18   1524
  4.278716e+00   3.328914e-16   3.540612e-03   8.893381e-18   1686
  4.292893e+00   3.481003e-16   4.215803e-03   8.591971e-18   1800
  4.305078e+00   3.408973e-16   3.346946e-03   9.866705e-18   1344
  4.318597e+00   3.011084e-16   3.904869e-03   7.578966e-18   1656
  4.332150e+00   3.203185e-16   3.117839e-03   7.881268e-18   1488
  4.343925e+00   3.192800e-16   3.112762e-03   8.098096e-18   1536
  4.360333e+00   2.815716e-16   3.457925e-03   6.765582e-18   1760
  4.373047e+00   2.857553e-16   3.846268e-03   6.897521e-18   1824
  4.387749e+00   2.969906e-16   3.227735e-03   8.509896e-18   1560
  4.401895e+00   2.978952e-16   3.707356e-03   6.922247e-18   1926
  4.415200e+00   3.072436e-16   2.636418e-03   9.468516e-18   1272
  4.427344e+00   2.790650e-16   4.430497e-03   6.350207e-18   1848
  4.443306e+00   2.922002e-16   3.579461e-03   6.721252e-18   1908
  4.455447e+00   2.695955e-16   3.491292e-03   7.428745e-18   1488
  4.468258e+00   2.630979e-16   3.937426e-03   5.797733e-18   1800
  4.482146e+00   2.536747e-16   3.941308e-03   6.098804e-18   1752
  4.495448e+00   2.695931e-16   4.190952e-03   7.197475e-18   1368
  4.508761e+00   2.628697e-16   3.938690e-03   5.864729e-18   2016
  4.523403e+00   2.757441e-16   4.160224e-03   7.114692e-18   1542
  4.536915e+00   2.484770e-16   4.073984e-03   5.625189e-18   2184
  4.551872e+00   2.509926e-16   3.726771e-03   6.466583e-18   1776
  4.564793e+00   2.550067e-16   4.260262e-03   6.512352e-18   1568
  4.577109e+00   2.489766e-16   3.892227e-03   5.880249e-18   2040
  4.590510e+00   2.572720e-16   4.161138e-03   6.397214e-18   1704
  4.604538e+00   2.340443e-16   4.171238e-03   6.085970e-18   1512
  4.617765e+00   2.262667e-16   3.558077e-03   5.292532e-18   2028
  4.632626e+00   2.371410e-16   4.291956e-03   5.921796e-18   1968
  4.646213e+00   2.414573e-16   4.353548e-03   5.917851e-18   1854
  4.659509e+00   2.453710e-16   4.150271e-03   6.297072e-18   1632
  4.673135e+00   2.365084e-16   4.264760e-03   4.850073e-18   2424
  4.687258e+00   2.392529e-16   4.269195e-03   6.130321e-18   1560
  4.699197e+00   2.343946e-16   4.034385e-03   6.043960e-18   1728
  4.713624e+00   2.103487e-16   4.306520e-03   4.594463e-18   2088
  4.728145e+00   2.215172e-16   4.099347e-03   5.366931e-18   1968
  4.741503e+00   2.228206e-16   4.058747e-03   4.804913e-18   2256
  4.754898e+00   2.077898e-16   3.608676e-03   5.584113e-18   1728
  4.768882e+00   2.108001e-16   3.557384e-03   6.107653e-18   1416
  4.781270e+00   2.095075e-16   3.750195e-03   4.651982e-18   2246
  4.795296e+00   2.196282e-16   4.153300e-03   4.879688e-18   2148
  4.808715e+00   2.028790e-16   3.508307e-03   5.153883e-18   1680
  4.821345e+00   2.054536e-16   4.435233e-03   4.510138e-18   2280
  4.836527e+00   1.938880e-16   4.130181e-03   3.967657e-18   2352
  4.850707e+00   1.816029e-16   3.470382e-03   4.713188e-18   1632
  4.861925e+00   1.993183e-16   3.971039e-03   4.716679e-18   1968
  4.877319e+00   1.861897e-16   4.074288e-03   4.150937e-18   2112
  4.891594e+00   1.872852e-16   3.060509e-03   3.945754e-18   2208
  4.905465e+00   1.884485e-16   3.085913e-03   4.375374e-18   1974
  4.916413e+00   1.978850e-16   3.018862e-03   4.744587e-18   1944
  4.931203e+00   1.899095e-16   3.415495e-03   4.467593e-18   2160
  4.944022e+00   1.803929e-16   3.194258e-03   4.116885e-18   2040
  4.957876e+00   1.827471e-16   4.468841e-03   3.994855e-18   2352
  4.972085e+00   1.769111e-16   3.712532e-03   4.462863e-18   1836
  4.985054e+00   1.687122e-16   3.960355e-03   3.649101e-18   2352
  4.999614e+00   1.675328e-16   4.153876e-03   3.997836e-18   2008
  5.012962e+00   1.700346e-16   4.086408e-03   3.584807e-18   2464
  5.027846e+00   1.625793e-16   3.295867e-03   3.456308e-18   2118
  5.040054e+00   1.720506e-16   3.313173e-03   4.259737e-18   1848
  5.052620e+00   1.726608e-16   4.384411e-03   3.699181e-18   2280
  5.067797e+00   1.745143e-16   4.170623e-03   3.649185e-18   2472
  5.081980e+00   1.460814e-16   2.787100e-03   3.108856e-18   2280
  5.093886e+00   1.627645e-16   3.406760e-03   3.732218e-18   1992
  5.106726e+00   1.583598e-16   3.581554e-03   3.444292e-18   2184
  5.121532e+00   1.577732e-16   4.320591e-03   3.340118e-18   2352
  5.135798e+00   1.553718e-16   4.553131e-03   3.185980e-18   2496
  5.149768e+00   1.449618e-16   4.252678e-03   3.767662e-18   1770
  5.162298e+00   1.605390e-16   3.669389e-03   3.352888e-18   2568
  5.177360e+00   1.501725e-16   4.500656e-03   3.001573e-18   2712
  5.191053e+00   1.599974e-16   3.574170e-03   3.446294e-18   2448
  5.204725e+00   1.439664e-16   3.012843e-03   3.334122e-18   2064
  5.216066e+00   1.514572e-16   3.180123e-03   3.549112e-18   1944
  5.230772e+00   1.451294e-16   3.928620e-03   3.022445e-18   2480
  5.245774e+00   1.393100e-16   4.267634e-03   2.666877e-18   2880
  5.259063e+00   1.343848e-16   4.093786e-03   2.954496e-18   2304
  5.272942e+00   1.371903e-16   3.761177e-03   3.705943e-18   1806
  5.285249e+00   1.379006e-16   3.688568e-03   2.954370e-18   2856
  5.300671e+00   1.414784e-16   3.537448e-03   2.862856e-18   2568
  5.312407e+00   1.388911e-16   3.549041e-03   3.279114e-18   2112
  5.325180e+00   1.384093e-16   3.418353e-03   3.184873e-18   2028
  5.338884e+00   1.278262e-16   4.046323e-03   2.618100e-18   2712
  5.352799e+00   1.256722e-16   4.359274e-03   2.474214e-18   2952
  5.367753e+00   1.297533e-16   3.368279e-03   2.996379e-18   2112
  5.379842e+00   1.210287e-16   3.947451e-03   2.513611e-18   2520
  5.394364e+00   1.226399e-16   3.807395e-03   2.567358e-18   2376
  5.407591e+00   1.335965e-16   3.052135e-03   2.847212e-18   2526
  5.421320e+00   1.333104e-16   3.798300e-03   2.793513e-18   2664
  5.434913e+00   1.237494e-16   4.530289e-03   2.799812e-18   2408
  5.447943e+00   1.186559e-16   3.628938e-03   2.762173e-18   2568
  5.461232e+00   1.203466e-16   3.421437e-03   2.493678e-18   2904
  5.475648e+00   1.216458e-16   3.838949e-03   2.526543e-18   2544
  5.489345e+00   1.183205e-16   2.827650e-03   2.724537e-18   2160
  5.502268e+00   1.087487e-16   4.888682e-03   2.120808e-18   2652
  5.516545e+00   1.137083e-16   3.870830e-03   2.276836e-18   2784
  5.530283e+00   1.172539e-16   3.822557e-03   2.448336e-18   2694
  5.544517e+00   1.120433e-16   3.435410e-03   2.105546e-18   2952
  5.556886e+00   1.048096e-16   3.253958e-03   2.408600e-18   2208
  5.569485e+00   1.149299e-16   3.468078e-03   2.683684e-18   2304
  5.583550e+00   1.122975e-16   4.509853e-03   1.940794e-18   3504
  5.599953e+00   1.071438e-16   3.651788e-03   2.106636e-18   2616
  5.612745e+00   1.004605e-16   3.567502e-03   2.025059e-18   2664
  5.625069e+00   1.010870e-16   3.314521e-03   2.378310e-18   2448
  5.637487e+00   1.065238e-16   4.616036e-03   2.238177e-18   2472
  5.652096e+00   1.022660e-16   3.670011e-03   2.048275e-18   3134
  5.665845e+00   1.054613e-16   4.013913e-03   2.171715e-18   2616
  5.679574e+00   1.028050e-16   3.251426e-03   2.087744e-18   2712
  5.693697e+00   1.047632e-16   3.728915e-03   1.989938e-18   3204
  5.707195e+00   9.699123e-17   4.294589e-03   2.003237e-18   2760
  5.720015e+00   9.791452e-17   3.746961e-03   2.061883e-18   2688
  5.734152e+00   1.000270e-16   3.542739e-03   2.095840e-18   2760
  5.746653e+00   9.158350e-17   2.925296e-03   1.981397e-18   2568
  5.761049e+00   8.925802e-17   4.542841e-03   1.674311e-18   3336
  5.774866e+00   9.404461e-17   3.845016e-03   2.186493e-18   2334
  5.788819e+00   9.295028e-17   4.254924e-03   1.761132e-18   3264
  5.801858e+00   9.599638e-17   3.093655e-03   1.932088e-18   2760
  5.815230e+00   9.354693e-17   3.736259e-03   1.675068e-18   3192
  5.828845e+00   9.045476e-17   3.879036e-03   1.776934e-18   2904
  5.843326e+00   8.809483e-17   3.892076e-03   1.796150e-18   2784
  5.855447e+00   9.387544e-17   3.203250e-03   2.072359e-18   2592
  5.869236e+00   8.823875e-17   4.366488e-03   1.629308e-18   3284
  5.883890e+00   8.259025e-17   4.385937e-03   1.588268e-18   3168
  5.897000e+00   8.378474e-17   3.618712e-03   1.722649e-18   2616
  5.910782e+00   8.088824e-17   3.496570e-03   1.530349e-18   3222
  5.924188e+00   8.297171e-17   3.923260e-03   1.613714e-18   3240
  5.937171e+00   8.557063e-17   3.969009e-03   1.875063e-18   2568
  5.951932e+00   8.577814e-17   3.641761e-03   1.756702e-18   3120
  5.964273e+00   7.935191e-17   4.003580e-03   1.530877e-18   3168
  5.977546e+00   7.876708e-17   3.504830e-03   1.370042e-18   3240
  5.992066e+00   7.490082e-17   3.595869e-03   1.423898e-18   3144
  6.006172e+00   7.567581e-17   3.427490e-03   1.535495e-18   2856
  6.019505e+00   7.830007e-17   3.660696e-03   1.444797e-18   3264
  6.034592e+00   7.753233e-17   4.044906e-03   1.584843e-18   3318
  6.046466e+00   7.791034e-17   2.832824e-03   1.700311e-18   2556
  6.060617e+00   7.284249e-17   4.838986e-03   1.233117e-18   4008
  6.074943e+00   7.493233e-17   3.572017e-03   1.515674e-18   2904
  6.087200e+00   7.312614e-17   3.652513e-03   1.428693e-18   3144
  6.101153e+00   7.297409e-17   3.807781e-03   1.452567e-18   3200
  6.115592e+00   6.660942e-17   3.755394e-03   1.217249e-18   3312
  6.128536e+00   6.937811e-17   3.026680e-03   1.438757e-18   2832
  6.142988e+00   7.034972e-17   4.355583e-03   1.256256e-18   3984
  6.156407e+00   7.069701e-17   3.540883e-03   1.615472e-18   2238
  6.168657e+00   7.067730e-17   4.167010e-03   1.334182e-18   3984
  6.183855e+00   6.457115e-17   3.959901e-03   1.269565e-18   3384
  6.196482e+00   7.025557e-17   3.701438e-03   1.392570e-18   3048
  6.209665e+00   6.746443e-17   3.398642e-03   1.374531e-18   3096
  6.223435e+00   6.506939e-17   3.852259e-03   1.189925e-18   3708
  6.237127e+00   6.687149e-17   3.651419e-03   1.430614e-18   2784
  6.249844e+00   6.201892e-17   3.792698e-03   1.131061e-18   3648
  6.264291e+00   6.138221e-17   3.903504e-03   1.123198e-18   3888
  6.279665e+00   5.983634e-17   4.167105e-03   1.180515e-18   2958
  6.291144e+00   6.747584e-17   3.557011e-03   1.271630e-18   3264
  6.304977e+00   6.398155e-17   3.926839e-03   1.258609e-18   3160
  6.318045e+00   6.104528e-17   3.558843e-03   1.101513e-18   3736
  6.330431e+00   5.919187e-17   3.242939e-03   1.199857e-18   3216
  6.345038e+00   5.995057e-17   3.974048e-03   1.090143e-18   4032
  6.360272e+00   5.668874e-17   3.628234e-03   1.051292e-18   3528
  6.373262e+00   5.944568e-17   3.202694e-03   1.175920e-18   3192
  6.386247e+00   5.887898e-17   3.507520e-03   1.144654e-18   3456
  6.400334e+00   5.478291e-17   3.636928e-03   1.043646e-18   3060
  6.414454e+00   5.646822e-17   4.324726e-03   9.352081e-19   4518
  6.428212e+00   5.969753e-17   3.852771e-03   1.176932e-18   3528
  6.440859e+00   5.989399e-17   3.235655e-03   1.202124e-18   3024
  6.454342e+00   5.378736e-17   4.380947e-03   9.771698e-19   3672
  6.468077e+00   5.589781e-17   3.760183e-03   1.036078e-18   3864
  6.483327e+00   5.534645e-17   3.985743e-03   1.092809e-18   3816
  6.495798e+00   5.053801e-17   3.626145e-03   9.424828e-19   3456
  6.507756e+00   5.218998e-17   3.282483e-03   1.125073e-18   2688
  6.521843e+00   5.243089e-17   3.894603e-03   8.931115e-19   4248
  6.535809e+00   5.152681e-17   3.730284e-03   9.376621e-19   3926
  6.549837e+00   5.370746e-17   3.938539e-03   1.099059e-18   3504
  6.563389e+00   4.954082e-17   3.521113e-03   9.171626e-19   3960
  6.578351e+00   4.985974e-17   3.963952e-03   9.335116e-19   3684
  6.591183e+00   5.036689e-17   3.963687e-03   9.010287e-19   4104
  6.604012e+00   5.096148e-17   3.759338e-03   1.000259e-18   3144
  6.617793e+00   4.944443e-17   4.117770e-03   8.802000e-19   4224
  6.632945e+00   4.583163e-17   3.654879e-03   7.706659e-19   4008
  6.645891e+00   4.569543e-17   4.020945e-03   8.458176e-19   3312
  6.659221e+00   4.645263e-17   3.999289e-03   8.834992e-19   3726
  6.673398e+00   4.721322e-17   4.107760e-03   8.671928e-19   3936
  6.685987e+00   4.820153e-17   4.234293e-03   8.817299e-19   3888
  6.699051e+00   4.624721e-17   4.003929e-03   7.947809e-19   3864
  6.712643e+00   4.780565e-17   4.256514e-03   9.212699e-19   3888
  6.726643e+00   4.442686e-17   4.014548e-03   7.789556e-19   4080
  6.740465e+00   4.378693e-17   4.260657e-03   8.206414e-19   3400
  6.754567e+00   4.193167e-17   3.907452e-03   7.145184e-19   4588
  6.768825e+00   4.195903e-17   3.867571e-03   7.373360e-19   3816
  6.781286e+00   4.297084e-17   3.664848e-03   8.124363e-19   3534
  6.794478e+00   4.516006e-17   3.619891e-03   8.023435e-19   4080
  6.808278e+00   4.186978e-17   3.783811e-03   7.493262e-19   4248
  6.822137e+00   4.289502e-17   3.812932e-03   8.703610e-19   3528
  6.834925e+00   4.003761e-17   3.898202e-03   6.856107e-19   4248
  6.847851e+00   3.950157e-17   3.812833e-03   7.376508e-19   3696
  6.862246e+00   4.133747e-17   3.956350e-03   7.431943e-19   4560
  6.875897e+00   3.991337e-17   3.705786e-03   6.933586e-19   3864
  6.889918e+00   3.698942e-17   4.035033e-03   6.388799e-19   4440
  6.903205e+00   3.888596e-17   3.764781e-03   8.101715e-19   3432
  6.917168e+00   3.989976e-17   3.691446e-03   7.062463e-19   4470
  6.930903e+00   3.909612e-17   3.280469e-03   7.157337e-19   4188
  6.944404e+00   3.668624e-17   4.202742e-03   6.475624e-19   4392
  6.957812e+00   3.854843e-17   3.251220e-03   6.988143e-19   3960
  6.971756e+00   3.663302e-17   3.672933e-03   6.437753e-19   4328
  6.985263e+00   3.558377e-17   3.822434e-03   5.973887e-19   4320
  6.998915e+00   3.628603e-17   3.997076e-03   6.533176e-19   4152
  7.011574e+00   3.753242e-17   3.343614e-03   7.327076e-19   3528
  7.025890e+00   3.488006e-17   3.618951e-03   6.120549e-19   4512
  7.039283e+00   3.634828e-17   3.699459e-03   6.931801e-19   4134
  7.052888e+00   3.654973e-17   3.941164e-03   5.895797e-19   5208
  7.065972e+00   3.486328e-17   3.433716e-03   7.356051e-19   3240
  7.079508e+00   3.555430e-17   3.787232e-03   6.493514e-19   4680
  7.093285e+00   3.346965e-17   3.749666e-03   6.045277e-19   4440
  7.107078e+00   3.421224e-17   4.248981e-03   6.417276e-19   4260
  7.120308e+00   3.246822e-17   3.468882e-03   5.894755e-19   4056
  7.133932e+00   3.313582e-17   3.845862e-03   5.521489e-19   4704
  7.148231e+00   3.394853e-17   4.475317e-03   5.750372e-19   4800
  7.163348e+00   3.162947e-17   3.877518e-03   5.469157e-19   4806
  7.176410e+00   3.598414e-17   3.865268e-03   7.708876e-19   3552
  7.188851e+00   3.185087e-17   3.875633e-03   5.787090e-19   4304
  7.202898e+00   3.163551e-17   3.758487e-03   5.383099e-19   5280
  7.216787e+00   3.100043e-17   3.605632e-03   5.867497e-19   4320
  7.229935e+00   3.059850e-17   4.071704e-03   5.552038e-19   4296
  7.243800e+00   2.949168e-17   4.526721e-03   5.277484e-19   4608
  7.257822e+00   3.024474e-17   4.336841e-03   5.063689e-19   4824
  7.271703e+00   2.825695e-17   4.094286e-03   4.738953e-19   4488
  7.286600e+00   3.063347e-17   3.822456e-03   5.674812e-19   4530
  7.298900e+00   2.898898e-17   3.732313e-03   5.573771e-19   4464
  7.311208e+00   3.012185e-17   3.517428e-03   6.353811e-19   4104
  7.325339e+00   2.919481e-17   3.792522e-03   4.761201e-19   5424
  7.339239e+00   2.930439e-17   4.082418e-03   5.641346e-19   4392
  7.353384e+00   2.833372e-17   3.996852e-03   4.933709e-19   4896
  7.366230e+00   2.756241e-17   3.917732e-03   5.182130e-19   4104
  7.379634e+00   2.870801e-17   3.532761e-03   4.793180e-19   4824
  7.393776e+00   2.512194e-17   3.376492e-03   4.337116e-19   4680
  7.406096e+00   2.705474e-17   3.453413e-03   5.525222e-19   4328
  7.420397e+00   2.696693e-17   3.980891e-03   4.791974e-19   5118
  7.434767e+00   2.682513e-17   4.612116e-03   4.664364e-19   5304
  7.447735e+00   2.867652e-17   3.631827e-03   5.617992e-19   4392
  7.461864e+00   2.629481e-17   3.645220e-03   5.322190e-19   4476
  7.474220e+00   2.530021e-17   3.620136e-03   4.602961e-19   4704
  7.487968e+00   2.397544e-17   4.381742e-03   3.994395e-19   5208
  7.502418e+00   2.466818e-17   3.694542e-03   4.148484e-19   5304
  7.515732e+00   2.426127e-17   3.957369e-03   4.368307e-19   4296
  7.529385e+00   2.342637e-17   3.752608e-03   4.078528e-19   4752
  7.543730e+00   2.473291e-17   3.767007e-03   4.526570e-19   4950
  7.556622e+00   2.591075e-17   3.937534e-03   5.038803e-19   5064
  7.569518e+00   2.464308e-17   3.299143e-03   4.498205e-19   4872
  7.582558e+00   2.435755e-17   3.473093e-03   5.093494e-19   4224
  7.596482e+00   2.297449e-17   3.836467e-03   3.790372e-19   6120
  7.611299e+00   2.279759e-17   4.220602e-03   4.011922e-19   4968
  7.624740e+00   2.240684e-17   3.734866e-03   4.114118e-19   4424
  7.638645e+00   2.153366e-17   4.770498e-03   3.887762e-19   5436
  7.652381e+00   2.119680e-17   4.067269e-03   3.871736e-19   4896
  7.665661e+00   2.058039e-17   3.893965e-03   3.840161e-19   5214
  7.678461e+00   2.347187e-17   3.310074e-03   4.627817e-19   4656
  7.692685e+00   2.134590e-17   4.208491e-03   4.033645e-19   5448
  7.706276e+00   2.178296e-17   3.554381e-03   4.459943e-19   4992
  7.719584e+00   2.146291e-17   3.933714e-03   4.142907e-19   5400
  7.734212e+00   2.141496e-17   4.359773e-03   4.127933e-19   5328
  7.747690e+00   2.057071e-17   3.898436e-03   4.168941e-19   4776
  7.760371e+00   1.821858e-17   3.663227e-03   3.525217e-19   4800
  7.774459e+00   1.896072e-17   4.710721e-03   3.128938e-19   6552
  7.789199e+00   2.012692e-17   3.558885e-03   4.513048e-19   3942
  7.801972e+00   2.113299e-17   4.485571e-03   4.266441e-19   6072
  7.816115e+00   2.152393e-17   3.483659e-03   5.044920e-19   4692
  7.827973e+00   1.830676e-17   3.636885e-03   3.835492e-19   4944
  7.841863e+00   1.872151e-17   3.903498e-03   3.511817e-19   5840
  7.856124e+00   1.822035e-17   4.178533e-03   3.773338e-19   5712
  7.870165e+00   1.948656e-17   3.501880e-03   4.473785e-19   4800
  7.882974e+00   1.655839e-17   4.637724e-03   2.841006e-19   5688
  7.897004e+00   1.647775e-17   3.659067e-03   3.158790e-19   4848
  7.910908e+00   1.555342e-17   4.072759e-03   2.907962e-19   5406
  7.924104e+00   1.506783e-17   3.676325e-03   2.911570e-19   5568
  7.937355e+00   1.403843e-17   3.304770e-03   2.385860e-19   5736
  7.951674e+00   1.438104e-17   4.104312e-03   2.624116e-19   5280
  7.964668e+00   1.332893e-17   3.794736e-03   2.288577e-19   5592
  7.978044e+00   1.289080e-17   4.343968e-03   2.570327e-19   4968
  7.992185e+00   1.243046e-17   3.894947e-03   2.051484e-19   5964
  8.005981e+00   1.192814e-17   3.913047e-03   2.104711e-19   5376
  8.018517e+00   1.194786e-17   3.778288e-03   2.194146e-19   5472
  8.033050e+00   1.092136e-17   3.588288e-03   1.945226e-19   5472
  8.046339e+00   1.160246e-17   4.079766e-03   2.143957e-19   5415
  8.059218e+00   1.110652e-17   3.588648e-03   2.120092e-19   5096
  8.073151e+00   1.063420e-17   4.614911e-03   1.835427e-19   6372
  8.087246e+00   1.119399e-17   3.746176e-03   2.399071e-19   4656
  8.099878e+00   1.028744e-17   4.089625e-03   1.904110e-19   5844
  8.113469e+00   1.050583e-17   3.595730e-03   1.923254e-19   5508
  8.127874e+00   9.633585e-18   4.079049e-03   1.588715e-19   6324
  8.142009e+00   9.763130e-18   3.503908e-03   2.083594e-19   4752
  8.154927e+00   8.698725e-18   3.922916e-03   1.406552e-19   5676
  8.168912e+00   8.744502e-18   3.588715e-03   1.487856e-19   5472
  8.182185e+00   8.854268e-18   4.047970e-03   1.714535e-19   5556
  8.196444e+00   8.648501e-18   3.944669e-03   1.659580e-19   5436
  8.210207e+00   8.011729e-18   4.037644e-03   1.349432e-19   5916
  8.224340e+00   7.802426e-18   4.200926e-03   1.320268e-19   5520
  8.237065e+00   7.692306e-18   3.820545e-03   1.385417e-19   5280
  8.250104e+00   7.461689e-18   3.754028e-03   1.497031e-19   4416
  8.264815e+00   6.785686e-18   3.659260e-03   1.018932e-19   6260
  8.278635e+00   6.691768e-18   4.351307e-03   1.124746e-19   5940
  8.291152e+00   6.782711e-18   3.407784e-03   1.420649e-19   4188
  8.304933e+00   6.197047e-18   4.357141e-03   9.395045e-20   6360
  8.319422e+00   6.103497e-18   3.886387e-03   1.048024e-19   5256
  8.332880e+00   6.223713e-18   3.673916e-03   1.098138e-19   4848
  8.344411e+00   5.859002e-18   3.330596e-03   1.105404e-19   4704
  8.358606e+00   5.899490e-18   4.085775e-03   9.375021e-20   5784
  8.373047e+00   5.470260e-18   4.323222e-03   8.358782e-20   5820
  8.386987e+00   5.559815e-18   3.872681e-03   9.101957e-20   5700
  8.401010e+00   5.291540e-18   3.591376e-03   8.410228e-20   5232
  8.415051e+00   5.129961e-18   3.984940e-03   8.770920e-20   4932
  8.427489e+00   5.238200e-18   3.429992e-03   9.526028e-20   4716
  8.440557e+00   4.852189e-18   4.369071e-03   7.621515e-20   5616
  8.454004e+00   4.900407e-18   3.858530e-03   9.037969e-20   5184
  8.467873e+00   4.737756e-18   3.892310e-03   7.989777e-20   5064
  8.480954e+00   4.451274e-18   3.985538e-03   6.990730e-20   5544
  8.495461e+00   4.381020e-18   4.000807e-03   7.398434e-20   5192
  8.508660e+00   4.448453e-18   3.595349e-03   7.448009e-20   5244
  8.522539e+00   4.341763e-18   3.890208e-03   6.638206e-20   5112
  8.536336e+00   4.180255e-18   3.570029e-03   6.824504e-20   5040
  8.548997e+00   3.960203e-18   3.753229e-03   6.681691e-20   5124
  8.563784e+00   4.111987e-18   4.213504e-03   5.755047e-20   5952
  8.577433e+00   3.794245e-18   3.691886e-03   6.084681e-20   4824
  8.589806e+00   3.804005e-18   3.726497e-03   6.037702e-20   4536
  8.604129e+00   3.712229e-18   3.960926e-03   5.403501e-20   5712
  8.618841e+00   3.759883e-18   4.334333e-03   5.822894e-20   5352
  8.632715e+00   3.476073e-18   3.775364e-03   5.225605e-20   5004
  8.645110e+00   3.318501e-18   3.776392e-03   5.249435e-20   4800
  8.658430e+00   3.404202e-18   4.058247e-03   5.226106e-20   5148
  8.673187e+00   3.228659e-18   4.215016e-03   4.479046e-20   5664
  8.686522e+00   3.341952e-18   3.785694e-03   5.334921e-20   4692
  8.698842e+00   3.289198e-18   3.516957e-03   5.559314e-20   4008
  8.713211e+00   3.032693e-18   4.031193e-03   4.128068e-20   5852
  8.727819e+00   3.122801e-18   3.817164e-03   4.823705e-20   5784
  8.740793e+00   3.052382e-18   3.518761e-03   5.083904e-20   4392
  8.754148e+00   2.927606e-18   3.451568e-03   4.301367e-20   4944
  8.768168e+00   2.985872e-18   4.069341e-03   4.957643e-20   4776
  8.781390e+00   2.722786e-18   3.914928e-03   3.995616e-20   5244
  8.795740e+00   2.865251e-18   3.908022e-03   4.628850e-20   4884
  8.807779e+00   2.666758e-18   3.314306e-03   4.345566e-20   4488
  8.821780e+00   2.629768e-18   3.938271e-03   3.925187e-20   5160
  8.835879e+00   2.671925e-18   4.009709e-03   3.929098e-20   5316
  8.849460e+00   2.499502e-18   4.054096e-03   3.840600e-20   4896
  8.862698e+00   2.618132e-18   3.766964e-03   4.295195e-20   4188
  8.876040e+00   2.428846e-18   4.108738e-03   3.763994e-20   4836
  8.889663e+00   2.482898e-18   4.075904e-03   3.686298e-20   5316
  8.903463e+00   2.360378e-18   3.772744e-03   3.631332e-20   4920
  8.916368e+00   2.346595e-18   3.800756e-03   3.981947e-20   4128
  8.930215e+00   2.303368e-18   4.088729e-03   3.305400e-20   5348
  8.943842e+00   2.230856e-18   3.547787e-03   3.379959e-20   4836
  8.956853e+00   2.202055e-18   3.822856e-03   3.509236e-20   4392
  8.970868e+00   2.134720e-18   3.358691e-03   3.320511e-20   4632
  8.983486e+00   2.073431e-18   3.752803e-03   3.287781e-20   4596
  8.997977e+00   2.093830e-18   3.773963e-03   3.103866e-20   5424
  9.012312e+00   2.029921e-18   3.884614e-03   2.985553e-20   5256
  9.027082e+00   2.002266e-18   3.945289e-03   3.026571e-20   4524
  9.039381e+00   1.971738e-18   3.752749e-03   3.058181e-20   4440
  9.053157e+00   1.947472e-18   3.209082e-03   3.040164e-20   4380
  9.066638e+00   1.939729e-18   4.199636e-03   2.940096e-20   4812
  9.080988e+00   1.940915e-18   4.171231e-03   2.739047e-20   5376
  9.094107e+00   1.816089e-18   3.331699e-03   3.158988e-20   3888
  9.106679e+00   1.849375e-18   3.815180e-03   2.801816e-20   4896
  9.120705e+00   1.788866e-18   4.025639e-03   2.648656e-20   4608
  9.135432e+00   1.685436e-18   3.799955e-03   2.613850e-20   4448
  9.148250e+00   1.668062e-18   3.922592e-03   2.564574e-20   4752
  9.161757e+00   1.749299e-18   4.108670e-03   2.882677e-20   4356
  9.175960e+00   1.679528e-18   3.953830e-03   2.385926e-20   5232
  9.190083e+00   1.663910e-18   3.984470e-03   2.633768e-20   4548
  9.203776e+00   1.595030e-18   3.873408e-03   2.473918e-20   4608
  9.217142e+00   1.673651e-18   3.518679e-03   2.822061e-20   3936
  9.229761e+00   1.519679e-18   4.205845e-03   2.392081e-20   4260
  9.243941e+00   1.545568e-18   3.770601e-03   2.288334e-20   5004
  9.256906e+00   1.476227e-18   3.725991e-03   2.295607e-20   4224
  9.271122e+00   1.505772e-18   4.025551e-03   2.273388e-20   4788
  9.284930e+00   1.432022e-18   4.233557e-03   2.259638e-20   4428
  9.298384e+00   1.488270e-18   3.537707e-03   2.458732e-20   4080
  9.311336e+00   1.408217e-18   3.868160e-03   2.179449e-20   4632
  9.324972e+00   1.492662e-18   4.022591e-03   2.592022e-20   4056
  9.339306e+00   1.343257e-18   3.787339e-03   2.090865e-20   4536
  9.352403e+00   1.361218e-18   3.862837e-03   2.095557e-20   4668
  9.366745e+00   1.282103e-18   4.140272e-03   1.996734e-20   4604
  9.380714e+00   1.313151e-18   3.720074e-03   2.257863e-20   4152
  9.393605e+00   1.350368e-18   3.605343e-03   2.193198e-20   4224
  9.407270e+00   1.225231e-18   3.466268e-03   1.973327e-20   4152
  9.420923e+00   1.219149e-18   3.931888e-03   1.985872e-20   4224
  9.434196e+00   1.141961e-18   3.636203e-03   1.838398e-20   3960
  9.446982e+00   1.236934e-18   3.752332e-03   1.840794e-20   4656
  9.460948e+00   1.149489e-18   4.048690e-03   1.829837e-20   4452
  9.475269e+00   1.180464e-18   4.116161e-03   1.991236e-20   4056
  9.488596e+00   1.150585e-18   4.078615e-03   1.812937e-20   4212
  9.502096e+00   1.237607e-18   3.389500e-03   2.175877e-20   3432
  9.515777e+00   1.136476e-18   4.336159e-03   1.634540e-20   5352
  9.529148e+00   1.086061e-18   3.175719e-03   1.994093e-20   3600
  9.543704e+00   1.071037e-18   3.502875e-03   1.670519e-20   4584
  9.556413e+00   1.036580e-18   3.492560e-03   1.775070e-20   3768
  9.569504e+00   1.070524e-18   3.728359e-03   1.783909e-20   3848
  9.582571e+00   1.018992e-18   3.418481e-03   1.825138e-20   3720
  9.597389e+00   9.676737e-19   4.290699e-03   1.447527e-20   4764
  9.610471e+00   1.039205e-18   3.455204e-03   1.817885e-20   3864
  9.623905e+00   9.790345e-19   4.279686e-03   1.537102e-20   4332
  9.638558e+00   9.768422e-19   3.653823e-03   1.574811e-20   3792
  9.651651e+00   9.870250e-19   4.144519e-03   1.586914e-20   4284
  9.665527e+00   9.568783e-19   3.924401e-03   1.773860e-20   3840
  9.678659e+00   9.375667e-19   3.735517e-03   1.673814e-20   3480
  9.691996e+00   9.096030e-19   4.168119e-03   1.433800e-20   4380
  9.706412e+00   8.959239e-19   3.915217e-03   1.504985e-20   4200
  9.720578e+00   8.843805e-19   3.763239e-03   1.413318e-20   4056
  9.733733e+00   8.565115e-19   3.782207e-03   1.469417e-20   3600
  9.746058e+00   8.818619e-19   3.768375e-03   1.538713e-20   3492
  9.760459e+00   8.572296e-19   4.400611e-03   1.407545e-20   4500
  9.775152e+00   8.762356e-19   3.855530e-03   1.568421e-20   3516
  9.787780e+00   8.173946e-19   4.030599e-03   1.330007e-20   3968
  9.801933e+00   7.826027e-19   3.873755e-03   1.392183e-20   3648
  9.814461e+00   8.278751e-19   3.704379e-03   1.295860e-20   4224
  9.828664e+00   8.056268e-19   4.157831e-03   1.358965e-20   3588
  9.841991e+00   8.114932e-19   3.835114e-03   1.486209e-20   3456
  9.855400e+00   7.886519e-19   3.406055e-03   1.369523e-20   3660
  9.869258e+00   7.881800e-19   3.738544e-03   1.348505e-20   3768
  9.882173e+00   7.767185e-19   3.780772e-03   1.327520e-20   3744
  9.896044e+00   7.552827e-19   4.150018e-03   1.207842e-20   4176
  9.910801e+00   7.743652e-19   3.827936e-03   1.322588e-20   3612
  9.922997e+00   7.309437e-19   4.159911e-03   1.326147e-20   3216
  9.936956e+00   7.275735e-19   4.021925e-03   1.262294e-20   3624
  9.950989e+00   6.813514e-19   3.781932e-03   1.149952e-20   3744
  9.964551e+00   7.320470e-19   4.035291e-03   1.253515e-20   3672
  9.977933e+00   7.064634e-19   3.659310e-03   1.150767e-20   3852
  9.991750e+00   6.915976e-19   3.766272e-03   1.217088e-20   3672
  1.000645e+01   6.974855e-19   3.669608e-03   1.228141e-20   3248
  1.001872e+01   6.858116e-19   3.756103e-03   1.247301e-20   3336
  1.003212e+01   6.564364e-19   3.823377e-03   1.172157e-20   3576
  1.004582e+01   6.479313e-19   3.245703e-03   1.266313e-20   3336
  1.005978e+01   6.620455e-19   3.855326e-03   1.066849e-20   3936
  1.007355e+01   6.349571e-19   4.106031e-03   1.142482e-20   3408
  1.008721e+01   6.432613e-19   3.617479e-03   1.167765e-20   3336
  1.010048e+01   5.858391e-19   4.063257e-03   1.074255e-20   3312
  1.011375e+01   5.856971e-19   4.114093e-03   1.046334e-20   3432
  1.012788e+01   6.196349e-19   3.566754e-03   1.193915e-20   3144
  1.014078e+01   6.087167e-19   3.872067e-03   1.049320e-20   3456
  1.015528e+01   5.818695e-19   3.721500e-03   9.959810e-21   3792
  1.016839e+01   5.878185e-19   3.655557e-03   1.205514e-20   2868
  1.018255e+01   5.674656e-19   3.787143e-03   9.780649e-21   3888
  1.019578e+01   5.476447e-19   3.288419e-03   1.068479e-20   2784
  1.020881e+01   5.480444e-19   3.755468e-03   1.049788e-20   2964
  1.022304e+01   5.683596e-19   3.867395e-03   1.006387e-20   3432
  1.023659e+01   5.231446e-19   4.003143e-03   9.031930e-21   3416
  1.025029e+01   5.424669e-19   4.279009e-03   9.250277e-21   3528
  1.026432e+01   5.332823e-19   3.434210e-03   1.034410e-20   2904
  1.027673e+01   5.200123e-19   3.850756e-03   1.002948e-20   3072
  1.029117e+01   5.151518e-19   4.324841e-03   9.662866e-21   3216
  1.030559e+01   5.107683e-19   3.502662e-03   1.003325e-20   2844
  1.031826e+01   5.163200e-19   4.008153e-03   9.809135e-21   3432
  1.033126e+01   5.073360e-19   3.221608e-03   1.053114e-20   2880
  1.034579e+01   4.845370e-19   4.267481e-03   8.282160e-21   3576
  1.035947e+01   5.093671e-19   3.814530e-03   1.063213e-20   2700
  1.037258e+01   4.907471e-19   4.284663e-03   9.452578e-21   3000
  1.038630e+01   4.598763e-19   3.557547e-03   9.634013e-21   2556
  1.039962e+01   4.469285e-19   3.812983e-03   7.933693e-21   3360
  1.041340e+01   4.650745e-19   3.704919e-03   8.788370e-21   3120
  1.042824e+01   4.731441e-19   4.361864e-03   8.796037e-21   3216
  1.044102e+01   4.664593e-19   3.076304e-03   9.721769e-21   2628
  1.045538e+01   4.214097e-19   4.066431e-03   8.285048e-21   3200
  1.046849e+01   4.259311e-19   3.836286e-03   9.392229e-21   2232
  1.048172e+01   4.361035e-19   4.379000e-03   8.894864e-21   3108
  1.049489e+01   4.613256e-19   3.846700e-03   9.801082e-21   2604
  1.050838e+01   4.503598e-19   4.143983e-03   8.795927e-21   3096
  1.052321e+01   4.226434e-19   3.775712e-03   8.116079e-21   3084
  1.053608e+01   4.109984e-19   3.853056e-03   8.368434e-21   2664
  1.054934e+01   4.279907e-19   3.397791e-03   9.903211e-21   2232
  1.056233e+01   3.902021e-19   4.185566e-03   7.762756e-21   2808
  1.057656e+01   4.022664e-19   3.953914e-03   8.727349e-21   2592
  1.058985e+01   4.181885e-19   4.059168e-03   8.374424e-21   2952
  1.060381e+01   3.884938e-19   3.832353e-03   8.205942e-21   2772
  1.061738e+01   3.934342e-19   4.121455e-03   7.889127e-21   3036
  1.063158e+01   3.819505e-19   3.997831e-03   8.500125e-21   2136
  1.064453e+01   3.647216e-19   3.188280e-03   7.598325e-21   2496
  1.065782e+01   3.821599e-19   4.246551e-03   8.436879e-21   2228
  1.067168e+01   4.000072e-19   3.959147e-03   7.734113e-21   3048
  1.068548e+01   3.760558e-19   3.781893e-03   7.974672e-21   2676
  1.069919e+01   3.818279e-19   3.767600e-03   7.711938e-21   2784
  1.071230e+01   3.513274e-19   3.660231e-03   7.879419e-21   1920
  1.072544e+01   3.442251e-19   3.906352e-03   7.500299e-21   2400
  1.073968e+01   3.336232e-19   3.582931e-03   6.914949e-21   2532
  1.075441e+01   3.482544e-19   3.979779e-03   7.897264e-21   2544
  1.076766e+01   3.643025e-19   4.163389e-03   7.616691e-21   2772
  1.078071e+01   3.405024e-19   3.899689e-03   7.745757e-21   2160
  1.079368e+01   3.372879e-19   4.200336e-03   7.852350e-21   2304
  1.080867e+01   3.197014e-19   4.110246e-03   7.487249e-21   2328
  1.082212e+01   2.977782e-19   3.940858e-03   6.502408e-21   2304
  1.083458e+01   3.137025e-19   3.726627e-03   7.785498e-21   1908
  1.084874e+01   3.709364e-19   4.167993e-03   8.185090e-21   2736
  1.086239e+01   3.339398e-19   3.949170e-03   7.898524e-21   2448
  1.087690e+01   3.364379e-19   3.692261e-03   8.082885e-21   2040
  1.089004e+01   2.840564e-19   3.844396e-03   7.065905e-21   2120
  1.090267e+01   3.163670e-19   3.187394e-03   7.247327e-21   2040
  1.091626e+01   2.733233e-19   3.954536e-03   6.335107e-21   2208
  1.093164e+01   3.309097e-19   3.550574e-03   8.016856e-21   2208
  1.094410e+01   3.319698e-19   3.934714e-03   8.044969e-21   2196
  1.095698e+01   2.807297e-19   3.461225e-03   7.804582e-21   1848
  1.097008e+01   2.810746e-19   3.925487e-03   6.837234e-21   2124
  1.098474e+01   2.754877e-19   4.117751e-03   6.267509e-21   2328
  1.099905e+01   2.790145e-19   4.192229e-03   7.273228e-21   1920
  1.101296e+01   2.642433e-19   3.848418e-03   7.144458e-21   1548
  1.102533e+01   3.097969e-19   4.221595e-03   7.460639e-21   2388
  1.103993e+01   2.749653e-19   3.906588e-03   6.833364e-21   2160
  1.105330e+01   2.533347e-19   3.555737e-03   7.519905e-21   1704
  1.106610e+01   2.538545e-19   4.005852e-03   6.155051e-21   1776
  1.107822e+01   2.548883e-19   3.746969e-03   6.488473e-21   1800
  1.109354e+01   2.613627e-19   4.325530e-03   7.237919e-21   1700
  1.110784e+01   2.751791e-19   3.894621e-03   6.748424e-21   2292
  1.112117e+01   2.702558e-19   3.615364e-03   8.073267e-21   1704
  1.113374e+01   2.518147e-19   4.042583e-03   6.685796e-21   1728
  1.114751e+01   2.326422e-19   3.741502e-03   6.105429e-21   1728
  1.116101e+01   2.559058e-19   3.737983e-03   7.622018e-21   1680
  1.117537e+01   2.136153e-19   4.306268e-03   5.490537e-21   1704
  1.118967e+01   2.249698e-19   3.381709e-03   5.789830e-21   1752
  1.120245e+01   2.687521e-19   4.020210e-03   7.480654e-21   1872
  1.121629e+01   2.344344e-19   3.940248e-03   6.916080e-21   1500
  1.123032e+01   2.244748e-19   3.450264e-03   6.481481e-21   1656
  1.124395e+01   2.547457e-19   3.699339e-03   7.962609e-21   1464
  1.125606e+01   2.147000e-19   3.240250e-03   6.329975e-21   1488
  1.127092e+01   2.131719e-19   3.910741e-03   6.464434e-21   1680
  1.128450e+01   2.170558e-19   4.085744e-03   6.383680e-21   1692
  1.129720e+01   2.254922e-19   3.912307e-03   8.104557e-21   1128
  1.131130e+01   2.152218e-19   3.767213e-03   6.083227e-21   1536
  1.132506e+01   2.025356e-19   3.926941e-03   5.396666e-21   1616
  1.133898e+01   1.957380e-19   3.786801e-03   5.684462e-21   1476
  1.135302e+01   1.859176e-19   4.167468e-03   6.078743e-21   1176
  1.136555e+01   1.947454e-19   4.477500e-03   5.180667e-21   1656
  1.137919e+01   2.091817e-19   3.933069e-03   8.394045e-21   891
  1.139326e+01   1.885425e-19   4.192686e-03   5.178345e-21   1596
  1.140696e+01   1.747477e-19   3.656134e-03   6.518963e-21   1422
  1.142048e+01   1.777758e-19   3.505987e-03   5.681495e-21   1254
  1.143319e+01   1.618809e-19   3.581765e-03   5.512349e-21   918
  1.144682e+01   1.961118e-19   3.920026e-03   5.235665e-21   1614
  1.146054e+01   1.861048e-19   3.386171e-03   6.849929e-21   798
  1.147418e+01   1.621215e-19   4.340669e-03   4.957081e-21   1458
  1.148802e+01   1.722738e-19   3.974605e-03   5.447644e-21   1374
  1.150169e+01   1.520120e-19   3.394577e-03   5.444640e-21   984
  1.151525e+01   1.739773e-19   4.670468e-03   6.049827e-21   1062
  1.152907e+01   1.829599e-19   3.959103e-03   5.540586e-21   1246
  1.154249e+01   1.452025e-19   3.671067e-03   4.895605e-21   1072
  1.155682e+01   1.437104e-19   3.975530e-03   4.939387e-21   1110
  1.157007e+01   1.657378e-19   4.306909e-03   5.234537e-21   1254
  1.158399e+01   1.492339e-19   4.087484e-03   5.283073e-21   1032
  1.159916e+01   1.601951e-19   3.787024e-03   5.597937e-21   786
  1.161070e+01   1.462978e-19   3.882517e-03   4.639346e-21   1152
  1.162421e+01   1.445824e-19   4.231557e-03   4.964798e-21   1086
  1.163828e+01   1.179095e-19   3.817809e-03   3.760131e-21   912
  1.165129e+01   1.579307e-19   3.826999e-03   5.183893e-21   1062
  1.166457e+01   1.403310e-19   3.814594e-03   4.569659e-21   912
  1.167991e+01   1.251035e-19   4.258338e-03   4.728634e-21   750
  1.169187e+01   1.390969e-19   4.102940e-03   4.377203e-21   1200
  1.170571e+01   1.110227e-19   3.715535e-03   4.059003e-21   918
  1.171947e+01   1.148934e-19   3.856601e-03   4.697603e-21   876
  1.173345e+01   1.484647e-19   3.369895e-03   5.401235e-21   870
  1.174569e+01   1.162288e-19   3.930446e-03   4.372267e-21   768
  1.176004e+01   1.070015e-19   3.602462e-03   3.874572e-21   830
  1.177333e+01   1.322519e-19   3.729870e-03   4.562978e-21   1080
  1.178709e+01   1.237193e-19   4.196592e-03   5.080818e-21   840
  1.180097e+01   1.117009e-19   4.040856e-03   4.202599e-21   798
  1.181670e+01   1.433618e-19   3.207290e-03   5.244815e-21   792
  1.182890e+01   1.023554e-19   3.740740e-03   3.933730e-21   726
  1.184171e+01   9.661853e-20   4.191707e-03   3.089200e-21   864
  1.185573e+01   1.227114e-19   3.588004e-03   4.599601e-21   900
  1.186995e+01   1.117296e-19   3.987579e-03   4.204121e-21   726
  1.188214e+01   1.109493e-19   3.451076e-03   4.327703e-21   576
  1.189842e+01   1.071812e-19   3.591459e-03   3.676312e-21   840
  1.190986e+01   1.015714e-19   3.728159e-03   3.816123e-21   750
  1.192343e+01   9.687085e-20   3.739480e-03   3.902840e-21   720
  1.193622e+01   1.065668e-19   3.783051e-03   4.217010e-21   702
  1.195116e+01   9.728610e-20   4.131600e-03   3.851562e-21   696
  1.196345e+01   1.059487e-19   3.694940e-03   4.809296e-21   480
  1.197794e+01   1.067111e-19   3.501108e-03   4.101727e-21   830
  1.199077e+01   8.280968e-20   4.072924e-03   3.305693e-21   756
  1.200515e+01   9.420678e-20   3.910723e-03   3.876666e-21   624
  1.201783e+01   9.056263e-20   4.132228e-03   3.828979e-21   582
  1.203283e+01   1.043727e-19   3.171578e-03   4.532176e-21   576
  1.204580e+01   9.207389e-20   4.247779e-03   3.830861e-21   624
  1.205910e+01   1.032426e-19   3.469160e-03   4.195579e-21   702
  1.207227e+01   8.344703e-20   3.990462e-03   3.635433e-21   624
  1.208791e+01   9.041762e-20   3.860504e-03   3.413807e-21   672
  1.210064e+01   1.070257e-19   2.889949e-03   6.261187e-21   342
  1.211463e+01   9.263765e-20   3.612817e-03   3.729837e-21   660
  1.212750e+01   8.478614e-20   3.713819e-03   3.729037e-21   576
  1.214078e+01   8.979316e-20   3.610581e-03   3.462454e-21   600
  1.215420e+01   8.070729e-20   4.176133e-03   3.489745e-21   510
  1.216931e+01   8.084828e-20   3.912411e-03   3.484394e-21   600
  1.218096e+01   1.021979e-19   3.116086e-03   7.756514e-21   216
  1.219452e+01   7.699073e-20   3.792817e-03   3.095135e-21   758
  1.221033e+01   7.281249e-20   4.152329e-03   2.990380e-21   576
  1.222419e+01   8.749262e-20   3.525214e-03   4.015265e-21   528
  1.223670e+01   8.700925e-20   2.427615e-03   4.766342e-21   318
  1.225013e+01   8.349811e-20   4.193726e-03   3.365385e-21   540
  1.226602e+01   6.552335e-20   2.964901e-03   3.361326e-21   384
  1.227678e+01   7.708912e-20   4.096461e-03   3.583895e-21   576
  1.229079e+01   7.823925e-20   3.347568e-03   4.102987e-21   414
  1.230405e+01   8.294942e-20   3.738140e-03   3.668025e-21   504
  1.231820e+01   6.862641e-20   4.103605e-03   3.831701e-21   312
  1.233179e+01   8.603239e-20   3.717916e-03   3.936339e-21   414
  1.234528e+01   7.051749e-20   3.434758e-03   3.206146e-21   432
  1.235783e+01   7.296363e-20   4.548844e-03   3.217815e-21   504
  1.237236e+01   7.179211e-20   4.381048e-03   3.389150e-21   432
  1.238596e+01   8.094358e-20   3.588736e-03   4.206185e-21   354
  1.239982e+01   7.002738e-20   5.222048e-03   5.532330e-21   200
  1.241170e+01   6.287582e-20   3.705212e-03   2.970914e-21   480
  1.242776e+01   6.276783e-20   4.234016e-03   2.693665e-21   552
  1.244249e+01   7.314946e-20   2.637454e-03   4.136105e-21   366
  1.245384e+01   8.640168e-20   2.807703e-03   6.023085e-21   240
  1.246633e+01   7.863373e-20   3.925282e-03   5.093639e-21   288
  1.248391e+01   6.221369e-20   2.697682e-03   3.264915e-21   366
  1.249528e+01   6.308894e-20   4.373795e-03   3.277731e-21   408
  1.250797e+01   6.739324e-20   3.287965e-03   3.493772e-21   360
  1.252110e+01   6.922698e-20   3.064933e-03   4.056785e-21   324
  1.253383e+01   6.146141e-20   3.619784e-03   4.853396e-21   174
  1.254899e+01   5.751191e-20   4.158623e-03   3.619888e-21   264
  1.256323e+01   6.346648e-20   3.792868e-03   3.040978e-21   456
  1.257742e+01   5.692056e-20   3.813877e-03   3.363522e-21   360
  1.258909e+01   6.667372e-20   4.201352e-03   3.652114e-21   270
  1.260339e+01   7.576197e-20   4.595030e-03   5.566408e-21   240
  1.262129e+01   6.248831e-20   3.348535e-03   5.522293e-21   120
  1.263009e+01   5.645220e-20   3.495757e-03   2.604528e-21   320
  1.264430e+01   5.898589e-20   4.325399e-03   2.977761e-21   462
  1.265918e+01   6.372642e-20   2.516547e-03   3.791804e-21   276
  1.267211e+01   5.858292e-20   2.854984e-03   4.849260e-21   144
  1.268457e+01   7.270500e-20   2.998289e-03   5.174480e-21   120
  1.270112e+01   5.972994e-20   2.270494e-03   3.385724e-21   294
  1.271363e+01   5.407249e-20   4.027978e-03   2.744277e-21   384
  1.272531e+01   5.401842e-20   2.666495e-03   4.161558e-21   216
  1.273648e+01   7.470080e-20   2.476291e-03   5.555990e-21   168
  1.274910e+01   6.058033e-20   2.946391e-03   7.560544e-21   102
  1.276735e+01   5.940426e-20   4.470257e-03   5.014343e-21   168
  1.278014e+01   5.259267e-20   3.912551e-03   2.687835e-21   384
  1.279417e+01   6.087837e-20   3.975249e-03   3.427879e-21   300
  1.280722e+01   5.076514e-20   4.256630e-03   3.945292e-21   144
  1.282194e+01   6.006803e-20   4.359391e-03   6.627614e-21   102
  1.283959e+01   6.448464e-20   1.031965e-03   7.079439e-21   56
  1.284805e+01   5.581372e-20   3.359809e-03   2.841232e-21   288
  1.286132e+01   4.911820e-20   4.372359e-03   2.484072e-21   360
  1.287576e+01   5.252520e-20   2.345472e-03   5.292865e-21   126
  1.288793e+01   6.665945e-20   1.155171e-03   7.051578e-21   72
  1.290120e+01   7.726958e-20   6.120115e-04   9.999776e-21   48
  1.291851e+01   5.542162e-20   2.475877e-03   4.081114e-21   240
  1.292989e+01   5.952373e-20   3.673549e-03   3.250975e-21   306
  1.294153e+01   5.024578e-20   2.041676e-03   4.544158e-21   120
  1.295495e+01   6.070387e-20   5.024838e-03   5.334817e-21   96
  1.296469e+01   6.838997e-20   0.000000e+00   9.787244e-21   24
  1.298660e+01   5.322475e-20   4.351382e-03   4.808082e-21   120
  1.299733e+01   5.149259e-20   3.763148e-03   2.636868e-21   318
  1.301046e+01   4.505973e-20   4.021435e-03   3.421181e-21   168
  1.302485e+01   4.122363e-20   4.315451e-03   6.058042e-21   72
  1.304060e+01   8.163500e-20   0.000000e+00   1.230321e-20   24
  1.305754e+01   1.277134e-19   2.094735e-03   3.463679e-20   14
  1.306560e+01   4.904295e-20   3.303864e-03   2.904831e-21   288
  1.307812e+01   5.157439e-20   3.974728e-03   4.033407e-21   204
  1.309257e+01   5.109510e-20   6.030662e-04   8.594022e-21   48
  1.310402e+01   8.903522e-20   0.000000e+00   1.484749e-20   24
  1.311727e+01   2.059528e-20   0.000000e+00   5.385703e-21   6
  1.313632e+01   4.904914e-20   2.470146e-03   2.888490e-21   216
  1.314613e+01   4.775205e-20   3.289558e-03   3.307532e-21   192
  1.315814e+01   6.471260e-20   6.000610e-04   8.176466e-21   48
  1.317073e+01   4.383672e-20   4.794588e-03   6.326727e-21   30
  1.320635e+01   4.382420e-20   9.914737e-04   3.968892e-21   96
  1.321367e+01   5.624667e-20   3.248800e-03   3.712627e-21   228
  1.322756e+01   4.266966e-20   4.248394e-03   4.044323e-21   72
  1.324426e+01   8.822389e-20   0.000000e+00   3.110582e-20   6
  1.328230e+01   5.451765e-20   3.207767e-03   3.125273e-21   248
  1.329444e+01   6.589264e-20   3.671457e-03   6.235038e-21   72
  1.330909e+01   5.196381e-20   2.034505e-07   1.805443e-20   6
  1.335335e+01   4.308822e-20   2.279484e-03   3.219020e-21   180
  1.336217e+01   5.709931e-20   3.101597e-03   6.358655e-21   72
  1.337477e+01   4.648562e-20   0.000000e+00   8.893334e-21   6
  1.342398e+01   6.246950e-20   9.753997e-04   6.209264e-21   96
  1.342986e+01   4.758866e-20   2.677881e-03   5.006159e-21   96
  1.344132e+01   2.136807e-20   0.000000e+00   8.543362e-21   6
  1.349818e+01   4.517007e-20   2.562939e-03   3.483080e-21   140
  1.350870e+01   3.182085e-20   0.000000e+00   6.290995e-21   6
  1.356964e+01   5.146384e-20   1.721129e-03   5.407207e-21   96
  1.357692e+01   6.620474e-20   0.000000e+00   1.523852e-20   6
  1.364131e+01   4.721329e-20   1.035401e-03   6.178915e-21   60
  1.364594e+01   4.534376e-20   0.000000e+00   2.855012e-21   6
  1.371360e+01   5.484100e-20   1.049683e-03   9.594607e-21   38
  1.378564e+01   6.238606e-20   5.399836e-04   9.334610e-21   18
  1.385781e+01   1.357761e-20   2.034505e-07   4.241529e-21   6
