# power spectrum of pi_k * H (dimensionless)
# redshift z=48.512538
# k              Pk             sigma(k)       sigma(Pk)      count
  1.256637e-01   8.032929e-12   0.000000e+00   3.238170e-12   6
  1.777153e-01   2.107920e-12   0.000000e+00   4.210642e-13   12
  2.176559e-01   1.008141e-12   2.384186e-09   2.069024e-13   8
  2.513274e-01   2.428883e-12   0.000000e+00   2.622961e-13   6
  2.809926e-01   1.304376e-12   4.495664e-09   4.161754e-13   24
  3.078120e-01   1.510519e-12   4.495664e-09   2.561208e-13   24
  3.554306e-01   4.808364e-13   0.000000e+00   2.159573e-13   12
  3.769911e-01   4.940118e-13   5.086263e-09   9.023400e-14   30
  3.973835e-01   5.552712e-13   0.000000e+00   1.218936e-13   24
  4.167794e-01   4.564182e-13   7.786718e-09   1.133401e-13   24
  4.353118e-01   4.774742e-13   4.768372e-09   9.577197e-14   8
  4.530869e-01   3.732139e-13   6.357829e-09   4.674971e-14   24
  4.701905e-01   3.251455e-13   0.000000e+00   4.592478e-14   48
  5.026548e-01   3.337333e-13   0.000000e+00   1.466186e-13   6
  5.181247e-01   2.516023e-13   6.357829e-09   3.552032e-14   48
  5.331460e-01   2.202351e-13   5.994218e-09   2.315916e-14   36
  5.477554e-01   3.008529e-13   6.357829e-09   6.310437e-14   24
  5.619852e-01   1.680831e-13   8.991328e-09   2.860871e-14   24
  5.758634e-01   1.424163e-13   0.000000e+00   1.921925e-14   48
  5.894150e-01   2.083393e-13   8.991328e-09   2.968941e-14   24
  6.156239e-01   1.555598e-13   8.991328e-09   2.413154e-14   24
  6.283185e-01   9.999556e-14   0.000000e+00   1.647566e-14   30
  6.407617e-01   1.046913e-13   0.000000e+00   1.153770e-14   72
  6.529678e-01   9.790252e-14   9.536743e-09   2.018686e-14   32
  6.767198e-01   1.225002e-13   0.000000e+00   1.426220e-14   72
  6.882885e-01   7.176803e-14   0.000000e+00   1.050040e-14   48
  7.108613e-01   3.580887e-14   0.000000e+00   1.062572e-14   12
  7.273110e-01   6.448488e-14   5.427997e-03   5.933992e-15   96
  7.434365e-01   7.595769e-14   8.991328e-09   9.697378e-15   48
  7.539822e-01   9.055607e-14   1.017253e-08   1.604930e-14   30
  7.720780e-01   7.894548e-14   4.442982e-03   7.410866e-15   96
  7.947671e-01   4.352505e-14   0.000000e+00   8.345917e-15   24
  8.078915e-01   6.047130e-14   4.597878e-03   4.939305e-15   144
  8.240320e-01   4.050598e-14   1.557344e-08   9.809898e-15   24
  8.406230e-01   5.741927e-14   4.078565e-03   6.490065e-15   96
  8.522927e-01   4.979410e-14   0.000000e+00   7.573696e-15   48
  8.784818e-01   5.736309e-14   3.024579e-03   6.572541e-15   62
  8.917918e-01   4.080417e-14   4.253298e-03   4.902110e-15   132
  9.061739e-01   2.618600e-14   1.271566e-08   4.583703e-15   24
  9.197543e-01   3.952852e-14   4.251090e-03   3.372799e-15   168
  9.445606e-01   4.401301e-14   4.179554e-03   3.653099e-15   96
  9.631875e-01   2.878879e-14   3.557186e-03   2.722535e-15   96
  9.860433e-01   2.883027e-14   3.964957e-03   2.391471e-15   168
  1.005310e+00   3.632217e-14   0.000000e+00   1.669881e-14   6
  1.013133e+00   3.026482e-14   0.000000e+00   2.968474e-15   96
  1.022438e+00   2.859613e-14   3.081996e-03   2.851960e-15   120
  1.041311e+00   2.202270e-14   3.578749e-03   1.753211e-15   144
  1.051378e+00   2.501150e-14   0.000000e+00   3.439591e-15   48
  1.070509e+00   2.128892e-14   3.651792e-03   2.260376e-15   84
  1.081000e+00   2.315692e-14   2.491750e-08   2.067355e-15   120
  1.090449e+00   1.786697e-14   3.313740e-03   2.098601e-15   80
  1.105074e+00   1.635015e-14   3.364535e-03   1.202449e-15   144
  1.123970e+00   2.020868e-14   1.798266e-08   3.709578e-15   24
  1.133201e+00   2.178559e-14   3.246628e-03   1.837118e-15   150
  1.147601e+00   1.903108e-14   3.368559e-03   1.370470e-15   120
  1.163416e+00   1.682278e-14   3.069733e-03   1.424745e-15   168
  1.178830e+00   2.427222e-14   1.798266e-08   3.935778e-15   24
  1.188528e+00   1.405805e-14   3.307029e-03   8.997322e-16   264
  1.198755e+00   1.102190e-14   1.798266e-08   1.580830e-15   48
  1.216189e+00   1.385230e-14   3.063158e-03   1.140665e-15   144
  1.235512e+00   1.619660e-14   3.015167e-03   1.977647e-15   72
  1.246540e+00   1.281924e-14   3.101478e-03   8.113945e-16   180
  1.261955e+00   1.312744e-14   2.247234e-03   9.775612e-16   198
  1.269141e+00   1.398926e-14   0.000000e+00   1.505798e-15   48
  1.285036e+00   1.084392e-14   3.041694e-03   8.283770e-16   168
  1.296831e+00   1.249534e-14   3.044222e-03   1.134073e-15   144
  1.314676e+00   1.152346e-14   4.277300e-03   6.001668e-16   248
  1.338772e+00   7.856276e-15   2.948852e-03   5.623220e-16   192
  1.355181e+00   9.982063e-15   4.554933e-03   6.509742e-16   240
  1.365057e+00   1.088270e-14   0.000000e+00   1.193917e-15   72
  1.380120e+00   1.086339e-14   2.779615e-03   9.528526e-16   126
  1.389623e+00   1.124348e-14   2.564571e-03   8.878222e-16   168
  1.407767e+00   1.034595e-14   2.804328e-03   5.750665e-16   288
  1.426839e+00   9.168100e-15   1.476986e-03   7.918209e-16   156
  1.436715e+00   7.721929e-15   2.484720e-03   6.742731e-16   168
  1.451693e+00   8.029129e-15   4.259613e-03   4.923436e-16   264
  1.465478e+00   7.184860e-15   0.000000e+00   9.009557e-16   48
  1.475722e+00   7.258294e-15   4.239347e-03   4.768192e-16   264
  1.490407e+00   7.220353e-15   2.498827e-03   5.968200e-16   144
  1.501498e+00   7.933536e-15   5.112474e-03   9.190008e-16   78
  1.517654e+00   6.343013e-15   3.323319e-03   3.531020e-16   336
  1.532889e+00   5.760368e-15   2.528505e-03   3.830784e-16   200
  1.542895e+00   5.475828e-15   4.950846e-03   4.216525e-16   192
  1.556403e+00   6.774619e-15   2.484459e-03   4.782624e-16   240
  1.568812e+00   7.127044e-15   4.979003e-03   4.934309e-16   168
  1.581561e+00   5.686722e-15   3.986332e-03   4.952422e-16   120
  1.596873e+00   6.202133e-15   3.115666e-03   3.318245e-16   324
  1.611730e+00   5.349345e-15   2.449443e-03   3.588638e-16   192
  1.621842e+00   6.037587e-15   4.392943e-03   4.255765e-16   168
  1.639042e+00   4.441808e-15   3.618152e-03   2.369322e-16   342
  1.654551e+00   5.923394e-15   2.913340e-03   3.078446e-16   336
  1.670270e+00   6.352691e-15   2.229470e-03   6.950024e-16   72
  1.680871e+00   5.026219e-15   3.565739e-03   3.317135e-16   288
  1.693176e+00   4.912882e-15   2.322255e-03   3.520410e-16   264
  1.710363e+00   4.257885e-15   3.054338e-03   2.331920e-16   384
  1.725757e+00   4.378624e-15   3.666000e-03   3.229399e-16   240
  1.732155e+00   4.461714e-15   0.000000e+00   5.362494e-16   48
  1.750659e+00   4.321135e-15   3.000861e-03   2.194721e-16   392
  1.764776e+00   3.933172e-15   3.293295e-03   2.244147e-16   294
  1.779956e+00   3.787670e-15   2.140470e-03   2.848443e-16   228
  1.789939e+00   4.416871e-15   3.250617e-03   2.863632e-16   216
  1.802361e+00   3.674347e-15   1.980050e-03   1.933678e-16   336
  1.817567e+00   3.837694e-15   2.352625e-03   2.175135e-16   360
  1.830119e+00   4.037250e-15   3.584392e-03   2.478968e-16   240
  1.843199e+00   3.674032e-15   4.241157e-03   2.585275e-16   168
  1.855399e+00   3.342823e-15   3.338306e-03   1.898122e-16   312
  1.869935e+00   3.243373e-15   2.089228e-03   1.657862e-16   336
  1.885637e+00   3.432120e-15   2.850095e-03   2.085471e-16   294
  1.897477e+00   3.826431e-15   3.798594e-03   2.311973e-16   288
  1.906536e+00   2.679385e-15   2.376907e-03   1.750412e-16   264
  1.922691e+00   3.012821e-15   4.082916e-03   1.509839e-16   480
  1.936199e+00   3.312933e-15   1.997349e-03   1.941398e-16   240
  1.952759e+00   3.190387e-15   2.019671e-03   1.831248e-16   276
  1.965824e+00   2.947670e-15   4.433576e-03   1.238667e-16   488
  1.981346e+00   3.187373e-15   1.952641e-03   2.808349e-16   240
  1.990355e+00   2.894209e-15   3.791527e-03   1.464120e-16   360
  2.002988e+00   2.493949e-15   1.348968e-03   1.834057e-16   198
  2.019235e+00   2.341931e-15   4.558217e-03   1.008051e-16   480
  2.031131e+00   2.305421e-15   1.682460e-03   1.390781e-16   288
  2.047583e+00   2.584664e-15   3.556337e-03   1.241683e-16   480
  2.062377e+00   2.586133e-15   2.191154e-03   1.120103e-16   480
  2.077570e+00   2.270483e-15   2.833894e-03   1.498082e-16   288
  2.087050e+00   2.519280e-15   3.023242e-03   1.452318e-16   288
  2.101959e+00   2.333871e-15   5.255912e-03   1.127743e-16   456
  2.116971e+00   2.554097e-15   4.949844e-03   1.272117e-16   360
  2.126650e+00   2.234636e-15   2.967082e-03   1.371904e-16   180
  2.140657e+00   1.884951e-15   3.231514e-03   7.929511e-17   486
  2.154854e+00   2.099802e-15   4.298953e-03   9.433944e-17   504
  2.169289e+00   2.216534e-15   3.340070e-03   1.038389e-16   456
  2.181258e+00   2.093168e-15   2.775009e-03   1.257024e-16   296
  2.197072e+00   1.931114e-15   2.738289e-03   8.439212e-17   528
  2.208965e+00   1.919720e-15   2.701981e-03   9.615526e-17   336
  2.226481e+00   1.911214e-15   2.997004e-03   7.874422e-17   600
  2.239302e+00   1.569475e-15   1.755804e-03   9.669366e-17   264
  2.252151e+00   1.840004e-15   1.898694e-03   9.010039e-17   360
  2.265266e+00   1.748250e-15   3.801372e-03   7.770312e-17   630
  2.279717e+00   1.995845e-15   1.962233e-03   9.463252e-17   432
  2.292537e+00   1.887635e-15   3.780726e-03   8.992125e-17   408
  2.308272e+00   1.666560e-15   2.509414e-03   8.982799e-17   324
  2.319978e+00   1.580785e-15   3.576222e-03   5.925485e-17   744
  2.334098e+00   1.503294e-15   2.858952e-03   8.373764e-17   336
  2.347588e+00   1.713168e-15   3.930328e-03   7.465557e-17   528
  2.362382e+00   1.429306e-15   2.005373e-03   7.882245e-17   408
  2.372191e+00   1.398127e-15   3.413147e-03   6.758667e-17   408
  2.388397e+00   1.432621e-15   2.817663e-03   6.579392e-17   470
  2.400201e+00   1.493412e-15   3.384925e-03   6.656115e-17   528
  2.416685e+00   1.263517e-15   2.820560e-03   4.778064e-17   624
  2.428827e+00   1.430822e-15   2.146180e-03   6.666957e-17   504
  2.441353e+00   1.223204e-15   2.989469e-03   5.219132e-17   552
  2.453777e+00   1.323580e-15   1.453231e-03   6.714141e-17   336
  2.469334e+00   1.376464e-15   3.093356e-03   6.093596e-17   528
  2.481386e+00   1.313771e-15   3.521844e-03   5.211017e-17   564
  2.495502e+00   1.216076e-15   3.241487e-03   5.885542e-17   528
  2.510806e+00   1.334716e-15   5.032507e-03   5.818812e-17   582
  2.524724e+00   1.225888e-15   3.874271e-03   4.981572e-17   624
  2.536896e+00   1.175391e-15   4.429036e-03   5.923771e-17   432
  2.551418e+00   1.212969e-15   4.926531e-03   4.118912e-17   816
  2.566361e+00   1.219637e-15   2.245292e-03   6.730785e-17   312
  2.576137e+00   1.067162e-15   3.638994e-03   4.692544e-17   552
  2.591900e+00   1.092664e-15   2.291924e-03   4.059865e-17   744
  2.603321e+00   1.179114e-15   2.141123e-03   6.370566e-17   408
  2.618061e+00   1.031520e-15   3.068323e-03   4.207615e-17   632
  2.633374e+00   1.148853e-15   5.210791e-03   4.318178e-17   750
  2.645831e+00   1.155067e-15   3.584637e-03   6.215020e-17   312
  2.659713e+00   1.040138e-15   5.292216e-03   3.558611e-17   876
  2.673443e+00   8.575802e-16   3.455503e-03   3.504852e-17   552
  2.688914e+00   9.961854e-16   2.857688e-03   3.955479e-17   696
  2.699453e+00   1.014392e-15   3.154346e-03   4.373330e-17   576
  2.713796e+00   9.027714e-16   3.339693e-03   4.165050e-17   576
  2.726037e+00   9.837447e-16   4.475199e-03   3.825473e-17   648
  2.740832e+00   9.714959e-16   4.479393e-03   3.547999e-17   672
  2.757165e+00   9.125048e-16   1.899992e-03   4.330312e-17   480
  2.767620e+00   8.618551e-16   2.942368e-03   3.029001e-17   726
  2.781081e+00   9.423522e-16   3.334085e-03   3.370861e-17   792
  2.795661e+00   8.543488e-16   4.625257e-03   3.155911e-17   768
  2.811027e+00   8.729648e-16   3.780047e-03   3.301929e-17   672
  2.825116e+00   8.305918e-16   2.535576e-03   3.251426e-17   608
  2.835316e+00   7.803170e-16   2.434230e-03   3.068092e-17   624
  2.849867e+00   7.724641e-16   3.163261e-03   2.792618e-17   684
  2.864019e+00   7.786619e-16   4.672505e-03   2.716735e-17   768
  2.877191e+00   8.021385e-16   3.735635e-03   2.730757e-17   744
  2.892886e+00   7.517819e-16   2.352178e-03   2.597334e-17   750
  2.904325e+00   6.871808e-16   3.496199e-03   3.067709e-17   600
  2.916695e+00   7.336590e-16   3.712332e-03   2.976270e-17   600
  2.931979e+00   7.275964e-16   4.278234e-03   2.255176e-17   1008
  2.944116e+00   7.354573e-16   2.372856e-03   2.748327e-17   696
  2.957565e+00   7.365011e-16   3.134649e-03   3.033282e-17   624
  2.971086e+00   7.005279e-16   4.877909e-03   2.577067e-17   840
  2.986446e+00   7.306021e-16   3.319024e-03   2.525633e-17   816
  2.998905e+00   6.468720e-16   2.204574e-03   2.253155e-17   744
  3.011488e+00   6.910464e-16   3.897323e-03   3.078794e-17   510
  3.026687e+00   6.712020e-16   3.741750e-03   2.105023e-17   1020
  3.040833e+00   6.558361e-16   3.019222e-03   2.114897e-17   912
  3.054778e+00   6.700605e-16   4.473147e-03   2.353867e-17   752
  3.066309e+00   6.470278e-16   3.711666e-03   2.525227e-17   888
  3.082044e+00   6.080718e-16   2.395124e-03   2.124395e-17   768
  3.094915e+00   6.024560e-16   4.352150e-03   2.187303e-17   720
  3.109727e+00   5.935225e-16   3.836546e-03   1.908870e-17   1056
  3.122866e+00   5.853353e-16   2.654285e-03   2.540994e-17   504
  3.133631e+00   5.341054e-16   4.144719e-03   1.991311e-17   774
  3.149026e+00   5.640217e-16   3.986123e-03   1.706713e-17   1272
  3.163486e+00   5.745199e-16   2.611538e-03   2.195595e-17   744
  3.176969e+00   5.187569e-16   4.264475e-03   1.873632e-17   768
  3.189339e+00   5.413292e-16   3.607190e-03   1.810231e-17   840
  3.203231e+00   5.565073e-16   2.445578e-03   1.801325e-17   924
  3.216608e+00   5.259599e-16   4.311548e-03   1.720296e-17   936
  3.229755e+00   4.834900e-16   2.996363e-03   1.577573e-17   840
  3.242998e+00   5.296793e-16   3.562326e-03   1.642112e-17   1008
  3.259829e+00   4.768355e-16   4.021535e-03   1.750389e-17   696
  3.270389e+00   4.699347e-16   3.574451e-03   1.443937e-17   974
  3.286078e+00   5.050685e-16   4.747287e-03   1.437092e-17   1152
  3.299719e+00   4.877690e-16   1.857626e-03   1.633306e-17   816
  3.310327e+00   4.467526e-16   4.086567e-03   1.492361e-17   816
  3.324599e+00   4.644605e-16   3.608623e-03   1.354970e-17   1152
  3.339651e+00   4.570498e-16   3.248998e-03   1.462422e-17   912
  3.353338e+00   4.808346e-16   3.947532e-03   1.465013e-17   1056
  3.365058e+00   4.607522e-16   3.375847e-03   1.897213e-17   624
  3.380817e+00   4.336884e-16   4.216875e-03   1.300232e-17   1260
  3.394418e+00   4.433966e-16   2.543440e-03   1.484592e-17   894
  3.407703e+00   4.666709e-16   4.357818e-03   1.282969e-17   1176
  3.420993e+00   3.947638e-16   3.606982e-03   1.490538e-17   840
  3.436121e+00   4.239554e-16   4.099862e-03   1.073443e-17   1440
  3.452005e+00   3.818813e-16   2.304966e-03   1.240467e-17   864
  3.464048e+00   4.256388e-16   3.955435e-03   1.353418e-17   1056
  3.476035e+00   4.299497e-16   2.332073e-03   1.797424e-17   624
  3.490594e+00   3.947809e-16   4.318596e-03   1.018789e-17   1496
  3.504515e+00   3.976161e-16   3.049082e-03   1.517266e-17   936
  3.516908e+00   4.207760e-16   4.414111e-03   2.430018e-17   966
  3.530243e+00   3.738113e-16   3.128902e-03   1.206077e-17   936
  3.544251e+00   3.836886e-16   3.870284e-03   1.055398e-17   1248
  3.558592e+00   3.488018e-16   2.728377e-03   1.026558e-17   1044
  3.571955e+00   3.520223e-16   4.226344e-03   9.868045e-18   1392
  3.582538e+00   3.326748e-16   3.255138e-03   1.285093e-17   600
  3.597678e+00   3.349668e-16   3.698179e-03   8.554524e-18   1416
  3.611873e+00   3.454958e-16   3.980638e-03   9.945370e-18   1152
  3.626257e+00   3.323620e-16   3.818797e-03   1.068511e-17   936
  3.637844e+00   3.365004e-16   4.095847e-03   1.159193e-17   870
  3.651613e+00   3.613627e-16   3.434204e-03   1.031006e-17   1368
  3.666892e+00   3.351603e-16   4.515083e-03   8.635786e-18   1632
  3.679949e+00   3.458798e-16   1.960196e-03   1.200134e-17   816
  3.694083e+00   3.288476e-16   4.472000e-03   9.294993e-18   1200
  3.706415e+00   3.296417e-16   4.275759e-03   9.252338e-18   1184
  3.718942e+00   3.401309e-16   3.245022e-03   1.099290e-17   984
  3.734312e+00   3.086596e-16   3.961839e-03   8.067154e-18   1572
  3.748246e+00   3.361317e-16   2.181853e-03   1.215927e-17   840
  3.761231e+00   2.929709e-16   5.073986e-03   7.752195e-18   1392
  3.774941e+00   3.130240e-16   3.725317e-03   1.091244e-17   1158
  3.787179e+00   3.103928e-16   3.392190e-03   8.793975e-18   1272
  3.801913e+00   3.073865e-16   3.456945e-03   8.342422e-18   1320
  3.815753e+00   2.844979e-16   3.382582e-03   8.750396e-18   1104
  3.828921e+00   2.805226e-16   3.828609e-03   7.857254e-18   1392
  3.842742e+00   2.687365e-16   4.141026e-03   7.707676e-18   1296
  3.856976e+00   2.706743e-16   4.323915e-03   7.271133e-18   1392
  3.870333e+00   2.726468e-16   3.171938e-03   8.248446e-18   1104
  3.882690e+00   2.629092e-16   3.995358e-03   7.001948e-18   1320
  3.900292e+00   2.719174e-16   3.051196e-03   7.802862e-18   1422
  3.911534e+00   2.650391e-16   3.800093e-03   8.106911e-18   1212
  3.924449e+00   2.529812e-16   4.152476e-03   6.829164e-18   1280
  3.937717e+00   2.672077e-16   4.323858e-03   7.476565e-18   1272
  3.950433e+00   2.698580e-16   3.741871e-03   6.662478e-18   1680
  3.965505e+00   2.315172e-16   3.535373e-03   6.970138e-18   1152
  3.979380e+00   2.433045e-16   4.094086e-03   6.038518e-18   1512
  3.993967e+00   2.382532e-16   1.728507e-03   8.148909e-18   912
  4.005497e+00   2.441541e-16   4.357212e-03   5.746550e-18   1680
  4.020833e+00   2.458033e-16   3.859977e-03   1.614727e-17   1518
  4.032200e+00   2.522620e-16   3.573605e-03   7.626581e-18   1056
  4.044173e+00   2.313346e-16   3.608353e-03   5.882315e-18   1344
  4.059650e+00   2.575678e-16   3.874584e-03   6.175489e-18   1680
  4.073653e+00   2.242211e-16   3.818000e-03   5.715004e-18   1656
  4.088955e+00   2.183157e-16   3.245360e-03   7.262511e-18   1140
  4.100443e+00   2.183726e-16   3.757881e-03   6.167269e-18   1368
  4.113960e+00   2.152630e-16   4.274611e-03   5.411514e-18   1656
  4.127700e+00   2.222830e-16   4.378119e-03   6.153635e-18   1448
  4.142656e+00   2.150938e-16   4.112955e-03   5.716800e-18   1422
  4.156469e+00   2.287308e-16   4.540534e-03   6.058297e-18   1512
  4.168283e+00   2.190374e-16   3.461570e-03   6.395321e-18   1296
  4.181952e+00   2.053726e-16   3.160641e-03   4.990620e-18   1824
  4.196729e+00   2.025041e-16   4.098248e-03   5.139879e-18   1464
  4.211657e+00   1.893803e-16   3.657099e-03   4.265554e-18   1824
  4.225511e+00   2.061936e-16   2.907578e-03   5.323615e-18   1416
  4.237563e+00   1.935936e-16   4.258820e-03   5.232640e-18   1392
  4.250574e+00   1.888296e-16   3.929974e-03   4.920320e-18   1464
  4.266448e+00   1.769688e-16   3.842159e-03   4.790529e-18   1524
  4.278716e+00   2.010115e-16   3.540612e-03   6.054716e-18   1686
  4.292893e+00   1.866201e-16   4.215803e-03   4.678721e-18   1800
  4.305078e+00   1.993177e-16   3.346946e-03   6.015803e-18   1344
  4.318597e+00   1.883477e-16   3.904869e-03   4.996408e-18   1656
  4.332150e+00   1.860448e-16   3.117839e-03   4.638962e-18   1488
  4.343925e+00   1.874003e-16   3.112762e-03   4.751228e-18   1536
  4.360333e+00   1.753759e-16   3.457925e-03   4.428722e-18   1760
  4.373047e+00   1.693502e-16   3.846268e-03   3.940593e-18   1824
  4.387749e+00   1.815412e-16   3.227735e-03   4.629735e-18   1560
  4.401895e+00   1.880389e-16   3.707356e-03   4.703801e-18   1926
  4.415200e+00   1.779788e-16   2.636418e-03   5.179389e-18   1272
  4.427344e+00   1.668320e-16   4.430497e-03   3.972614e-18   1848
  4.443306e+00   1.726848e-16   3.579461e-03   3.842223e-18   1908
  4.455447e+00   1.664383e-16   3.491292e-03   4.316539e-18   1488
  4.468258e+00   1.571110e-16   3.937426e-03   3.915100e-18   1800
  4.482146e+00   1.573695e-16   3.941308e-03   3.856196e-18   1752
  4.495448e+00   1.544620e-16   4.190952e-03   4.045772e-18   1368
  4.508761e+00   1.589738e-16   3.938690e-03   3.358724e-18   2016
  4.523403e+00   1.962993e-16   4.160224e-03   1.385388e-17   1542
  4.536915e+00   1.544143e-16   4.073984e-03   3.597634e-18   2184
  4.551872e+00   1.579531e-16   3.726771e-03   3.665375e-18   1776
  4.564793e+00   1.492857e-16   4.260262e-03   4.082611e-18   1568
  4.577109e+00   1.538593e-16   3.892227e-03   3.571995e-18   2040
  4.590510e+00   1.580583e-16   4.161138e-03   3.852478e-18   1704
  4.604538e+00   1.413973e-16   4.171238e-03   3.636045e-18   1512
  4.617765e+00   1.459705e-16   3.558077e-03   3.211293e-18   2028
  4.632626e+00   1.453179e-16   4.291956e-03   3.212797e-18   1968
  4.646213e+00   1.437170e-16   4.353548e-03   4.092570e-18   1854
  4.659509e+00   1.440100e-16   4.150271e-03   3.660910e-18   1632
  4.673135e+00   1.419969e-16   4.264760e-03   2.930291e-18   2424
  4.687258e+00   1.362062e-16   4.269195e-03   3.455007e-18   1560
  4.699197e+00   1.402309e-16   4.034385e-03   3.240396e-18   1728
  4.713624e+00   1.326145e-16   4.306520e-03   3.107159e-18   2088
  4.728145e+00   1.248866e-16   4.099347e-03   2.861303e-18   1968
  4.741503e+00   1.305570e-16   4.058747e-03   3.005217e-18   2256
  4.754898e+00   1.302350e-16   3.608676e-03   3.043650e-18   1728
  4.768882e+00   1.274164e-16   3.557384e-03   3.490593e-18   1416
  4.781270e+00   1.470044e-16   3.750195e-03   4.080115e-18   2246
  4.795296e+00   1.283989e-16   4.153300e-03   3.002990e-18   2148
  4.808715e+00   1.301032e-16   3.508307e-03   3.326976e-18   1680
  4.821345e+00   1.249005e-16   4.435233e-03   2.439383e-18   2280
  4.836527e+00   1.273385e-16   4.130181e-03   2.609529e-18   2352
  4.850707e+00   1.201071e-16   3.470382e-03   2.951586e-18   1632
  4.861925e+00   1.227763e-16   3.971039e-03   2.813917e-18   1968
  4.877319e+00   1.141835e-16   4.074288e-03   2.666161e-18   2112
  4.891594e+00   1.156973e-16   3.060509e-03   2.681803e-18   2208
  4.905465e+00   1.263140e-16   3.085913e-03   3.384315e-18   1974
  4.916413e+00   1.151819e-16   3.018862e-03   2.639921e-18   1944
  4.931203e+00   1.196670e-16   3.415495e-03   2.578573e-18   2160
  4.944022e+00   1.141665e-16   3.194258e-03   2.681316e-18   2040
  4.957876e+00   1.168548e-16   4.468841e-03   2.570109e-18   2352
  4.972085e+00   1.157638e-16   3.712532e-03   2.683135e-18   1836
  4.985054e+00   1.095494e-16   3.960355e-03   2.286200e-18   2352
  4.999614e+00   1.053363e-16   4.153876e-03   2.317859e-18   2008
  5.012962e+00   1.066445e-16   4.086408e-03   2.285548e-18   2464
  5.027846e+00   1.336440e-16   3.295867e-03   1.208105e-17   2118
  5.040054e+00   1.073586e-16   3.313173e-03   2.702298e-18   1848
  5.052620e+00   1.148481e-16   4.384411e-03   2.702524e-18   2280
  5.067797e+00   1.096352e-16   4.170623e-03   2.310382e-18   2472
  5.081980e+00   9.926472e-17   2.787100e-03   2.155928e-18   2280
  5.093886e+00   1.085737e-16   3.406760e-03   2.578213e-18   1992
  5.106726e+00   1.041971e-16   3.581554e-03   2.127557e-18   2184
  5.121532e+00   9.433065e-17   4.320591e-03   2.030154e-18   2352
  5.135798e+00   1.001014e-16   4.553131e-03   2.074688e-18   2496
  5.149768e+00   1.019911e-16   4.252678e-03   3.125610e-18   1770
  5.162298e+00   1.065723e-16   3.669389e-03   2.308938e-18   2568
  5.177360e+00   1.002545e-16   4.500656e-03   2.020139e-18   2712
  5.191053e+00   1.005225e-16   3.574170e-03   2.158984e-18   2448
  5.204725e+00   1.000413e-16   3.012843e-03   2.236123e-18   2064
  5.216066e+00   9.452038e-17   3.180123e-03   2.345953e-18   1944
  5.230772e+00   9.111736e-17   3.928620e-03   1.962297e-18   2480
  5.245774e+00   9.137996e-17   4.267634e-03   1.783410e-18   2880
  5.259063e+00   9.119208e-17   4.093786e-03   2.003821e-18   2304
  5.272942e+00   1.014714e-16   3.761177e-03   5.293799e-18   1806
  5.285249e+00   9.648739e-17   3.688568e-03   2.062613e-18   2856
  5.300671e+00   9.490332e-17   3.537448e-03   2.004968e-18   2568
  5.312407e+00   8.615647e-17   3.549041e-03   1.999881e-18   2112
  5.325180e+00   8.984417e-17   3.418353e-03   2.259889e-18   2028
  5.338884e+00   8.613602e-17   4.046323e-03   1.684348e-18   2712
  5.352799e+00   8.859574e-17   4.359274e-03   1.692739e-18   2952
  5.367753e+00   8.547902e-17   3.368279e-03   1.828611e-18   2112
  5.379842e+00   8.365623e-17   3.947451e-03   1.667446e-18   2520
  5.394364e+00   8.104636e-17   3.807395e-03   1.717315e-18   2376
  5.407591e+00   9.567981e-17   3.052135e-03   2.310162e-18   2526
  5.421320e+00   8.721557e-17   3.798300e-03   1.798947e-18   2664
  5.434913e+00   8.717867e-17   4.530289e-03   1.893289e-18   2408
  5.447943e+00   8.198172e-17   3.628938e-03   1.705457e-18   2568
  5.461232e+00   8.549486e-17   3.421437e-03   1.590714e-18   2904
  5.475648e+00   8.019418e-17   3.838949e-03   1.623643e-18   2544
  5.489345e+00   8.087084e-17   2.827650e-03   1.811114e-18   2160
  5.502268e+00   8.347966e-17   4.888682e-03   1.739022e-18   2652
  5.516545e+00   7.606623e-17   3.870830e-03   1.462425e-18   2784
  5.530283e+00   1.009059e-16   3.822557e-03   8.355289e-18   2694
  5.544517e+00   7.648157e-17   3.435410e-03   1.519841e-18   2952
  5.556886e+00   8.071046e-17   3.253958e-03   1.754840e-18   2208
  5.569485e+00   7.907076e-17   3.468078e-03   1.678349e-18   2304
  5.583550e+00   7.292887e-17   4.509853e-03   1.214917e-18   3504
  5.599953e+00   7.598429e-17   3.651788e-03   1.601762e-18   2616
  5.612745e+00   7.402396e-17   3.567502e-03   1.521340e-18   2664
  5.625069e+00   7.244705e-17   3.314521e-03   1.509054e-18   2448
  5.637487e+00   7.430394e-17   4.616036e-03   1.514537e-18   2472
  5.652096e+00   7.815434e-17   3.670011e-03   1.790148e-18   3134
  5.665845e+00   7.497112e-17   4.013913e-03   1.579036e-18   2616
  5.679574e+00   7.018286e-17   3.251426e-03   1.459496e-18   2712
  5.693697e+00   7.107073e-17   3.728915e-03   1.333211e-18   3204
  5.707195e+00   6.846645e-17   4.294589e-03   1.417871e-18   2760
  5.720015e+00   6.744473e-17   3.746961e-03   1.353804e-18   2688
  5.734152e+00   6.902102e-17   3.542739e-03   1.379293e-18   2760
  5.746653e+00   6.498829e-17   2.925296e-03   1.386204e-18   2568
  5.761049e+00   6.484167e-17   4.542841e-03   1.157572e-18   3336
  5.774866e+00   7.453456e-17   3.845016e-03   3.330650e-18   2334
  5.788819e+00   6.873198e-17   4.254924e-03   1.483681e-18   3264
  5.801858e+00   6.960729e-17   3.093655e-03   1.535205e-18   2760
  5.815230e+00   6.375225e-17   3.736259e-03   1.173233e-18   3192
  5.828845e+00   6.508145e-17   3.879036e-03   1.351140e-18   2904
  5.843326e+00   6.288165e-17   3.892076e-03   1.269986e-18   2784
  5.855447e+00   6.656058e-17   3.203250e-03   1.400710e-18   2592
  5.869236e+00   6.168561e-17   4.366488e-03   1.118275e-18   3284
  5.883890e+00   6.145807e-17   4.385937e-03   1.171156e-18   3168
  5.897000e+00   6.238455e-17   3.618712e-03   1.233141e-18   2616
  5.910782e+00   6.288964e-17   3.496570e-03   1.360567e-18   3222
  5.924188e+00   6.216838e-17   3.923260e-03   1.111878e-18   3240
  5.937171e+00   6.351374e-17   3.969009e-03   1.377002e-18   2568
  5.951932e+00   6.359900e-17   3.641761e-03   1.300332e-18   3120
  5.964273e+00   6.307837e-17   4.003580e-03   1.222861e-18   3168
  5.977546e+00   5.911895e-17   3.504830e-03   1.197618e-18   3240
  5.992066e+00   5.759664e-17   3.595869e-03   1.062745e-18   3144
  6.006172e+00   5.600416e-17   3.427490e-03   1.073344e-18   2856
  6.019505e+00   5.759018e-17   3.660696e-03   1.027675e-18   3264
  6.034592e+00   7.083875e-17   4.044906e-03   4.853495e-18   3318
  6.046466e+00   6.033734e-17   2.832824e-03   1.368370e-18   2556
  6.060617e+00   5.604116e-17   4.838986e-03   9.725173e-19   4008
  6.074943e+00   5.760754e-17   3.572017e-03   1.203649e-18   2904
  6.087200e+00   5.445216e-17   3.652513e-03   1.001142e-18   3144
  6.101153e+00   5.383381e-17   3.807781e-03   1.043466e-18   3200
  6.115592e+00   5.255967e-17   3.755394e-03   9.839613e-19   3312
  6.128536e+00   5.509466e-17   3.026680e-03   1.093873e-18   2832
  6.142988e+00   5.357652e-17   4.355583e-03   9.105725e-19   3984
  6.156407e+00   6.121349e-17   3.540883e-03   1.652006e-18   2238
  6.168657e+00   5.570019e-17   4.167010e-03   1.080595e-18   3984
  6.183855e+00   5.249787e-17   3.959901e-03   9.883509e-19   3384
  6.196482e+00   5.634561e-17   3.701438e-03   1.143180e-18   3048
  6.209665e+00   5.004156e-17   3.398642e-03   9.835356e-19   3096
  6.223435e+00   5.302420e-17   3.852259e-03   9.029391e-19   3708
  6.237127e+00   4.999227e-17   3.651419e-03   1.012429e-18   2784
  6.249844e+00   5.339923e-17   3.792698e-03   9.636958e-19   3648
  6.264291e+00   5.025475e-17   3.903504e-03   9.144608e-19   3888
  6.279665e+00   5.132300e-17   4.167105e-03   1.668366e-18   2958
  6.291144e+00   5.241692e-17   3.557011e-03   1.029052e-18   3264
  6.304977e+00   5.358191e-17   3.926839e-03   1.053681e-18   3160
  6.318045e+00   4.762370e-17   3.558843e-03   8.603457e-19   3736
  6.330431e+00   4.880596e-17   3.242939e-03   1.009157e-18   3216
  6.345038e+00   4.938973e-17   3.974048e-03   8.384501e-19   4032
  6.360272e+00   4.742419e-17   3.628234e-03   8.185074e-19   3528
  6.373262e+00   4.857581e-17   3.202694e-03   9.110953e-19   3192
  6.386247e+00   4.595923e-17   3.507520e-03   8.542006e-19   3456
  6.400334e+00   4.584280e-17   3.636928e-03   8.784848e-19   3060
  6.414454e+00   5.042651e-17   4.324726e-03   9.889930e-19   4518
  6.428212e+00   4.693985e-17   3.852771e-03   8.602988e-19   3528
  6.440859e+00   4.900531e-17   3.235655e-03   1.031259e-18   3024
  6.454342e+00   4.493726e-17   4.380947e-03   8.034350e-19   3672
  6.468077e+00   4.512589e-17   3.760183e-03   8.236103e-19   3864
  6.483327e+00   4.410639e-17   3.985743e-03   7.728442e-19   3816
  6.495798e+00   4.294833e-17   3.626145e-03   7.726953e-19   3456
  6.507756e+00   4.452217e-17   3.282483e-03   9.029778e-19   2688
  6.521843e+00   4.380781e-17   3.894603e-03   6.928397e-19   4248
  6.535809e+00   5.421026e-17   3.730284e-03   3.986859e-18   3926
  6.549837e+00   4.389219e-17   3.938539e-03   8.568158e-19   3504
  6.563389e+00   4.433012e-17   3.521113e-03   7.668404e-19   3960
  6.578351e+00   4.232495e-17   3.963952e-03   7.632241e-19   3684
  6.591183e+00   4.044581e-17   3.963687e-03   7.092278e-19   4104
  6.604012e+00   4.284751e-17   3.759338e-03   8.009283e-19   3144
  6.617793e+00   4.138265e-17   4.117770e-03   6.978379e-19   4224
  6.632945e+00   3.950142e-17   3.654879e-03   6.523543e-19   4008
  6.645891e+00   4.049386e-17   4.020945e-03   7.278110e-19   3312
  6.659221e+00   4.254236e-17   3.999289e-03   9.011388e-19   3726
  6.673398e+00   4.105549e-17   4.107760e-03   7.328227e-19   3936
  6.685987e+00   4.223087e-17   4.234293e-03   7.967931e-19   3888
  6.699051e+00   3.995005e-17   4.003929e-03   7.190468e-19   3864
  6.712643e+00   3.970892e-17   4.256514e-03   7.234208e-19   3888
  6.726643e+00   3.725271e-17   4.014548e-03   6.548756e-19   4080
  6.740465e+00   3.898011e-17   4.260657e-03   7.329803e-19   3400
  6.754567e+00   3.846451e-17   3.907452e-03   6.215750e-19   4588
  6.768825e+00   3.783281e-17   3.867571e-03   6.836409e-19   3816
  6.781286e+00   4.117351e-17   3.664848e-03   1.429998e-18   3534
  6.794478e+00   4.169562e-17   3.619891e-03   7.814521e-19   4080
  6.808278e+00   3.908008e-17   3.783811e-03   6.629014e-19   4248
  6.822137e+00   3.883150e-17   3.812932e-03   7.661507e-19   3528
  6.834925e+00   3.846226e-17   3.898202e-03   6.505030e-19   4248
  6.847851e+00   3.634265e-17   3.812833e-03   6.590463e-19   3696
  6.862246e+00   3.656091e-17   3.956350e-03   5.821941e-19   4560
  6.875897e+00   3.693285e-17   3.705786e-03   6.348632e-19   3864
  6.889918e+00   3.515017e-17   4.035033e-03   5.782299e-19   4440
  6.903205e+00   3.513201e-17   3.764781e-03   7.133057e-19   3432
  6.917168e+00   3.821592e-17   3.691446e-03   7.610982e-19   4470
  6.930903e+00   3.643600e-17   3.280469e-03   6.246453e-19   4188
  6.944404e+00   3.579413e-17   4.202742e-03   5.937371e-19   4392
  6.957812e+00   3.683376e-17   3.251220e-03   6.881376e-19   3960
  6.971756e+00   3.613502e-17   3.672933e-03   6.052787e-19   4328
  6.985263e+00   3.454668e-17   3.822434e-03   5.796202e-19   4320
  6.998915e+00   3.453356e-17   3.997076e-03   5.680283e-19   4152
  7.011574e+00   3.695243e-17   3.343614e-03   7.056022e-19   3528
  7.025890e+00   3.316956e-17   3.618951e-03   5.266321e-19   4512
  7.039283e+00   3.882410e-17   3.699459e-03   1.807940e-18   4134
  7.052888e+00   3.579412e-17   3.941164e-03   5.680621e-19   5208
  7.065972e+00   3.532208e-17   3.433716e-03   6.707160e-19   3240
  7.079508e+00   3.581765e-17   3.787232e-03   6.044348e-19   4680
  7.093285e+00   3.330570e-17   3.749666e-03   5.791113e-19   4440
  7.107078e+00   3.103083e-17   4.248981e-03   5.288993e-19   4260
  7.120308e+00   3.252393e-17   3.468882e-03   5.794890e-19   4056
  7.133932e+00   3.147159e-17   3.845862e-03   4.976332e-19   4704
  7.148231e+00   3.343161e-17   4.475317e-03   5.526770e-19   4800
  7.163348e+00   3.302884e-17   3.877518e-03   6.965555e-19   4806
  7.176410e+00   3.663045e-17   3.865268e-03   7.263885e-19   3552
  7.188851e+00   3.120765e-17   3.875633e-03   5.771876e-19   4304
  7.202898e+00   3.178659e-17   3.758487e-03   4.990665e-19   5280
  7.216787e+00   3.136934e-17   3.605632e-03   5.264832e-19   4320
  7.229935e+00   3.044985e-17   4.071704e-03   5.196624e-19   4296
  7.243800e+00   3.090236e-17   4.526721e-03   4.853592e-19   4608
  7.257822e+00   3.100997e-17   4.336841e-03   4.868878e-19   4824
  7.271703e+00   2.985191e-17   4.094286e-03   5.082596e-19   4488
  7.286600e+00   3.302166e-17   3.822456e-03   7.192419e-19   4530
  7.298900e+00   3.046426e-17   3.732313e-03   5.361130e-19   4464
  7.311208e+00   3.104321e-17   3.517428e-03   5.311406e-19   4104
  7.325339e+00   2.951868e-17   3.792522e-03   4.465614e-19   5424
  7.339239e+00   3.010261e-17   4.082418e-03   5.175266e-19   4392
  7.353384e+00   3.033898e-17   3.996852e-03   5.023673e-19   4896
  7.366230e+00   2.929003e-17   3.917732e-03   5.049446e-19   4104
  7.379634e+00   3.053908e-17   3.532761e-03   5.140014e-19   4824
  7.393776e+00   2.739377e-17   3.376492e-03   4.494030e-19   4680
  7.406096e+00   2.770202e-17   3.453413e-03   4.645654e-19   4328
  7.420397e+00   2.945625e-17   3.980891e-03   5.004280e-19   5118
  7.434767e+00   2.952889e-17   4.612116e-03   4.818282e-19   5304
  7.447735e+00   3.107784e-17   3.631827e-03   5.471492e-19   4392
  7.461864e+00   2.850757e-17   3.645220e-03   4.798133e-19   4476
  7.474220e+00   2.741640e-17   3.620136e-03   4.580812e-19   4704
  7.487968e+00   2.753787e-17   4.381742e-03   4.218180e-19   5208
  7.502418e+00   2.692545e-17   3.694542e-03   4.461324e-19   5304
  7.515732e+00   2.731558e-17   3.957369e-03   4.527728e-19   4296
  7.529385e+00   2.775382e-17   3.752608e-03   4.476227e-19   4752
  7.543730e+00   2.766469e-17   3.767007e-03   5.948788e-19   4950
  7.556622e+00   2.724347e-17   3.937534e-03   4.505152e-19   5064
  7.569518e+00   2.783404e-17   3.299143e-03   4.709305e-19   4872
  7.582558e+00   2.667101e-17   3.473093e-03   5.107840e-19   4224
  7.596482e+00   2.688702e-17   3.836467e-03   4.108244e-19   6120
  7.611299e+00   2.549155e-17   4.220602e-03   4.099144e-19   4968
  7.624740e+00   2.695547e-17   3.734866e-03   4.582861e-19   4424
  7.638645e+00   2.632958e-17   4.770498e-03   4.336510e-19   5436
  7.652381e+00   2.524983e-17   4.067269e-03   4.095181e-19   4896
  7.665661e+00   2.461725e-17   3.893965e-03   4.195278e-19   5214
  7.678461e+00   2.718884e-17   3.310074e-03   4.673551e-19   4656
  7.692685e+00   2.666102e-17   4.208491e-03   4.450538e-19   5448
  7.706276e+00   2.589657e-17   3.554381e-03   4.552616e-19   4992
  7.719584e+00   2.625576e-17   3.933714e-03   4.495717e-19   5400
  7.734212e+00   2.594348e-17   4.359773e-03   4.094424e-19   5328
  7.747690e+00   2.458370e-17   3.898436e-03   4.222305e-19   4776
  7.760371e+00   2.404239e-17   3.663227e-03   3.976809e-19   4800
  7.774459e+00   2.444421e-17   4.710721e-03   3.495806e-19   6552
  7.789199e+00   2.570454e-17   3.558885e-03   5.442869e-19   3942
  7.801972e+00   2.394358e-17   4.485571e-03   3.730738e-19   6072
  7.816115e+00   2.551037e-17   3.483659e-03   4.820111e-19   4692
  7.827973e+00   2.459245e-17   3.636885e-03   4.035926e-19   4944
  7.841863e+00   2.392098e-17   3.903498e-03   3.595153e-19   5840
  7.856124e+00   2.327283e-17   4.178533e-03   3.920988e-19   5712
  7.870165e+00   2.337895e-17   3.501880e-03   4.086268e-19   4800
  7.882974e+00   2.275104e-17   4.637724e-03   3.704712e-19   5688
  7.897004e+00   2.245860e-17   3.659067e-03   3.798035e-19   4848
  7.910908e+00   1.848288e-17   4.072759e-03   3.432088e-19   5406
  7.924104e+00   8.992523e-19   3.676325e-03   1.948326e-20   5568
  7.937355e+00   8.061004e-19   3.304770e-03   1.214504e-20   5736
  7.951674e+00   7.556107e-19   4.104312e-03   1.319533e-20   5280
  7.964668e+00   7.431359e-19   3.794736e-03   1.241565e-20   5592
  7.978044e+00   6.779740e-19   4.343968e-03   1.236829e-20   4968
  7.992185e+00   6.160417e-19   3.894947e-03   9.723945e-21   5964
  8.005981e+00   5.932309e-19   3.913047e-03   1.008424e-20   5376
  8.018517e+00   5.624711e-19   3.778288e-03   9.392332e-21   5472
  8.033050e+00   4.917556e-19   3.588288e-03   7.976357e-21   5472
  8.046339e+00   5.109366e-19   4.079766e-03   8.810607e-21   5415
  8.059218e+00   4.777800e-19   3.588648e-03   8.191754e-21   5096
  8.073151e+00   4.365581e-19   4.614911e-03   6.524145e-21   6372
  8.087246e+00   4.425170e-19   3.746176e-03   8.328962e-21   4656
  8.099878e+00   4.119770e-19   4.089625e-03   6.195666e-21   5844
  8.113469e+00   3.821796e-19   3.595730e-03   6.123016e-21   5508
  8.127874e+00   3.807654e-19   4.079049e-03   5.669621e-21   6324
  8.142009e+00   3.595075e-19   3.503908e-03   6.279756e-21   4752
  8.154927e+00   3.335844e-19   3.922916e-03   5.342240e-21   5676
  8.168912e+00   3.276183e-19   3.588715e-03   5.224769e-21   5472
  8.182185e+00   3.216150e-19   4.047970e-03   5.166345e-21   5556
  8.196444e+00   2.927365e-19   3.944669e-03   4.441847e-21   5436
  8.210207e+00   2.912844e-19   4.037644e-03   4.558143e-21   5916
  8.224340e+00   2.763626e-19   4.200926e-03   4.434838e-21   5520
  8.237065e+00   2.522049e-19   3.820545e-03   3.984258e-21   5280
  8.250104e+00   2.625987e-19   3.754028e-03   4.480494e-21   4416
  8.264815e+00   2.459491e-19   3.659260e-03   3.584446e-21   6260
  8.278635e+00   2.413483e-19   4.351307e-03   3.505083e-21   5940
  8.291152e+00   2.354654e-19   3.407784e-03   4.051744e-21   4188
  8.304933e+00   2.305807e-19   4.357141e-03   3.217624e-21   6360
  8.319422e+00   2.160375e-19   3.886387e-03   3.211013e-21   5256
  8.332880e+00   2.116552e-19   3.673916e-03   3.544735e-21   4848
  8.344411e+00   1.993225e-19   3.330596e-03   3.234618e-21   4704
  8.358606e+00   2.030538e-19   4.085775e-03   3.005597e-21   5784
  8.373047e+00   1.886209e-19   4.323222e-03   2.758342e-21   5820
  8.386987e+00   1.914065e-19   3.872681e-03   2.781269e-21   5700
  8.401010e+00   1.811888e-19   3.591376e-03   2.812890e-21   5232
  8.415051e+00   1.878601e-19   3.984940e-03   2.841651e-21   4932
  8.427489e+00   1.763392e-19   3.429992e-03   2.824218e-21   4716
  8.440557e+00   1.849284e-19   4.369071e-03   2.789541e-21   5616
  8.454004e+00   1.665611e-19   3.858530e-03   2.490641e-21   5184
  8.467873e+00   1.597633e-19   3.892310e-03   2.403283e-21   5064
  8.480954e+00   1.598433e-19   3.985538e-03   2.344127e-21   5544
  8.495461e+00   1.542364e-19   4.000807e-03   2.236377e-21   5192
  8.508660e+00   1.514581e-19   3.595349e-03   2.255718e-21   5244
  8.522539e+00   1.473744e-19   3.890208e-03   2.183734e-21   5112
  8.536336e+00   1.502408e-19   3.570029e-03   2.356123e-21   5040
  8.548997e+00   1.481075e-19   3.753229e-03   2.192306e-21   5124
  8.563784e+00   1.412214e-19   4.213504e-03   1.991837e-21   5952
  8.577433e+00   1.441599e-19   3.691886e-03   2.176730e-21   4824
  8.589806e+00   1.366640e-19   3.726497e-03   2.094682e-21   4536
  8.604129e+00   1.316321e-19   3.960926e-03   1.809854e-21   5712
  8.618841e+00   1.325502e-19   4.334333e-03   1.946209e-21   5352
  8.632715e+00   1.323741e-19   3.775364e-03   1.908961e-21   5004
  8.645110e+00   1.329253e-19   3.776392e-03   2.018816e-21   4800
  8.658430e+00   1.247093e-19   4.058247e-03   1.791892e-21   5148
  8.673187e+00   1.228990e-19   4.215016e-03   1.725264e-21   5664
  8.686522e+00   1.173793e-19   3.785694e-03   1.778215e-21   4692
  8.698842e+00   1.185608e-19   3.516957e-03   1.917740e-21   4008
  8.713211e+00   1.201852e-19   4.031193e-03   1.657699e-21   5852
  8.727819e+00   1.125158e-19   3.817164e-03   1.552794e-21   5784
  8.740793e+00   1.175663e-19   3.518761e-03   1.887723e-21   4392
  8.754148e+00   1.114676e-19   3.451568e-03   1.652847e-21   4944
  8.768168e+00   1.065903e-19   4.069341e-03   1.628223e-21   4776
  8.781390e+00   1.033658e-19   3.914928e-03   1.460216e-21   5244
  8.795740e+00   1.042153e-19   3.908022e-03   1.471626e-21   4884
  8.807779e+00   1.048880e-19   3.314306e-03   1.647280e-21   4488
  8.821780e+00   1.065899e-19   3.938271e-03   1.563025e-21   5160
  8.835879e+00   1.026299e-19   4.009709e-03   1.442025e-21   5316
  8.849460e+00   1.030584e-19   4.054096e-03   1.566498e-21   4896
  8.862698e+00   9.918653e-20   3.766964e-03   1.597838e-21   4188
  8.876040e+00   9.501049e-20   4.108738e-03   1.412304e-21   4836
  8.889663e+00   9.826822e-20   4.075904e-03   1.357750e-21   5316
  8.903463e+00   9.553851e-20   3.772744e-03   1.368907e-21   4920
  8.916368e+00   9.956187e-20   3.800756e-03   1.633571e-21   4128
  8.930215e+00   9.394289e-20   4.088729e-03   1.334940e-21   5348
  8.943842e+00   9.124170e-20   3.547787e-03   1.376959e-21   4836
  8.956853e+00   9.082849e-20   3.822856e-03   1.447409e-21   4392
  8.970868e+00   9.084577e-20   3.358691e-03   1.387439e-21   4632
  8.983486e+00   9.136087e-20   3.752803e-03   1.439716e-21   4596
  8.997977e+00   8.609709e-20   3.773963e-03   1.222618e-21   5424
  9.012312e+00   8.348121e-20   3.884614e-03   1.146710e-21   5256
  9.027082e+00   8.461606e-20   3.945289e-03   1.302450e-21   4524
  9.039381e+00   8.458122e-20   3.752749e-03   1.346739e-21   4440
  9.053157e+00   8.341981e-20   3.209082e-03   1.226973e-21   4380
  9.066638e+00   8.100995e-20   4.199636e-03   1.218473e-21   4812
  9.080988e+00   8.046709e-20   4.171231e-03   1.158593e-21   5376
  9.094107e+00   7.853325e-20   3.331699e-03   1.251324e-21   3888
  9.106679e+00   8.079992e-20   3.815180e-03   1.177332e-21   4896
  9.120705e+00   7.972877e-20   4.025639e-03   1.187365e-21   4608
  9.135432e+00   8.063120e-20   3.799955e-03   1.218058e-21   4448
  9.148250e+00   7.323406e-20   3.922592e-03   1.086305e-21   4752
  9.161757e+00   7.695224e-20   4.108670e-03   1.200996e-21   4356
  9.175960e+00   7.568290e-20   3.953830e-03   1.122280e-21   5232
  9.190083e+00   7.126734e-20   3.984470e-03   1.137708e-21   4548
  9.203776e+00   7.097245e-20   3.873408e-03   1.031686e-21   4608
  9.217142e+00   7.386895e-20   3.518679e-03   1.225552e-21   3936
  9.229761e+00   7.106160e-20   4.205845e-03   1.145760e-21   4260
  9.243941e+00   7.057077e-20   3.770601e-03   1.041336e-21   5004
  9.256906e+00   7.203213e-20   3.725991e-03   1.230300e-21   4224
  9.271122e+00   7.006931e-20   4.025551e-03   1.095503e-21   4788
  9.284930e+00   6.981241e-20   4.233557e-03   1.126591e-21   4428
  9.298384e+00   6.724709e-20   3.537707e-03   1.085258e-21   4080
  9.311336e+00   6.990304e-20   3.868160e-03   1.034339e-21   4632
  9.324972e+00   6.533240e-20   4.022591e-03   1.112088e-21   4056
  9.339306e+00   6.620729e-20   3.787339e-03   1.079415e-21   4536
  9.352403e+00   6.638693e-20   3.862837e-03   1.037030e-21   4668
  9.366745e+00   6.173742e-20   4.140272e-03   9.797796e-22   4604
  9.380714e+00   6.371534e-20   3.720074e-03   1.044675e-21   4152
  9.393605e+00   6.401437e-20   3.605343e-03   1.046904e-21   4224
  9.407270e+00   6.182760e-20   3.466268e-03   1.006274e-21   4152
  9.420923e+00   6.452766e-20   3.931888e-03   1.065337e-21   4224
  9.434196e+00   6.380361e-20   3.636203e-03   1.096869e-21   3960
  9.446982e+00   6.134786e-20   3.752332e-03   9.474262e-22   4656
  9.460948e+00   5.815803e-20   4.048690e-03   9.444731e-22   4452
  9.475269e+00   5.812325e-20   4.116161e-03   9.942232e-22   4056
  9.488596e+00   5.879217e-20   4.078615e-03   9.543670e-22   4212
  9.502096e+00   6.048147e-20   3.389500e-03   1.118720e-21   3432
  9.515777e+00   5.803425e-20   4.336159e-03   8.717118e-22   5352
  9.529148e+00   5.863582e-20   3.175719e-03   1.053472e-21   3600
  9.543704e+00   5.679078e-20   3.502875e-03   9.166982e-22   4584
  9.556413e+00   5.685150e-20   3.492560e-03   1.005713e-21   3768
  9.569504e+00   5.530068e-20   3.728359e-03   9.910121e-22   3848
  9.582571e+00   5.439516e-20   3.418481e-03   1.003666e-21   3720
  9.597389e+00   5.294513e-20   4.290699e-03   8.288919e-22   4764
  9.610471e+00   5.569748e-20   3.455204e-03   9.555424e-22   3864
  9.623905e+00   5.640000e-20   4.279686e-03   9.237381e-22   4332
  9.638558e+00   5.427662e-20   3.653823e-03   9.492819e-22   3792
  9.651651e+00   5.052416e-20   4.144519e-03   8.312927e-22   4284
  9.665527e+00   4.981756e-20   3.924401e-03   9.188643e-22   3840
  9.678659e+00   4.826901e-20   3.735517e-03   9.546995e-22   3480
  9.691996e+00   4.968638e-20   4.168119e-03   7.904571e-22   4380
  9.706412e+00   5.090047e-20   3.915217e-03   8.533506e-22   4200
  9.720578e+00   5.153209e-20   3.763239e-03   8.575509e-22   4056
  9.733733e+00   4.844384e-20   3.782207e-03   9.074598e-22   3600
  9.746058e+00   4.887453e-20   3.768375e-03   8.959580e-22   3492
  9.760459e+00   4.686731e-20   4.400611e-03   7.724219e-22   4500
  9.775152e+00   4.926477e-20   3.855530e-03   8.821358e-22   3516
  9.787780e+00   5.155335e-20   4.030599e-03   9.420603e-22   3968
  9.801933e+00   4.704632e-20   3.873755e-03   8.697265e-22   3648
  9.814461e+00   4.660343e-20   3.704379e-03   8.690269e-22   4224
  9.828664e+00   4.300075e-20   4.157831e-03   8.372951e-22   3588
  9.841991e+00   4.604921e-20   3.835114e-03   8.732073e-22   3456
  9.855400e+00   4.315181e-20   3.406055e-03   7.954273e-22   3660
  9.869258e+00   4.535419e-20   3.738544e-03   8.312135e-22   3768
  9.882173e+00   4.526949e-20   3.780772e-03   8.195889e-22   3744
  9.896044e+00   4.384623e-20   4.150018e-03   7.531705e-22   4176
  9.910801e+00   4.560152e-20   3.827936e-03   8.509910e-22   3612
  9.922997e+00   4.425876e-20   4.159911e-03   8.642096e-22   3216
  9.936956e+00   4.273385e-20   4.021925e-03   8.367630e-22   3624
  9.950989e+00   4.298432e-20   3.781932e-03   7.932425e-22   3744
  9.964551e+00   4.346029e-20   4.035291e-03   8.315644e-22   3672
  9.977933e+00   4.300901e-20   3.659310e-03   8.102153e-22   3852
  9.991750e+00   4.267248e-20   3.766272e-03   7.840457e-22   3672
  1.000645e+01   4.313149e-20   3.669608e-03   9.695596e-22   3248
  1.001872e+01   3.863590e-20   3.756103e-03   7.851277e-22   3336
  1.003212e+01   3.822460e-20   3.823377e-03   7.155820e-22   3576
  1.004582e+01   4.037446e-20   3.245703e-03   7.952875e-22   3336
  1.005978e+01   4.012556e-20   3.855326e-03   7.380723e-22   3936
  1.007355e+01   4.100182e-20   4.106031e-03   7.976981e-22   3408
  1.008721e+01   4.093201e-20   3.617479e-03   8.370393e-22   3336
  1.010048e+01   3.312533e-20   4.063257e-03   6.816247e-22   3312
  1.011375e+01   3.715616e-20   4.114093e-03   7.582384e-22   3432
  1.012788e+01   3.927432e-20   3.566754e-03   8.209431e-22   3144
  1.014078e+01   3.725637e-20   3.872067e-03   7.550031e-22   3456
  1.015528e+01   3.770183e-20   3.721500e-03   7.110594e-22   3792
  1.016839e+01   3.853928e-20   3.655557e-03   8.326974e-22   2868
  1.018255e+01   3.567192e-20   3.787143e-03   6.336101e-22   3888
  1.019578e+01   3.318672e-20   3.288419e-03   7.391539e-22   2784
  1.020881e+01   3.524385e-20   3.755468e-03   8.349623e-22   2964
  1.022304e+01   3.583029e-20   3.867395e-03   7.260948e-22   3432
  1.023659e+01   3.494892e-20   4.003143e-03   6.934484e-22   3416
  1.025029e+01   3.496196e-20   4.279009e-03   6.990695e-22   3528
  1.026432e+01   3.722605e-20   3.434210e-03   8.336605e-22   2904
  1.027673e+01   3.233502e-20   3.850756e-03   7.049367e-22   3072
  1.029117e+01   3.286697e-20   4.324841e-03   6.820970e-22   3216
  1.030559e+01   3.219083e-20   3.502662e-03   7.467250e-22   2844
  1.031826e+01   3.238239e-20   4.008153e-03   6.870873e-22   3432
  1.033126e+01   3.553362e-20   3.221608e-03   8.169500e-22   2880
  1.034579e+01   3.201119e-20   4.267481e-03   6.852855e-22   3576
  1.035947e+01   3.386699e-20   3.814530e-03   8.276080e-22   2700
  1.037258e+01   3.083534e-20   4.284663e-03   6.477378e-22   3000
  1.038630e+01   2.930448e-20   3.557547e-03   6.867615e-22   2556
  1.039962e+01   3.238704e-20   3.812983e-03   6.830923e-22   3360
  1.041340e+01   3.167785e-20   3.704919e-03   6.714998e-22   3120
  1.042824e+01   3.145015e-20   4.361864e-03   7.234652e-22   3216
  1.044102e+01   3.319314e-20   3.076304e-03   8.109344e-22   2628
  1.045538e+01   3.035601e-20   4.066431e-03   6.988718e-22   3200
  1.046849e+01   2.807274e-20   3.836286e-03   6.946814e-22   2232
  1.048172e+01   2.726604e-20   4.379000e-03   6.424754e-22   3108
  1.049489e+01   3.224873e-20   3.846700e-03   8.406455e-22   2604
  1.050838e+01   3.096279e-20   4.143983e-03   6.897872e-22   3096
  1.052321e+01   2.963519e-20   3.775712e-03   6.457197e-22   3084
  1.053608e+01   2.817273e-20   3.853056e-03   6.743915e-22   2664
  1.054934e+01   2.953001e-20   3.397791e-03   7.740589e-22   2232
  1.056233e+01   2.479545e-20   4.185566e-03   5.646484e-22   2808
  1.057656e+01   2.860320e-20   3.953914e-03   7.478229e-22   2592
  1.058985e+01   3.085712e-20   4.059168e-03   7.448903e-22   2952
  1.060381e+01   2.727139e-20   3.832353e-03   6.800257e-22   2772
  1.061738e+01   2.682091e-20   4.121455e-03   6.280622e-22   3036
  1.063158e+01   2.542629e-20   3.997831e-03   7.119859e-22   2136
  1.064453e+01   2.503952e-20   3.188280e-03   6.641081e-22   2496
  1.065782e+01   2.860988e-20   4.246551e-03   7.899780e-22   2228
  1.067168e+01   2.945003e-20   3.959147e-03   7.500633e-22   3048
  1.068548e+01   2.639227e-20   3.781893e-03   7.107648e-22   2676
  1.069919e+01   2.441117e-20   3.767600e-03   5.764692e-22   2784
  1.071230e+01   2.506607e-20   3.660231e-03   6.964655e-22   1920
  1.072544e+01   2.322528e-20   3.906352e-03   6.075603e-22   2400
  1.073968e+01   2.316959e-20   3.582931e-03   5.786155e-22   2532
  1.075441e+01   2.556298e-20   3.979779e-03   6.989485e-22   2544
  1.076766e+01   2.803685e-20   4.163389e-03   7.277856e-22   2772
  1.078071e+01   2.345383e-20   3.899689e-03   7.364094e-22   2160
  1.079368e+01   2.434974e-20   4.200336e-03   6.731165e-22   2304
  1.080867e+01   2.290630e-20   4.110246e-03   6.667899e-22   2328
  1.082212e+01   2.021328e-20   3.940858e-03   5.615228e-22   2304
  1.083458e+01   2.038649e-20   3.726627e-03   5.962542e-22   1908
  1.084874e+01   2.665376e-20   4.167993e-03   7.774470e-22   2736
  1.086239e+01   2.460866e-20   3.949170e-03   7.241162e-22   2448
  1.087690e+01   2.502313e-20   3.692261e-03   7.368196e-22   2040
  1.089004e+01   1.923906e-20   3.844396e-03   6.265405e-22   2120
  1.090267e+01   2.312155e-20   3.187394e-03   6.690298e-22   2040
  1.091626e+01   1.933401e-20   3.954536e-03   6.368311e-22   2208
  1.093164e+01   2.471896e-20   3.550574e-03   7.424921e-22   2208
  1.094410e+01   2.765180e-20   3.934714e-03   8.327763e-22   2196
  1.095698e+01   1.781061e-20   3.461225e-03   5.624660e-22   1848
  1.097008e+01   2.172634e-20   3.925487e-03   6.977142e-22   2124
  1.098474e+01   2.058218e-20   4.117751e-03   6.094921e-22   2328
  1.099905e+01   1.916146e-20   4.192229e-03   6.139151e-22   1920
  1.101296e+01   1.879434e-20   3.848418e-03   6.294941e-22   1548
  1.102533e+01   2.408911e-20   4.221595e-03   7.272547e-22   2388
  1.103993e+01   1.904830e-20   3.906588e-03   6.442750e-22   2160
  1.105330e+01   1.928381e-20   3.555737e-03   7.246226e-22   1704
  1.106610e+01   1.897479e-20   4.005852e-03   6.864966e-22   1776
  1.107822e+01   1.861238e-20   3.746969e-03   6.412215e-22   1800
  1.109354e+01   1.642542e-20   4.325530e-03   5.556122e-22   1700
  1.110784e+01   2.214488e-20   3.894621e-03   7.585827e-22   2292
  1.112117e+01   1.958604e-20   3.615364e-03   7.196202e-22   1704
  1.113374e+01   1.886882e-20   4.042583e-03   6.761217e-22   1728
  1.114751e+01   1.640693e-20   3.741502e-03   6.113880e-22   1728
  1.116101e+01   2.009553e-20   3.737983e-03   7.397329e-22   1680
  1.117537e+01   1.395967e-20   4.306268e-03   4.836062e-22   1704
  1.118967e+01   1.496124e-20   3.381709e-03   4.815548e-22   1752
  1.120245e+01   1.939255e-20   4.020210e-03   7.240145e-22   1872
  1.121629e+01   1.861670e-20   3.940248e-03   7.361302e-22   1500
  1.123032e+01   1.566740e-20   3.450264e-03   5.983977e-22   1656
  1.124395e+01   1.760635e-20   3.699339e-03   6.275384e-22   1464
  1.125606e+01   1.288588e-20   3.240250e-03   5.766464e-22   1488
  1.127092e+01   1.423178e-20   3.910741e-03   4.883573e-22   1680
  1.128450e+01   1.625519e-20   4.085744e-03   6.002331e-22   1692
  1.129720e+01   1.559046e-20   3.912307e-03   7.225889e-22   1128
  1.131130e+01   1.543991e-20   3.767213e-03   6.266647e-22   1536
  1.132506e+01   1.285219e-20   3.926941e-03   5.655540e-22   1616
  1.133898e+01   1.269853e-20   3.786801e-03   5.289692e-22   1476
  1.135302e+01   1.245080e-20   4.167468e-03   5.784856e-22   1176
  1.136555e+01   1.287783e-20   4.477500e-03   4.675534e-22   1656
  1.137919e+01   1.410823e-20   3.933069e-03   8.564835e-22   891
  1.139326e+01   1.185969e-20   4.192686e-03   4.008009e-22   1596
  1.140696e+01   1.165296e-20   3.656134e-03   5.392411e-22   1422
  1.142048e+01   1.116770e-20   3.505987e-03   4.652512e-22   1254
  1.143319e+01   9.040298e-21   3.581765e-03   3.520965e-22   918
  1.144682e+01   1.159135e-20   3.920026e-03   3.947274e-22   1614
  1.146054e+01   9.263060e-21   3.386171e-03   5.128234e-22   798
  1.147418e+01   9.397772e-21   4.340669e-03   3.576058e-22   1458
  1.148802e+01   9.814748e-21   3.974605e-03   3.488374e-22   1374
  1.150169e+01   8.524509e-21   3.394577e-03   4.052788e-22   984
  1.151525e+01   9.274137e-21   4.670468e-03   3.588848e-22   1062
  1.152907e+01   1.070413e-20   3.959103e-03   4.224076e-22   1246
  1.154249e+01   7.546828e-21   3.671067e-03   3.274527e-22   1072
  1.155682e+01   7.658763e-21   3.975530e-03   3.752513e-22   1110
  1.157007e+01   9.139268e-21   4.306909e-03   3.281570e-22   1254
  1.158399e+01   7.978650e-21   4.087484e-03   3.639961e-22   1032
  1.159916e+01   8.860781e-21   3.787024e-03   4.877337e-22   786
  1.161070e+01   8.514075e-21   3.882517e-03   3.197370e-22   1152
  1.162421e+01   7.318887e-21   4.231557e-03   2.921365e-22   1086
  1.163828e+01   5.960649e-21   3.817809e-03   2.165895e-22   912
  1.165129e+01   1.036653e-20   3.826999e-03   4.296803e-22   1062
  1.166457e+01   6.610385e-21   3.814594e-03   2.473339e-22   912
  1.167991e+01   5.600895e-21   4.258338e-03   2.367109e-22   750
  1.169187e+01   8.204073e-21   4.102940e-03   3.127804e-22   1200
  1.170571e+01   6.639173e-21   3.715535e-03   2.972057e-22   918
  1.171947e+01   5.711636e-21   3.856601e-03   2.420409e-22   876
  1.173345e+01   8.127046e-21   3.369895e-03   3.300443e-22   870
  1.174569e+01   6.734338e-21   3.930446e-03   2.822876e-22   768
  1.176004e+01   4.940634e-21   3.602462e-03   2.062936e-22   830
  1.177333e+01   6.759427e-21   3.729870e-03   2.687268e-22   1080
  1.178709e+01   6.269913e-21   4.196592e-03   2.608537e-22   840
  1.180097e+01   5.178696e-21   4.040856e-03   2.028432e-22   798
  1.181670e+01   7.667589e-21   3.207290e-03   3.515295e-22   792
  1.182890e+01   5.115791e-21   3.740740e-03   2.137663e-22   726
  1.184171e+01   4.331923e-21   4.191707e-03   1.459963e-22   864
  1.185573e+01   5.391863e-21   3.588004e-03   2.317556e-22   900
  1.186995e+01   4.628284e-21   3.987579e-03   1.709312e-22   726
  1.188214e+01   4.698554e-21   3.451076e-03   2.023949e-22   576
  1.189842e+01   5.625231e-21   3.591459e-03   2.412628e-22   840
  1.190986e+01   4.712011e-21   3.728159e-03   2.038294e-22   750
  1.192343e+01   4.402217e-21   3.739480e-03   1.810686e-22   720
  1.193622e+01   5.163992e-21   3.783051e-03   2.352720e-22   702
  1.195116e+01   4.902064e-21   4.131600e-03   2.030317e-22   696
  1.196345e+01   4.967036e-21   3.694940e-03   2.341746e-22   480
  1.197794e+01   4.786689e-21   3.501108e-03   2.211226e-22   830
  1.199077e+01   4.544354e-21   4.072924e-03   1.975713e-22   756
  1.200515e+01   4.399945e-21   3.910723e-03   1.926875e-22   624
  1.201783e+01   4.047834e-21   4.132228e-03   1.866851e-22   582
  1.203283e+01   4.733026e-21   3.171578e-03   2.322662e-22   576
  1.204580e+01   3.998445e-21   4.247779e-03   1.696602e-22   624
  1.205910e+01   4.307827e-21   3.469160e-03   1.925734e-22   702
  1.207227e+01   3.958007e-21   3.990462e-03   1.767966e-22   624
  1.208791e+01   4.427143e-21   3.860504e-03   1.699050e-22   672
  1.210064e+01   3.447191e-21   2.889949e-03   1.772556e-22   342
  1.211463e+01   4.273665e-21   3.612817e-03   1.974781e-22   660
  1.212750e+01   3.458285e-21   3.713819e-03   1.887557e-22   576
  1.214078e+01   3.627061e-21   3.610581e-03   1.758204e-22   600
  1.215420e+01   3.324726e-21   4.176133e-03   1.509806e-22   510
  1.216931e+01   3.818945e-21   3.912411e-03   1.608910e-22   600
  1.218096e+01   2.720758e-21   3.116086e-03   1.837300e-22   216
  1.219452e+01   3.158029e-21   3.792817e-03   1.275605e-22   758
  1.221033e+01   3.174128e-21   4.152329e-03   1.370803e-22   576
  1.222419e+01   3.699330e-21   3.525214e-03   1.793689e-22   528
  1.223670e+01   3.281136e-21   2.427615e-03   2.262199e-22   318
  1.225013e+01   3.765563e-21   4.193726e-03   1.745039e-22   540
  1.226602e+01   2.194071e-21   2.964901e-03   1.036443e-22   384
  1.227678e+01   3.120214e-21   4.096461e-03   1.572941e-22   576
  1.229079e+01   2.879131e-21   3.347568e-03   1.498969e-22   414
  1.230405e+01   3.600376e-21   3.738140e-03   1.975389e-22   504
  1.231820e+01   2.972485e-21   4.103605e-03   1.586112e-22   312
  1.233179e+01   2.982556e-21   3.717916e-03   1.478539e-22   414
  1.234528e+01   2.420354e-21   3.434758e-03   1.294966e-22   432
  1.235783e+01   2.497664e-21   4.548844e-03   1.115947e-22   504
  1.237236e+01   3.195668e-21   4.381048e-03   1.775345e-22   432
  1.238596e+01   2.757664e-21   3.588736e-03   1.597930e-22   354
  1.239982e+01   2.746654e-21   5.222048e-03   1.935770e-22   200
  1.241170e+01   2.476560e-21   3.705212e-03   1.100836e-22   480
  1.242776e+01   2.440499e-21   4.234016e-03   1.050960e-22   552
  1.244249e+01   2.669934e-21   2.637454e-03   1.424283e-22   366
  1.245384e+01   2.696040e-21   2.807703e-03   2.423671e-22   240
  1.246633e+01   2.958537e-21   3.925282e-03   1.758111e-22   288
  1.248391e+01   2.419297e-21   2.697682e-03   1.448212e-22   366
  1.249528e+01   2.042358e-21   4.373795e-03   1.034180e-22   408
  1.250797e+01   2.262188e-21   3.287965e-03   1.457073e-22   360
  1.252110e+01   2.508984e-21   3.064933e-03   1.449532e-22   324
  1.253383e+01   2.514788e-21   3.619784e-03   2.062574e-22   174
  1.254899e+01   2.202658e-21   4.158623e-03   1.653966e-22   264
  1.256323e+01   2.071645e-21   3.792868e-03   1.141710e-22   456
  1.257742e+01   2.281163e-21   3.813877e-03   1.290156e-22   360
  1.258909e+01   2.040604e-21   4.201352e-03   1.484186e-22   270
  1.260339e+01   2.587964e-21   4.595030e-03   1.847618e-22   240
  1.262129e+01   2.505821e-21   3.348535e-03   2.333282e-22   120
  1.263009e+01   1.466235e-21   3.495757e-03   9.977308e-23   320
  1.264430e+01   1.946253e-21   4.325399e-03   8.485473e-23   462
  1.265918e+01   1.925314e-21   2.516547e-03   1.058896e-22   276
  1.267211e+01   2.321888e-21   2.854984e-03   2.219571e-22   144
  1.268457e+01   2.589876e-21   2.998289e-03   2.388159e-22   120
  1.270112e+01   1.444010e-21   2.270494e-03   7.676308e-23   294
  1.271363e+01   1.960736e-21   4.027978e-03   9.418002e-23   384
  1.272531e+01   2.020283e-21   2.666495e-03   1.313288e-22   216
  1.273648e+01   2.069652e-21   2.476291e-03   1.319652e-22   168
  1.274910e+01   1.686463e-21   2.946391e-03   2.007592e-22   102
  1.276735e+01   2.238851e-21   4.470257e-03   1.733880e-22   168
  1.278014e+01   1.868570e-21   3.912551e-03   1.005491e-22   384
  1.279417e+01   2.011784e-21   3.975249e-03   1.351927e-22   300
  1.280722e+01   1.824706e-21   4.256630e-03   1.298889e-22   144
  1.282194e+01   1.839730e-21   4.359391e-03   1.726052e-22   102
  1.283959e+01   2.302296e-21   1.031965e-03   2.579174e-22   56
  1.284805e+01   1.490544e-21   3.359809e-03   8.492614e-23   288
  1.286132e+01   1.531426e-21   4.372359e-03   7.274060e-23   360
  1.287576e+01   1.746731e-21   2.345472e-03   1.406729e-22   126
  1.288793e+01   1.645849e-21   1.155171e-03   1.804043e-22   72
  1.290120e+01   2.447263e-21   6.120115e-04   2.677206e-22   48
  1.291851e+01   1.402964e-21   2.475877e-03   9.085893e-23   240
  1.292989e+01   1.561675e-21   3.673549e-03   8.364210e-23   306
  1.294153e+01   1.565641e-21   2.041676e-03   1.342984e-22   120
  1.295495e+01   2.004552e-21   5.024838e-03   2.118290e-22   96
  1.296469e+01   1.381292e-21   0.000000e+00   2.343253e-22   24
  1.298660e+01   1.427646e-21   4.351382e-03   1.170030e-22   120
  1.299733e+01   1.435664e-21   3.763148e-03   7.772327e-23   318
  1.301046e+01   1.627842e-21   4.021435e-03   1.279748e-22   168
  1.302485e+01   1.741780e-21   4.315451e-03   1.970416e-22   72
  1.304060e+01   1.758567e-21   0.000000e+00   1.921970e-22   24
  1.305754e+01   2.399123e-21   2.094735e-03   6.200068e-22   14
  1.306560e+01   1.219155e-21   3.303864e-03   6.873782e-23   288
  1.307812e+01   1.571597e-21   3.974728e-03   1.253457e-22   204
  1.309257e+01   1.706957e-21   6.030662e-04   1.795363e-22   48
  1.310402e+01   1.859244e-21   0.000000e+00   3.404954e-22   24
  1.311727e+01   3.848817e-22   0.000000e+00   1.657776e-22   6
  1.313632e+01   1.350724e-21   2.470146e-03   8.343485e-23   216
  1.314613e+01   1.708844e-21   3.289558e-03   1.068580e-22   192
  1.315814e+01   1.779659e-21   6.000610e-04   2.998966e-22   48
  1.317073e+01   1.876470e-21   4.794588e-03   2.520972e-22   30
  1.320635e+01   1.511832e-21   9.914737e-04   1.297597e-22   96
  1.321367e+01   1.305541e-21   3.248800e-03   7.995586e-23   228
  1.322756e+01   1.407677e-21   4.248394e-03   1.633780e-22   72
  1.324426e+01   3.489884e-21   0.000000e+00   1.560328e-21   6
  1.328230e+01   1.214640e-21   3.207767e-03   8.265200e-23   248
  1.329444e+01   1.428668e-21   3.671457e-03   1.469721e-22   72
  1.330909e+01   1.587664e-21   2.034505e-07   2.011692e-22   6
  1.335335e+01   1.257501e-21   2.279484e-03   8.717861e-23   180
  1.336217e+01   1.284142e-21   3.101597e-03   1.721654e-22   72
  1.337477e+01   5.736851e-22   0.000000e+00   9.043918e-23   6
  1.342398e+01   1.585680e-21   9.753997e-04   1.733791e-22   96
  1.342986e+01   1.050109e-21   2.677881e-03   1.024542e-22   96
  1.344132e+01   2.186808e-21   0.000000e+00   4.001772e-22   6
  1.349818e+01   1.311346e-21   2.562939e-03   1.036353e-22   140
  1.350870e+01   1.455572e-21   0.000000e+00   1.591097e-22   6
  1.356964e+01   1.087006e-21   1.721129e-03   1.196922e-22   96
  1.357692e+01   3.812381e-22   0.000000e+00   8.914058e-23   6
  1.364131e+01   1.995474e-21   1.035401e-03   2.298946e-22   60
  1.364594e+01   1.907566e-21   0.000000e+00   1.905215e-22   6
  1.371360e+01   1.193010e-21   1.049683e-03   2.108874e-22   38
  1.378564e+01   7.391273e-22   5.399836e-04   2.671670e-22   18
  1.385781e+01   5.592286e-22   2.034505e-07   1.240758e-22   6
