# power spectrum of zeta (dimensionless)
# redshift z=0.981415
# k              Pk             sigma(k)       sigma(Pk)      count
  1.256637e-01   nan   0.000000e+00   0.000000e+00   6
  1.777153e-01   nan   0.000000e+00   0.000000e+00   12
  2.176559e-01   nan   2.384186e-09   0.000000e+00   8
  2.513274e-01   nan   0.000000e+00   0.000000e+00   6
  2.809926e-01   nan   4.495664e-09   0.000000e+00   24
  3.078120e-01   nan   4.495664e-09   0.000000e+00   24
  3.554306e-01   nan   0.000000e+00   0.000000e+00   12
  3.769911e-01   nan   5.086263e-09   0.000000e+00   30
  3.973835e-01   nan   0.000000e+00   0.000000e+00   24
  4.167794e-01   nan   7.786718e-09   0.000000e+00   24
  4.353118e-01   nan   4.768372e-09   0.000000e+00   8
  4.530869e-01   nan   6.357829e-09   0.000000e+00   24
  4.701905e-01   nan   0.000000e+00   0.000000e+00   48
  5.026548e-01   nan   0.000000e+00   0.000000e+00   6
  5.181247e-01   nan   6.357829e-09   0.000000e+00   48
  5.331460e-01   nan   5.994218e-09   0.000000e+00   36
  5.477554e-01   nan   6.357829e-09   0.000000e+00   24
  5.619852e-01   nan   8.991328e-09   0.000000e+00   24
  5.758634e-01   nan   0.000000e+00   0.000000e+00   48
  5.894150e-01   nan   8.991328e-09   0.000000e+00   24
  6.156239e-01   nan   8.991328e-09   0.000000e+00   24
  6.283185e-01   nan   0.000000e+00   0.000000e+00   30
  6.407617e-01   nan   0.000000e+00   0.000000e+00   72
  6.529678e-01   nan   9.536743e-09   0.000000e+00   32
  6.767198e-01   nan   0.000000e+00   0.000000e+00   72
  6.882885e-01   nan   0.000000e+00   0.000000e+00   48
  7.108613e-01   nan   0.000000e+00   0.000000e+00   12
  7.273110e-01   nan   5.427997e-03   0.000000e+00   96
  7.434365e-01   nan   8.991328e-09   0.000000e+00   48
  7.539822e-01   nan   1.017253e-08   0.000000e+00   30
  7.720780e-01   nan   4.442982e-03   0.000000e+00   96
  7.947671e-01   nan   0.000000e+00   0.000000e+00   24
  8.078915e-01   nan   4.597878e-03   0.000000e+00   144
  8.240320e-01   nan   1.557344e-08   0.000000e+00   24
  8.406230e-01   nan   4.078565e-03   0.000000e+00   96
  8.522927e-01   nan   0.000000e+00   0.000000e+00   48
  8.784818e-01   nan   3.024579e-03   0.000000e+00   62
  8.917918e-01   nan   4.253298e-03   0.000000e+00   132
  9.061739e-01   nan   1.271566e-08   0.000000e+00   24
  9.197543e-01   nan   4.251090e-03   0.000000e+00   168
  9.445606e-01   nan   4.179554e-03   0.000000e+00   96
  9.631875e-01   nan   3.557186e-03   0.000000e+00   96
  9.860433e-01   nan   3.964957e-03   0.000000e+00   168
  1.005310e+00   nan   0.000000e+00   0.000000e+00   6
  1.013133e+00   nan   0.000000e+00   0.000000e+00   96
  1.022438e+00   nan   3.081996e-03   0.000000e+00   120
  1.041311e+00   nan   3.578749e-03   0.000000e+00   144
  1.051378e+00   nan   0.000000e+00   0.000000e+00   48
  1.070509e+00   nan   3.651792e-03   0.000000e+00   84
  1.081000e+00   nan   2.491750e-08   0.000000e+00   120
  1.090449e+00   nan   3.313740e-03   0.000000e+00   80
  1.105074e+00   nan   3.364535e-03   0.000000e+00   144
  1.123970e+00   nan   1.798266e-08   0.000000e+00   24
  1.133201e+00   nan   3.246628e-03   0.000000e+00   150
  1.147601e+00   nan   3.368559e-03   0.000000e+00   120
  1.163416e+00   nan   3.069733e-03   0.000000e+00   168
  1.178830e+00   nan   1.798266e-08   0.000000e+00   24
  1.188528e+00   nan   3.307029e-03   0.000000e+00   264
  1.198755e+00   nan   1.798266e-08   0.000000e+00   48
  1.216189e+00   nan   3.063158e-03   0.000000e+00   144
  1.235512e+00   nan   3.015167e-03   0.000000e+00   72
  1.246540e+00   nan   3.101478e-03   0.000000e+00   180
  1.261955e+00   nan   2.247234e-03   0.000000e+00   198
  1.269141e+00   nan   0.000000e+00   0.000000e+00   48
  1.285036e+00   nan   3.041694e-03   0.000000e+00   168
  1.296831e+00   nan   3.044222e-03   0.000000e+00   144
  1.314676e+00   nan   4.277300e-03   0.000000e+00   248
  1.338772e+00   nan   2.948852e-03   0.000000e+00   192
  1.355181e+00   nan   4.554933e-03   0.000000e+00   240
  1.365057e+00   nan   0.000000e+00   0.000000e+00   72
  1.380120e+00   nan   2.779615e-03   0.000000e+00   126
  1.389623e+00   nan   2.564571e-03   0.000000e+00   168
  1.407767e+00   nan   2.804328e-03   0.000000e+00   288
  1.426839e+00   nan   1.476986e-03   0.000000e+00   156
  1.436715e+00   nan   2.484720e-03   0.000000e+00   168
  1.451693e+00   nan   4.259613e-03   0.000000e+00   264
  1.465478e+00   nan   0.000000e+00   0.000000e+00   48
  1.475722e+00   nan   4.239347e-03   0.000000e+00   264
  1.490407e+00   nan   2.498827e-03   0.000000e+00   144
  1.501498e+00   nan   5.112474e-03   0.000000e+00   78
  1.517654e+00   nan   3.323319e-03   0.000000e+00   336
  1.532889e+00   nan   2.528505e-03   0.000000e+00   200
  1.542895e+00   nan   4.950846e-03   0.000000e+00   192
  1.556403e+00   nan   2.484459e-03   0.000000e+00   240
  1.568812e+00   nan   4.979003e-03   0.000000e+00   168
  1.581561e+00   nan   3.986332e-03   0.000000e+00   120
  1.596873e+00   nan   3.115666e-03   0.000000e+00   324
  1.611730e+00   nan   2.449443e-03   0.000000e+00   192
  1.621842e+00   nan   4.392943e-03   0.000000e+00   168
  1.639042e+00   nan   3.618152e-03   0.000000e+00   342
  1.654551e+00   nan   2.913340e-03   0.000000e+00   336
  1.670270e+00   nan   2.229470e-03   0.000000e+00   72
  1.680871e+00   nan   3.565739e-03   0.000000e+00   288
  1.693176e+00   nan   2.322255e-03   0.000000e+00   264
  1.710363e+00   nan   3.054338e-03   0.000000e+00   384
  1.725757e+00   nan   3.666000e-03   0.000000e+00   240
  1.732155e+00   nan   0.000000e+00   0.000000e+00   48
  1.750659e+00   nan   3.000861e-03   0.000000e+00   392
  1.764776e+00   nan   3.293295e-03   0.000000e+00   294
  1.779956e+00   nan   2.140470e-03   0.000000e+00   228
  1.789939e+00   nan   3.250617e-03   0.000000e+00   216
  1.802361e+00   nan   1.980050e-03   0.000000e+00   336
  1.817567e+00   nan   2.352625e-03   0.000000e+00   360
  1.830119e+00   nan   3.584392e-03   0.000000e+00   240
  1.843199e+00   nan   4.241157e-03   0.000000e+00   168
  1.855399e+00   nan   3.338306e-03   0.000000e+00   312
  1.869935e+00   nan   2.089228e-03   0.000000e+00   336
  1.885637e+00   nan   2.850095e-03   0.000000e+00   294
  1.897477e+00   nan   3.798594e-03   0.000000e+00   288
  1.906536e+00   nan   2.376907e-03   0.000000e+00   264
  1.922691e+00   nan   4.082916e-03   0.000000e+00   480
  1.936199e+00   nan   1.997349e-03   0.000000e+00   240
  1.952759e+00   nan   2.019671e-03   0.000000e+00   276
  1.965824e+00   nan   4.433576e-03   0.000000e+00   488
  1.981346e+00   nan   1.952641e-03   0.000000e+00   240
  1.990355e+00   nan   3.791527e-03   0.000000e+00   360
  2.002988e+00   nan   1.348968e-03   0.000000e+00   198
  2.019235e+00   nan   4.558217e-03   0.000000e+00   480
  2.031131e+00   nan   1.682460e-03   0.000000e+00   288
  2.047583e+00   nan   3.556337e-03   0.000000e+00   480
  2.062377e+00   nan   2.191154e-03   0.000000e+00   480
  2.077570e+00   nan   2.833894e-03   0.000000e+00   288
  2.087050e+00   nan   3.023242e-03   0.000000e+00   288
  2.101959e+00   nan   5.255912e-03   0.000000e+00   456
  2.116971e+00   nan   4.949844e-03   0.000000e+00   360
  2.126650e+00   nan   2.967082e-03   0.000000e+00   180
  2.140657e+00   nan   3.231514e-03   0.000000e+00   486
  2.154854e+00   nan   4.298953e-03   0.000000e+00   504
  2.169289e+00   nan   3.340070e-03   0.000000e+00   456
  2.181258e+00   nan   2.775009e-03   0.000000e+00   296
  2.197072e+00   nan   2.738289e-03   0.000000e+00   528
  2.208965e+00   nan   2.701981e-03   0.000000e+00   336
  2.226481e+00   nan   2.997004e-03   0.000000e+00   600
  2.239302e+00   nan   1.755804e-03   0.000000e+00   264
  2.252151e+00   nan   1.898694e-03   0.000000e+00   360
  2.265266e+00   nan   3.801372e-03   0.000000e+00   630
  2.279717e+00   nan   1.962233e-03   0.000000e+00   432
  2.292537e+00   nan   3.780726e-03   0.000000e+00   408
  2.308272e+00   nan   2.509414e-03   0.000000e+00   324
  2.319978e+00   nan   3.576222e-03   0.000000e+00   744
  2.334098e+00   nan   2.858952e-03   0.000000e+00   336
  2.347588e+00   nan   3.930328e-03   0.000000e+00   528
  2.362382e+00   nan   2.005373e-03   0.000000e+00   408
  2.372191e+00   nan   3.413147e-03   0.000000e+00   408
  2.388397e+00   nan   2.817663e-03   0.000000e+00   470
  2.400201e+00   nan   3.384925e-03   0.000000e+00   528
  2.416685e+00   nan   2.820560e-03   0.000000e+00   624
  2.428827e+00   nan   2.146180e-03   0.000000e+00   504
  2.441353e+00   nan   2.989469e-03   0.000000e+00   552
  2.453777e+00   nan   1.453231e-03   0.000000e+00   336
  2.469334e+00   nan   3.093356e-03   0.000000e+00   528
  2.481386e+00   nan   3.521844e-03   0.000000e+00   564
  2.495502e+00   nan   3.241487e-03   0.000000e+00   528
  2.510806e+00   nan   5.032507e-03   0.000000e+00   582
  2.524724e+00   nan   3.874271e-03   0.000000e+00   624
  2.536896e+00   nan   4.429036e-03   0.000000e+00   432
  2.551418e+00   nan   4.926531e-03   0.000000e+00   816
  2.566361e+00   nan   2.245292e-03   0.000000e+00   312
  2.576137e+00   nan   3.638994e-03   0.000000e+00   552
  2.591900e+00   nan   2.291924e-03   0.000000e+00   744
  2.603321e+00   nan   2.141123e-03   0.000000e+00   408
  2.618061e+00   nan   3.068323e-03   0.000000e+00   632
  2.633374e+00   nan   5.210791e-03   0.000000e+00   750
  2.645831e+00   nan   3.584637e-03   0.000000e+00   312
  2.659713e+00   nan   5.292216e-03   0.000000e+00   876
  2.673443e+00   nan   3.455503e-03   0.000000e+00   552
  2.688914e+00   nan   2.857688e-03   0.000000e+00   696
  2.699453e+00   nan   3.154346e-03   0.000000e+00   576
  2.713796e+00   nan   3.339693e-03   0.000000e+00   576
  2.726037e+00   nan   4.475199e-03   0.000000e+00   648
  2.740832e+00   nan   4.479393e-03   0.000000e+00   672
  2.757165e+00   nan   1.899992e-03   0.000000e+00   480
  2.767620e+00   nan   2.942368e-03   0.000000e+00   726
  2.781081e+00   nan   3.334085e-03   0.000000e+00   792
  2.795661e+00   nan   4.625257e-03   0.000000e+00   768
  2.811027e+00   nan   3.780047e-03   0.000000e+00   672
  2.825116e+00   nan   2.535576e-03   0.000000e+00   608
  2.835316e+00   nan   2.434230e-03   0.000000e+00   624
  2.849867e+00   nan   3.163261e-03   0.000000e+00   684
  2.864019e+00   nan   4.672505e-03   0.000000e+00   768
  2.877191e+00   nan   3.735635e-03   0.000000e+00   744
  2.892886e+00   nan   2.352178e-03   0.000000e+00   750
  2.904325e+00   nan   3.496199e-03   0.000000e+00   600
  2.916695e+00   nan   3.712332e-03   0.000000e+00   600
  2.931979e+00   nan   4.278234e-03   0.000000e+00   1008
  2.944116e+00   nan   2.372856e-03   0.000000e+00   696
  2.957565e+00   nan   3.134649e-03   0.000000e+00   624
  2.971086e+00   nan   4.877909e-03   0.000000e+00   840
  2.986446e+00   nan   3.319024e-03   0.000000e+00   816
  2.998905e+00   nan   2.204574e-03   0.000000e+00   744
  3.011488e+00   nan   3.897323e-03   0.000000e+00   510
  3.026687e+00   nan   3.741750e-03   0.000000e+00   1020
  3.040833e+00   nan   3.019222e-03   0.000000e+00   912
  3.054778e+00   nan   4.473147e-03   0.000000e+00   752
  3.066309e+00   nan   3.711666e-03   0.000000e+00   888
  3.082044e+00   nan   2.395124e-03   0.000000e+00   768
  3.094915e+00   nan   4.352150e-03   0.000000e+00   720
  3.109727e+00   nan   3.836546e-03   0.000000e+00   1056
  3.122866e+00   nan   2.654285e-03   0.000000e+00   504
  3.133631e+00   nan   4.144719e-03   0.000000e+00   774
  3.149026e+00   nan   3.986123e-03   0.000000e+00   1272
  3.163486e+00   nan   2.611538e-03   0.000000e+00   744
  3.176969e+00   nan   4.264475e-03   0.000000e+00   768
  3.189339e+00   nan   3.607190e-03   0.000000e+00   840
  3.203231e+00   nan   2.445578e-03   0.000000e+00   924
  3.216608e+00   nan   4.311548e-03   0.000000e+00   936
  3.229755e+00   nan   2.996363e-03   0.000000e+00   840
  3.242998e+00   nan   3.562326e-03   0.000000e+00   1008
  3.259829e+00   nan   4.021535e-03   0.000000e+00   696
  3.270389e+00   nan   3.574451e-03   0.000000e+00   974
  3.286078e+00   nan   4.747287e-03   0.000000e+00   1152
  3.299719e+00   nan   1.857626e-03   0.000000e+00   816
  3.310327e+00   nan   4.086567e-03   0.000000e+00   816
  3.324599e+00   nan   3.608623e-03   0.000000e+00   1152
  3.339651e+00   nan   3.248998e-03   0.000000e+00   912
  3.353338e+00   nan   3.947532e-03   0.000000e+00   1056
  3.365058e+00   nan   3.375847e-03   0.000000e+00   624
  3.380817e+00   nan   4.216875e-03   0.000000e+00   1260
  3.394418e+00   nan   2.543440e-03   0.000000e+00   894
  3.407703e+00   nan   4.357818e-03   0.000000e+00   1176
  3.420993e+00   nan   3.606982e-03   0.000000e+00   840
  3.436121e+00   nan   4.099862e-03   0.000000e+00   1440
  3.452005e+00   nan   2.304966e-03   0.000000e+00   864
  3.464048e+00   nan   3.955435e-03   0.000000e+00   1056
  3.476035e+00   nan   2.332073e-03   0.000000e+00   624
  3.490594e+00   nan   4.318596e-03   0.000000e+00   1496
  3.504515e+00   nan   3.049082e-03   0.000000e+00   936
  3.516908e+00   nan   4.414111e-03   0.000000e+00   966
  3.530243e+00   nan   3.128902e-03   0.000000e+00   936
  3.544251e+00   nan   3.870284e-03   0.000000e+00   1248
  3.558592e+00   nan   2.728377e-03   0.000000e+00   1044
  3.571955e+00   nan   4.226344e-03   0.000000e+00   1392
  3.582538e+00   nan   3.255138e-03   0.000000e+00   600
  3.597678e+00   nan   3.698179e-03   0.000000e+00   1416
  3.611873e+00   nan   3.980638e-03   0.000000e+00   1152
  3.626257e+00   nan   3.818797e-03   0.000000e+00   936
  3.637844e+00   nan   4.095847e-03   0.000000e+00   870
  3.651613e+00   nan   3.434204e-03   0.000000e+00   1368
  3.666892e+00   nan   4.515083e-03   0.000000e+00   1632
  3.679949e+00   nan   1.960196e-03   0.000000e+00   816
  3.694083e+00   nan   4.472000e-03   0.000000e+00   1200
  3.706415e+00   nan   4.275759e-03   0.000000e+00   1184
  3.718942e+00   nan   3.245022e-03   0.000000e+00   984
  3.734312e+00   nan   3.961839e-03   0.000000e+00   1572
  3.748246e+00   nan   2.181853e-03   0.000000e+00   840
  3.761231e+00   nan   5.073986e-03   0.000000e+00   1392
  3.774941e+00   nan   3.725317e-03   0.000000e+00   1158
  3.787179e+00   nan   3.392190e-03   0.000000e+00   1272
  3.801913e+00   nan   3.456945e-03   0.000000e+00   1320
  3.815753e+00   nan   3.382582e-03   0.000000e+00   1104
  3.828921e+00   nan   3.828609e-03   0.000000e+00   1392
  3.842742e+00   nan   4.141026e-03   0.000000e+00   1296
  3.856976e+00   nan   4.323915e-03   0.000000e+00   1392
  3.870333e+00   nan   3.171938e-03   0.000000e+00   1104
  3.882690e+00   nan   3.995358e-03   0.000000e+00   1320
  3.900292e+00   nan   3.051196e-03   0.000000e+00   1422
  3.911534e+00   nan   3.800093e-03   0.000000e+00   1212
  3.924449e+00   nan   4.152476e-03   0.000000e+00   1280
  3.937717e+00   nan   4.323858e-03   0.000000e+00   1272
  3.950433e+00   nan   3.741871e-03   0.000000e+00   1680
  3.965505e+00   nan   3.535373e-03   0.000000e+00   1152
  3.979380e+00   nan   4.094086e-03   0.000000e+00   1512
  3.993967e+00   nan   1.728507e-03   0.000000e+00   912
  4.005497e+00   nan   4.357212e-03   0.000000e+00   1680
  4.020833e+00   nan   3.859977e-03   0.000000e+00   1518
  4.032200e+00   nan   3.573605e-03   0.000000e+00   1056
  4.044173e+00   nan   3.608353e-03   0.000000e+00   1344
  4.059650e+00   nan   3.874584e-03   0.000000e+00   1680
  4.073653e+00   nan   3.818000e-03   0.000000e+00   1656
  4.088955e+00   nan   3.245360e-03   0.000000e+00   1140
  4.100443e+00   nan   3.757881e-03   0.000000e+00   1368
  4.113960e+00   nan   4.274611e-03   0.000000e+00   1656
  4.127700e+00   nan   4.378119e-03   0.000000e+00   1448
  4.142656e+00   nan   4.112955e-03   0.000000e+00   1422
  4.156469e+00   nan   4.540534e-03   0.000000e+00   1512
  4.168283e+00   nan   3.461570e-03   0.000000e+00   1296
  4.181952e+00   nan   3.160641e-03   0.000000e+00   1824
  4.196729e+00   nan   4.098248e-03   0.000000e+00   1464
  4.211657e+00   nan   3.657099e-03   0.000000e+00   1824
  4.225511e+00   nan   2.907578e-03   0.000000e+00   1416
  4.237563e+00   nan   4.258820e-03   0.000000e+00   1392
  4.250574e+00   nan   3.929974e-03   0.000000e+00   1464
  4.266448e+00   nan   3.842159e-03   0.000000e+00   1524
  4.278716e+00   nan   3.540612e-03   0.000000e+00   1686
  4.292893e+00   nan   4.215803e-03   0.000000e+00   1800
  4.305078e+00   nan   3.346946e-03   0.000000e+00   1344
  4.318597e+00   nan   3.904869e-03   0.000000e+00   1656
  4.332150e+00   nan   3.117839e-03   0.000000e+00   1488
  4.343925e+00   nan   3.112762e-03   0.000000e+00   1536
  4.360333e+00   nan   3.457925e-03   0.000000e+00   1760
  4.373047e+00   nan   3.846268e-03   0.000000e+00   1824
  4.387749e+00   nan   3.227735e-03   0.000000e+00   1560
  4.401895e+00   nan   3.707356e-03   0.000000e+00   1926
  4.415200e+00   nan   2.636418e-03   0.000000e+00   1272
  4.427344e+00   nan   4.430497e-03   0.000000e+00   1848
  4.443306e+00   nan   3.579461e-03   0.000000e+00   1908
  4.455447e+00   nan   3.491292e-03   0.000000e+00   1488
  4.468258e+00   nan   3.937426e-03   0.000000e+00   1800
  4.482146e+00   nan   3.941308e-03   0.000000e+00   1752
  4.495448e+00   nan   4.190952e-03   0.000000e+00   1368
  4.508761e+00   nan   3.938690e-03   0.000000e+00   2016
  4.523403e+00   nan   4.160224e-03   0.000000e+00   1542
  4.536915e+00   nan   4.073984e-03   0.000000e+00   2184
  4.551872e+00   nan   3.726771e-03   0.000000e+00   1776
  4.564793e+00   nan   4.260262e-03   0.000000e+00   1568
  4.577109e+00   nan   3.892227e-03   0.000000e+00   2040
  4.590510e+00   nan   4.161138e-03   0.000000e+00   1704
  4.604538e+00   nan   4.171238e-03   0.000000e+00   1512
  4.617765e+00   nan   3.558077e-03   0.000000e+00   2028
  4.632626e+00   nan   4.291956e-03   0.000000e+00   1968
  4.646213e+00   nan   4.353548e-03   0.000000e+00   1854
  4.659509e+00   nan   4.150271e-03   0.000000e+00   1632
  4.673135e+00   nan   4.264760e-03   0.000000e+00   2424
  4.687258e+00   nan   4.269195e-03   0.000000e+00   1560
  4.699197e+00   nan   4.034385e-03   0.000000e+00   1728
  4.713624e+00   nan   4.306520e-03   0.000000e+00   2088
  4.728145e+00   nan   4.099347e-03   0.000000e+00   1968
  4.741503e+00   nan   4.058747e-03   0.000000e+00   2256
  4.754898e+00   nan   3.608676e-03   0.000000e+00   1728
  4.768882e+00   nan   3.557384e-03   0.000000e+00   1416
  4.781270e+00   nan   3.750195e-03   0.000000e+00   2246
  4.795296e+00   nan   4.153300e-03   0.000000e+00   2148
  4.808715e+00   nan   3.508307e-03   0.000000e+00   1680
  4.821345e+00   nan   4.435233e-03   0.000000e+00   2280
  4.836527e+00   nan   4.130181e-03   0.000000e+00   2352
  4.850707e+00   nan   3.470382e-03   0.000000e+00   1632
  4.861925e+00   nan   3.971039e-03   0.000000e+00   1968
  4.877319e+00   nan   4.074288e-03   0.000000e+00   2112
  4.891594e+00   nan   3.060509e-03   0.000000e+00   2208
  4.905465e+00   nan   3.085913e-03   0.000000e+00   1974
  4.916413e+00   nan   3.018862e-03   0.000000e+00   1944
  4.931203e+00   nan   3.415495e-03   0.000000e+00   2160
  4.944022e+00   nan   3.194258e-03   0.000000e+00   2040
  4.957876e+00   nan   4.468841e-03   0.000000e+00   2352
  4.972085e+00   nan   3.712532e-03   0.000000e+00   1836
  4.985054e+00   nan   3.960355e-03   0.000000e+00   2352
  4.999614e+00   nan   4.153876e-03   0.000000e+00   2008
  5.012962e+00   nan   4.086408e-03   0.000000e+00   2464
  5.027846e+00   nan   3.295867e-03   0.000000e+00   2118
  5.040054e+00   nan   3.313173e-03   0.000000e+00   1848
  5.052620e+00   nan   4.384411e-03   0.000000e+00   2280
  5.067797e+00   nan   4.170623e-03   0.000000e+00   2472
  5.081980e+00   nan   2.787100e-03   0.000000e+00   2280
  5.093886e+00   nan   3.406760e-03   0.000000e+00   1992
  5.106726e+00   nan   3.581554e-03   0.000000e+00   2184
  5.121532e+00   nan   4.320591e-03   0.000000e+00   2352
  5.135798e+00   nan   4.553131e-03   0.000000e+00   2496
  5.149768e+00   nan   4.252678e-03   0.000000e+00   1770
  5.162298e+00   nan   3.669389e-03   0.000000e+00   2568
  5.177360e+00   nan   4.500656e-03   0.000000e+00   2712
  5.191053e+00   nan   3.574170e-03   0.000000e+00   2448
  5.204725e+00   nan   3.012843e-03   0.000000e+00   2064
  5.216066e+00   nan   3.180123e-03   0.000000e+00   1944
  5.230772e+00   nan   3.928620e-03   0.000000e+00   2480
  5.245774e+00   nan   4.267634e-03   0.000000e+00   2880
  5.259063e+00   nan   4.093786e-03   0.000000e+00   2304
  5.272942e+00   nan   3.761177e-03   0.000000e+00   1806
  5.285249e+00   nan   3.688568e-03   0.000000e+00   2856
  5.300671e+00   nan   3.537448e-03   0.000000e+00   2568
  5.312407e+00   nan   3.549041e-03   0.000000e+00   2112
  5.325180e+00   nan   3.418353e-03   0.000000e+00   2028
  5.338884e+00   nan   4.046323e-03   0.000000e+00   2712
  5.352799e+00   nan   4.359274e-03   0.000000e+00   2952
  5.367753e+00   nan   3.368279e-03   0.000000e+00   2112
  5.379842e+00   nan   3.947451e-03   0.000000e+00   2520
  5.394364e+00   nan   3.807395e-03   0.000000e+00   2376
  5.407591e+00   nan   3.052135e-03   0.000000e+00   2526
  5.421320e+00   nan   3.798300e-03   0.000000e+00   2664
  5.434913e+00   nan   4.530289e-03   0.000000e+00   2408
  5.447943e+00   nan   3.628938e-03   0.000000e+00   2568
  5.461232e+00   nan   3.421437e-03   0.000000e+00   2904
  5.475648e+00   nan   3.838949e-03   0.000000e+00   2544
  5.489345e+00   nan   2.827650e-03   0.000000e+00   2160
  5.502268e+00   nan   4.888682e-03   0.000000e+00   2652
  5.516545e+00   nan   3.870830e-03   0.000000e+00   2784
  5.530283e+00   nan   3.822557e-03   0.000000e+00   2694
  5.544517e+00   nan   3.435410e-03   0.000000e+00   2952
  5.556886e+00   nan   3.253958e-03   0.000000e+00   2208
  5.569485e+00   nan   3.468078e-03   0.000000e+00   2304
  5.583550e+00   nan   4.509853e-03   0.000000e+00   3504
  5.599953e+00   nan   3.651788e-03   0.000000e+00   2616
  5.612745e+00   nan   3.567502e-03   0.000000e+00   2664
  5.625069e+00   nan   3.314521e-03   0.000000e+00   2448
  5.637487e+00   nan   4.616036e-03   0.000000e+00   2472
  5.652096e+00   nan   3.670011e-03   0.000000e+00   3134
  5.665845e+00   nan   4.013913e-03   0.000000e+00   2616
  5.679574e+00   nan   3.251426e-03   0.000000e+00   2712
  5.693697e+00   nan   3.728915e-03   0.000000e+00   3204
  5.707195e+00   nan   4.294589e-03   0.000000e+00   2760
  5.720015e+00   nan   3.746961e-03   0.000000e+00   2688
  5.734152e+00   nan   3.542739e-03   0.000000e+00   2760
  5.746653e+00   nan   2.925296e-03   0.000000e+00   2568
  5.761049e+00   nan   4.542841e-03   0.000000e+00   3336
  5.774866e+00   nan   3.845016e-03   0.000000e+00   2334
  5.788819e+00   nan   4.254924e-03   0.000000e+00   3264
  5.801858e+00   nan   3.093655e-03   0.000000e+00   2760
  5.815230e+00   nan   3.736259e-03   0.000000e+00   3192
  5.828845e+00   nan   3.879036e-03   0.000000e+00   2904
  5.843326e+00   nan   3.892076e-03   0.000000e+00   2784
  5.855447e+00   nan   3.203250e-03   0.000000e+00   2592
  5.869236e+00   nan   4.366488e-03   0.000000e+00   3284
  5.883890e+00   nan   4.385937e-03   0.000000e+00   3168
  5.897000e+00   nan   3.618712e-03   0.000000e+00   2616
  5.910782e+00   nan   3.496570e-03   0.000000e+00   3222
  5.924188e+00   nan   3.923260e-03   0.000000e+00   3240
  5.937171e+00   nan   3.969009e-03   0.000000e+00   2568
  5.951932e+00   nan   3.641761e-03   0.000000e+00   3120
  5.964273e+00   nan   4.003580e-03   0.000000e+00   3168
  5.977546e+00   nan   3.504830e-03   0.000000e+00   3240
  5.992066e+00   nan   3.595869e-03   0.000000e+00   3144
  6.006172e+00   nan   3.427490e-03   0.000000e+00   2856
  6.019505e+00   nan   3.660696e-03   0.000000e+00   3264
  6.034592e+00   nan   4.044906e-03   0.000000e+00   3318
  6.046466e+00   nan   2.832824e-03   0.000000e+00   2556
  6.060617e+00   nan   4.838986e-03   0.000000e+00   4008
  6.074943e+00   nan   3.572017e-03   0.000000e+00   2904
  6.087200e+00   nan   3.652513e-03   0.000000e+00   3144
  6.101153e+00   nan   3.807781e-03   0.000000e+00   3200
  6.115592e+00   nan   3.755394e-03   0.000000e+00   3312
  6.128536e+00   nan   3.026680e-03   0.000000e+00   2832
  6.142988e+00   nan   4.355583e-03   0.000000e+00   3984
  6.156407e+00   nan   3.540883e-03   0.000000e+00   2238
  6.168657e+00   nan   4.167010e-03   0.000000e+00   3984
  6.183855e+00   nan   3.959901e-03   0.000000e+00   3384
  6.196482e+00   nan   3.701438e-03   0.000000e+00   3048
  6.209665e+00   nan   3.398642e-03   0.000000e+00   3096
  6.223435e+00   nan   3.852259e-03   0.000000e+00   3708
  6.237127e+00   nan   3.651419e-03   0.000000e+00   2784
  6.249844e+00   nan   3.792698e-03   0.000000e+00   3648
  6.264291e+00   nan   3.903504e-03   0.000000e+00   3888
  6.279665e+00   nan   4.167105e-03   0.000000e+00   2958
  6.291144e+00   nan   3.557011e-03   0.000000e+00   3264
  6.304977e+00   nan   3.926839e-03   0.000000e+00   3160
  6.318045e+00   nan   3.558843e-03   0.000000e+00   3736
  6.330431e+00   nan   3.242939e-03   0.000000e+00   3216
  6.345038e+00   nan   3.974048e-03   0.000000e+00   4032
  6.360272e+00   nan   3.628234e-03   0.000000e+00   3528
  6.373262e+00   nan   3.202694e-03   0.000000e+00   3192
  6.386247e+00   nan   3.507520e-03   0.000000e+00   3456
  6.400334e+00   nan   3.636928e-03   0.000000e+00   3060
  6.414454e+00   nan   4.324726e-03   0.000000e+00   4518
  6.428212e+00   nan   3.852771e-03   0.000000e+00   3528
  6.440859e+00   nan   3.235655e-03   0.000000e+00   3024
  6.454342e+00   nan   4.380947e-03   0.000000e+00   3672
  6.468077e+00   nan   3.760183e-03   0.000000e+00   3864
  6.483327e+00   nan   3.985743e-03   0.000000e+00   3816
  6.495798e+00   nan   3.626145e-03   0.000000e+00   3456
  6.507756e+00   nan   3.282483e-03   0.000000e+00   2688
  6.521843e+00   nan   3.894603e-03   0.000000e+00   4248
  6.535809e+00   nan   3.730284e-03   0.000000e+00   3926
  6.549837e+00   nan   3.938539e-03   0.000000e+00   3504
  6.563389e+00   nan   3.521113e-03   0.000000e+00   3960
  6.578351e+00   nan   3.963952e-03   0.000000e+00   3684
  6.591183e+00   nan   3.963687e-03   0.000000e+00   4104
  6.604012e+00   nan   3.759338e-03   0.000000e+00   3144
  6.617793e+00   nan   4.117770e-03   0.000000e+00   4224
  6.632945e+00   nan   3.654879e-03   0.000000e+00   4008
  6.645891e+00   nan   4.020945e-03   0.000000e+00   3312
  6.659221e+00   nan   3.999289e-03   0.000000e+00   3726
  6.673398e+00   nan   4.107760e-03   0.000000e+00   3936
  6.685987e+00   nan   4.234293e-03   0.000000e+00   3888
  6.699051e+00   nan   4.003929e-03   0.000000e+00   3864
  6.712643e+00   nan   4.256514e-03   0.000000e+00   3888
  6.726643e+00   nan   4.014548e-03   0.000000e+00   4080
  6.740465e+00   nan   4.260657e-03   0.000000e+00   3400
  6.754567e+00   nan   3.907452e-03   0.000000e+00   4588
  6.768825e+00   nan   3.867571e-03   0.000000e+00   3816
  6.781286e+00   nan   3.664848e-03   0.000000e+00   3534
  6.794478e+00   nan   3.619891e-03   0.000000e+00   4080
  6.808278e+00   nan   3.783811e-03   0.000000e+00   4248
  6.822137e+00   nan   3.812932e-03   0.000000e+00   3528
  6.834925e+00   nan   3.898202e-03   0.000000e+00   4248
  6.847851e+00   nan   3.812833e-03   0.000000e+00   3696
  6.862246e+00   nan   3.956350e-03   0.000000e+00   4560
  6.875897e+00   nan   3.705786e-03   0.000000e+00   3864
  6.889918e+00   nan   4.035033e-03   0.000000e+00   4440
  6.903205e+00   nan   3.764781e-03   0.000000e+00   3432
  6.917168e+00   nan   3.691446e-03   0.000000e+00   4470
  6.930903e+00   nan   3.280469e-03   0.000000e+00   4188
  6.944404e+00   nan   4.202742e-03   0.000000e+00   4392
  6.957812e+00   nan   3.251220e-03   0.000000e+00   3960
  6.971756e+00   nan   3.672933e-03   0.000000e+00   4328
  6.985263e+00   nan   3.822434e-03   0.000000e+00   4320
  6.998915e+00   nan   3.997076e-03   0.000000e+00   4152
  7.011574e+00   nan   3.343614e-03   0.000000e+00   3528
  7.025890e+00   nan   3.618951e-03   0.000000e+00   4512
  7.039283e+00   nan   3.699459e-03   0.000000e+00   4134
  7.052888e+00   nan   3.941164e-03   0.000000e+00   5208
  7.065972e+00   nan   3.433716e-03   0.000000e+00   3240
  7.079508e+00   nan   3.787232e-03   0.000000e+00   4680
  7.093285e+00   nan   3.749666e-03   0.000000e+00   4440
  7.107078e+00   nan   4.248981e-03   0.000000e+00   4260
  7.120308e+00   nan   3.468882e-03   0.000000e+00   4056
  7.133932e+00   nan   3.845862e-03   0.000000e+00   4704
  7.148231e+00   nan   4.475317e-03   0.000000e+00   4800
  7.163348e+00   nan   3.877518e-03   0.000000e+00   4806
  7.176410e+00   nan   3.865268e-03   0.000000e+00   3552
  7.188851e+00   nan   3.875633e-03   0.000000e+00   4304
  7.202898e+00   nan   3.758487e-03   0.000000e+00   5280
  7.216787e+00   nan   3.605632e-03   0.000000e+00   4320
  7.229935e+00   nan   4.071704e-03   0.000000e+00   4296
  7.243800e+00   nan   4.526721e-03   0.000000e+00   4608
  7.257822e+00   nan   4.336841e-03   0.000000e+00   4824
  7.271703e+00   nan   4.094286e-03   0.000000e+00   4488
  7.286600e+00   nan   3.822456e-03   0.000000e+00   4530
  7.298900e+00   nan   3.732313e-03   0.000000e+00   4464
  7.311208e+00   nan   3.517428e-03   0.000000e+00   4104
  7.325339e+00   nan   3.792522e-03   0.000000e+00   5424
  7.339239e+00   nan   4.082418e-03   0.000000e+00   4392
  7.353384e+00   nan   3.996852e-03   0.000000e+00   4896
  7.366230e+00   nan   3.917732e-03   0.000000e+00   4104
  7.379634e+00   nan   3.532761e-03   0.000000e+00   4824
  7.393776e+00   nan   3.376492e-03   0.000000e+00   4680
  7.406096e+00   nan   3.453413e-03   0.000000e+00   4328
  7.420397e+00   nan   3.980891e-03   0.000000e+00   5118
  7.434767e+00   nan   4.612116e-03   0.000000e+00   5304
  7.447735e+00   nan   3.631827e-03   0.000000e+00   4392
  7.461864e+00   nan   3.645220e-03   0.000000e+00   4476
  7.474220e+00   nan   3.620136e-03   0.000000e+00   4704
  7.487968e+00   nan   4.381742e-03   0.000000e+00   5208
  7.502418e+00   nan   3.694542e-03   0.000000e+00   5304
  7.515732e+00   nan   3.957369e-03   0.000000e+00   4296
  7.529385e+00   nan   3.752608e-03   0.000000e+00   4752
  7.543730e+00   nan   3.767007e-03   0.000000e+00   4950
  7.556622e+00   nan   3.937534e-03   0.000000e+00   5064
  7.569518e+00   nan   3.299143e-03   0.000000e+00   4872
  7.582558e+00   nan   3.473093e-03   0.000000e+00   4224
  7.596482e+00   nan   3.836467e-03   0.000000e+00   6120
  7.611299e+00   nan   4.220602e-03   0.000000e+00   4968
  7.624740e+00   nan   3.734866e-03   0.000000e+00   4424
  7.638645e+00   nan   4.770498e-03   0.000000e+00   5436
  7.652381e+00   nan   4.067269e-03   0.000000e+00   4896
  7.665661e+00   nan   3.893965e-03   0.000000e+00   5214
  7.678461e+00   nan   3.310074e-03   0.000000e+00   4656
  7.692685e+00   nan   4.208491e-03   0.000000e+00   5448
  7.706276e+00   nan   3.554381e-03   0.000000e+00   4992
  7.719584e+00   nan   3.933714e-03   0.000000e+00   5400
  7.734212e+00   nan   4.359773e-03   0.000000e+00   5328
  7.747690e+00   nan   3.898436e-03   0.000000e+00   4776
  7.760371e+00   nan   3.663227e-03   0.000000e+00   4800
  7.774459e+00   nan   4.710721e-03   0.000000e+00   6552
  7.789199e+00   nan   3.558885e-03   0.000000e+00   3942
  7.801972e+00   nan   4.485571e-03   0.000000e+00   6072
  7.816115e+00   nan   3.483659e-03   0.000000e+00   4692
  7.827973e+00   nan   3.636885e-03   0.000000e+00   4944
  7.841863e+00   nan   3.903498e-03   0.000000e+00   5840
  7.856124e+00   nan   4.178533e-03   0.000000e+00   5712
  7.870165e+00   nan   3.501880e-03   0.000000e+00   4800
  7.882974e+00   nan   4.637724e-03   0.000000e+00   5688
  7.897004e+00   nan   3.659067e-03   0.000000e+00   4848
  7.910908e+00   nan   4.072759e-03   0.000000e+00   5406
  7.924104e+00   nan   3.676325e-03   0.000000e+00   5568
  7.937355e+00   nan   3.304770e-03   0.000000e+00   5736
  7.951674e+00   nan   4.104312e-03   0.000000e+00   5280
  7.964668e+00   nan   3.794736e-03   0.000000e+00   5592
  7.978044e+00   nan   4.343968e-03   0.000000e+00   4968
  7.992185e+00   nan   3.894947e-03   0.000000e+00   5964
  8.005981e+00   nan   3.913047e-03   0.000000e+00   5376
  8.018517e+00   nan   3.778288e-03   0.000000e+00   5472
  8.033050e+00   nan   3.588288e-03   0.000000e+00   5472
  8.046339e+00   nan   4.079766e-03   0.000000e+00   5415
  8.059218e+00   nan   3.588648e-03   0.000000e+00   5096
  8.073151e+00   nan   4.614911e-03   0.000000e+00   6372
  8.087246e+00   nan   3.746176e-03   0.000000e+00   4656
  8.099878e+00   nan   4.089625e-03   0.000000e+00   5844
  8.113469e+00   nan   3.595730e-03   0.000000e+00   5508
  8.127874e+00   nan   4.079049e-03   0.000000e+00   6324
  8.142009e+00   nan   3.503908e-03   0.000000e+00   4752
  8.154927e+00   nan   3.922916e-03   0.000000e+00   5676
  8.168912e+00   nan   3.588715e-03   0.000000e+00   5472
  8.182185e+00   nan   4.047970e-03   0.000000e+00   5556
  8.196444e+00   nan   3.944669e-03   0.000000e+00   5436
  8.210207e+00   nan   4.037644e-03   0.000000e+00   5916
  8.224340e+00   nan   4.200926e-03   0.000000e+00   5520
  8.237065e+00   nan   3.820545e-03   0.000000e+00   5280
  8.250104e+00   nan   3.754028e-03   0.000000e+00   4416
  8.264815e+00   nan   3.659260e-03   0.000000e+00   6260
  8.278635e+00   nan   4.351307e-03   0.000000e+00   5940
  8.291152e+00   nan   3.407784e-03   0.000000e+00   4188
  8.304933e+00   nan   4.357141e-03   0.000000e+00   6360
  8.319422e+00   nan   3.886387e-03   0.000000e+00   5256
  8.332880e+00   nan   3.673916e-03   0.000000e+00   4848
  8.344411e+00   nan   3.330596e-03   0.000000e+00   4704
  8.358606e+00   nan   4.085775e-03   0.000000e+00   5784
  8.373047e+00   nan   4.323222e-03   0.000000e+00   5820
  8.386987e+00   nan   3.872681e-03   0.000000e+00   5700
  8.401010e+00   nan   3.591376e-03   0.000000e+00   5232
  8.415051e+00   nan   3.984940e-03   0.000000e+00   4932
  8.427489e+00   nan   3.429992e-03   0.000000e+00   4716
  8.440557e+00   nan   4.369071e-03   0.000000e+00   5616
  8.454004e+00   nan   3.858530e-03   0.000000e+00   5184
  8.467873e+00   nan   3.892310e-03   0.000000e+00   5064
  8.480954e+00   nan   3.985538e-03   0.000000e+00   5544
  8.495461e+00   nan   4.000807e-03   0.000000e+00   5192
  8.508660e+00   nan   3.595349e-03   0.000000e+00   5244
  8.522539e+00   nan   3.890208e-03   0.000000e+00   5112
  8.536336e+00   nan   3.570029e-03   0.000000e+00   5040
  8.548997e+00   nan   3.753229e-03   0.000000e+00   5124
  8.563784e+00   nan   4.213504e-03   0.000000e+00   5952
  8.577433e+00   nan   3.691886e-03   0.000000e+00   4824
  8.589806e+00   nan   3.726497e-03   0.000000e+00   4536
  8.604129e+00   nan   3.960926e-03   0.000000e+00   5712
  8.618841e+00   nan   4.334333e-03   0.000000e+00   5352
  8.632715e+00   nan   3.775364e-03   0.000000e+00   5004
  8.645110e+00   nan   3.776392e-03   0.000000e+00   4800
  8.658430e+00   nan   4.058247e-03   0.000000e+00   5148
  8.673187e+00   nan   4.215016e-03   0.000000e+00   5664
  8.686522e+00   nan   3.785694e-03   0.000000e+00   4692
  8.698842e+00   nan   3.516957e-03   0.000000e+00   4008
  8.713211e+00   nan   4.031193e-03   0.000000e+00   5852
  8.727819e+00   nan   3.817164e-03   0.000000e+00   5784
  8.740793e+00   nan   3.518761e-03   0.000000e+00   4392
  8.754148e+00   nan   3.451568e-03   0.000000e+00   4944
  8.768168e+00   nan   4.069341e-03   0.000000e+00   4776
  8.781390e+00   nan   3.914928e-03   0.000000e+00   5244
  8.795740e+00   nan   3.908022e-03   0.000000e+00   4884
  8.807779e+00   nan   3.314306e-03   0.000000e+00   4488
  8.821780e+00   nan   3.938271e-03   0.000000e+00   5160
  8.835879e+00   nan   4.009709e-03   0.000000e+00   5316
  8.849460e+00   nan   4.054096e-03   0.000000e+00   4896
  8.862698e+00   nan   3.766964e-03   0.000000e+00   4188
  8.876040e+00   nan   4.108738e-03   0.000000e+00   4836
  8.889663e+00   nan   4.075904e-03   0.000000e+00   5316
  8.903463e+00   nan   3.772744e-03   0.000000e+00   4920
  8.916368e+00   nan   3.800756e-03   0.000000e+00   4128
  8.930215e+00   nan   4.088729e-03   0.000000e+00   5348
  8.943842e+00   nan   3.547787e-03   0.000000e+00   4836
  8.956853e+00   nan   3.822856e-03   0.000000e+00   4392
  8.970868e+00   nan   3.358691e-03   0.000000e+00   4632
  8.983486e+00   nan   3.752803e-03   0.000000e+00   4596
  8.997977e+00   nan   3.773963e-03   0.000000e+00   5424
  9.012312e+00   nan   3.884614e-03   0.000000e+00   5256
  9.027082e+00   nan   3.945289e-03   0.000000e+00   4524
  9.039381e+00   nan   3.752749e-03   0.000000e+00   4440
  9.053157e+00   nan   3.209082e-03   0.000000e+00   4380
  9.066638e+00   nan   4.199636e-03   0.000000e+00   4812
  9.080988e+00   nan   4.171231e-03   0.000000e+00   5376
  9.094107e+00   nan   3.331699e-03   0.000000e+00   3888
  9.106679e+00   nan   3.815180e-03   0.000000e+00   4896
  9.120705e+00   nan   4.025639e-03   0.000000e+00   4608
  9.135432e+00   nan   3.799955e-03   0.000000e+00   4448
  9.148250e+00   nan   3.922592e-03   0.000000e+00   4752
  9.161757e+00   nan   4.108670e-03   0.000000e+00   4356
  9.175960e+00   nan   3.953830e-03   0.000000e+00   5232
  9.190083e+00   nan   3.984470e-03   0.000000e+00   4548
  9.203776e+00   nan   3.873408e-03   0.000000e+00   4608
  9.217142e+00   nan   3.518679e-03   0.000000e+00   3936
  9.229761e+00   nan   4.205845e-03   0.000000e+00   4260
  9.243941e+00   nan   3.770601e-03   0.000000e+00   5004
  9.256906e+00   nan   3.725991e-03   0.000000e+00   4224
  9.271122e+00   nan   4.025551e-03   0.000000e+00   4788
  9.284930e+00   nan   4.233557e-03   0.000000e+00   4428
  9.298384e+00   nan   3.537707e-03   0.000000e+00   4080
  9.311336e+00   nan   3.868160e-03   0.000000e+00   4632
  9.324972e+00   nan   4.022591e-03   0.000000e+00   4056
  9.339306e+00   nan   3.787339e-03   0.000000e+00   4536
  9.352403e+00   nan   3.862837e-03   0.000000e+00   4668
  9.366745e+00   nan   4.140272e-03   0.000000e+00   4604
  9.380714e+00   nan   3.720074e-03   0.000000e+00   4152
  9.393605e+00   nan   3.605343e-03   0.000000e+00   4224
  9.407270e+00   nan   3.466268e-03   0.000000e+00   4152
  9.420923e+00   nan   3.931888e-03   0.000000e+00   4224
  9.434196e+00   nan   3.636203e-03   0.000000e+00   3960
  9.446982e+00   nan   3.752332e-03   0.000000e+00   4656
  9.460948e+00   nan   4.048690e-03   0.000000e+00   4452
  9.475269e+00   nan   4.116161e-03   0.000000e+00   4056
  9.488596e+00   nan   4.078615e-03   0.000000e+00   4212
  9.502096e+00   nan   3.389500e-03   0.000000e+00   3432
  9.515777e+00   nan   4.336159e-03   0.000000e+00   5352
  9.529148e+00   nan   3.175719e-03   0.000000e+00   3600
  9.543704e+00   nan   3.502875e-03   0.000000e+00   4584
  9.556413e+00   nan   3.492560e-03   0.000000e+00   3768
  9.569504e+00   nan   3.728359e-03   0.000000e+00   3848
  9.582571e+00   nan   3.418481e-03   0.000000e+00   3720
  9.597389e+00   nan   4.290699e-03   0.000000e+00   4764
  9.610471e+00   nan   3.455204e-03   0.000000e+00   3864
  9.623905e+00   nan   4.279686e-03   0.000000e+00   4332
  9.638558e+00   nan   3.653823e-03   0.000000e+00   3792
  9.651651e+00   nan   4.144519e-03   0.000000e+00   4284
  9.665527e+00   nan   3.924401e-03   0.000000e+00   3840
  9.678659e+00   nan   3.735517e-03   0.000000e+00   3480
  9.691996e+00   nan   4.168119e-03   0.000000e+00   4380
  9.706412e+00   nan   3.915217e-03   0.000000e+00   4200
  9.720578e+00   nan   3.763239e-03   0.000000e+00   4056
  9.733733e+00   nan   3.782207e-03   0.000000e+00   3600
  9.746058e+00   nan   3.768375e-03   0.000000e+00   3492
  9.760459e+00   nan   4.400611e-03   0.000000e+00   4500
  9.775152e+00   nan   3.855530e-03   0.000000e+00   3516
  9.787780e+00   nan   4.030599e-03   0.000000e+00   3968
  9.801933e+00   nan   3.873755e-03   0.000000e+00   3648
  9.814461e+00   nan   3.704379e-03   0.000000e+00   4224
  9.828664e+00   nan   4.157831e-03   0.000000e+00   3588
  9.841991e+00   nan   3.835114e-03   0.000000e+00   3456
  9.855400e+00   nan   3.406055e-03   0.000000e+00   3660
  9.869258e+00   nan   3.738544e-03   0.000000e+00   3768
  9.882173e+00   nan   3.780772e-03   0.000000e+00   3744
  9.896044e+00   nan   4.150018e-03   0.000000e+00   4176
  9.910801e+00   nan   3.827936e-03   0.000000e+00   3612
  9.922997e+00   nan   4.159911e-03   0.000000e+00   3216
  9.936956e+00   nan   4.021925e-03   0.000000e+00   3624
  9.950989e+00   nan   3.781932e-03   0.000000e+00   3744
  9.964551e+00   nan   4.035291e-03   0.000000e+00   3672
  9.977933e+00   nan   3.659310e-03   0.000000e+00   3852
  9.991750e+00   nan   3.766272e-03   0.000000e+00   3672
  1.000645e+01   nan   3.669608e-03   0.000000e+00   3248
  1.001872e+01   nan   3.756103e-03   0.000000e+00   3336
  1.003212e+01   nan   3.823377e-03   0.000000e+00   3576
  1.004582e+01   nan   3.245703e-03   0.000000e+00   3336
  1.005978e+01   nan   3.855326e-03   0.000000e+00   3936
  1.007355e+01   nan   4.106031e-03   0.000000e+00   3408
  1.008721e+01   nan   3.617479e-03   0.000000e+00   3336
  1.010048e+01   nan   4.063257e-03   0.000000e+00   3312
  1.011375e+01   nan   4.114093e-03   0.000000e+00   3432
  1.012788e+01   nan   3.566754e-03   0.000000e+00   3144
  1.014078e+01   nan   3.872067e-03   0.000000e+00   3456
  1.015528e+01   nan   3.721500e-03   0.000000e+00   3792
  1.016839e+01   nan   3.655557e-03   0.000000e+00   2868
  1.018255e+01   nan   3.787143e-03   0.000000e+00   3888
  1.019578e+01   nan   3.288419e-03   0.000000e+00   2784
  1.020881e+01   nan   3.755468e-03   0.000000e+00   2964
  1.022304e+01   nan   3.867395e-03   0.000000e+00   3432
  1.023659e+01   nan   4.003143e-03   0.000000e+00   3416
  1.025029e+01   nan   4.279009e-03   0.000000e+00   3528
  1.026432e+01   nan   3.434210e-03   0.000000e+00   2904
  1.027673e+01   nan   3.850756e-03   0.000000e+00   3072
  1.029117e+01   nan   4.324841e-03   0.000000e+00   3216
  1.030559e+01   nan   3.502662e-03   0.000000e+00   2844
  1.031826e+01   nan   4.008153e-03   0.000000e+00   3432
  1.033126e+01   nan   3.221608e-03   0.000000e+00   2880
  1.034579e+01   nan   4.267481e-03   0.000000e+00   3576
  1.035947e+01   nan   3.814530e-03   0.000000e+00   2700
  1.037258e+01   nan   4.284663e-03   0.000000e+00   3000
  1.038630e+01   nan   3.557547e-03   0.000000e+00   2556
  1.039962e+01   nan   3.812983e-03   0.000000e+00   3360
  1.041340e+01   nan   3.704919e-03   0.000000e+00   3120
  1.042824e+01   nan   4.361864e-03   0.000000e+00   3216
  1.044102e+01   nan   3.076304e-03   0.000000e+00   2628
  1.045538e+01   nan   4.066431e-03   0.000000e+00   3200
  1.046849e+01   nan   3.836286e-03   0.000000e+00   2232
  1.048172e+01   nan   4.379000e-03   0.000000e+00   3108
  1.049489e+01   nan   3.846700e-03   0.000000e+00   2604
  1.050838e+01   nan   4.143983e-03   0.000000e+00   3096
  1.052321e+01   nan   3.775712e-03   0.000000e+00   3084
  1.053608e+01   nan   3.853056e-03   0.000000e+00   2664
  1.054934e+01   nan   3.397791e-03   0.000000e+00   2232
  1.056233e+01   nan   4.185566e-03   0.000000e+00   2808
  1.057656e+01   nan   3.953914e-03   0.000000e+00   2592
  1.058985e+01   nan   4.059168e-03   0.000000e+00   2952
  1.060381e+01   nan   3.832353e-03   0.000000e+00   2772
  1.061738e+01   nan   4.121455e-03   0.000000e+00   3036
  1.063158e+01   nan   3.997831e-03   0.000000e+00   2136
  1.064453e+01   nan   3.188280e-03   0.000000e+00   2496
  1.065782e+01   nan   4.246551e-03   0.000000e+00   2228
  1.067168e+01   nan   3.959147e-03   0.000000e+00   3048
  1.068548e+01   nan   3.781893e-03   0.000000e+00   2676
  1.069919e+01   nan   3.767600e-03   0.000000e+00   2784
  1.071230e+01   nan   3.660231e-03   0.000000e+00   1920
  1.072544e+01   nan   3.906352e-03   0.000000e+00   2400
  1.073968e+01   nan   3.582931e-03   0.000000e+00   2532
  1.075441e+01   nan   3.979779e-03   0.000000e+00   2544
  1.076766e+01   nan   4.163389e-03   0.000000e+00   2772
  1.078071e+01   nan   3.899689e-03   0.000000e+00   2160
  1.079368e+01   nan   4.200336e-03   0.000000e+00   2304
  1.080867e+01   nan   4.110246e-03   0.000000e+00   2328
  1.082212e+01   nan   3.940858e-03   0.000000e+00   2304
  1.083458e+01   nan   3.726627e-03   0.000000e+00   1908
  1.084874e+01   nan   4.167993e-03   0.000000e+00   2736
  1.086239e+01   nan   3.949170e-03   0.000000e+00   2448
  1.087690e+01   nan   3.692261e-03   0.000000e+00   2040
  1.089004e+01   nan   3.844396e-03   0.000000e+00   2120
  1.090267e+01   nan   3.187394e-03   0.000000e+00   2040
  1.091626e+01   nan   3.954536e-03   0.000000e+00   2208
  1.093164e+01   nan   3.550574e-03   0.000000e+00   2208
  1.094410e+01   nan   3.934714e-03   0.000000e+00   2196
  1.095698e+01   nan   3.461225e-03   0.000000e+00   1848
  1.097008e+01   nan   3.925487e-03   0.000000e+00   2124
  1.098474e+01   nan   4.117751e-03   0.000000e+00   2328
  1.099905e+01   nan   4.192229e-03   0.000000e+00   1920
  1.101296e+01   nan   3.848418e-03   0.000000e+00   1548
  1.102533e+01   nan   4.221595e-03   0.000000e+00   2388
  1.103993e+01   nan   3.906588e-03   0.000000e+00   2160
  1.105330e+01   nan   3.555737e-03   0.000000e+00   1704
  1.106610e+01   nan   4.005852e-03   0.000000e+00   1776
  1.107822e+01   nan   3.746969e-03   0.000000e+00   1800
  1.109354e+01   nan   4.325530e-03   0.000000e+00   1700
  1.110784e+01   nan   3.894621e-03   0.000000e+00   2292
  1.112117e+01   nan   3.615364e-03   0.000000e+00   1704
  1.113374e+01   nan   4.042583e-03   0.000000e+00   1728
  1.114751e+01   nan   3.741502e-03   0.000000e+00   1728
  1.116101e+01   nan   3.737983e-03   0.000000e+00   1680
  1.117537e+01   nan   4.306268e-03   0.000000e+00   1704
  1.118967e+01   nan   3.381709e-03   0.000000e+00   1752
  1.120245e+01   nan   4.020210e-03   0.000000e+00   1872
  1.121629e+01   nan   3.940248e-03   0.000000e+00   1500
  1.123032e+01   nan   3.450264e-03   0.000000e+00   1656
  1.124395e+01   nan   3.699339e-03   0.000000e+00   1464
  1.125606e+01   nan   3.240250e-03   0.000000e+00   1488
  1.127092e+01   nan   3.910741e-03   0.000000e+00   1680
  1.128450e+01   nan   4.085744e-03   0.000000e+00   1692
  1.129720e+01   nan   3.912307e-03   0.000000e+00   1128
  1.131130e+01   nan   3.767213e-03   0.000000e+00   1536
  1.132506e+01   nan   3.926941e-03   0.000000e+00   1616
  1.133898e+01   nan   3.786801e-03   0.000000e+00   1476
  1.135302e+01   nan   4.167468e-03   0.000000e+00   1176
  1.136555e+01   nan   4.477500e-03   0.000000e+00   1656
  1.137919e+01   nan   3.933069e-03   0.000000e+00   891
  1.139326e+01   nan   4.192686e-03   0.000000e+00   1596
  1.140696e+01   nan   3.656134e-03   0.000000e+00   1422
  1.142048e+01   nan   3.505987e-03   0.000000e+00   1254
  1.143319e+01   nan   3.581765e-03   0.000000e+00   918
  1.144682e+01   nan   3.920026e-03   0.000000e+00   1614
  1.146054e+01   nan   3.386171e-03   0.000000e+00   798
  1.147418e+01   nan   4.340669e-03   0.000000e+00   1458
  1.148802e+01   nan   3.974605e-03   0.000000e+00   1374
  1.150169e+01   nan   3.394577e-03   0.000000e+00   984
  1.151525e+01   nan   4.670468e-03   0.000000e+00   1062
  1.152907e+01   nan   3.959103e-03   0.000000e+00   1246
  1.154249e+01   nan   3.671067e-03   0.000000e+00   1072
  1.155682e+01   nan   3.975530e-03   0.000000e+00   1110
  1.157007e+01   nan   4.306909e-03   0.000000e+00   1254
  1.158399e+01   nan   4.087484e-03   0.000000e+00   1032
  1.159916e+01   nan   3.787024e-03   0.000000e+00   786
  1.161070e+01   nan   3.882517e-03   0.000000e+00   1152
  1.162421e+01   nan   4.231557e-03   0.000000e+00   1086
  1.163828e+01   nan   3.817809e-03   0.000000e+00   912
  1.165129e+01   nan   3.826999e-03   0.000000e+00   1062
  1.166457e+01   nan   3.814594e-03   0.000000e+00   912
  1.167991e+01   nan   4.258338e-03   0.000000e+00   750
  1.169187e+01   nan   4.102940e-03   0.000000e+00   1200
  1.170571e+01   nan   3.715535e-03   0.000000e+00   918
  1.171947e+01   nan   3.856601e-03   0.000000e+00   876
  1.173345e+01   nan   3.369895e-03   0.000000e+00   870
  1.174569e+01   nan   3.930446e-03   0.000000e+00   768
  1.176004e+01   nan   3.602462e-03   0.000000e+00   830
  1.177333e+01   nan   3.729870e-03   0.000000e+00   1080
  1.178709e+01   nan   4.196592e-03   0.000000e+00   840
  1.180097e+01   nan   4.040856e-03   0.000000e+00   798
  1.181670e+01   nan   3.207290e-03   0.000000e+00   792
  1.182890e+01   nan   3.740740e-03   0.000000e+00   726
  1.184171e+01   nan   4.191707e-03   0.000000e+00   864
  1.185573e+01   nan   3.588004e-03   0.000000e+00   900
  1.186995e+01   nan   3.987579e-03   0.000000e+00   726
  1.188214e+01   nan   3.451076e-03   0.000000e+00   576
  1.189842e+01   nan   3.591459e-03   0.000000e+00   840
  1.190986e+01   nan   3.728159e-03   0.000000e+00   750
  1.192343e+01   nan   3.739480e-03   0.000000e+00   720
  1.193622e+01   nan   3.783051e-03   0.000000e+00   702
  1.195116e+01   nan   4.131600e-03   0.000000e+00   696
  1.196345e+01   nan   3.694940e-03   0.000000e+00   480
  1.197794e+01   nan   3.501108e-03   0.000000e+00   830
  1.199077e+01   nan   4.072924e-03   0.000000e+00   756
  1.200515e+01   nan   3.910723e-03   0.000000e+00   624
  1.201783e+01   nan   4.132228e-03   0.000000e+00   582
  1.203283e+01   nan   3.171578e-03   0.000000e+00   576
  1.204580e+01   nan   4.247779e-03   0.000000e+00   624
  1.205910e+01   nan   3.469160e-03   0.000000e+00   702
  1.207227e+01   nan   3.990462e-03   0.000000e+00   624
  1.208791e+01   nan   3.860504e-03   0.000000e+00   672
  1.210064e+01   nan   2.889949e-03   0.000000e+00   342
  1.211463e+01   nan   3.612817e-03   0.000000e+00   660
  1.212750e+01   nan   3.713819e-03   0.000000e+00   576
  1.214078e+01   nan   3.610581e-03   0.000000e+00   600
  1.215420e+01   nan   4.176133e-03   0.000000e+00   510
  1.216931e+01   nan   3.912411e-03   0.000000e+00   600
  1.218096e+01   nan   3.116086e-03   0.000000e+00   216
  1.219452e+01   nan   3.792817e-03   0.000000e+00   758
  1.221033e+01   nan   4.152329e-03   0.000000e+00   576
  1.222419e+01   nan   3.525214e-03   0.000000e+00   528
  1.223670e+01   nan   2.427615e-03   0.000000e+00   318
  1.225013e+01   nan   4.193726e-03   0.000000e+00   540
  1.226602e+01   nan   2.964901e-03   0.000000e+00   384
  1.227678e+01   nan   4.096461e-03   0.000000e+00   576
  1.229079e+01   nan   3.347568e-03   0.000000e+00   414
  1.230405e+01   nan   3.738140e-03   0.000000e+00   504
  1.231820e+01   nan   4.103605e-03   0.000000e+00   312
  1.233179e+01   nan   3.717916e-03   0.000000e+00   414
  1.234528e+01   nan   3.434758e-03   0.000000e+00   432
  1.235783e+01   nan   4.548844e-03   0.000000e+00   504
  1.237236e+01   nan   4.381048e-03   0.000000e+00   432
  1.238596e+01   nan   3.588736e-03   0.000000e+00   354
  1.239982e+01   nan   5.222048e-03   0.000000e+00   200
  1.241170e+01   nan   3.705212e-03   0.000000e+00   480
  1.242776e+01   nan   4.234016e-03   0.000000e+00   552
  1.244249e+01   nan   2.637454e-03   0.000000e+00   366
  1.245384e+01   nan   2.807703e-03   0.000000e+00   240
  1.246633e+01   nan   3.925282e-03   0.000000e+00   288
  1.248391e+01   nan   2.697682e-03   0.000000e+00   366
  1.249528e+01   nan   4.373795e-03   0.000000e+00   408
  1.250797e+01   nan   3.287965e-03   0.000000e+00   360
  1.252110e+01   nan   3.064933e-03   0.000000e+00   324
  1.253383e+01   nan   3.619784e-03   0.000000e+00   174
  1.254899e+01   nan   4.158623e-03   0.000000e+00   264
  1.256323e+01   nan   3.792868e-03   0.000000e+00   456
  1.257742e+01   nan   3.813877e-03   0.000000e+00   360
  1.258909e+01   nan   4.201352e-03   0.000000e+00   270
  1.260339e+01   nan   4.595030e-03   0.000000e+00   240
  1.262129e+01   nan   3.348535e-03   0.000000e+00   120
  1.263009e+01   nan   3.495757e-03   0.000000e+00   320
  1.264430e+01   nan   4.325399e-03   0.000000e+00   462
  1.265918e+01   nan   2.516547e-03   0.000000e+00   276
  1.267211e+01   nan   2.854984e-03   0.000000e+00   144
  1.268457e+01   nan   2.998289e-03   0.000000e+00   120
  1.270112e+01   nan   2.270494e-03   0.000000e+00   294
  1.271363e+01   nan   4.027978e-03   0.000000e+00   384
  1.272531e+01   nan   2.666495e-03   0.000000e+00   216
  1.273648e+01   nan   2.476291e-03   0.000000e+00   168
  1.274910e+01   nan   2.946391e-03   0.000000e+00   102
  1.276735e+01   nan   4.470257e-03   0.000000e+00   168
  1.278014e+01   nan   3.912551e-03   0.000000e+00   384
  1.279417e+01   nan   3.975249e-03   0.000000e+00   300
  1.280722e+01   nan   4.256630e-03   0.000000e+00   144
  1.282194e+01   nan   4.359391e-03   0.000000e+00   102
  1.283959e+01   nan   1.031965e-03   0.000000e+00   56
  1.284805e+01   nan   3.359809e-03   0.000000e+00   288
  1.286132e+01   nan   4.372359e-03   0.000000e+00   360
  1.287576e+01   nan   2.345472e-03   0.000000e+00   126
  1.288793e+01   nan   1.155171e-03   0.000000e+00   72
  1.290120e+01   nan   6.120115e-04   0.000000e+00   48
  1.291851e+01   nan   2.475877e-03   0.000000e+00   240
  1.292989e+01   nan   3.673549e-03   0.000000e+00   306
  1.294153e+01   nan   2.041676e-03   0.000000e+00   120
  1.295495e+01   nan   5.024838e-03   0.000000e+00   96
  1.296469e+01   nan   0.000000e+00   0.000000e+00   24
  1.298660e+01   nan   4.351382e-03   0.000000e+00   120
  1.299733e+01   nan   3.763148e-03   0.000000e+00   318
  1.301046e+01   nan   4.021435e-03   0.000000e+00   168
  1.302485e+01   nan   4.315451e-03   0.000000e+00   72
  1.304060e+01   nan   0.000000e+00   0.000000e+00   24
  1.305754e+01   nan   2.094735e-03   0.000000e+00   14
  1.306560e+01   nan   3.303864e-03   0.000000e+00   288
  1.307812e+01   nan   3.974728e-03   0.000000e+00   204
  1.309257e+01   nan   6.030662e-04   0.000000e+00   48
  1.310402e+01   nan   0.000000e+00   0.000000e+00   24
  1.311727e+01   nan   0.000000e+00   0.000000e+00   6
  1.313632e+01   nan   2.470146e-03   0.000000e+00   216
  1.314613e+01   nan   3.289558e-03   0.000000e+00   192
  1.315814e+01   nan   6.000610e-04   0.000000e+00   48
  1.317073e+01   nan   4.794588e-03   0.000000e+00   30
  1.320635e+01   nan   9.914737e-04   0.000000e+00   96
  1.321367e+01   nan   3.248800e-03   0.000000e+00   228
  1.322756e+01   nan   4.248394e-03   0.000000e+00   72
  1.324426e+01   nan   0.000000e+00   0.000000e+00   6
  1.328230e+01   nan   3.207767e-03   0.000000e+00   248
  1.329444e+01   nan   3.671457e-03   0.000000e+00   72
  1.330909e+01   nan   2.034505e-07   0.000000e+00   6
  1.335335e+01   nan   2.279484e-03   0.000000e+00   180
  1.336217e+01   nan   3.101597e-03   0.000000e+00   72
  1.337477e+01   nan   0.000000e+00   0.000000e+00   6
  1.342398e+01   nan   9.753997e-04   0.000000e+00   96
  1.342986e+01   nan   2.677881e-03   0.000000e+00   96
  1.344132e+01   nan   0.000000e+00   0.000000e+00   6
  1.349818e+01   nan   2.562939e-03   0.000000e+00   140
  1.350870e+01   nan   0.000000e+00   0.000000e+00   6
  1.356964e+01   nan   1.721129e-03   0.000000e+00   96
  1.357692e+01   nan   0.000000e+00   0.000000e+00   6
  1.364131e+01   nan   1.035401e-03   0.000000e+00   60
  1.364594e+01   nan   0.000000e+00   0.000000e+00   6
  1.371360e+01   nan   1.049683e-03   0.000000e+00   38
  1.378564e+01   nan   5.399836e-04   0.000000e+00   18
  1.385781e+01   nan   2.034505e-07   0.000000e+00   6
