# power spectrum of pi_k * H (dimensionless)
# redshift z=96.078047
# k              Pk             sigma(k)       sigma(Pk)      count
  1.256637e-01   6.864198e-14   0.000000e+00   2.767144e-14   6
  1.777153e-01   1.771214e-14   0.000000e+00   3.535105e-15   12
  2.176559e-01   8.512164e-15   2.384186e-09   1.732609e-15   8
  2.513274e-01   2.059268e-14   0.000000e+00   2.229229e-15   6
  2.809926e-01   1.102606e-14   4.495664e-09   3.515970e-15   24
  3.078120e-01   1.273377e-14   4.495664e-09   2.147024e-15   24
  3.554306e-01   4.104595e-15   0.000000e+00   1.845869e-15   12
  3.769911e-01   4.198772e-15   5.086263e-09   7.730478e-16   30
  3.973835e-01   4.699250e-15   0.000000e+00   1.035130e-15   24
  4.167794e-01   3.852036e-15   7.786718e-09   9.571622e-16   24
  4.353118e-01   4.076408e-15   4.768372e-09   8.265040e-16   8
  4.530869e-01   3.175688e-15   6.357829e-09   3.948445e-16   24
  4.701905e-01   2.764305e-15   0.000000e+00   3.885377e-16   48
  5.026548e-01   2.815460e-15   0.000000e+00   1.233610e-15   6
  5.181247e-01   2.138810e-15   6.357829e-09   2.999457e-16   48
  5.331460e-01   1.872709e-15   5.994218e-09   1.958304e-16   36
  5.477554e-01   2.543878e-15   6.357829e-09   5.319451e-16   24
  5.619852e-01   1.416104e-15   8.991328e-09   2.434805e-16   24
  5.758634e-01   1.206089e-15   0.000000e+00   1.637134e-16   48
  5.894150e-01   1.786777e-15   8.991328e-09   2.543926e-16   24
  6.156239e-01   1.307016e-15   8.991328e-09   2.052144e-16   24
  6.283185e-01   8.578929e-16   0.000000e+00   1.404106e-16   30
  6.407617e-01   8.851319e-16   0.000000e+00   9.735497e-17   72
  6.529678e-01   8.303167e-16   9.536743e-09   1.698936e-16   32
  6.767198e-01   1.035277e-15   0.000000e+00   1.200083e-16   72
  6.882885e-01   6.127160e-16   0.000000e+00   8.930414e-17   48
  7.108613e-01   3.057320e-16   0.000000e+00   9.070583e-17   12
  7.273110e-01   5.468700e-16   5.427997e-03   5.091433e-17   96
  7.434365e-01   6.537148e-16   8.991328e-09   8.239926e-17   48
  7.539822e-01   7.718456e-16   1.017253e-08   1.362136e-16   30
  7.720780e-01   6.674301e-16   4.442982e-03   6.285337e-17   96
  7.947671e-01   3.791197e-16   0.000000e+00   7.170456e-17   24
  8.078915e-01   5.166370e-16   4.597878e-03   4.198100e-17   144
  8.240320e-01   3.467557e-16   1.557344e-08   8.515026e-17   24
  8.406230e-01   4.947751e-16   4.078565e-03   5.631737e-17   96
  8.522927e-01   4.231095e-16   0.000000e+00   6.517056e-17   48
  8.784818e-01   4.911997e-16   3.024579e-03   5.553445e-17   62
  8.917918e-01   3.491317e-16   4.253298e-03   4.231561e-17   132
  9.061739e-01   2.219615e-16   1.271566e-08   3.959255e-17   24
  9.197543e-01   3.388050e-16   4.251090e-03   2.873673e-17   168
  9.445606e-01   3.784623e-16   4.179554e-03   3.176830e-17   96
  9.631875e-01   2.460899e-16   3.557186e-03   2.323253e-17   96
  9.860433e-01   2.473243e-16   3.964957e-03   2.038782e-17   168
  1.005310e+00   2.940909e-16   0.000000e+00   1.406396e-16   6
  1.013133e+00   2.611802e-16   0.000000e+00   2.540688e-17   96
  1.022438e+00   2.469688e-16   3.081996e-03   2.427376e-17   120
  1.041311e+00   1.894287e-16   3.578749e-03   1.496101e-17   144
  1.051378e+00   2.161120e-16   0.000000e+00   2.909863e-17   48
  1.070509e+00   1.849903e-16   3.651792e-03   1.997387e-17   84
  1.081000e+00   2.004010e-16   2.491750e-08   1.799073e-17   120
  1.090449e+00   1.531695e-16   3.313740e-03   1.763054e-17   80
  1.105074e+00   1.417223e-16   3.364535e-03   1.040390e-17   144
  1.123970e+00   1.729016e-16   1.798266e-08   3.217828e-17   24
  1.133201e+00   1.873151e-16   3.246628e-03   1.562769e-17   150
  1.147601e+00   1.629523e-16   3.368559e-03   1.197488e-17   120
  1.163416e+00   1.436078e-16   3.069733e-03   1.220443e-17   168
  1.178830e+00   2.101395e-16   1.798266e-08   3.519974e-17   24
  1.188528e+00   1.215130e-16   3.307029e-03   7.705776e-18   264
  1.198755e+00   9.427304e-17   1.798266e-08   1.339604e-17   48
  1.216189e+00   1.200953e-16   3.063158e-03   9.891528e-18   144
  1.235512e+00   1.423088e-16   3.015167e-03   1.742365e-17   72
  1.246540e+00   1.110756e-16   3.101478e-03   7.085408e-18   180
  1.261955e+00   1.129594e-16   2.247234e-03   8.430139e-18   198
  1.269141e+00   1.193935e-16   0.000000e+00   1.296738e-17   48
  1.285036e+00   9.415282e-17   3.041694e-03   7.058758e-18   168
  1.296831e+00   1.091228e-16   3.044222e-03   9.973048e-18   144
  1.314676e+00   9.962523e-17   4.277300e-03   5.188826e-18   248
  1.338772e+00   6.828227e-17   2.948852e-03   4.798259e-18   192
  1.355181e+00   8.716563e-17   4.554933e-03   5.731833e-18   240
  1.365057e+00   9.356107e-17   0.000000e+00   1.013057e-17   72
  1.380120e+00   9.423919e-17   2.779615e-03   8.207751e-18   126
  1.389623e+00   9.973183e-17   2.564571e-03   7.924578e-18   168
  1.407767e+00   9.066115e-17   2.804328e-03   5.073846e-18   288
  1.426839e+00   7.989127e-17   1.476986e-03   6.799632e-18   156
  1.436715e+00   6.770814e-17   2.484720e-03   5.920650e-18   168
  1.451693e+00   7.012443e-17   4.259613e-03   4.319871e-18   264
  1.465478e+00   6.436286e-17   0.000000e+00   7.902482e-18   48
  1.475722e+00   6.401545e-17   4.239347e-03   4.184687e-18   264
  1.490407e+00   6.406805e-17   2.498827e-03   5.320815e-18   144
  1.501498e+00   7.039396e-17   5.112474e-03   7.974775e-18   78
  1.517654e+00   5.520803e-17   3.323319e-03   3.051390e-18   336
  1.532889e+00   5.122894e-17   2.528505e-03   3.458918e-18   200
  1.542895e+00   4.866821e-17   4.950846e-03   3.723968e-18   192
  1.556403e+00   5.909802e-17   2.484459e-03   4.194759e-18   240
  1.568812e+00   6.195217e-17   4.979003e-03   4.256067e-18   168
  1.581561e+00   5.018121e-17   3.986332e-03   4.300182e-18   120
  1.596873e+00   5.435630e-17   3.115666e-03   2.896128e-18   324
  1.611730e+00   4.788453e-17   2.449443e-03   3.269402e-18   192
  1.621842e+00   5.284688e-17   4.392943e-03   3.824187e-18   168
  1.639042e+00   3.962533e-17   3.618152e-03   2.172982e-18   342
  1.654551e+00   5.251680e-17   2.913340e-03   2.707963e-18   336
  1.670270e+00   5.632922e-17   2.229470e-03   6.202815e-18   72
  1.680871e+00   4.445178e-17   3.565739e-03   2.969413e-18   288
  1.693176e+00   4.342241e-17   2.322255e-03   3.145586e-18   264
  1.710363e+00   3.764053e-17   3.054338e-03   2.033196e-18   384
  1.725757e+00   3.867505e-17   3.666000e-03   2.903913e-18   240
  1.732155e+00   4.036403e-17   0.000000e+00   4.926522e-18   48
  1.750659e+00   3.875897e-17   3.000861e-03   1.956210e-18   392
  1.764776e+00   3.579639e-17   3.293295e-03   2.094534e-18   294
  1.779956e+00   3.369258e-17   2.140470e-03   2.563152e-18   228
  1.789939e+00   3.997782e-17   3.250617e-03   2.612496e-18   216
  1.802361e+00   3.286467e-17   1.980050e-03   1.742200e-18   336
  1.817567e+00   3.416937e-17   2.352625e-03   1.948054e-18   360
  1.830119e+00   3.642132e-17   3.584392e-03   2.246957e-18   240
  1.843199e+00   3.270703e-17   4.241157e-03   2.291108e-18   168
  1.855399e+00   2.964291e-17   3.338306e-03   1.686680e-18   312
  1.869935e+00   2.911453e-17   2.089228e-03   1.485377e-18   336
  1.885637e+00   3.120478e-17   2.850095e-03   1.896321e-18   294
  1.897477e+00   3.431187e-17   3.798594e-03   2.068139e-18   288
  1.906536e+00   2.402669e-17   2.376907e-03   1.576263e-18   264
  1.922691e+00   2.709755e-17   4.082916e-03   1.366103e-18   480
  1.936199e+00   2.971205e-17   1.997349e-03   1.780039e-18   240
  1.952759e+00   2.862725e-17   2.019671e-03   1.674245e-18   276
  1.965824e+00   2.630629e-17   4.433576e-03   1.105146e-18   488
  1.981346e+00   2.939727e-17   1.952641e-03   2.594420e-18   240
  1.990355e+00   2.645335e-17   3.791527e-03   1.316500e-18   360
  2.002988e+00   2.409305e-17   1.348968e-03   1.948615e-18   198
  2.019235e+00   2.161274e-17   4.558217e-03   9.368836e-19   480
  2.031131e+00   2.096202e-17   1.682460e-03   1.257591e-18   288
  2.047583e+00   2.347504e-17   3.556337e-03   1.119760e-18   480
  2.062377e+00   2.360454e-17   2.191154e-03   1.010407e-18   480
  2.077570e+00   2.036711e-17   2.833894e-03   1.361307e-18   288
  2.087050e+00   2.271885e-17   3.023242e-03   1.295500e-18   288
  2.101959e+00   2.127317e-17   5.255912e-03   1.030766e-18   456
  2.116971e+00   2.332621e-17   4.949844e-03   1.157119e-18   360
  2.126650e+00   2.061705e-17   2.967082e-03   1.279909e-18   180
  2.140657e+00   1.780235e-17   3.231514e-03   7.345755e-19   486
  2.154854e+00   1.957520e-17   4.298953e-03   8.818063e-19   504
  2.169289e+00   2.012475e-17   3.340070e-03   9.517105e-19   456
  2.181258e+00   1.911561e-17   2.775009e-03   1.115791e-18   296
  2.197072e+00   1.794943e-17   2.738289e-03   7.837276e-19   528
  2.208965e+00   1.786833e-17   2.701981e-03   9.008354e-19   336
  2.226481e+00   1.763948e-17   2.997004e-03   7.297353e-19   600
  2.239302e+00   1.456283e-17   1.755804e-03   8.612026e-19   264
  2.252151e+00   1.692939e-17   1.898694e-03   8.295190e-19   360
  2.265266e+00   1.632606e-17   3.801372e-03   7.199498e-19   630
  2.279717e+00   1.872753e-17   1.962233e-03   8.832320e-19   432
  2.292537e+00   1.743342e-17   3.780726e-03   8.330678e-19   408
  2.308272e+00   1.573961e-17   2.509414e-03   8.524743e-19   324
  2.319978e+00   1.476097e-17   3.576222e-03   5.542480e-19   744
  2.334098e+00   1.398463e-17   2.858952e-03   7.783381e-19   336
  2.347588e+00   1.598012e-17   3.930328e-03   6.958205e-19   528
  2.362382e+00   1.333646e-17   2.005373e-03   7.151316e-19   408
  2.372191e+00   1.288269e-17   3.413147e-03   6.361414e-19   408
  2.388397e+00   1.367152e-17   2.817663e-03   6.360125e-19   470
  2.400201e+00   1.414138e-17   3.384925e-03   6.223735e-19   528
  2.416685e+00   1.177095e-17   2.820560e-03   4.429622e-19   624
  2.428827e+00   1.327919e-17   2.146180e-03   6.102511e-19   504
  2.441353e+00   1.141754e-17   2.989469e-03   4.911203e-19   552
  2.453777e+00   1.243892e-17   1.453231e-03   6.257630e-19   336
  2.469334e+00   1.313481e-17   3.093356e-03   5.731280e-19   528
  2.481386e+00   1.223846e-17   3.521844e-03   4.856571e-19   564
  2.495502e+00   1.141827e-17   3.241487e-03   5.482946e-19   528
  2.510806e+00   1.351522e-17   5.032507e-03   7.139838e-19   582
  2.524724e+00   1.193079e-17   3.874271e-03   4.993655e-19   624
  2.536896e+00   1.099143e-17   4.429036e-03   5.460668e-19   432
  2.551418e+00   1.135269e-17   4.926531e-03   3.842795e-19   816
  2.566361e+00   1.161221e-17   2.245292e-03   6.449280e-19   312
  2.576137e+00   1.004255e-17   3.638994e-03   4.441844e-19   552
  2.591900e+00   1.039999e-17   2.291924e-03   3.853714e-19   744
  2.603321e+00   1.122392e-17   2.141123e-03   6.103877e-19   408
  2.618061e+00   9.691649e-18   3.068323e-03   3.943686e-19   632
  2.633374e+00   1.117170e-17   5.210791e-03   4.137358e-19   750
  2.645831e+00   1.143840e-17   3.584637e-03   5.950078e-19   312
  2.659713e+00   1.005148e-17   5.292216e-03   3.457664e-19   876
  2.673443e+00   8.079525e-18   3.455503e-03   3.335975e-19   552
  2.688914e+00   9.691748e-18   2.857688e-03   3.809973e-19   696
  2.699453e+00   9.643808e-18   3.154346e-03   4.173703e-19   576
  2.713796e+00   8.479920e-18   3.339693e-03   3.929680e-19   576
  2.726037e+00   9.392985e-18   4.475199e-03   3.711739e-19   648
  2.740832e+00   9.230473e-18   4.479393e-03   3.383734e-19   672
  2.757165e+00   8.839220e-18   1.899992e-03   4.198960e-19   480
  2.767620e+00   8.939346e-18   2.942368e-03   3.603113e-19   726
  2.781081e+00   9.217436e-18   3.334085e-03   3.361909e-19   792
  2.795661e+00   8.287985e-18   4.625257e-03   3.030311e-19   768
  2.811027e+00   8.387141e-18   3.780047e-03   3.165400e-19   672
  2.825116e+00   8.130902e-18   2.535576e-03   3.154936e-19   608
  2.835316e+00   7.581865e-18   2.434230e-03   2.983686e-19   624
  2.849867e+00   7.538189e-18   3.163261e-03   2.729148e-19   684
  2.864019e+00   7.574308e-18   4.672505e-03   2.610675e-19   768
  2.877191e+00   7.815163e-18   3.735635e-03   2.678171e-19   744
  2.892886e+00   7.586175e-18   2.352178e-03   2.928594e-19   750
  2.904325e+00   6.781052e-18   3.496199e-03   3.082329e-19   600
  2.916695e+00   7.005683e-18   3.712332e-03   2.828154e-19   600
  2.931979e+00   7.131986e-18   4.278234e-03   2.189233e-19   1008
  2.944116e+00   7.166101e-18   2.372856e-03   2.694907e-19   696
  2.957565e+00   7.265118e-18   3.134649e-03   2.981503e-19   624
  2.971086e+00   6.924667e-18   4.877909e-03   2.566139e-19   840
  2.986446e+00   7.255533e-18   3.319024e-03   2.503243e-19   816
  2.998905e+00   6.426498e-18   2.204574e-03   2.195736e-19   744
  3.011488e+00   8.915565e-18   3.897323e-03   1.058702e-18   510
  3.026687e+00   6.890295e-18   3.741750e-03   2.155875e-19   1020
  3.040833e+00   6.479236e-18   3.019222e-03   2.077607e-19   912
  3.054778e+00   6.599306e-18   4.473147e-03   2.319082e-19   752
  3.066309e+00   6.339798e-18   3.711666e-03   2.450330e-19   888
  3.082044e+00   5.965285e-18   2.395124e-03   2.094241e-19   768
  3.094915e+00   5.979132e-18   4.352150e-03   2.146173e-19   720
  3.109727e+00   5.896706e-18   3.836546e-03   1.890598e-19   1056
  3.122866e+00   5.880569e-18   2.654285e-03   2.557181e-19   504
  3.133631e+00   5.486090e-18   4.144719e-03   2.130195e-19   774
  3.149026e+00   5.898839e-18   3.986123e-03   1.797907e-19   1272
  3.163486e+00   5.795901e-18   2.611538e-03   2.219588e-19   744
  3.176969e+00   5.178404e-18   4.264475e-03   1.867215e-19   768
  3.189339e+00   5.450981e-18   3.607190e-03   1.805761e-19   840
  3.203231e+00   5.615170e-18   2.445578e-03   1.801847e-19   924
  3.216608e+00   5.327248e-18   4.311548e-03   1.743230e-19   936
  3.229755e+00   4.891178e-18   2.996363e-03   1.601743e-19   840
  3.242998e+00   5.344188e-18   3.562326e-03   1.664522e-19   1008
  3.259829e+00   4.853499e-18   4.021535e-03   1.790584e-19   696
  3.270389e+00   5.376116e-18   3.574451e-03   2.591494e-19   974
  3.286078e+00   5.268382e-18   4.747287e-03   1.475966e-19   1152
  3.299719e+00   4.945647e-18   1.857626e-03   1.659914e-19   816
  3.310327e+00   4.499190e-18   4.086567e-03   1.475933e-19   816
  3.324599e+00   4.714474e-18   3.608623e-03   1.368244e-19   1152
  3.339651e+00   4.684699e-18   3.248998e-03   1.491536e-19   912
  3.353338e+00   4.893784e-18   3.947532e-03   1.472035e-19   1056
  3.365058e+00   4.724352e-18   3.375847e-03   1.903093e-19   624
  3.380817e+00   4.418066e-18   4.216875e-03   1.320573e-19   1260
  3.394418e+00   4.911596e-18   2.543440e-03   1.758862e-19   894
  3.407703e+00   4.984693e-18   4.357818e-03   1.400826e-19   1176
  3.420993e+00   4.154097e-18   3.606982e-03   1.585914e-19   840
  3.436121e+00   4.352392e-18   4.099862e-03   1.103144e-19   1440
  3.452005e+00   3.950707e-18   2.304966e-03   1.273069e-19   864
  3.464048e+00   4.391618e-18   3.955435e-03   1.395831e-19   1056
  3.476035e+00   4.428957e-18   2.332073e-03   1.799344e-19   624
  3.490594e+00   4.149782e-18   4.318596e-03   1.064885e-19   1496
  3.504515e+00   4.101869e-18   3.049082e-03   1.540543e-19   936
  3.516908e+00   6.269809e-18   4.414111e-03   1.070295e-18   966
  3.530243e+00   4.142839e-18   3.128902e-03   1.395564e-19   936
  3.544251e+00   4.030804e-18   3.870284e-03   1.108422e-19   1248
  3.558592e+00   3.659299e-18   2.728377e-03   1.061036e-19   1044
  3.571955e+00   3.683787e-18   4.226344e-03   1.036635e-19   1392
  3.582538e+00   3.477983e-18   3.255138e-03   1.325504e-19   600
  3.597678e+00   3.533583e-18   3.698179e-03   9.135758e-20   1416
  3.611873e+00   3.629566e-18   3.980638e-03   1.043726e-19   1152
  3.626257e+00   3.529842e-18   3.818797e-03   1.113677e-19   936
  3.637844e+00   3.768969e-18   4.095847e-03   1.561074e-19   870
  3.651613e+00   4.188860e-18   3.434204e-03   1.391131e-19   1368
  3.666892e+00   3.535930e-18   4.515083e-03   9.150874e-20   1632
  3.679949e+00   3.658063e-18   1.960196e-03   1.277886e-19   816
  3.694083e+00   3.467920e-18   4.472000e-03   9.853309e-20   1200
  3.706415e+00   3.489366e-18   4.275759e-03   9.951980e-20   1184
  3.718942e+00   3.594167e-18   3.245022e-03   1.151304e-19   984
  3.734312e+00   3.302060e-18   3.961839e-03   8.574366e-20   1572
  3.748246e+00   3.571545e-18   2.181853e-03   1.280666e-19   840
  3.761231e+00   3.168672e-18   5.073986e-03   8.321483e-20   1392
  3.774941e+00   4.400035e-18   3.725317e-03   3.158324e-19   1158
  3.787179e+00   3.360526e-18   3.392190e-03   9.316551e-20   1272
  3.801913e+00   3.284304e-18   3.456945e-03   8.920314e-20   1320
  3.815753e+00   3.110024e-18   3.382582e-03   9.605267e-20   1104
  3.828921e+00   3.049164e-18   3.828609e-03   8.573221e-20   1392
  3.842742e+00   2.910452e-18   4.141026e-03   8.292606e-20   1296
  3.856976e+00   2.964984e-18   4.323915e-03   7.909491e-20   1392
  3.870333e+00   2.954703e-18   3.171938e-03   8.888337e-20   1104
  3.882690e+00   2.842990e-18   3.995358e-03   7.522140e-20   1320
  3.900292e+00   3.425888e-18   3.051196e-03   1.541651e-19   1422
  3.911534e+00   3.044147e-18   3.800093e-03   9.396847e-20   1212
  3.924449e+00   2.772299e-18   4.152476e-03   7.411823e-20   1280
  3.937717e+00   2.948669e-18   4.323858e-03   8.215092e-20   1272
  3.950433e+00   2.967323e-18   3.741871e-03   7.340277e-20   1680
  3.965505e+00   2.559520e-18   3.535373e-03   7.657588e-20   1152
  3.979380e+00   2.664839e-18   4.094086e-03   6.484353e-20   1512
  3.993967e+00   2.604233e-18   1.728507e-03   8.815690e-20   912
  4.005497e+00   2.710734e-18   4.357212e-03   6.262685e-20   1680
  4.020833e+00   4.149567e-18   3.859977e-03   8.010004e-19   1518
  4.032200e+00   3.075861e-18   3.573605e-03   1.166324e-19   1056
  4.044173e+00   2.593166e-18   3.608353e-03   6.581342e-20   1344
  4.059650e+00   2.866082e-18   3.874584e-03   6.863473e-20   1680
  4.073653e+00   2.501323e-18   3.818000e-03   6.340768e-20   1656
  4.088955e+00   2.429364e-18   3.245360e-03   7.923894e-20   1140
  4.100443e+00   2.421518e-18   3.757881e-03   6.839138e-20   1368
  4.113960e+00   2.440057e-18   4.274611e-03   6.139210e-20   1656
  4.127700e+00   2.499194e-18   4.378119e-03   6.917517e-20   1448
  4.142656e+00   2.756766e-18   4.112955e-03   1.242018e-19   1422
  4.156469e+00   2.822223e-18   4.540534e-03   9.274028e-20   1512
  4.168283e+00   2.502247e-18   3.461570e-03   7.413362e-20   1296
  4.181952e+00   2.310670e-18   3.160641e-03   5.523881e-20   1824
  4.196729e+00   2.295835e-18   4.098248e-03   5.845907e-20   1464
  4.211657e+00   2.161210e-18   3.657099e-03   4.779908e-20   1824
  4.225511e+00   2.324227e-18   2.907578e-03   6.075104e-20   1416
  4.237563e+00   2.232089e-18   4.258820e-03   5.974064e-20   1392
  4.250574e+00   2.194190e-18   3.929974e-03   5.649011e-20   1464
  4.266448e+00   2.018857e-18   3.842159e-03   5.439302e-20   1524
  4.278716e+00   3.041242e-18   3.540612e-03   2.240754e-19   1686
  4.292893e+00   2.186233e-18   4.215803e-03   5.584195e-20   1800
  4.305078e+00   2.274875e-18   3.346946e-03   6.753673e-20   1344
  4.318597e+00   2.188502e-18   3.904869e-03   5.836529e-20   1656
  4.332150e+00   2.145137e-18   3.117839e-03   5.306011e-20   1488
  4.343925e+00   2.177395e-18   3.112762e-03   5.520792e-20   1536
  4.360333e+00   2.038575e-18   3.457925e-03   5.080471e-20   1760
  4.373047e+00   2.004286e-18   3.846268e-03   4.618254e-20   1824
  4.387749e+00   2.130737e-18   3.227735e-03   5.364574e-20   1560
  4.401895e+00   2.639911e-18   3.707356e-03   1.144881e-19   1926
  4.415200e+00   2.125137e-18   2.636418e-03   6.096860e-20   1272
  4.427344e+00   1.957836e-18   4.430497e-03   4.566551e-20   1848
  4.443306e+00   2.025667e-18   3.579461e-03   4.478791e-20   1908
  4.455447e+00   1.956617e-18   3.491292e-03   5.100918e-20   1488
  4.468258e+00   1.842503e-18   3.937426e-03   4.584261e-20   1800
  4.482146e+00   1.868854e-18   3.941308e-03   4.509165e-20   1752
  4.495448e+00   1.814912e-18   4.190952e-03   4.782654e-20   1368
  4.508761e+00   1.889413e-18   3.938690e-03   3.973834e-20   2016
  4.523403e+00   3.832939e-18   4.160224e-03   8.125872e-19   1542
  4.536915e+00   1.977020e-18   4.073984e-03   5.440935e-20   2184
  4.551872e+00   1.895870e-18   3.726771e-03   4.385589e-20   1776
  4.564793e+00   1.779024e-18   4.260262e-03   4.983320e-20   1568
  4.577109e+00   1.851188e-18   3.892227e-03   4.215058e-20   2040
  4.590510e+00   1.885818e-18   4.161138e-03   4.538187e-20   1704
  4.604538e+00   1.706458e-18   4.171238e-03   4.417673e-20   1512
  4.617765e+00   1.769517e-18   3.558077e-03   3.919111e-20   2028
  4.632626e+00   1.745367e-18   4.291956e-03   3.814474e-20   1968
  4.646213e+00   1.998677e-18   4.353548e-03   1.175568e-19   1854
  4.659509e+00   1.999913e-18   4.150271e-03   7.378320e-20   1632
  4.673135e+00   1.731281e-18   4.264760e-03   3.535753e-20   2424
  4.687258e+00   1.658114e-18   4.269195e-03   4.115420e-20   1560
  4.699197e+00   1.693356e-18   4.034385e-03   3.826589e-20   1728
  4.713624e+00   1.625674e-18   4.306520e-03   3.720284e-20   2088
  4.728145e+00   1.542273e-18   4.099347e-03   3.505372e-20   1968
  4.741503e+00   1.594490e-18   4.058747e-03   3.610855e-20   2256
  4.754898e+00   1.616579e-18   3.608676e-03   3.692038e-20   1728
  4.768882e+00   1.577231e-18   3.557384e-03   4.304308e-20   1416
  4.781270e+00   2.419693e-18   3.750195e-03   1.870356e-19   2246
  4.795296e+00   1.597903e-18   4.153300e-03   3.732122e-20   2148
  4.808715e+00   1.627348e-18   3.508307e-03   4.176690e-20   1680
  4.821345e+00   1.547455e-18   4.435233e-03   2.971955e-20   2280
  4.836527e+00   1.561855e-18   4.130181e-03   3.153792e-20   2352
  4.850707e+00   1.516371e-18   3.470382e-03   3.741443e-20   1632
  4.861925e+00   1.522360e-18   3.971039e-03   3.493767e-20   1968
  4.877319e+00   1.452702e-18   4.074288e-03   3.258918e-20   2112
  4.891594e+00   1.445118e-18   3.060509e-03   3.314484e-20   2208
  4.905465e+00   2.109375e-18   3.085913e-03   1.155782e-19   1974
  4.916413e+00   1.473342e-18   3.018862e-03   3.383321e-20   1944
  4.931203e+00   1.500113e-18   3.415495e-03   3.270418e-20   2160
  4.944022e+00   1.432966e-18   3.194258e-03   3.275414e-20   2040
  4.957876e+00   1.470818e-18   4.468841e-03   3.208872e-20   2352
  4.972085e+00   1.494236e-18   3.712532e-03   3.421537e-20   1836
  4.985054e+00   1.401687e-18   3.960355e-03   2.832423e-20   2352
  4.999614e+00   1.344317e-18   4.153876e-03   2.973554e-20   2008
  5.012962e+00   1.368697e-18   4.086408e-03   2.894270e-20   2464
  5.027846e+00   2.954824e-18   3.295867e-03   6.670565e-19   2118
  5.040054e+00   1.491278e-18   3.313173e-03   4.314588e-20   1848
  5.052620e+00   1.468552e-18   4.384411e-03   3.360125e-20   2280
  5.067797e+00   1.396595e-18   4.170623e-03   2.893768e-20   2472
  5.081980e+00   1.300612e-18   2.787100e-03   2.808482e-20   2280
  5.093886e+00   1.410548e-18   3.406760e-03   3.334163e-20   1992
  5.106726e+00   1.351317e-18   3.581554e-03   2.718436e-20   2184
  5.121532e+00   1.211240e-18   4.320591e-03   2.575209e-20   2352
  5.135798e+00   1.304367e-18   4.553131e-03   2.623710e-20   2496
  5.149768e+00   1.726847e-18   4.252678e-03   1.085288e-19   1770
  5.162298e+00   1.494894e-18   3.669389e-03   3.892850e-20   2568
  5.177360e+00   1.309440e-18   4.500656e-03   2.583860e-20   2712
  5.191053e+00   1.311834e-18   3.574170e-03   2.780385e-20   2448
  5.204725e+00   1.320300e-18   3.012843e-03   2.901329e-20   2064
  5.216066e+00   1.230134e-18   3.180123e-03   3.022062e-20   1944
  5.230772e+00   1.208428e-18   3.928620e-03   2.533970e-20   2480
  5.245774e+00   1.220819e-18   4.267634e-03   2.328177e-20   2880
  5.259063e+00   1.217882e-18   4.093786e-03   2.559644e-20   2304
  5.272942e+00   1.794525e-18   3.761177e-03   2.570901e-19   1806
  5.285249e+00   1.536575e-18   3.688568e-03   5.211094e-20   2856
  5.300671e+00   1.266542e-18   3.537448e-03   2.674058e-20   2568
  5.312407e+00   1.149900e-18   3.549041e-03   2.592951e-20   2112
  5.325180e+00   1.202575e-18   3.418353e-03   2.898026e-20   2028
  5.338884e+00   1.161187e-18   4.046323e-03   2.206693e-20   2712
  5.352799e+00   1.197792e-18   4.359274e-03   2.252851e-20   2952
  5.367753e+00   1.168519e-18   3.368279e-03   2.501654e-20   2112
  5.379842e+00   1.140997e-18   3.947451e-03   2.254574e-20   2520
  5.394364e+00   1.102520e-18   3.807395e-03   2.290523e-20   2376
  5.407591e+00   1.658513e-18   3.052135e-03   8.553169e-20   2526
  5.421320e+00   1.217955e-18   3.798300e-03   2.490540e-20   2664
  5.434913e+00   1.186747e-18   4.530289e-03   2.540246e-20   2408
  5.447943e+00   1.135132e-18   3.628938e-03   2.341382e-20   2568
  5.461232e+00   1.159433e-18   3.421437e-03   2.121928e-20   2904
  5.475648e+00   1.110918e-18   3.838949e-03   2.186114e-20   2544
  5.489345e+00   1.113534e-18   2.827650e-03   2.459577e-20   2160
  5.502268e+00   1.168560e-18   4.888682e-03   2.354507e-20   2652
  5.516545e+00   1.053929e-18   3.870830e-03   2.019255e-20   2784
  5.530283e+00   2.327890e-18   3.822557e-03   4.838435e-19   2694
  5.544517e+00   1.093375e-18   3.435410e-03   2.255543e-20   2952
  5.556886e+00   1.129085e-18   3.253958e-03   2.377677e-20   2208
  5.569485e+00   1.089127e-18   3.468078e-03   2.280525e-20   2304
  5.583550e+00   1.022196e-18   4.509853e-03   1.662649e-20   3504
  5.599953e+00   1.067281e-18   3.651788e-03   2.221551e-20   2616
  5.612745e+00   1.054388e-18   3.567502e-03   2.103051e-20   2664
  5.625069e+00   1.029437e-18   3.314521e-03   2.082870e-20   2448
  5.637487e+00   1.054858e-18   4.616036e-03   2.101307e-20   2472
  5.652096e+00   1.316716e-18   3.670011e-03   6.124910e-20   3134
  5.665845e+00   1.153960e-18   4.013913e-03   2.845234e-20   2616
  5.679574e+00   9.958051e-19   3.251426e-03   2.028847e-20   2712
  5.693697e+00   1.007951e-18   3.728915e-03   1.833170e-20   3204
  5.707195e+00   9.870385e-19   4.294589e-03   1.991819e-20   2760
  5.720015e+00   9.679794e-19   3.746961e-03   1.893274e-20   2688
  5.734152e+00   9.937082e-19   3.542739e-03   1.979729e-20   2760
  5.746653e+00   9.422564e-19   2.925296e-03   1.939916e-20   2568
  5.761049e+00   9.401574e-19   4.542841e-03   1.629047e-20   3336
  5.774866e+00   1.365657e-18   3.845016e-03   1.704063e-19   2334
  5.788819e+00   1.162254e-18   4.254924e-03   3.875286e-20   3264
  5.801858e+00   1.006305e-18   3.093655e-03   2.178620e-20   2760
  5.815230e+00   9.309380e-19   3.736259e-03   1.669828e-20   3192
  5.828845e+00   9.482061e-19   3.879036e-03   1.889682e-20   2904
  5.843326e+00   9.352668e-19   3.892076e-03   1.833623e-20   2784
  5.855447e+00   9.848024e-19   3.203250e-03   2.027439e-20   2592
  5.869236e+00   9.034035e-19   4.366488e-03   1.580928e-20   3284
  5.883890e+00   9.252066e-19   4.385937e-03   1.713711e-20   3168
  5.897000e+00   9.237426e-19   3.618712e-03   1.800831e-20   2616
  5.910782e+00   1.172547e-18   3.496570e-03   5.064406e-20   3222
  5.924188e+00   9.345360e-19   3.923260e-03   1.610417e-20   3240
  5.937171e+00   9.383644e-19   3.969009e-03   1.993534e-20   2568
  5.951932e+00   9.407384e-19   3.641761e-03   1.805491e-20   3120
  5.964273e+00   9.411049e-19   4.003580e-03   1.756639e-20   3168
  5.977546e+00   8.769824e-19   3.504830e-03   1.705556e-20   3240
  5.992066e+00   8.684755e-19   3.595869e-03   1.556688e-20   3144
  6.006172e+00   8.474172e-19   3.427490e-03   1.581661e-20   2856
  6.019505e+00   8.683261e-19   3.660696e-03   1.517883e-20   3264
  6.034592e+00   1.701066e-18   4.044906e-03   3.097071e-19   3318
  6.046466e+00   9.226789e-19   2.832824e-03   2.045577e-20   2556
  6.060617e+00   8.536896e-19   4.838986e-03   1.405483e-20   4008
  6.074943e+00   8.787721e-19   3.572017e-03   1.741399e-20   2904
  6.087200e+00   8.343150e-19   3.652513e-03   1.484563e-20   3144
  6.101153e+00   8.172931e-19   3.807781e-03   1.536132e-20   3200
  6.115592e+00   8.198146e-19   3.755394e-03   1.466835e-20   3312
  6.128536e+00   8.578617e-19   3.026680e-03   1.672432e-20   2832
  6.142988e+00   8.286060e-19   4.355583e-03   1.360421e-20   3984
  6.156407e+00   1.162338e-18   3.540883e-03   6.199258e-20   2238
  6.168657e+00   9.278827e-19   4.167010e-03   2.034754e-20   3984
  6.183855e+00   8.138150e-19   3.959901e-03   1.478934e-20   3384
  6.196482e+00   8.770665e-19   3.701438e-03   1.695971e-20   3048
  6.209665e+00   7.879672e-19   3.398642e-03   1.483589e-20   3096
  6.223435e+00   8.367063e-19   3.852259e-03   1.375176e-20   3708
  6.237127e+00   7.832815e-19   3.651419e-03   1.566949e-20   2784
  6.249844e+00   8.432556e-19   3.792698e-03   1.479174e-20   3648
  6.264291e+00   8.026406e-19   3.903504e-03   1.400155e-20   3888
  6.279665e+00   1.019196e-18   4.167105e-03   9.202660e-20   2958
  6.291144e+00   9.472419e-19   3.557011e-03   2.702070e-20   3264
  6.304977e+00   8.450508e-19   3.926839e-03   1.579333e-20   3160
  6.318045e+00   7.586685e-19   3.558843e-03   1.303829e-20   3736
  6.330431e+00   7.815220e-19   3.242939e-03   1.508340e-20   3216
  6.345038e+00   7.889772e-19   3.974048e-03   1.292481e-20   4032
  6.360272e+00   7.742855e-19   3.628234e-03   1.307539e-20   3528
  6.373262e+00   7.856850e-19   3.202694e-03   1.420857e-20   3192
  6.386247e+00   7.493334e-19   3.507520e-03   1.340959e-20   3456
  6.400334e+00   7.547697e-19   3.636928e-03   1.423702e-20   3060
  6.414454e+00   9.589048e-19   4.324726e-03   3.329513e-20   4518
  6.428212e+00   7.717515e-19   3.852771e-03   1.348775e-20   3528
  6.440859e+00   7.785997e-19   3.235655e-03   1.547667e-20   3024
  6.454342e+00   7.243527e-19   4.380947e-03   1.242673e-20   3672
  6.468077e+00   7.448878e-19   3.760183e-03   1.300822e-20   3864
  6.483327e+00   7.244110e-19   3.985743e-03   1.207643e-20   3816
  6.495798e+00   7.252946e-19   3.626145e-03   1.270070e-20   3456
  6.507756e+00   7.366638e-19   3.282483e-03   1.442465e-20   2688
  6.521843e+00   7.290546e-19   3.894603e-03   1.146149e-20   4248
  6.535809e+00   1.289263e-18   3.730284e-03   2.185952e-19   3926
  6.549837e+00   7.387876e-19   3.938539e-03   1.474223e-20   3504
  6.563389e+00   7.402781e-19   3.521113e-03   1.209419e-20   3960
  6.578351e+00   7.050881e-19   3.963952e-03   1.212149e-20   3684
  6.591183e+00   6.825932e-19   3.963687e-03   1.146093e-20   4104
  6.604012e+00   7.187308e-19   3.759338e-03   1.307968e-20   3144
  6.617793e+00   6.944402e-19   4.117770e-03   1.115877e-20   4224
  6.632945e+00   6.815299e-19   3.654879e-03   1.097656e-20   4008
  6.645891e+00   7.016406e-19   4.020945e-03   1.222369e-20   3312
  6.659221e+00   8.256202e-19   3.999289e-03   2.866827e-20   3726
  6.673398e+00   7.253513e-19   4.107760e-03   1.314915e-20   3936
  6.685987e+00   7.168907e-19   4.234293e-03   1.266895e-20   3888
  6.699051e+00   6.915223e-19   4.003929e-03   1.160509e-20   3864
  6.712643e+00   6.746326e-19   4.256514e-03   1.153326e-20   3888
  6.726643e+00   6.451937e-19   4.014548e-03   1.078653e-20   4080
  6.740465e+00   6.773043e-19   4.260657e-03   1.202484e-20   3400
  6.754567e+00   6.674460e-19   3.907452e-03   1.033945e-20   4588
  6.768825e+00   6.697651e-19   3.867571e-03   1.142769e-20   3816
  6.781286e+00   8.363210e-19   3.664848e-03   6.597442e-20   3534
  6.794478e+00   7.900181e-19   3.619891e-03   1.928362e-20   4080
  6.808278e+00   6.899549e-19   3.783811e-03   1.107896e-20   4248
  6.822137e+00   6.750731e-19   3.812932e-03   1.254653e-20   3528
  6.834925e+00   6.838393e-19   3.898202e-03   1.107137e-20   4248
  6.847851e+00   6.483574e-19   3.812833e-03   1.117823e-20   3696
  6.862246e+00   6.601597e-19   3.956350e-03   1.015737e-20   4560
  6.875897e+00   6.525983e-19   3.705786e-03   1.089490e-20   3864
  6.889918e+00   6.306506e-19   4.035033e-03   9.883483e-21   4440
  6.903205e+00   6.327212e-19   3.764781e-03   1.201152e-20   3432
  6.917168e+00   7.732076e-19   3.691446e-03   2.409733e-20   4470
  6.930903e+00   6.535057e-19   3.280469e-03   1.062961e-20   4188
  6.944404e+00   6.449155e-19   4.202742e-03   1.005059e-20   4392
  6.957812e+00   6.607272e-19   3.251220e-03   1.172369e-20   3960
  6.971756e+00   6.498744e-19   3.672933e-03   1.052692e-20   4328
  6.985263e+00   6.268392e-19   3.822434e-03   1.014197e-20   4320
  6.998915e+00   6.283245e-19   3.997076e-03   9.857701e-21   4152
  7.011574e+00   6.760341e-19   3.343614e-03   1.226690e-20   3528
  7.025890e+00   6.134667e-19   3.618951e-03   9.299527e-21   4512
  7.039283e+00   8.983994e-19   3.699459e-03   1.058193e-19   4134
  7.052888e+00   6.560356e-19   3.941164e-03   9.697914e-21   5208
  7.065972e+00   6.402777e-19   3.433716e-03   1.166019e-20   3240
  7.079508e+00   6.655801e-19   3.787232e-03   1.044098e-20   4680
  7.093285e+00   6.182135e-19   3.749666e-03   1.010311e-20   4440
  7.107078e+00   5.836751e-19   4.248981e-03   9.463126e-21   4260
  7.120308e+00   6.038638e-19   3.468882e-03   1.024108e-20   4056
  7.133932e+00   5.979148e-19   3.845862e-03   9.088632e-21   4704
  7.148231e+00   6.279027e-19   4.475317e-03   9.736819e-21   4800
  7.163348e+00   6.736675e-19   3.877518e-03   1.976114e-20   4806
  7.176410e+00   6.836476e-19   3.865268e-03   1.302730e-20   3552
  7.188851e+00   5.939374e-19   3.875633e-03   1.032669e-20   4304
  7.202898e+00   6.030954e-19   3.758487e-03   8.857247e-21   5280
  7.216787e+00   5.973693e-19   3.605632e-03   9.449215e-21   4320
  7.229935e+00   5.887543e-19   4.071704e-03   9.525086e-21   4296
  7.243800e+00   6.051785e-19   4.526721e-03   9.050987e-21   4608
  7.257822e+00   6.007840e-19   4.336841e-03   9.083574e-21   4824
  7.271703e+00   5.809960e-19   4.094286e-03   9.207867e-21   4488
  7.286600e+00   6.827147e-19   3.822456e-03   2.598772e-20   4530
  7.298900e+00   6.025128e-19   3.732313e-03   1.065916e-20   4464
  7.311208e+00   6.003566e-19   3.517428e-03   9.777330e-21   4104
  7.325339e+00   5.701894e-19   3.792522e-03   8.146792e-21   5424
  7.339239e+00   5.853058e-19   4.082418e-03   9.153408e-21   4392
  7.353384e+00   5.985706e-19   3.996852e-03   9.270491e-21   4896
  7.366230e+00   5.751180e-19   3.917732e-03   9.436236e-21   4104
  7.379634e+00   6.029452e-19   3.532761e-03   9.554463e-21   4824
  7.393776e+00   5.551475e-19   3.376492e-03   8.736157e-21   4680
  7.406096e+00   5.556132e-19   3.453413e-03   8.813462e-21   4328
  7.420397e+00   6.157460e-19   3.980891e-03   1.201494e-20   5118
  7.434767e+00   5.868888e-19   4.612116e-03   8.878116e-21   5304
  7.447735e+00   6.036745e-19   3.631827e-03   9.765801e-21   4392
  7.461864e+00   5.781941e-19   3.645220e-03   9.110593e-21   4476
  7.474220e+00   5.522739e-19   3.620136e-03   8.565908e-21   4704
  7.487968e+00   5.655770e-19   4.381742e-03   8.116663e-21   5208
  7.502418e+00   5.400342e-19   3.694542e-03   8.274261e-21   5304
  7.515732e+00   5.605464e-19   3.957369e-03   8.932352e-21   4296
  7.529385e+00   5.728140e-19   3.752608e-03   8.809348e-21   4752
  7.543730e+00   6.057543e-19   3.767007e-03   2.739856e-20   4950
  7.556622e+00   5.611893e-19   3.937534e-03   8.588595e-21   5064
  7.569518e+00   5.619125e-19   3.299143e-03   8.848352e-21   4872
  7.582558e+00   5.493029e-19   3.473093e-03   9.674289e-21   4224
  7.596482e+00   5.578965e-19   3.836467e-03   7.850222e-21   6120
  7.611299e+00   5.302523e-19   4.220602e-03   7.989332e-21   4968
  7.624740e+00   5.575325e-19   3.734866e-03   8.865977e-21   4424
  7.638645e+00   5.576400e-19   4.770498e-03   8.474275e-21   5436
  7.652381e+00   5.343770e-19   4.067269e-03   8.258818e-21   4896
  7.665661e+00   5.271188e-19   3.893965e-03   8.422734e-21   5214
  7.678461e+00   5.610086e-19   3.310074e-03   8.917069e-21   4656
  7.692685e+00   5.616164e-19   4.208491e-03   8.648541e-21   5448
  7.706276e+00   5.460909e-19   3.554381e-03   8.749370e-21   4992
  7.719584e+00   5.543237e-19   3.933714e-03   8.673398e-21   5400
  7.734212e+00   5.535737e-19   4.359773e-03   8.088386e-21   5328
  7.747690e+00   5.201265e-19   3.898436e-03   7.999763e-21   4776
  7.760371e+00   5.268777e-19   3.663227e-03   7.977395e-21   4800
  7.774459e+00   5.309788e-19   4.710721e-03   7.085553e-21   6552
  7.789199e+00   5.642712e-19   3.558885e-03   1.277918e-20   3942
  7.801972e+00   5.212337e-19   4.485571e-03   7.504166e-21   6072
  7.816115e+00   5.441814e-19   3.483659e-03   9.286030e-21   4692
  7.827973e+00   5.412240e-19   3.636885e-03   8.175499e-21   4944
  7.841863e+00   5.245592e-19   3.903498e-03   7.240565e-21   5840
  7.856124e+00   5.128265e-19   4.178533e-03   7.883731e-21   5712
  7.870165e+00   5.148864e-19   3.501880e-03   8.230201e-21   4800
  7.882974e+00   5.171454e-19   4.637724e-03   7.770347e-21   5688
  7.897004e+00   5.165443e-19   3.659067e-03   8.066169e-21   4848
  7.910908e+00   4.224009e-19   4.072759e-03   7.315185e-21   5406
  7.924104e+00   5.917410e-21   3.676325e-03   9.194605e-22   5568
  7.937355e+00   2.758144e-22   3.304770e-03   2.476151e-23   5736
  7.951674e+00   1.583521e-22   4.104312e-03   1.696928e-23   5280
  7.964668e+00   6.215335e-23   3.794736e-03   5.634674e-24   5592
  7.978044e+00   5.540035e-23   4.343968e-03   4.117796e-24   4968
  7.992185e+00   3.467510e-23   3.894947e-03   2.229664e-24   5964
  8.005981e+00   2.509695e-23   3.913047e-03   1.562242e-24   5376
  8.018517e+00   2.774843e-23   3.778288e-03   1.549790e-24   5472
  8.033050e+00   2.170158e-23   3.588288e-03   1.490834e-24   5472
  8.046339e+00   7.954635e-22   4.079766e-03   1.112623e-22   5415
  8.059218e+00   1.784631e-22   3.588648e-03   2.672549e-23   5096
  8.073151e+00   9.164529e-23   4.614911e-03   1.033072e-23   6372
  8.087246e+00   5.456285e-23   3.746176e-03   5.436706e-24   4656
  8.099878e+00   2.874391e-23   4.089625e-03   2.949311e-24   5844
  8.113469e+00   2.161932e-23   3.595730e-03   1.857134e-24   5508
  8.127874e+00   1.875860e-23   4.079049e-03   1.257114e-24   6324
  8.142009e+00   2.000568e-23   3.503908e-03   1.553447e-24   4752
  8.154927e+00   1.591620e-23   3.922916e-03   9.076382e-25   5676
  8.168912e+00   1.379431e-23   3.588715e-03   9.158208e-25   5472
  8.182185e+00   1.150301e-23   4.047970e-03   6.108992e-25   5556
  8.196444e+00   1.055164e-23   3.944669e-03   4.270020e-25   5436
  8.210207e+00   8.798561e-24   4.037644e-03   3.015150e-25   5916
  8.224340e+00   8.039060e-24   4.200926e-03   2.897119e-25   5520
  8.237065e+00   9.055818e-24   3.820545e-03   3.414077e-25   5280
  8.250104e+00   8.632344e-24   3.754028e-03   3.867357e-25   4416
  8.264815e+00   7.586015e-24   3.659260e-03   2.490582e-25   6260
  8.278635e+00   7.643242e-24   4.351307e-03   2.629684e-25   5940
  8.291152e+00   6.678519e-24   3.407784e-03   2.553762e-25   4188
  8.304933e+00   6.246835e-24   4.357141e-03   1.747574e-25   6360
  8.319422e+00   6.135340e-24   3.886387e-03   1.795855e-25   5256
  8.332880e+00   5.901645e-24   3.673916e-03   1.689100e-25   4848
  8.344411e+00   5.558353e-24   3.330596e-03   2.086702e-25   4704
  8.358606e+00   5.528991e-24   4.085775e-03   1.581845e-25   5784
  8.373047e+00   4.821342e-24   4.323222e-03   1.343973e-25   5820
  8.386987e+00   5.209590e-24   3.872681e-03   1.593290e-25   5700
  8.401010e+00   5.478666e-24   3.591376e-03   1.815169e-25   5232
  8.415051e+00   4.315701e-24   3.984940e-03   1.223501e-25   4932
  8.427489e+00   4.989349e-24   3.429992e-03   1.496964e-25   4716
  8.440557e+00   4.581307e-24   4.369071e-03   1.153465e-25   5616
  8.454004e+00   4.231452e-24   3.858530e-03   1.126024e-25   5184
  8.467873e+00   4.199111e-24   3.892310e-03   1.101858e-25   5064
  8.480954e+00   4.141109e-24   3.985538e-03   1.109171e-25   5544
  8.495461e+00   3.932572e-24   4.000807e-03   9.697302e-26   5192
  8.508660e+00   3.931772e-24   3.595349e-03   1.016342e-25   5244
  8.522539e+00   3.883245e-24   3.890208e-03   1.062130e-25   5112
  8.536336e+00   3.530452e-24   3.570029e-03   8.689302e-26   5040
  8.548997e+00   3.347009e-24   3.753229e-03   8.502425e-26   5124
  8.563784e+00   3.624695e-24   4.213504e-03   8.553604e-26   5952
  8.577433e+00   3.265159e-24   3.691886e-03   8.459857e-26   4824
  8.589806e+00   3.457034e-24   3.726497e-03   1.119961e-25   4536
  8.604129e+00   3.204567e-24   3.960926e-03   7.286276e-26   5712
  8.618841e+00   3.309159e-24   4.334333e-03   7.671000e-26   5352
  8.632715e+00   2.963679e-24   3.775364e-03   7.610850e-26   5004
  8.645110e+00   2.907557e-24   3.776392e-03   7.313555e-26   4800
  8.658430e+00   3.055445e-24   4.058247e-03   7.849407e-26   5148
  8.673187e+00   3.061354e-24   4.215016e-03   6.956588e-26   5664
  8.686522e+00   2.930013e-24   3.785694e-03   7.213909e-26   4692
  8.698842e+00   2.853501e-24   3.516957e-03   7.841687e-26   4008
  8.713211e+00   2.676056e-24   4.031193e-03   5.873064e-26   5852
  8.727819e+00   2.745685e-24   3.817164e-03   6.141397e-26   5784
  8.740793e+00   2.499059e-24   3.518761e-03   6.258807e-26   4392
  8.754148e+00   2.573116e-24   3.451568e-03   6.259387e-26   4944
  8.768168e+00   2.617845e-24   4.069341e-03   6.053669e-26   4776
  8.781390e+00   2.551823e-24   3.914928e-03   6.181079e-26   5244
  8.795740e+00   2.432590e-24   3.908022e-03   5.841971e-26   4884
  8.807779e+00   2.215762e-24   3.314306e-03   5.126231e-26   4488
  8.821780e+00   2.151838e-24   3.938271e-03   4.606077e-26   5160
  8.835879e+00   2.414773e-24   4.009709e-03   5.440581e-26   5316
  8.849460e+00   1.923794e-24   4.054096e-03   3.907014e-26   4896
  8.862698e+00   2.313310e-24   3.766964e-03   5.494029e-26   4188
  8.876040e+00   2.178219e-24   4.108738e-03   5.563161e-26   4836
  8.889663e+00   2.280479e-24   4.075904e-03   5.086236e-26   5316
  8.903463e+00   1.926962e-24   3.772744e-03   4.126547e-26   4920
  8.916368e+00   2.128663e-24   3.800756e-03   4.997267e-26   4128
  8.930215e+00   1.906282e-24   4.088729e-03   3.771762e-26   5348
  8.943842e+00   2.015913e-24   3.547787e-03   4.547800e-26   4836
  8.956853e+00   2.010086e-24   3.822856e-03   4.722209e-26   4392
  8.970868e+00   1.888649e-24   3.358691e-03   3.969813e-26   4632
  8.983486e+00   1.877090e-24   3.752803e-03   4.490269e-26   4596
  8.997977e+00   1.938176e-24   3.773963e-03   4.132199e-26   5424
  9.012312e+00   1.716131e-24   3.884614e-03   3.555932e-26   5256
  9.027082e+00   1.702773e-24   3.945289e-03   3.484944e-26   4524
  9.039381e+00   1.666997e-24   3.752749e-03   3.625048e-26   4440
  9.053157e+00   1.790732e-24   3.209082e-03   4.188571e-26   4380
  9.066638e+00   1.673334e-24   4.199636e-03   3.401502e-26   4812
  9.080988e+00   1.667813e-24   4.171231e-03   3.581223e-26   5376
  9.094107e+00   1.481146e-24   3.331699e-03   3.219654e-26   3888
  9.106679e+00   1.630656e-24   3.815180e-03   3.449788e-26   4896
  9.120705e+00   1.623808e-24   4.025639e-03   3.387626e-26   4608
  9.135432e+00   1.536201e-24   3.799955e-03   3.168788e-26   4448
  9.148250e+00   1.465614e-24   3.922592e-03   3.129315e-26   4752
  9.161757e+00   1.543927e-24   4.108670e-03   3.538137e-26   4356
  9.175960e+00   1.415593e-24   3.953830e-03   2.737881e-26   5232
  9.190083e+00   1.445020e-24   3.984470e-03   3.265606e-26   4548
  9.203776e+00   1.437060e-24   3.873408e-03   3.045692e-26   4608
  9.217142e+00   1.443232e-24   3.518679e-03   3.391728e-26   3936
  9.229761e+00   1.325253e-24   4.205845e-03   2.972561e-26   4260
  9.243941e+00   1.307125e-24   3.770601e-03   2.559315e-26   5004
  9.256906e+00   1.385118e-24   3.725991e-03   2.943423e-26   4224
  9.271122e+00   1.241679e-24   4.025551e-03   2.396029e-26   4788
  9.284930e+00   1.298785e-24   4.233557e-03   2.716857e-26   4428
  9.298384e+00   1.198673e-24   3.537707e-03   2.691102e-26   4080
  9.311336e+00   1.200040e-24   3.868160e-03   2.647629e-26   4632
  9.324972e+00   1.200980e-24   4.022591e-03   2.464563e-26   4056
  9.339306e+00   1.166345e-24   3.787339e-03   2.392308e-26   4536
  9.352403e+00   1.244207e-24   3.862837e-03   2.445698e-26   4668
  9.366745e+00   1.124102e-24   4.140272e-03   2.393555e-26   4604
  9.380714e+00   1.133305e-24   3.720074e-03   2.552630e-26   4152
  9.393605e+00   1.067748e-24   3.605343e-03   2.256183e-26   4224
  9.407270e+00   1.063363e-24   3.466268e-03   2.249295e-26   4152
  9.420923e+00   1.032851e-24   3.931888e-03   2.178107e-26   4224
  9.434196e+00   9.358023e-25   3.636203e-03   1.892117e-26   3960
  9.446982e+00   1.055441e-24   3.752332e-03   2.083029e-26   4656
  9.460948e+00   1.042007e-24   4.048690e-03   2.251973e-26   4452
  9.475269e+00   9.972051e-25   4.116161e-03   2.032728e-26   4056
  9.488596e+00   9.455290e-25   4.078615e-03   2.006717e-26   4212
  9.502096e+00   1.047925e-24   3.389500e-03   2.544092e-26   3432
  9.515777e+00   9.075942e-25   4.336159e-03   1.675218e-26   5352
  9.529148e+00   8.649536e-25   3.175719e-03   1.859074e-26   3600
  9.543704e+00   8.773089e-25   3.502875e-03   1.839569e-26   4584
  9.556413e+00   9.235312e-25   3.492560e-03   2.079119e-26   3768
  9.569504e+00   9.009880e-25   3.728359e-03   2.070462e-26   3848
  9.582571e+00   8.546347e-25   3.418481e-03   1.974149e-26   3720
  9.597389e+00   8.083572e-25   4.290699e-03   1.665250e-26   4764
  9.610471e+00   8.114621e-25   3.455204e-03   1.677187e-26   3864
  9.623905e+00   7.854438e-25   4.279686e-03   1.634194e-26   4332
  9.638558e+00   8.295016e-25   3.653823e-03   1.938619e-26   3792
  9.651651e+00   8.354614e-25   4.144519e-03   1.835370e-26   4284
  9.665527e+00   7.783909e-25   3.924401e-03   1.795168e-26   3840
  9.678659e+00   7.606070e-25   3.735517e-03   1.953083e-26   3480
  9.691996e+00   7.144312e-25   4.168119e-03   1.455634e-26   4380
  9.706412e+00   8.084877e-25   3.915217e-03   1.700985e-26   4200
  9.720578e+00   6.682270e-25   3.763239e-03   1.310397e-26   4056
  9.733733e+00   6.230398e-25   3.782207e-03   1.321927e-26   3600
  9.746058e+00   7.082136e-25   3.768375e-03   1.710814e-26   3492
  9.760459e+00   7.095831e-25   4.400611e-03   1.533072e-26   4500
  9.775152e+00   6.675693e-25   3.855530e-03   1.534789e-26   3516
  9.787780e+00   6.239674e-25   4.030599e-03   1.301347e-26   3968
  9.801933e+00   5.890099e-25   3.873755e-03   1.325653e-26   3648
  9.814461e+00   6.289525e-25   3.704379e-03   1.299830e-26   4224
  9.828664e+00   5.905171e-25   4.157831e-03   1.343937e-26   3588
  9.841991e+00   6.176839e-25   3.835114e-03   1.415352e-26   3456
  9.855400e+00   6.096306e-25   3.406055e-03   1.438608e-26   3660
  9.869258e+00   5.693577e-25   3.738544e-03   1.249169e-26   3768
  9.882173e+00   5.943718e-25   3.780772e-03   1.325254e-26   3744
  9.896044e+00   5.341991e-25   4.150018e-03   1.224733e-26   4176
  9.910801e+00   5.887635e-25   3.827936e-03   1.367247e-26   3612
  9.922997e+00   5.248479e-25   4.159911e-03   1.206778e-26   3216
  9.936956e+00   5.321421e-25   4.021925e-03   1.305811e-26   3624
  9.950989e+00   5.074358e-25   3.781932e-03   1.164914e-26   3744
  9.964551e+00   4.874317e-25   4.035291e-03   1.186561e-26   3672
  9.977933e+00   4.717358e-25   3.659310e-03   1.058374e-26   3852
  9.991750e+00   4.754061e-25   3.766272e-03   1.141195e-26   3672
  1.000645e+01   4.873253e-25   3.669608e-03   1.219192e-26   3248
  1.001872e+01   4.434865e-25   3.756103e-03   1.096898e-26   3336
  1.003212e+01   4.338822e-25   3.823377e-03   1.128561e-26   3576
  1.004582e+01   4.209084e-25   3.245703e-03   9.840231e-27   3336
  1.005978e+01   4.585670e-25   3.855326e-03   1.012410e-26   3936
  1.007355e+01   4.358194e-25   4.106031e-03   1.121226e-26   3408
  1.008721e+01   4.462371e-25   3.617479e-03   1.089993e-26   3336
  1.010048e+01   3.402884e-25   4.063257e-03   7.969301e-27   3312
  1.011375e+01   3.724276e-25   4.114093e-03   8.618628e-27   3432
  1.012788e+01   4.028991e-25   3.566754e-03   9.960462e-27   3144
  1.014078e+01   3.773963e-25   3.872067e-03   8.919052e-27   3456
  1.015528e+01   3.566334e-25   3.721500e-03   8.812344e-27   3792
  1.016839e+01   3.176006e-25   3.655557e-03   8.852938e-27   2868
  1.018255e+01   3.466946e-25   3.787143e-03   8.501935e-27   3888
  1.019578e+01   3.219903e-25   3.288419e-03   8.628225e-27   2784
  1.020881e+01   3.462028e-25   3.755468e-03   1.005770e-26   2964
  1.022304e+01   3.243746e-25   3.867395e-03   8.311497e-27   3432
  1.023659e+01   2.989816e-25   4.003143e-03   7.451950e-27   3416
  1.025029e+01   3.442262e-25   4.279009e-03   9.293435e-27   3528
  1.026432e+01   2.877497e-25   3.434210e-03   7.779100e-27   2904
  1.027673e+01   2.865512e-25   3.850756e-03   7.421037e-27   3072
  1.029117e+01   2.964104e-25   4.324841e-03   8.407585e-27   3216
  1.030559e+01   2.898991e-25   3.502662e-03   8.019753e-27   2844
  1.031826e+01   2.626701e-25   4.008153e-03   6.746263e-27   3432
  1.033126e+01   2.527581e-25   3.221608e-03   7.088016e-27   2880
  1.034579e+01   2.625162e-25   4.267481e-03   6.512461e-27   3576
  1.035947e+01   2.245769e-25   3.814530e-03   6.117897e-27   2700
  1.037258e+01   2.326825e-25   4.284663e-03   6.202353e-27   3000
  1.038630e+01   2.078171e-25   3.557547e-03   6.743801e-27   2556
  1.039962e+01   2.124923e-25   3.812983e-03   5.463455e-27   3360
  1.041340e+01   2.186647e-25   3.704919e-03   5.767953e-27   3120
  1.042824e+01   2.206849e-25   4.361864e-03   5.922862e-27   3216
  1.044102e+01   2.223959e-25   3.076304e-03   6.903410e-27   2628
  1.045538e+01   1.893014e-25   4.066431e-03   5.596692e-27   3200
  1.046849e+01   1.966711e-25   3.836286e-03   6.853217e-27   2232
  1.048172e+01   1.656521e-25   4.379000e-03   4.966534e-27   3108
  1.049489e+01   2.018043e-25   3.846700e-03   5.717374e-27   2604
  1.050838e+01   1.934819e-25   4.143983e-03   5.734790e-27   3096
  1.052321e+01   1.688991e-25   3.775712e-03   5.138596e-27   3084
  1.053608e+01   1.472538e-25   3.853056e-03   4.977415e-27   2664
  1.054934e+01   1.612018e-25   3.397791e-03   5.340870e-27   2232
  1.056233e+01   1.226839e-25   4.185566e-03   4.355137e-27   2808
  1.057656e+01   1.517300e-25   3.953914e-03   4.695790e-27   2592
  1.058985e+01   1.528687e-25   4.059168e-03   4.570959e-27   2952
  1.060381e+01   1.255268e-25   3.832353e-03   4.479038e-27   2772
  1.061738e+01   1.338980e-25   4.121455e-03   4.863612e-27   3036
  1.063158e+01   1.207983e-25   3.997831e-03   4.577225e-27   2136
  1.064453e+01   1.146138e-25   3.188280e-03   4.298885e-27   2496
  1.065782e+01   1.164895e-25   4.246551e-03   4.146237e-27   2228
  1.067168e+01   1.038688e-25   3.959147e-03   3.172404e-27   3048
  1.068548e+01   1.103180e-25   3.781893e-03   4.199676e-27   2676
  1.069919e+01   9.845789e-26   3.767600e-03   3.225502e-27   2784
  1.071230e+01   1.016319e-25   3.660231e-03   4.187492e-27   1920
  1.072544e+01   6.817360e-26   3.906352e-03   2.471358e-27   2400
  1.073968e+01   8.532149e-26   3.582931e-03   3.478796e-27   2532
  1.075441e+01   7.867565e-26   3.979779e-03   3.069116e-27   2544
  1.076766e+01   8.400487e-26   4.163389e-03   2.746638e-27   2772
  1.078071e+01   7.325688e-26   3.899689e-03   3.189901e-27   2160
  1.079368e+01   6.991765e-26   4.200336e-03   2.711331e-27   2304
  1.080867e+01   6.568358e-26   4.110246e-03   2.850665e-27   2328
  1.082212e+01   5.282964e-26   3.940858e-03   2.516973e-27   2304
  1.083458e+01   6.152235e-26   3.726627e-03   2.917409e-27   1908
  1.084874e+01   6.195883e-26   4.167993e-03   2.207130e-27   2736
  1.086239e+01   5.174745e-26   3.949170e-03   1.879308e-27   2448
  1.087690e+01   5.431143e-26   3.692261e-03   2.342118e-27   2040
  1.089004e+01   3.446741e-26   3.844396e-03   1.574717e-27   2120
  1.090267e+01   3.509330e-26   3.187394e-03   1.618584e-27   2040
  1.091626e+01   3.268099e-26   3.954536e-03   1.657763e-27   2208
  1.093164e+01   3.606945e-26   3.550574e-03   1.516951e-27   2208
  1.094410e+01   4.188787e-26   3.934714e-03   1.680101e-27   2196
  1.095698e+01   2.335708e-26   3.461225e-03   1.300725e-27   1848
  1.097008e+01   2.928689e-26   3.925487e-03   1.259324e-27   2124
  1.098474e+01   2.221028e-26   4.117751e-03   1.092442e-27   2328
  1.099905e+01   2.159570e-26   4.192229e-03   1.007966e-27   1920
  1.101296e+01   1.862502e-26   3.848418e-03   1.084817e-27   1548
  1.102533e+01   2.064106e-26   4.221595e-03   9.051787e-28   2388
  1.103993e+01   1.773294e-26   3.906588e-03   7.979373e-28   2160
  1.105330e+01   1.516475e-26   3.555737e-03   8.579579e-28   1704
  1.106610e+01   1.251948e-26   4.005852e-03   7.405610e-28   1776
  1.107822e+01   9.993527e-27   3.746969e-03   5.297161e-28   1800
  1.109354e+01   1.302908e-26   4.325530e-03   6.643666e-28   1700
  1.110784e+01   8.693372e-27   3.894621e-03   4.774340e-28   2292
  1.112117e+01   9.887207e-27   3.615364e-03   5.805041e-28   1704
  1.113374e+01   8.198968e-27   4.042583e-03   4.429392e-28   1728
  1.114751e+01   5.504240e-27   3.741502e-03   3.474210e-28   1728
  1.116101e+01   6.621280e-27   3.737983e-03   3.276127e-28   1680
  1.117537e+01   4.233102e-27   4.306268e-03   3.009258e-28   1704
  1.118967e+01   3.060224e-27   3.381709e-03   2.309580e-28   1752
  1.120245e+01   4.069790e-27   4.020210e-03   2.845494e-28   1872
  1.121629e+01   4.149009e-27   3.940248e-03   2.547431e-28   1500
  1.123032e+01   2.048873e-27   3.450264e-03   1.479844e-28   1656
  1.124395e+01   1.385002e-27   3.699339e-03   7.998663e-29   1464
  1.125606e+01   1.689060e-27   3.240250e-03   1.133307e-28   1488
  1.127092e+01   1.038552e-27   3.910741e-03   5.873834e-29   1680
  1.128450e+01   1.394344e-27   4.085744e-03   8.045536e-29   1692
  1.129720e+01   1.135945e-27   3.912307e-03   6.575098e-29   1128
  1.131130e+01   8.233925e-28   3.767213e-03   4.501556e-29   1536
  1.132506e+01   5.639899e-28   3.926941e-03   3.411308e-29   1616
  1.133898e+01   5.592544e-28   3.786801e-03   2.844026e-29   1476
  1.135302e+01   3.697346e-28   4.167468e-03   2.025969e-29   1176
  1.136555e+01   4.198401e-28   4.477500e-03   2.028662e-29   1656
  1.137919e+01   5.838020e-28   3.933069e-03   7.594618e-29   891
  1.139326e+01   3.556075e-28   4.192686e-03   3.406955e-29   1596
  1.140696e+01   3.323085e-28   3.656134e-03   2.091205e-29   1422
  1.142048e+01   2.812566e-28   3.505987e-03   1.350042e-29   1254
  1.143319e+01   1.906077e-28   3.581765e-03   1.046665e-29   918
  1.144682e+01   2.485216e-28   3.920026e-03   1.057772e-29   1614
  1.146054e+01   2.242329e-28   3.386171e-03   1.363770e-29   798
  1.147418e+01   2.038775e-28   4.340669e-03   9.705240e-30   1458
  1.148802e+01   1.985387e-28   3.974605e-03   7.569905e-30   1374
  1.150169e+01   1.605852e-28   3.394577e-03   7.871903e-30   984
  1.151525e+01   1.925759e-28   4.670468e-03   1.370584e-29   1062
  1.152907e+01   1.973206e-28   3.959103e-03   7.449232e-30   1246
  1.154249e+01   1.184752e-28   3.671067e-03   4.821820e-30   1072
  1.155682e+01   1.165437e-28   3.975530e-03   5.397788e-30   1110
  1.157007e+01   1.412546e-28   4.306909e-03   5.509265e-30   1254
  1.158399e+01   1.238990e-28   4.087484e-03   5.878831e-30   1032
  1.159916e+01   1.290029e-28   3.787024e-03   7.299721e-30   786
  1.161070e+01   1.245664e-28   3.882517e-03   4.468235e-30   1152
  1.162421e+01   1.142313e-28   4.231557e-03   4.712984e-30   1086
  1.163828e+01   8.669840e-29   3.817809e-03   3.563397e-30   912
  1.165129e+01   1.358044e-28   3.826999e-03   5.726705e-30   1062
  1.166457e+01   1.047818e-28   3.814594e-03   4.465953e-30   912
  1.167991e+01   9.539260e-29   4.258338e-03   4.197263e-30   750
  1.169187e+01   1.072763e-28   4.102940e-03   3.673347e-30   1200
  1.170571e+01   9.311147e-29   3.715535e-03   3.970781e-30   918
  1.171947e+01   8.188785e-29   3.856601e-03   3.302703e-30   876
  1.173345e+01   1.078967e-28   3.369895e-03   4.966327e-30   870
  1.174569e+01   8.554468e-29   3.930446e-03   3.493612e-30   768
  1.176004e+01   6.549194e-29   3.602462e-03   2.688560e-30   830
  1.177333e+01   8.075227e-29   3.729870e-03   2.635397e-30   1080
  1.178709e+01   8.590471e-29   4.196592e-03   3.512498e-30   840
  1.180097e+01   8.336798e-29   4.040856e-03   3.555155e-30   798
  1.181670e+01   8.539212e-29   3.207290e-03   3.468115e-30   792
  1.182890e+01   8.359224e-29   3.740740e-03   6.542089e-30   726
  1.184171e+01   6.275852e-29   4.191707e-03   2.535536e-30   864
  1.185573e+01   6.935386e-29   3.588004e-03   2.891425e-30   900
  1.186995e+01   6.725838e-29   3.987579e-03   3.046745e-30   726
  1.188214e+01   6.728864e-29   3.451076e-03   3.479666e-30   576
  1.189842e+01   6.920427e-29   3.591459e-03   2.605279e-30   840
  1.190986e+01   6.071548e-29   3.728159e-03   2.579832e-30   750
  1.192343e+01   5.341838e-29   3.739480e-03   2.156296e-30   720
  1.193622e+01   5.940068e-29   3.783051e-03   2.889766e-30   702
  1.195116e+01   5.983225e-29   4.131600e-03   2.352737e-30   696
  1.196345e+01   6.370926e-29   3.694940e-03   3.043365e-30   480
  1.197794e+01   5.459802e-29   3.501108e-03   2.325335e-30   830
  1.199077e+01   6.142910e-29   4.072924e-03   2.453233e-30   756
  1.200515e+01   5.617537e-29   3.910723e-03   2.369558e-30   624
  1.201783e+01   5.147069e-29   4.132228e-03   2.151969e-30   582
  1.203283e+01   5.470127e-29   3.171578e-03   2.498738e-30   576
  1.204580e+01   4.977183e-29   4.247779e-03   1.999298e-30   624
  1.205910e+01   4.589517e-29   3.469160e-03   1.850433e-30   702
  1.207227e+01   4.920711e-29   3.990462e-03   2.340971e-30   624
  1.208791e+01   5.119177e-29   3.860504e-03   2.149123e-30   672
  1.210064e+01   4.187519e-29   2.889949e-03   2.354961e-30   342
  1.211463e+01   4.897633e-29   3.612817e-03   2.175635e-30   660
  1.212750e+01   4.441790e-29   3.713819e-03   2.226656e-30   576
  1.214078e+01   4.299374e-29   3.610581e-03   1.966044e-30   600
  1.215420e+01   4.527610e-29   4.176133e-03   1.941293e-30   510
  1.216931e+01   4.642347e-29   3.912411e-03   1.904443e-30   600
  1.218096e+01   3.983040e-29   3.116086e-03   2.922944e-30   216
  1.219452e+01   4.275103e-29   3.792817e-03   1.546101e-30   758
  1.221033e+01   3.778298e-29   4.152329e-03   2.074557e-30   576
  1.222419e+01   4.685836e-29   3.525214e-03   2.071751e-30   528
  1.223670e+01   4.219289e-29   2.427615e-03   3.651065e-30   318
  1.225013e+01   4.400090e-29   4.193726e-03   2.084978e-30   540
  1.226602e+01   2.820147e-29   2.964901e-03   1.474338e-30   384
  1.227678e+01   3.798159e-29   4.096461e-03   1.580112e-30   576
  1.229079e+01   3.407311e-29   3.347568e-03   1.910449e-30   414
  1.230405e+01   4.549262e-29   3.738140e-03   2.082175e-30   504
  1.231820e+01   3.556426e-29   4.103605e-03   2.036835e-30   312
  1.233179e+01   3.766644e-29   3.717916e-03   1.927828e-30   414
  1.234528e+01   2.821999e-29   3.434758e-03   1.395469e-30   432
  1.235783e+01   3.169755e-29   4.548844e-03   1.695178e-30   504
  1.237236e+01   3.481401e-29   4.381048e-03   1.850239e-30   432
  1.238596e+01   3.590635e-29   3.588736e-03   1.728786e-30   354
  1.239982e+01   3.531656e-29   5.222048e-03   2.982068e-30   200
  1.241170e+01   3.196720e-29   3.705212e-03   1.633096e-30   480
  1.242776e+01   2.980726e-29   4.234016e-03   1.322713e-30   552
  1.244249e+01   3.031439e-29   2.637454e-03   1.750324e-30   366
  1.245384e+01   2.689879e-29   2.807703e-03   2.018263e-30   240
  1.246633e+01   3.679934e-29   3.925282e-03   2.156536e-30   288
  1.248391e+01   2.469029e-29   2.697682e-03   1.441881e-30   366
  1.249528e+01   2.829801e-29   4.373795e-03   1.463624e-30   408
  1.250797e+01   3.505107e-29   3.287965e-03   1.930381e-30   360
  1.252110e+01   2.916407e-29   3.064933e-03   1.669411e-30   324
  1.253383e+01   2.850175e-29   3.619784e-03   2.041997e-30   174
  1.254899e+01   2.913847e-29   4.158623e-03   1.833683e-30   264
  1.256323e+01   2.342706e-29   3.792868e-03   1.056424e-30   456
  1.257742e+01   2.650382e-29   3.813877e-03   1.309733e-30   360
  1.258909e+01   3.018092e-29   4.201352e-03   2.239914e-30   270
  1.260339e+01   2.628497e-29   4.595030e-03   1.739018e-30   240
  1.262129e+01   4.006692e-29   3.348535e-03   4.551621e-30   120
  1.263009e+01   2.293986e-29   3.495757e-03   1.131520e-30   320
  1.264430e+01   2.595253e-29   4.325399e-03   1.096289e-30   462
  1.265918e+01   2.854563e-29   2.516547e-03   1.963806e-30   276
  1.267211e+01   2.404653e-29   2.854984e-03   1.738191e-30   144
  1.268457e+01   2.744682e-29   2.998289e-03   2.124602e-30   120
  1.270112e+01   2.069843e-29   2.270494e-03   1.162260e-30   294
  1.271363e+01   2.294545e-29   4.027978e-03   1.089860e-30   384
  1.272531e+01   2.080452e-29   2.666495e-03   1.238255e-30   216
  1.273648e+01   2.187559e-29   2.476291e-03   1.801513e-30   168
  1.274910e+01   2.717734e-29   2.946391e-03   3.466617e-30   102
  1.276735e+01   2.142024e-29   4.470257e-03   1.757022e-30   168
  1.278014e+01   2.218010e-29   3.912551e-03   1.142166e-30   384
  1.279417e+01   2.371028e-29   3.975249e-03   1.437212e-30   300
  1.280722e+01   3.245433e-29   4.256630e-03   2.622411e-30   144
  1.282194e+01   2.356093e-29   4.359391e-03   2.459996e-30   102
  1.283959e+01   2.617633e-29   1.031965e-03   3.364327e-30   56
  1.284805e+01   1.860551e-29   3.359809e-03   1.304866e-30   288
  1.286132e+01   2.174568e-29   4.372359e-03   1.197791e-30   360
  1.287576e+01   2.456108e-29   2.345472e-03   3.320433e-30   126
  1.288793e+01   2.854973e-29   1.155171e-03   2.781677e-30   72
  1.290120e+01   1.383129e-29   6.120115e-04   1.541728e-30   48
  1.291851e+01   2.078251e-29   2.475877e-03   1.296309e-30   240
  1.292989e+01   1.897470e-29   3.673549e-03   1.003493e-30   306
  1.294153e+01   2.513663e-29   2.041676e-03   2.165515e-30   120
  1.295495e+01   2.612126e-29   5.024838e-03   2.237908e-30   96
  1.296469e+01   1.781318e-29   0.000000e+00   4.018663e-30   24
  1.298660e+01   1.971002e-29   4.351382e-03   1.530262e-30   120
  1.299733e+01   1.996991e-29   3.763148e-03   1.324329e-30   318
  1.301046e+01   1.710700e-29   4.021435e-03   1.374287e-30   168
  1.302485e+01   1.667020e-29   4.315451e-03   2.523310e-30   72
  1.304060e+01   3.398798e-29   0.000000e+00   5.231445e-30   24
  1.305754e+01   1.342929e-29   2.094735e-03   2.962510e-30   14
  1.306560e+01   1.790388e-29   3.303864e-03   1.022394e-30   288
  1.307812e+01   2.113613e-29   3.974728e-03   1.408845e-30   204
  1.309257e+01   1.439620e-29   6.030662e-04   1.658573e-30   48
  1.310402e+01   1.771827e-29   0.000000e+00   2.881266e-30   24
  1.311727e+01   3.349697e-29   0.000000e+00   1.096261e-29   6
  1.313632e+01   1.765255e-29   2.470146e-03   1.225514e-30   216
  1.314613e+01   1.716025e-29   3.289558e-03   1.223328e-30   192
  1.315814e+01   1.912068e-29   6.000610e-04   2.395311e-30   48
  1.317073e+01   2.290509e-29   4.794588e-03   3.640458e-30   30
  1.320635e+01   1.407567e-29   9.914737e-04   8.989123e-31   96
  1.321367e+01   1.816272e-29   3.248800e-03   1.196365e-30   228
  1.322756e+01   2.046216e-29   4.248394e-03   2.127786e-30   72
  1.324426e+01   2.082617e-29   0.000000e+00   5.566758e-30   6
  1.328230e+01   1.687383e-29   3.207767e-03   1.132128e-30   248
  1.329444e+01   1.968694e-29   3.671457e-03   1.856474e-30   72
  1.330909e+01   3.298995e-29   2.034505e-07   1.284738e-29   6
  1.335335e+01   1.403731e-29   2.279484e-03   9.496750e-31   180
  1.336217e+01   1.373776e-29   3.101597e-03   1.838090e-30   72
  1.337477e+01   1.742730e-29   0.000000e+00   9.648428e-31   6
  1.342398e+01   1.687919e-29   9.753997e-04   1.773719e-30   96
  1.342986e+01   1.506326e-29   2.677881e-03   1.406651e-30   96
  1.344132e+01   7.715434e-30   0.000000e+00   1.229036e-30   6
  1.349818e+01   1.699921e-29   2.562939e-03   1.346898e-30   140
  1.350870e+01   1.396710e-29   0.000000e+00   3.369508e-30   6
  1.356964e+01   1.718281e-29   1.721129e-03   2.004939e-30   96
  1.357692e+01   1.084988e-29   0.000000e+00   2.490852e-30   6
  1.364131e+01   1.314305e-29   1.035401e-03   2.248059e-30   60
  1.364594e+01   1.695845e-29   0.000000e+00   7.322160e-30   6
  1.371360e+01   1.857510e-29   1.049683e-03   2.193652e-30   38
  1.378564e+01   1.765267e-29   5.399836e-04   3.844045e-30   18
  1.385781e+01   5.979402e-30   2.034505e-07   1.090105e-30   6
