# power spectrum of zeta (dimensionless)
# redshift z=96.078047
# k              Pk             sigma(k)       sigma(Pk)      count
  1.256637e-01   3.319453e-18   0.000000e+00   1.232193e-18   6
  1.777153e-01   6.521079e-18   0.000000e+00   9.761633e-19   12
  2.176559e-01   1.069367e-17   2.384186e-09   3.468125e-18   8
  2.513274e-01   5.681637e-17   0.000000e+00   1.264678e-17   6
  2.809926e-01   8.515108e-18   4.495664e-09   1.940229e-18   24
  3.078120e-01   1.304464e-17   4.495664e-09   1.871524e-18   24
  3.554306e-01   1.513158e-17   0.000000e+00   3.753976e-18   12
  3.769911e-01   2.013087e-17   5.086263e-09   4.947968e-18   30
  3.973835e-01   1.535558e-17   0.000000e+00   3.313461e-18   24
  4.167794e-01   1.499928e-17   7.786718e-09   3.491991e-18   24
  4.353118e-01   2.497616e-18   4.768372e-09   3.524801e-19   8
  4.530869e-01   1.386804e-17   6.357829e-09   2.826629e-18   24
  4.701905e-01   1.007148e-17   0.000000e+00   1.120863e-18   48
  5.026548e-01   7.789478e-16   0.000000e+00   2.815026e-16   6
  5.181247e-01   1.438445e-17   6.357829e-09   3.268420e-18   48
  5.331460e-01   2.507118e-17   5.994218e-09   3.130272e-18   36
  5.477554e-01   6.668669e-18   6.357829e-09   1.059175e-18   24
  5.619852e-01   2.209892e-17   8.991328e-09   6.625886e-18   24
  5.758634e-01   1.033080e-17   0.000000e+00   1.130876e-18   48
  5.894150e-01   4.050661e-18   8.991328e-09   7.642087e-19   24
  6.156239e-01   4.986019e-18   8.991328e-09   1.666297e-18   24
  6.283185e-01   3.945600e-17   0.000000e+00   1.560683e-17   30
  6.407617e-01   2.211078e-17   0.000000e+00   5.621013e-18   72
  6.529678e-01   4.101958e-17   9.536743e-09   8.067317e-18   32
  6.767198e-01   1.254118e-17   0.000000e+00   2.740281e-18   72
  6.882885e-01   1.835397e-17   0.000000e+00   1.349432e-18   48
  7.108613e-01   1.310810e-18   0.000000e+00   1.270867e-19   12
  7.273110e-01   4.375360e-18   5.427997e-03   4.794736e-19   96
  7.434365e-01   6.514020e-18   8.991328e-09   1.009960e-18   48
  7.539822e-01   2.098154e-16   1.017253e-08   8.254678e-17   30
  7.720780e-01   3.128495e-17   4.442982e-03   4.338283e-18   96
  7.947671e-01   6.251307e-17   0.000000e+00   2.058745e-17   24
  8.078915e-01   1.242903e-17   4.597878e-03   1.681768e-18   144
  8.240320e-01   3.645944e-18   1.557344e-08   8.816675e-19   24
  8.406230e-01   5.788560e-18   4.078565e-03   1.113644e-18   96
  8.522927e-01   1.110618e-17   0.000000e+00   2.059500e-18   48
  8.784818e-01   4.992350e-17   3.024579e-03   2.152209e-17   62
  8.917918e-01   5.075883e-17   4.253298e-03   1.024064e-17   132
  9.061739e-01   3.264296e-18   1.271566e-08   4.935844e-19   24
  9.197543e-01   2.301127e-17   4.251090e-03   3.126468e-18   168
  9.445606e-01   4.718252e-18   4.179554e-03   6.818417e-19   96
  9.631875e-01   8.170889e-18   3.557186e-03   1.176442e-18   96
  9.860433e-01   2.570582e-18   3.964957e-03   3.578514e-19   168
  1.005310e+00   6.291231e-15   0.000000e+00   2.340352e-15   6
  1.013133e+00   4.852729e-17   0.000000e+00   1.436029e-17   96
  1.022438e+00   4.926393e-17   3.081996e-03   9.241841e-18   120
  1.041311e+00   4.410019e-17   3.578749e-03   8.844936e-18   144
  1.051378e+00   1.024456e-18   0.000000e+00   1.280160e-19   48
  1.070509e+00   1.230186e-17   3.651792e-03   2.334704e-18   84
  1.081000e+00   6.840188e-18   2.491750e-08   1.225395e-18   120
  1.090449e+00   1.557223e-18   3.313740e-03   1.674184e-19   80
  1.105074e+00   2.609896e-18   3.364535e-03   4.138543e-19   144
  1.123970e+00   4.658383e-18   1.798266e-08   1.084986e-18   24
  1.133201e+00   9.182105e-17   3.246628e-03   2.436632e-17   150
  1.147601e+00   5.072202e-17   3.368559e-03   1.320252e-17   120
  1.163416e+00   4.358630e-17   3.069733e-03   6.309847e-18   168
  1.178830e+00   7.071021e-19   1.798266e-08   1.178321e-19   24
  1.188528e+00   5.001201e-18   3.307029e-03   6.363094e-19   264
  1.198755e+00   2.109449e-17   1.798266e-08   3.618871e-18   48
  1.216189e+00   4.284695e-18   3.063158e-03   7.208064e-19   144
  1.235512e+00   2.484955e-18   3.015167e-03   4.190042e-19   72
  1.246540e+00   2.601271e-18   3.101478e-03   3.434936e-19   180
  1.261955e+00   1.711602e-16   2.247234e-03   6.216228e-17   198
  1.269141e+00   1.519900e-16   0.000000e+00   2.920180e-17   48
  1.285036e+00   7.374310e-17   3.041694e-03   1.426047e-17   168
  1.296831e+00   2.313468e-18   3.044222e-03   2.357639e-19   144
  1.314676e+00   1.482713e-17   4.277300e-03   2.327604e-18   248
  1.338772e+00   3.872807e-18   2.948852e-03   6.328983e-19   192
  1.355181e+00   3.348928e-18   4.554933e-03   4.660783e-19   240
  1.365057e+00   3.389470e-18   0.000000e+00   8.929873e-19   72
  1.380120e+00   8.569791e-17   2.779615e-03   3.998799e-17   126
  1.389623e+00   1.444568e-16   2.564571e-03   3.029750e-17   168
  1.407767e+00   4.529602e-17   2.804328e-03   6.764877e-18   288
  1.426839e+00   8.268716e-18   1.476986e-03   1.563914e-18   156
  1.436715e+00   1.341961e-17   2.484720e-03   2.184119e-18   168
  1.451693e+00   3.913109e-18   4.259613e-03   6.702973e-19   264
  1.465478e+00   7.819282e-19   0.000000e+00   9.349453e-20   48
  1.475722e+00   3.714340e-18   4.239347e-03   4.258415e-19   264
  1.490407e+00   2.509874e-18   2.498827e-03   3.785667e-19   144
  1.501498e+00   1.556580e-15   5.112474e-03   8.402638e-16   78
  1.517654e+00   9.861472e-17   3.323319e-03   1.747268e-17   336
  1.532889e+00   9.353622e-17   2.528505e-03   1.996378e-17   200
  1.542895e+00   8.403406e-18   4.950846e-03   2.704524e-18   192
  1.556403e+00   1.488808e-17   2.484459e-03   2.466468e-18   240
  1.568812e+00   5.760648e-18   4.979003e-03   1.110306e-18   168
  1.581561e+00   3.359837e-18   3.986332e-03   7.781570e-19   120
  1.596873e+00   3.042997e-18   3.115666e-03   6.206367e-19   324
  1.611730e+00   1.586804e-18   2.449443e-03   2.292661e-19   192
  1.621842e+00   4.065901e-19   4.392943e-03   4.793736e-20   168
  1.639042e+00   1.617944e-16   3.618152e-03   3.333344e-17   342
  1.654551e+00   5.937100e-17   2.913340e-03   9.178070e-18   336
  1.670270e+00   2.591993e-17   2.229470e-03   4.677044e-18   72
  1.680871e+00   1.251217e-17   3.565739e-03   2.120079e-18   288
  1.693176e+00   5.382877e-18   2.322255e-03   1.069812e-18   264
  1.710363e+00   2.636288e-18   3.054338e-03   3.082899e-19   384
  1.725757e+00   3.875200e-18   3.666000e-03   6.461237e-19   240
  1.732155e+00   2.940598e-19   0.000000e+00   3.665799e-20   48
  1.750659e+00   2.219737e-18   3.000861e-03   2.339155e-19   392
  1.764776e+00   3.585542e-16   3.293295e-03   1.088579e-16   294
  1.779956e+00   1.349190e-16   2.140470e-03   2.718021e-17   228
  1.789939e+00   5.028975e-18   3.250617e-03   1.074297e-18   216
  1.802361e+00   2.332606e-17   1.980050e-03   4.190902e-18   336
  1.817567e+00   4.786577e-18   2.352625e-03   8.591309e-19   360
  1.830119e+00   6.768457e-18   3.584392e-03   1.083417e-18   240
  1.843199e+00   4.607576e-18   4.241157e-03   9.124694e-19   168
  1.855399e+00   4.320219e-19   3.338306e-03   3.136706e-20   312
  1.869935e+00   2.450528e-18   2.089228e-03   2.725959e-19   336
  1.885637e+00   1.953065e-16   2.850095e-03   5.402263e-17   294
  1.897477e+00   1.366034e-16   3.798594e-03   2.726588e-17   288
  1.906536e+00   5.823540e-17   2.376907e-03   9.048815e-18   264
  1.922691e+00   1.669259e-17   4.082916e-03   2.174957e-18   480
  1.936199e+00   7.667073e-18   1.997349e-03   1.614053e-18   240
  1.952759e+00   4.609003e-18   2.019671e-03   5.956330e-19   276
  1.965824e+00   2.923059e-18   4.433576e-03   4.780898e-19   488
  1.981346e+00   5.974915e-19   1.952641e-03   5.797713e-20   240
  1.990355e+00   2.891367e-18   3.791527e-03   3.568964e-19   360
  2.002988e+00   1.351474e-15   1.348968e-03   7.391366e-16   198
  2.019235e+00   1.944609e-16   4.558217e-03   3.185621e-17   480
  2.031131e+00   6.502053e-17   1.682460e-03   1.060260e-17   288
  2.047583e+00   2.200005e-17   3.556337e-03   3.521862e-18   480
  2.062377e+00   3.847817e-18   2.191154e-03   7.981988e-19   480
  2.077570e+00   8.451981e-18   2.833894e-03   1.563074e-18   288
  2.087050e+00   2.388035e-18   3.023242e-03   3.242192e-19   288
  2.101959e+00   1.674958e-18   5.255912e-03   2.379447e-19   456
  2.116971e+00   2.594176e-18   4.949844e-03   3.378778e-19   360
  2.126650e+00   9.847125e-19   2.967082e-03   1.357018e-19   180
  2.140657e+00   2.317357e-16   3.231514e-03   4.877540e-17   486
  2.154854e+00   8.015132e-17   4.298953e-03   1.265648e-17   504
  2.169289e+00   2.318206e-17   3.340070e-03   3.120488e-18   456
  2.181258e+00   8.697607e-18   2.775009e-03   1.880951e-18   296
  2.197072e+00   5.037174e-18   2.738289e-03   6.494109e-19   528
  2.208965e+00   2.856790e-18   2.701981e-03   4.911606e-19   336
  2.226481e+00   2.510015e-18   2.997004e-03   3.001517e-19   600
  2.239302e+00   1.302076e-18   1.755804e-03   1.780986e-19   264
  2.252151e+00   8.001416e-19   1.898694e-03   9.807933e-20   360
  2.265266e+00   3.272417e-16   3.801372e-03   1.004859e-16   630
  2.279717e+00   1.373529e-16   1.962233e-03   2.837630e-17   432
  2.292537e+00   4.021312e-17   3.780726e-03   6.644263e-18   408
  2.308272e+00   9.127393e-18   2.509414e-03   1.816350e-18   324
  2.319978e+00   5.508607e-18   3.576222e-03   7.795210e-19   744
  2.334098e+00   1.669850e-18   2.858952e-03   2.744181e-19   336
  2.347588e+00   2.613343e-18   3.930328e-03   3.181451e-19   528
  2.362382e+00   1.086739e-18   2.005373e-03   1.460721e-19   408
  2.372191e+00   1.249070e-18   3.413147e-03   1.497902e-19   408
  2.388397e+00   2.283912e-16   2.817663e-03   6.356766e-17   470
  2.400201e+00   1.908106e-16   3.384925e-03   2.892573e-17   528
  2.416685e+00   2.265733e-17   2.820560e-03   3.106395e-18   624
  2.428827e+00   6.924222e-18   2.146180e-03   1.441493e-18   504
  2.441353e+00   6.174045e-18   2.989469e-03   8.332255e-19   552
  2.453777e+00   3.347017e-18   1.453231e-03   6.531044e-19   336
  2.469334e+00   3.582706e-18   3.093356e-03   4.431473e-19   528
  2.481386e+00   9.900632e-19   3.521844e-03   1.157196e-19   564
  2.495502e+00   1.012393e-18   3.241487e-03   1.395728e-19   528
  2.510806e+00   9.160109e-16   5.032507e-03   4.511631e-16   582
  2.524724e+00   2.262034e-16   3.874271e-03   3.412387e-17   624
  2.536896e+00   2.509423e-17   4.429036e-03   5.598031e-18   432
  2.551418e+00   1.318165e-17   4.926531e-03   2.322909e-18   816
  2.566361e+00   1.324442e-17   2.245292e-03   2.517067e-18   312
  2.576137e+00   1.763256e-18   3.638994e-03   2.902798e-19   552
  2.591900e+00   3.048545e-18   2.291924e-03   3.558945e-19   744
  2.603321e+00   1.351285e-18   2.141123e-03   2.140100e-19   408
  2.618061e+00   1.198526e-18   3.068323e-03   1.233243e-19   632
  2.633374e+00   8.124502e-17   5.210791e-03   3.868920e-17   750
  2.645831e+00   5.254415e-16   3.584637e-03   9.429322e-17   312
  2.659713e+00   5.006472e-17   5.292216e-03   6.646603e-18   876
  2.673443e+00   2.346119e-17   3.455503e-03   3.834266e-18   552
  2.688914e+00   6.013725e-18   2.857688e-03   8.354094e-19   696
  2.699453e+00   2.493646e-18   3.154346e-03   4.762591e-19   576
  2.713796e+00   4.251579e-18   3.339693e-03   5.069286e-19   576
  2.726037e+00   1.225783e-18   4.475199e-03   1.457895e-19   648
  2.740832e+00   1.180961e-18   4.479393e-03   1.294345e-19   672
  2.757165e+00   1.016412e-18   1.899992e-03   1.119137e-19   480
  2.767620e+00   4.661385e-16   2.942368e-03   1.436152e-16   726
  2.781081e+00   1.255775e-16   3.334085e-03   2.558785e-17   792
  2.795661e+00   3.701072e-17   4.625257e-03   5.878934e-18   768
  2.811027e+00   9.184653e-18   3.780047e-03   1.377334e-18   672
  2.825116e+00   1.637899e-18   2.535576e-03   2.461723e-19   608
  2.835316e+00   3.422397e-18   2.434230e-03   4.392534e-19   624
  2.849867e+00   1.307512e-18   3.163261e-03   1.591909e-19   684
  2.864019e+00   1.599993e-18   4.672505e-03   1.792804e-19   768
  2.877191e+00   7.962814e-19   3.735635e-03   8.332691e-20   744
  2.892886e+00   3.249892e-16   2.352178e-03   6.889403e-17   750
  2.904325e+00   1.437495e-16   3.496199e-03   2.317403e-17   600
  2.916695e+00   3.666141e-17   3.712332e-03   5.062417e-18   600
  2.931979e+00   8.304166e-18   4.278234e-03   1.222692e-18   1008
  2.944116e+00   5.342329e-18   2.372856e-03   9.292199e-19   696
  2.957565e+00   4.544927e-18   3.134649e-03   5.763568e-19   624
  2.971086e+00   1.166799e-18   4.877909e-03   1.400110e-19   840
  2.986446e+00   1.252066e-18   3.319024e-03   1.398600e-19   816
  2.998905e+00   8.179639e-19   2.204574e-03   8.903378e-20   744
  3.011488e+00   1.603945e-15   3.897323e-03   7.902770e-16   510
  3.026687e+00   2.120999e-16   3.741750e-03   3.238864e-17   1020
  3.040833e+00   3.023675e-17   3.019222e-03   5.015328e-18   912
  3.054778e+00   1.332977e-17   4.473147e-03   2.054428e-18   752
  3.066309e+00   2.532817e-18   3.711666e-03   3.622054e-19   888
  3.082044e+00   4.225178e-18   2.395124e-03   5.155722e-19   768
  3.094915e+00   1.531477e-18   4.352150e-03   2.014028e-19   720
  3.109727e+00   1.283306e-18   3.836546e-03   1.409706e-19   1056
  3.122866e+00   1.618376e-18   2.654285e-03   1.889146e-19   504
  3.133631e+00   1.155017e-16   4.144719e-03   5.574819e-17   774
  3.149026e+00   2.311016e-16   3.986123e-03   3.589877e-17   1272
  3.163486e+00   3.494759e-17   2.611538e-03   4.859951e-18   744
  3.176969e+00   1.071309e-17   4.264475e-03   1.902074e-18   768
  3.189339e+00   7.380105e-18   3.607190e-03   9.966479e-19   840
  3.203231e+00   3.685207e-18   2.445578e-03   4.716998e-19   924
  3.216608e+00   1.218406e-18   4.311548e-03   1.489751e-19   936
  3.229755e+00   1.328052e-18   2.996363e-03   1.498326e-19   840
  3.242998e+00   7.407976e-19   3.562326e-03   8.155480e-20   1008
  3.259829e+00   5.975119e-19   4.021535e-03   7.735952e-20   696
  3.270389e+00   5.759369e-16   3.574451e-03   1.574722e-16   974
  3.286078e+00   9.226136e-17   4.747287e-03   1.158332e-17   1152
  3.299719e+00   8.349534e-18   1.857626e-03   1.692623e-18   816
  3.310327e+00   1.206993e-17   4.086567e-03   1.635029e-18   816
  3.324599e+00   2.687020e-18   3.608623e-03   3.465408e-19   1152
  3.339651e+00   1.301333e-18   3.248998e-03   1.714165e-19   912
  3.353338e+00   1.675469e-18   3.947532e-03   1.844279e-19   1056
  3.365058e+00   1.132938e-18   3.375847e-03   1.377053e-19   624
  3.380817e+00   7.051949e-19   4.216875e-03   9.072429e-20   1260
  3.394418e+00   3.852823e-16   2.543440e-03   8.181224e-17   894
  3.407703e+00   1.164646e-16   4.357818e-03   1.704195e-17   1176
  3.420993e+00   2.644224e-17   3.606982e-03   4.350154e-18   840
  3.436121e+00   6.521171e-18   4.099862e-03   7.806245e-19   1440
  3.452005e+00   4.495803e-18   2.304966e-03   5.853401e-19   864
  3.464048e+00   1.259719e-18   3.955435e-03   1.534795e-19   1056
  3.476035e+00   2.053290e-18   2.332073e-03   2.506196e-19   624
  3.490594e+00   7.358538e-19   4.318596e-03   7.401315e-20   1496
  3.504515e+00   5.627617e-19   3.049082e-03   5.671991e-20   936
  3.516908e+00   1.314298e-15   4.414111e-03   5.743625e-16   966
  3.530243e+00   1.711327e-16   3.128902e-03   3.566851e-17   936
  3.544251e+00   2.608462e-17   3.870284e-03   3.954619e-18   1248
  3.558592e+00   9.974365e-18   2.728377e-03   1.611499e-18   1044
  3.571955e+00   3.074150e-18   4.226344e-03   3.916493e-19   1392
  3.582538e+00   2.501221e-18   3.255138e-03   3.226682e-19   600
  3.597678e+00   1.222505e-18   3.698179e-03   1.431503e-19   1416
  3.611873e+00   1.145785e-18   3.980638e-03   1.178545e-19   1152
  3.626257e+00   7.117715e-19   3.818797e-03   8.100580e-20   936
  3.637844e+00   1.376696e-16   4.095847e-03   6.645731e-17   870
  3.651613e+00   2.857498e-16   3.434204e-03   4.446371e-17   1368
  3.666892e+00   2.627228e-17   4.515083e-03   3.193841e-18   1632
  3.679949e+00   9.897846e-18   1.960196e-03   1.383434e-18   816
  3.694083e+00   4.323942e-18   4.472000e-03   5.967123e-19   1200
  3.706415e+00   2.691348e-18   4.275759e-03   3.124201e-19   1184
  3.718942e+00   1.427629e-18   3.245022e-03   1.673755e-19   984
  3.734312e+00   8.081967e-19   3.961839e-03   7.884846e-20   1572
  3.748246e+00   5.936484e-19   2.181853e-03   6.795836e-20   840
  3.761231e+00   5.065688e-19   5.073986e-03   5.795966e-20   1392
  3.774941e+00   7.096784e-16   3.725317e-03   1.736964e-16   1158
  3.787179e+00   3.911084e-17   3.392190e-03   6.672524e-18   1272
  3.801913e+00   1.504200e-17   3.456945e-03   1.875197e-18   1320
  3.815753e+00   2.890062e-18   3.382582e-03   3.361298e-19   1104
  3.828921e+00   2.402523e-18   3.828609e-03   3.496282e-19   1392
  3.842742e+00   1.992335e-18   4.141026e-03   2.100699e-19   1296
  3.856976e+00   1.017891e-18   4.323915e-03   1.231965e-19   1392
  3.870333e+00   5.326704e-19   3.171938e-03   6.312222e-20   1104
  3.882690e+00   5.749759e-19   3.995358e-03   5.689851e-20   1320
  3.900292e+00   3.637007e-16   3.051196e-03   6.785263e-17   1422
  3.911534e+00   9.794499e-17   3.800093e-03   1.185734e-17   1212
  3.924449e+00   1.140209e-17   4.152476e-03   1.692318e-18   1280
  3.937717e+00   5.036716e-18   4.323858e-03   9.140890e-19   1272
  3.950433e+00   3.522047e-18   3.741871e-03   3.991027e-19   1680
  3.965505e+00   1.808442e-18   3.535373e-03   2.015164e-19   1152
  3.979380e+00   9.502677e-19   4.094086e-03   9.235953e-20   1512
  3.993967e+00   6.131656e-19   1.728507e-03   7.035654e-20   912
  4.005497e+00   4.583902e-19   4.357212e-03   5.320088e-20   1680
  4.020833e+00   1.044730e-15   3.859977e-03   4.570575e-16   1518
  4.032200e+00   2.016635e-16   3.573605e-03   3.954941e-17   1056
  4.044173e+00   2.201020e-17   3.608353e-03   3.727678e-18   1344
  4.059650e+00   6.009649e-18   3.874584e-03   1.143810e-18   1680
  4.073653e+00   3.898658e-18   3.818000e-03   4.262948e-19   1656
  4.088955e+00   2.232126e-18   3.245360e-03   2.347185e-19   1140
  4.100443e+00   9.947986e-19   3.757881e-03   1.208167e-19   1368
  4.113960e+00   6.358574e-19   4.274611e-03   6.154899e-20   1656
  4.127700e+00   6.005791e-19   4.378119e-03   5.905283e-20   1448
  4.142656e+00   2.245147e-16   4.112955e-03   6.395910e-17   1422
  4.156469e+00   2.087251e-16   4.540534e-03   3.119415e-17   1512
  4.168283e+00   2.914270e-17   3.461570e-03   4.318523e-18   1296
  4.181952e+00   7.006721e-18   3.160641e-03   8.370345e-19   1824
  4.196729e+00   4.339335e-18   4.098248e-03   4.965051e-19   1464
  4.211657e+00   1.257329e-18   3.657099e-03   1.279002e-19   1824
  4.225511e+00   7.654874e-19   2.907578e-03   9.219595e-20   1416
  4.237563e+00   6.909359e-19   4.258820e-03   7.310082e-20   1392
  4.250574e+00   5.600064e-19   3.929974e-03   6.610061e-20   1464
  4.266448e+00   3.593141e-19   3.842159e-03   2.731438e-20   1524
  4.278716e+00   5.827487e-16   3.540612e-03   1.430324e-16   1686
  4.292893e+00   3.847757e-17   4.215803e-03   5.752373e-18   1800
  4.305078e+00   1.124762e-17   3.346946e-03   1.550486e-18   1344
  4.318597e+00   3.410037e-18   3.904869e-03   3.884326e-19   1656
  4.332150e+00   1.333714e-18   3.117839e-03   1.587706e-19   1488
  4.343925e+00   1.469080e-18   3.112762e-03   1.694261e-19   1536
  4.360333e+00   7.061443e-19   3.457925e-03   9.904955e-20   1760
  4.373047e+00   4.862483e-19   3.846268e-03   4.938529e-20   1824
  4.387749e+00   3.903841e-19   3.227735e-03   3.704112e-20   1560
  4.401895e+00   3.642228e-16   3.707356e-03   5.947852e-17   1926
  4.415200e+00   3.586449e-17   2.636418e-03   5.113870e-18   1272
  4.427344e+00   1.307839e-17   4.430497e-03   1.545699e-18   1848
  4.443306e+00   3.018510e-18   3.579461e-03   3.983629e-19   1908
  4.455447e+00   1.830412e-18   3.491292e-03   2.079320e-19   1488
  4.468258e+00   1.133263e-18   3.937426e-03   1.086464e-19   1800
  4.482146e+00   6.157168e-19   3.941308e-03   6.592797e-20   1752
  4.495448e+00   6.132909e-19   4.190952e-03   7.577350e-20   1368
  4.508761e+00   2.969122e-19   3.938690e-03   2.319343e-20   2016
  4.523403e+00   1.178461e-15   4.160224e-03   5.156455e-16   1542
  4.536915e+00   1.216052e-16   4.073984e-03   2.214631e-17   2184
  4.551872e+00   1.163371e-17   3.726771e-03   1.720314e-18   1776
  4.564793e+00   5.321260e-18   4.260262e-03   5.727826e-19   1568
  4.577109e+00   1.460683e-18   3.892227e-03   1.632132e-19   2040
  4.590510e+00   1.662128e-18   4.161138e-03   1.679350e-19   1704
  4.604538e+00   7.483846e-19   4.171238e-03   7.590841e-20   1512
  4.617765e+00   4.976030e-19   3.558077e-03   4.781880e-20   2028
  4.632626e+00   3.962361e-19   4.291956e-03   3.720463e-20   1968
  4.646213e+00   1.917881e-16   4.353548e-03   5.483128e-17   1854
  4.659509e+00   2.206689e-16   4.150271e-03   3.232182e-17   1632
  4.673135e+00   1.690735e-17   4.264760e-03   2.439454e-18   2424
  4.687258e+00   6.914013e-18   4.269195e-03   9.505199e-19   1560
  4.699197e+00   2.438496e-18   4.034385e-03   2.901373e-19   1728
  4.713624e+00   1.389825e-18   4.306520e-03   1.251389e-19   2088
  4.728145e+00   5.626328e-19   4.099347e-03   5.773651e-20   1968
  4.741503e+00   4.108254e-19   4.058747e-03   4.786039e-20   2256
  4.754898e+00   3.241824e-19   3.608676e-03   2.735232e-20   1728
  4.768882e+00   3.428999e-19   3.557384e-03   3.171612e-20   1416
  4.781270e+00   4.809560e-16   3.750195e-03   1.182247e-16   2246
  4.795296e+00   3.688941e-17   4.153300e-03   5.310057e-18   2148
  4.808715e+00   7.814465e-18   3.508307e-03   1.279613e-18   1680
  4.821345e+00   2.966718e-18   4.435233e-03   3.159319e-19   2280
  4.836527e+00   1.635239e-18   4.130181e-03   1.527895e-19   2352
  4.850707e+00   5.708069e-19   3.470382e-03   1.085192e-19   1632
  4.861925e+00   6.030208e-19   3.971039e-03   5.604166e-20   1968
  4.877319e+00   3.856552e-19   4.074288e-03   3.719573e-20   2112
  4.891594e+00   2.423237e-19   3.060509e-03   1.705428e-20   2208
  4.905465e+00   3.845771e-16   3.085913e-03   6.279028e-17   1974
  4.916413e+00   3.104600e-17   3.018862e-03   3.835128e-18   1944
  4.931203e+00   6.790713e-18   3.415495e-03   8.416455e-19   2160
  4.944022e+00   3.590674e-18   3.194258e-03   4.114263e-19   2040
  4.957876e+00   1.413783e-18   4.468841e-03   1.358530e-19   2352
  4.972085e+00   5.249183e-19   3.712532e-03   6.895327e-20   1836
  4.985054e+00   5.758321e-19   3.960355e-03   5.679267e-20   2352
  4.999614e+00   3.548452e-19   4.153876e-03   2.885685e-20   2008
  5.012962e+00   2.364688e-19   4.086408e-03   2.003161e-20   2464
  5.027846e+00   9.595227e-16   3.295867e-03   3.956762e-16   2118
  5.040054e+00   8.566476e-17   3.313173e-03   1.083516e-17   1848
  5.052620e+00   1.059216e-17   4.384411e-03   1.427629e-18   2280
  5.067797e+00   3.120672e-18   4.170623e-03   3.450047e-19   2472
  5.081980e+00   1.317522e-18   2.787100e-03   1.423468e-19   2280
  5.093886e+00   9.332127e-19   3.406760e-03   1.013567e-19   1992
  5.106726e+00   6.928864e-19   3.581554e-03   6.288511e-20   2184
  5.121532e+00   4.545548e-19   4.320591e-03   4.087893e-20   2352
  5.135798e+00   2.323751e-19   4.553131e-03   1.693713e-20   2496
  5.149768e+00   2.954685e-16   4.252678e-03   6.385647e-17   1770
  5.162298e+00   9.002469e-17   3.669389e-03   1.195540e-17   2568
  5.177360e+00   9.580310e-18   4.500656e-03   1.177713e-18   2712
  5.191053e+00   2.936693e-18   3.574170e-03   3.433564e-19   2448
  5.204725e+00   1.211015e-18   3.012843e-03   1.268443e-19   2064
  5.216066e+00   8.209686e-19   3.180123e-03   8.784663e-20   1944
  5.230772e+00   5.682521e-19   3.928620e-03   5.399866e-20   2480
  5.245774e+00   2.493513e-19   4.267634e-03   1.932150e-20   2880
  5.259063e+00   2.338089e-19   4.093786e-03   2.025650e-20   2304
  5.272942e+00   3.309476e-16   3.761177e-03   1.433922e-16   1806
  5.285249e+00   1.835896e-16   3.688568e-03   2.394090e-17   2856
  5.300671e+00   2.204817e-17   3.537448e-03   3.154372e-18   2568
  5.312407e+00   3.288922e-18   3.549041e-03   3.632983e-19   2112
  5.325180e+00   1.622875e-18   3.418353e-03   1.705405e-19   2028
  5.338884e+00   1.123071e-18   4.046323e-03   1.225104e-19   2712
  5.352799e+00   4.665055e-19   4.359274e-03   4.255115e-20   2952
  5.367753e+00   2.136391e-19   3.368279e-03   2.581096e-20   2112
  5.379842e+00   3.143776e-19   3.947451e-03   2.670795e-20   2520
  5.394364e+00   1.605854e-19   3.807395e-03   1.262295e-20   2376
  5.407591e+00   2.978323e-16   3.052135e-03   4.867249e-17   2526
  5.421320e+00   2.341342e-17   3.798300e-03   2.787410e-18   2664
  5.434913e+00   6.227119e-18   4.530289e-03   7.298575e-19   2408
  5.447943e+00   1.973294e-18   3.628938e-03   2.134187e-19   2568
  5.461232e+00   7.489419e-19   3.421437e-03   7.249799e-20   2904
  5.475648e+00   6.943005e-19   3.838949e-03   6.314221e-20   2544
  5.489345e+00   1.702622e-19   2.827650e-03   1.738082e-20   2160
  5.502268e+00   3.056219e-19   4.888682e-03   2.435800e-20   2652
  5.516545e+00   1.218493e-19   3.870830e-03   9.973901e-21   2784
  5.530283e+00   7.594101e-16   3.822557e-03   2.982273e-16   2694
  5.544517e+00   2.108603e-17   3.435410e-03   3.141051e-18   2952
  5.556886e+00   6.620937e-18   3.253958e-03   1.099680e-18   2208
  5.569485e+00   3.413981e-18   3.468078e-03   3.570656e-19   2304
  5.583550e+00   1.080448e-18   4.509853e-03   9.736742e-20   3504
  5.599953e+00   6.474863e-19   3.651788e-03   5.347465e-20   2616
  5.612745e+00   2.299499e-19   3.567502e-03   2.636923e-20   2664
  5.625069e+00   2.984150e-19   3.314521e-03   2.846352e-20   2448
  5.637487e+00   1.815574e-19   4.616036e-03   1.313038e-20   2472
  5.652096e+00   1.544408e-16   3.670011e-03   3.351891e-17   3134
  5.665845e+00   8.182261e-17   4.013913e-03   1.084790e-17   2616
  5.679574e+00   8.913810e-18   3.251426e-03   1.105078e-18   2712
  5.693697e+00   2.278018e-18   3.728915e-03   2.481562e-19   3204
  5.707195e+00   1.009730e-18   4.294589e-03   8.994281e-20   2760
  5.720015e+00   5.012695e-19   3.746961e-03   5.021883e-20   2688
  5.734152e+00   2.429747e-19   3.542739e-03   2.457986e-20   2760
  5.746653e+00   2.031701e-19   2.925296e-03   1.735386e-20   2568
  5.761049e+00   1.394901e-19   4.542841e-03   1.271509e-20   3336
  5.774866e+00   2.332990e-16   3.845016e-03   1.011069e-16   2334
  5.788819e+00   1.549862e-16   4.254924e-03   1.921355e-17   3264
  5.801858e+00   9.161948e-18   3.093655e-03   1.091686e-18   2760
  5.815230e+00   1.772441e-18   3.736259e-03   2.044356e-19   3192
  5.828845e+00   1.309563e-18   3.879036e-03   1.207631e-19   2904
  5.843326e+00   5.237221e-19   3.892076e-03   6.435324e-20   2784
  5.855447e+00   3.386546e-19   3.203250e-03   3.477304e-20   2592
  5.869236e+00   2.108435e-19   4.366488e-03   1.865901e-20   3284
  5.883890e+00   1.367409e-19   4.385937e-03   1.053540e-20   3168
  5.897000e+00   1.539502e-19   3.618712e-03   1.243433e-20   2616
  5.910782e+00   2.137634e-16   3.496570e-03   3.414471e-17   3222
  5.924188e+00   1.427857e-17   3.923260e-03   1.721733e-18   3240
  5.937171e+00   3.318383e-18   3.969009e-03   3.830281e-19   2568
  5.951932e+00   1.087565e-18   3.641761e-03   1.061318e-19   3120
  5.964273e+00   4.859240e-19   4.003580e-03   5.009335e-20   3168
  5.977546e+00   3.575770e-19   3.504830e-03   3.555940e-20   3240
  5.992066e+00   2.086057e-19   3.595869e-03   1.591817e-20   3144
  6.006172e+00   1.529748e-19   3.427490e-03   1.487141e-20   2856
  6.019505e+00   1.165413e-19   3.660696e-03   8.087712e-21   3264
  6.034592e+00   5.275862e-16   4.044906e-03   2.072308e-16   3318
  6.046466e+00   2.197215e-17   2.832824e-03   3.126530e-18   2556
  6.060617e+00   3.709499e-18   4.838986e-03   5.052224e-19   4008
  6.074943e+00   1.271728e-18   3.572017e-03   1.189095e-19   2904
  6.087200e+00   4.797471e-19   3.652513e-03   5.341717e-20   3144
  6.101153e+00   4.784670e-19   3.807781e-03   3.881652e-20   3200
  6.115592e+00   2.265035e-19   3.755394e-03   2.010624e-20   3312
  6.128536e+00   1.167020e-19   3.026680e-03   1.059893e-20   2832
  6.142988e+00   1.214911e-19   4.355583e-03   9.024780e-21   3984
  6.156407e+00   1.763833e-16   3.540883e-03   3.835214e-17   2238
  6.168657e+00   4.620680e-17   4.167010e-03   5.849462e-18   3984
  6.183855e+00   4.118322e-18   3.959901e-03   4.248974e-19   3384
  6.196482e+00   1.316823e-18   3.701438e-03   1.395187e-19   3048
  6.209665e+00   6.147983e-19   3.398642e-03   5.466559e-20   3096
  6.223435e+00   3.039500e-19   3.852259e-03   2.851517e-20   3708
  6.237127e+00   1.894564e-19   3.651419e-03   1.586081e-20   2784
  6.249844e+00   1.145640e-19   3.792698e-03   9.989380e-21   3648
  6.264291e+00   9.337213e-20   3.903504e-03   6.541700e-21   3888
  6.279665e+00   1.731717e-16   4.167105e-03   6.431079e-17   2958
  6.291144e+00   1.010475e-16   3.557011e-03   1.395694e-17   3264
  6.304977e+00   6.414532e-18   3.926839e-03   7.660725e-19   3160
  6.318045e+00   1.348103e-18   3.558843e-03   1.437387e-19   3736
  6.330431e+00   8.780995e-19   3.242939e-03   8.337502e-20   3216
  6.345038e+00   3.713251e-19   3.974048e-03   3.831705e-20   4032
  6.360272e+00   1.777141e-19   3.628234e-03   1.670572e-20   3528
  6.373262e+00   1.109947e-19   3.202694e-03   8.953747e-21   3192
  6.386247e+00   9.095161e-20   3.507520e-03   7.050942e-21   3456
  6.400334e+00   6.804197e-20   3.636928e-03   5.919885e-21   3060
  6.414454e+00   1.203597e-16   4.324726e-03   1.903806e-17   4518
  6.428212e+00   9.413506e-18   3.852771e-03   1.160302e-18   3528
  6.440859e+00   1.656994e-18   3.235655e-03   1.879443e-19   3024
  6.454342e+00   6.962737e-19   4.380947e-03   6.532729e-20   3672
  6.468077e+00   3.229463e-19   3.760183e-03   2.966953e-20   3864
  6.483327e+00   1.407331e-19   3.985743e-03   1.159057e-20   3816
  6.495798e+00   1.103835e-19   3.626145e-03   1.033088e-20   3456
  6.507756e+00   1.035809e-19   3.282483e-03   8.272257e-21   2688
  6.521843e+00   4.827728e-20   3.894603e-03   3.719215e-21   4248
  6.535809e+00   3.264610e-16   3.730284e-03   1.281631e-16   3926
  6.549837e+00   1.339184e-17   3.938539e-03   1.726711e-18   3504
  6.563389e+00   1.612940e-18   3.521113e-03   1.601698e-19   3960
  6.578351e+00   7.496732e-19   3.963952e-03   6.352725e-20   3684
  6.591183e+00   2.420874e-19   3.963687e-03   2.136740e-20   4104
  6.604012e+00   1.769895e-19   3.759338e-03   1.804967e-20   3144
  6.617793e+00   1.534200e-19   4.117770e-03   1.160163e-20   4224
  6.632945e+00   6.567425e-20   3.654879e-03   5.148686e-21   4008
  6.645891e+00   6.687511e-20   4.020945e-03   6.430371e-21   3312
  6.659221e+00   8.445955e-17   3.999289e-03   1.616020e-17   3726
  6.673398e+00   2.081852e-17   4.107760e-03   2.228415e-18   3936
  6.685987e+00   2.380977e-18   4.234293e-03   2.381612e-19   3888
  6.699051e+00   5.328111e-19   4.003929e-03   4.848001e-20   3864
  6.712643e+00   3.216203e-19   4.256514e-03   2.737054e-20   3888
  6.726643e+00   1.506527e-19   4.014548e-03   1.639477e-20   4080
  6.740465e+00   1.334830e-19   4.260657e-03   1.010322e-20   3400
  6.754567e+00   6.239478e-20   3.907452e-03   4.353464e-21   4588
  6.768825e+00   4.188367e-20   3.867571e-03   3.525429e-21   3816
  6.781286e+00   9.633980e-17   3.664848e-03   3.568806e-17   3534
  6.794478e+00   5.502423e-17   3.619891e-03   7.392504e-18   4080
  6.808278e+00   2.153311e-18   3.783811e-03   2.702044e-19   4248
  6.822137e+00   1.039822e-18   3.812932e-03   1.021511e-19   3528
  6.834925e+00   2.254663e-19   3.898202e-03   2.691087e-20   4248
  6.847851e+00   2.135993e-19   3.812833e-03   1.870670e-20   3696
  6.862246e+00   9.715375e-20   3.956350e-03   8.169748e-21   4560
  6.875897e+00   6.939061e-20   3.705786e-03   5.012635e-21   3864
  6.889918e+00   4.634956e-20   4.035033e-03   3.719111e-21   4440
  6.903205e+00   5.783688e-20   3.764781e-03   4.235348e-21   3432
  6.917168e+00   7.981233e-17   3.691446e-03   1.222535e-17   4470
  6.930903e+00   2.587509e-18   3.280469e-03   3.023449e-19   4188
  6.944404e+00   8.830326e-19   4.202742e-03   8.730196e-20   4392
  6.957812e+00   3.115307e-19   3.251220e-03   2.835621e-20   3960
  6.971756e+00   1.568483e-19   3.672933e-03   1.454701e-20   4328
  6.985263e+00   8.966222e-20   3.822434e-03   6.944247e-21   4320
  6.998915e+00   7.059907e-20   3.997076e-03   5.854628e-21   4152
  7.011574e+00   5.102647e-20   3.343614e-03   4.040895e-21   3528
  7.025890e+00   3.504477e-20   3.618951e-03   2.347724e-21   4512
  7.039283e+00   1.766506e-16   3.699459e-03   6.867917e-17   4134
  7.052888e+00   4.292788e-18   3.941164e-03   5.254920e-19   5208
  7.065972e+00   9.257024e-19   3.433716e-03   9.729637e-20   3240
  7.079508e+00   3.203816e-19   3.787232e-03   2.833586e-20   4680
  7.093285e+00   1.647234e-19   3.749666e-03   1.326080e-20   4440
  7.107078e+00   1.135496e-19   4.248981e-03   9.127053e-21   4260
  7.120308e+00   5.134582e-20   3.468882e-03   4.224751e-21   4056
  7.133932e+00   4.547428e-20   3.845862e-03   3.639120e-21   4704
  7.148231e+00   3.475258e-20   4.475317e-03   2.251786e-21   4800
  7.163348e+00   3.709429e-17   3.877518e-03   6.254283e-18   4806
  7.176410e+00   5.354611e-18   3.865268e-03   6.198193e-19   3552
  7.188851e+00   9.750944e-19   3.875633e-03   1.005772e-19   4304
  7.202898e+00   2.175318e-19   3.758487e-03   1.725352e-20   5280
  7.216787e+00   1.352096e-19   3.605632e-03   1.164424e-20   4320
  7.229935e+00   6.438145e-20   4.071704e-03   4.939490e-21   4296
  7.243800e+00   4.946590e-20   4.526721e-03   3.820874e-21   4608
  7.257822e+00   3.660527e-20   4.336841e-03   2.325628e-21   4824
  7.271703e+00   2.515432e-20   4.094286e-03   1.617948e-21   4488
  7.286600e+00   4.350766e-17   3.822456e-03   1.324958e-17   4530
  7.298900e+00   1.591017e-17   3.732313e-03   2.559937e-18   4464
  7.311208e+00   1.244250e-18   3.517428e-03   1.397585e-19   4104
  7.325339e+00   2.707155e-19   3.792522e-03   2.271991e-20   5424
  7.339239e+00   1.456215e-19   4.082418e-03   1.319510e-20   4392
  7.353384e+00   5.658064e-20   3.996852e-03   4.819879e-21   4896
  7.366230e+00   3.664610e-20   3.917732e-03   2.825959e-21   4104
  7.379634e+00   4.065671e-20   3.532761e-03   2.635985e-21   4824
  7.393776e+00   2.185944e-20   3.376492e-03   1.639846e-21   4680
  7.406096e+00   2.547894e-20   3.453413e-03   1.560109e-21   4328
  7.420397e+00   3.006583e-17   3.980891e-03   4.569167e-18   5118
  7.434767e+00   1.005661e-18   4.612116e-03   1.022627e-19   5304
  7.447735e+00   3.140868e-19   3.631827e-03   2.986972e-20   4392
  7.461864e+00   1.110665e-19   3.645220e-03   9.920106e-21   4476
  7.474220e+00   6.113814e-20   3.620136e-03   6.143765e-21   4704
  7.487968e+00   5.333401e-20   4.381742e-03   3.945084e-21   5208
  7.502418e+00   3.020519e-20   3.694542e-03   2.002200e-21   5304
  7.515732e+00   2.328091e-20   3.957369e-03   1.659401e-21   4296
  7.529385e+00   1.976012e-20   3.752608e-03   1.263410e-21   4752
  7.543730e+00   4.672347e-17   3.767007e-03   1.783794e-17   4950
  7.556622e+00   1.228752e-18   3.937534e-03   1.573323e-19   5064
  7.569518e+00   2.928648e-19   3.299143e-03   2.693948e-20   4872
  7.582558e+00   1.296008e-19   3.473093e-03   1.124654e-20   4224
  7.596482e+00   6.436430e-20   3.836467e-03   4.621809e-21   6120
  7.611299e+00   4.262953e-20   4.220602e-03   3.126266e-21   4968
  7.624740e+00   2.679844e-20   3.734866e-03   2.052762e-21   4424
  7.638645e+00   2.150299e-20   4.770498e-03   1.347879e-21   5436
  7.652381e+00   1.973078e-20   4.067269e-03   1.303170e-21   4896
  7.665661e+00   7.291472e-18   3.893965e-03   1.233636e-18   5214
  7.678461e+00   1.243412e-18   3.310074e-03   1.445658e-19   4656
  7.692685e+00   2.163560e-19   4.208491e-03   1.892542e-20   5448
  7.706276e+00   8.782179e-20   3.554381e-03   7.473395e-21   4992
  7.719584e+00   4.909340e-20   3.933714e-03   4.085717e-21   5400
  7.734212e+00   3.779494e-20   4.359773e-03   2.533601e-21   5328
  7.747690e+00   2.371661e-20   3.898436e-03   1.507152e-21   4776
  7.760371e+00   1.578227e-20   3.663227e-03   1.101257e-21   4800
  7.774459e+00   1.723762e-20   4.710721e-03   9.195313e-22   6552
  7.789199e+00   1.133204e-17   3.558885e-03   3.383326e-18   3942
  7.801972e+00   2.380853e-18   4.485571e-03   3.323685e-19   6072
  7.816115e+00   2.044241e-19   3.483659e-03   2.087271e-20   4692
  7.827973e+00   9.787872e-20   3.636885e-03   8.573733e-21   4944
  7.841863e+00   4.175264e-20   3.903498e-03   3.458222e-21   5840
  7.856124e+00   2.678228e-20   4.178533e-03   2.056253e-21   5712
  7.870165e+00   2.088366e-20   3.501880e-03   1.395037e-21   4800
  7.882974e+00   2.075174e-20   4.637724e-03   1.243115e-21   5688
  7.897004e+00   1.645243e-20   3.659067e-03   1.029411e-21   4848
  7.910908e+00   4.235853e-19   4.072759e-03   1.742157e-19   5406
  7.924104e+00   3.595934e-18   3.676325e-03   5.587440e-19   5568
  7.937355e+00   1.676093e-19   3.304770e-03   1.504732e-20   5736
  7.951674e+00   9.623031e-20   4.104312e-03   1.031211e-20   5280
  7.964668e+00   3.776967e-20   3.794736e-03   3.424175e-21   5592
  7.978044e+00   3.366719e-20   4.343968e-03   2.502428e-21   4968
  7.992185e+00   2.107176e-20   3.894947e-03   1.354942e-21   5964
  8.005981e+00   1.525109e-20   3.913047e-03   9.493381e-22   5376
  8.018517e+00   1.686235e-20   3.778288e-03   9.418178e-22   5472
  8.033050e+00   1.318775e-20   3.588288e-03   9.059676e-22   5472
  8.046339e+00   4.833939e-19   4.079766e-03   6.761278e-20   5415
  8.059218e+00   1.084496e-19   3.588648e-03   1.624075e-20   5096
  8.073151e+00   5.569189e-20   4.614911e-03   6.277819e-21   6372
  8.087246e+00   3.315714e-20   3.746176e-03   3.303808e-21   4656
  8.099878e+00   1.746767e-20   4.089625e-03   1.792329e-21   5844
  8.113469e+00   1.313758e-20   3.595730e-03   1.128585e-21   5508
  8.127874e+00   1.139990e-20   4.079049e-03   7.639739e-22   6324
  8.142009e+00   1.215706e-20   3.503908e-03   9.440265e-22   4752
  8.154927e+00   9.672076e-21   3.922916e-03   5.515782e-22   5676
  8.168912e+00   8.382386e-21   3.588715e-03   5.565130e-22   5472
  8.182185e+00   6.990342e-21   4.047970e-03   3.712324e-22   5556
  8.196444e+00   6.412213e-21   3.944669e-03   2.594971e-22   5436
  8.210207e+00   5.346775e-21   4.037644e-03   1.832333e-22   5916
  8.224340e+00   4.885316e-21   4.200926e-03   1.760583e-22   5520
  8.237065e+00   5.503048e-21   3.820545e-03   2.074541e-22   5280
  8.250104e+00   5.245612e-21   3.754028e-03   2.350198e-22   4416
  8.264815e+00   4.610214e-21   3.659260e-03   1.513575e-22   6260
  8.278635e+00   4.644688e-21   4.351307e-03   1.597933e-22   5940
  8.291152e+00   4.058486e-21   3.407784e-03   1.551923e-22   4188
  8.304933e+00   3.796031e-21   4.357141e-03   1.061941e-22   6360
  8.319422e+00   3.728490e-21   3.886387e-03   1.091300e-22   5256
  8.332880e+00   3.586548e-21   3.673916e-03   1.026490e-22   4848
  8.344411e+00   3.377742e-21   3.330596e-03   1.268139e-22   4704
  8.358606e+00   3.359912e-21   4.085775e-03   9.613212e-23   5784
  8.373047e+00   2.929859e-21   4.323222e-03   8.167524e-23   5820
  8.386987e+00   3.165809e-21   3.872681e-03   9.682329e-23   5700
  8.401010e+00   3.329249e-21   3.591376e-03   1.103039e-22   5232
  8.415051e+00   2.622675e-21   3.984940e-03   7.434760e-23   4932
  8.427489e+00   3.032086e-21   3.429992e-03   9.097251e-23   4716
  8.440557e+00   2.784098e-21   4.369071e-03   7.009118e-23   5616
  8.454004e+00   2.571481e-21   3.858530e-03   6.842697e-23   5184
  8.467873e+00   2.551602e-21   3.892310e-03   6.695335e-23   5064
  8.480954e+00   2.516418e-21   3.985538e-03   6.739473e-23   5544
  8.495461e+00   2.389696e-21   4.000807e-03   5.892976e-23   5192
  8.508660e+00   2.389186e-21   3.595349e-03   6.175583e-23   5244
  8.522539e+00   2.359667e-21   3.890208e-03   6.454432e-23   5112
  8.536336e+00   2.145539e-21   3.570029e-03   5.280141e-23   5040
  8.548997e+00   2.033928e-21   3.753229e-03   5.166795e-23   5124
  8.563784e+00   2.202760e-21   4.213504e-03   5.197919e-23   5952
  8.577433e+00   1.984218e-21   3.691886e-03   5.141209e-23   4824
  8.589806e+00   2.100716e-21   3.726497e-03   6.804622e-23   4536
  8.604129e+00   1.947492e-21   3.960926e-03   4.428297e-23   5712
  8.618841e+00   2.011060e-21   4.334333e-03   4.662053e-23   5352
  8.632715e+00   1.800948e-21   3.775364e-03   4.624746e-23   5004
  8.645110e+00   1.766913e-21   3.776392e-03   4.444418e-23   4800
  8.658430e+00   1.856855e-21   4.058247e-03   4.770035e-23   5148
  8.673187e+00   1.860390e-21   4.215016e-03   4.227747e-23   5664
  8.686522e+00   1.780605e-21   3.785694e-03   4.383983e-23   4692
  8.698842e+00   1.734019e-21   3.516957e-03   4.765103e-23   4008
  8.713211e+00   1.626167e-21   4.031193e-03   3.568729e-23   5852
  8.727819e+00   1.668530e-21   3.817164e-03   3.732269e-23   5784
  8.740793e+00   1.518701e-21   3.518761e-03   3.803676e-23   4392
  8.754148e+00   1.563676e-21   3.451568e-03   3.804295e-23   4944
  8.768168e+00   1.590734e-21   4.069341e-03   3.678471e-23   4776
  8.781390e+00   1.550705e-21   3.914928e-03   3.755925e-23   5244
  8.795740e+00   1.478272e-21   3.908022e-03   3.550133e-23   4884
  8.807779e+00   1.346513e-21   3.314306e-03   3.114971e-23   4488
  8.821780e+00   1.307681e-21   3.938271e-03   2.798814e-23   5160
  8.835879e+00   1.467409e-21   4.009709e-03   3.305903e-23   5316
  8.849460e+00   1.169102e-21   4.054096e-03   2.374362e-23   4896
  8.862698e+00   1.405819e-21   3.766964e-03   3.339442e-23   4188
  8.876040e+00   1.323728e-21   4.108738e-03   3.380991e-23   4836
  8.889663e+00   1.385739e-21   4.075904e-03   3.090821e-23   5316
  8.903463e+00   1.170992e-21   3.772744e-03   2.507481e-23   4920
  8.916368e+00   1.293561e-21   3.800756e-03   3.037083e-23   4128
  8.930215e+00   1.158393e-21   4.088729e-03   2.291722e-23   5348
  8.943842e+00   1.224956e-21   3.547787e-03   2.763442e-23   4836
  8.956853e+00   1.221433e-21   3.822856e-03   2.869756e-23   4392
  8.970868e+00   1.147667e-21   3.358691e-03   2.412314e-23   4632
  8.983486e+00   1.140686e-21   3.752803e-03   2.728864e-23   4596
  8.997977e+00   1.177782e-21   3.773963e-03   2.510968e-23   5424
  9.012312e+00   1.042852e-21   3.884614e-03   2.160899e-23   5256
  9.027082e+00   1.034726e-21   3.945289e-03   2.117604e-23   4524
  9.039381e+00   1.013042e-21   3.752749e-03   2.202874e-23   4440
  9.053157e+00   1.088290e-21   3.209082e-03   2.545465e-23   4380
  9.066638e+00   1.016896e-21   4.199636e-03   2.067032e-23   4812
  9.080988e+00   1.013529e-21   4.171231e-03   2.176246e-23   5376
  9.094107e+00   9.000715e-22   3.331699e-03   1.956418e-23   3888
  9.106679e+00   9.909282e-22   3.815180e-03   2.096213e-23   4896
  9.120705e+00   9.868162e-22   4.025639e-03   2.058741e-23   4608
  9.135432e+00   9.335730e-22   3.799955e-03   1.925772e-23   4448
  9.148250e+00   8.905829e-22   3.922592e-03   1.901782e-23   4752
  9.161757e+00   9.382164e-22   4.108670e-03   2.150183e-23   4356
  9.175960e+00   8.602641e-22   3.953830e-03   1.663931e-23   5232
  9.190083e+00   8.781091e-22   3.984470e-03   1.984264e-23   4548
  9.203776e+00   8.733122e-22   3.873408e-03   1.850989e-23   4608
  9.217142e+00   8.770305e-22   3.518679e-03   2.061074e-23   3936
  9.229761e+00   8.053646e-22   4.205845e-03   1.806535e-23   4260
  9.243941e+00   7.943096e-22   3.770601e-03   1.555193e-23   5004
  9.256906e+00   8.417636e-22   3.725991e-03   1.788798e-23   4224
  9.271122e+00   7.545653e-22   4.025551e-03   1.456051e-23   4788
  9.284930e+00   7.892744e-22   4.233557e-03   1.650883e-23   4428
  9.298384e+00   7.284454e-22   3.537707e-03   1.635213e-23   4080
  9.311336e+00   7.292581e-22   3.868160e-03   1.608845e-23   4632
  9.324972e+00   7.298519e-22   4.022591e-03   1.497834e-23   4056
  9.339306e+00   7.088181e-22   3.787339e-03   1.453657e-23   4536
  9.352403e+00   7.560575e-22   3.862837e-03   1.486010e-23   4668
  9.366745e+00   6.831085e-22   4.140272e-03   1.454637e-23   4604
  9.380714e+00   6.887504e-22   3.720074e-03   1.551404e-23   4152
  9.393605e+00   6.488383e-22   3.605343e-03   1.370907e-23   4224
  9.407270e+00   6.462268e-22   3.466268e-03   1.367030e-23   4152
  9.420923e+00   6.276654e-22   3.931888e-03   1.323676e-23   4224
  9.434196e+00   5.686645e-22   3.636203e-03   1.149620e-23   3960
  9.446982e+00   6.414112e-22   3.752332e-03   1.265824e-23   4656
  9.460948e+00   6.332460e-22   4.048690e-03   1.368650e-23   4452
  9.475269e+00   6.060308e-22   4.116161e-03   1.235213e-23   4056
  9.488596e+00   5.746236e-22   4.078615e-03   1.219499e-23   4212
  9.502096e+00   6.368345e-22   3.389500e-03   1.545973e-23   3432
  9.515777e+00   5.515128e-22   4.336159e-03   1.017861e-23   5352
  9.529148e+00   5.256440e-22   3.175719e-03   1.129632e-23   3600
  9.543704e+00   5.331539e-22   3.502875e-03   1.117955e-23   4584
  9.556413e+00   5.611932e-22   3.492560e-03   1.263340e-23   3768
  9.569504e+00   5.474848e-22   3.728359e-03   1.258258e-23   3848
  9.582571e+00   5.193888e-22   3.418481e-03   1.199891e-23   3720
  9.597389e+00   4.912217e-22   4.290699e-03   1.011838e-23   4764
  9.610471e+00   4.931162e-22   3.455204e-03   1.019071e-23   3864
  9.623905e+00   4.772995e-22   4.279686e-03   9.932861e-24   4332
  9.638558e+00   5.041358e-22   3.653823e-03   1.178251e-23   3792
  9.651651e+00   5.076916e-22   4.144519e-03   1.115382e-23   4284
  9.665527e+00   4.730455e-22   3.924401e-03   1.090834e-23   3840
  9.678659e+00   4.622008e-22   3.735517e-03   1.186887e-23   3480
  9.691996e+00   4.341834e-22   4.168119e-03   8.846336e-24   4380
  9.706412e+00   4.913441e-22   3.915217e-03   1.033708e-23   4200
  9.720578e+00   4.061123e-22   3.763239e-03   7.963029e-24   4056
  9.733733e+00   3.786512e-22   3.782207e-03   8.034502e-24   3600
  9.746058e+00   4.303324e-22   3.768375e-03   1.039605e-23   3492
  9.760459e+00   4.312193e-22   4.400611e-03   9.317430e-24   4500
  9.775152e+00   4.056771e-22   3.855530e-03   9.326195e-24   3516
  9.787780e+00   3.791494e-22   4.030599e-03   7.908451e-24   3968
  9.801933e+00   3.579430e-22   3.873755e-03   8.055385e-24   3648
  9.814461e+00   3.822240e-22   3.704379e-03   7.898954e-24   4224
  9.828664e+00   3.588676e-22   4.157831e-03   8.166298e-24   3588
  9.841991e+00   3.753704e-22   3.835114e-03   8.602823e-24   3456
  9.855400e+00   3.704324e-22   3.406055e-03   8.741097e-24   3660
  9.869258e+00   3.459888e-22   3.738544e-03   7.591394e-24   3768
  9.882173e+00   3.612077e-22   3.780772e-03   8.053529e-24   3744
  9.896044e+00   3.245829e-22   4.150018e-03   7.440632e-24   4176
  9.910801e+00   3.577717e-22   3.827936e-03   8.309043e-24   3612
  9.922997e+00   3.189740e-22   4.159911e-03   7.335140e-24   3216
  9.936956e+00   3.233771e-22   4.021925e-03   7.935660e-24   3624
  9.950989e+00   3.083842e-22   3.781932e-03   7.079978e-24   3744
  9.964551e+00   2.962483e-22   4.035291e-03   7.211492e-24   3672
  9.977933e+00   2.866589e-22   3.659310e-03   6.431398e-24   3852
  9.991750e+00   2.889076e-22   3.766272e-03   6.935727e-24   3672
  1.000645e+01   2.961567e-22   3.669608e-03   7.409850e-24   3248
  1.001872e+01   2.695345e-22   3.756103e-03   6.666334e-24   3336
  1.003212e+01   2.636554e-22   3.823377e-03   6.858639e-24   3576
  1.004582e+01   2.557746e-22   3.245703e-03   5.980047e-24   3336
  1.005978e+01   2.786593e-22   3.855326e-03   6.152936e-24   3936
  1.007355e+01   2.648451e-22   4.106031e-03   6.813937e-24   3408
  1.008721e+01   2.711741e-22   3.617479e-03   6.624723e-24   3336
  1.010048e+01   2.067870e-22   4.063257e-03   4.843472e-24   3312
  1.011375e+01   2.263376e-22   4.114093e-03   5.238346e-24   3432
  1.012788e+01   2.448482e-22   3.566754e-03   6.053839e-24   3144
  1.014078e+01   2.293505e-22   3.872067e-03   5.421348e-24   3456
  1.015528e+01   2.167369e-22   3.721500e-03   5.355094e-24   3792
  1.016839e+01   1.929979e-22   3.655557e-03   5.380168e-24   2868
  1.018255e+01   2.107023e-22   3.787143e-03   5.166817e-24   3888
  1.019578e+01   1.956584e-22   3.288419e-03   5.242499e-24   2784
  1.020881e+01   2.103867e-22   3.755468e-03   6.111687e-24   2964
  1.022304e+01   1.971090e-22   3.867395e-03   5.050107e-24   3432
  1.023659e+01   1.816884e-22   4.003143e-03   4.528579e-24   3416
  1.025029e+01   2.091500e-22   4.279009e-03   5.647612e-24   3528
  1.026432e+01   1.748843e-22   3.434210e-03   4.728092e-24   2904
  1.027673e+01   1.741225e-22   3.850756e-03   4.509444e-24   3072
  1.029117e+01   1.801276e-22   4.324841e-03   5.109172e-24   3216
  1.030559e+01   1.761642e-22   3.502662e-03   4.873796e-24   2844
  1.031826e+01   1.596224e-22   4.008153e-03   4.099684e-24   3432
  1.033126e+01   1.535949e-22   3.221608e-03   4.306756e-24   2880
  1.034579e+01   1.595263e-22   4.267481e-03   3.957846e-24   3576
  1.035947e+01   1.364738e-22   3.814530e-03   3.717516e-24   2700
  1.037258e+01   1.414042e-22   4.284663e-03   3.768837e-24   3000
  1.038630e+01   1.262941e-22   3.557547e-03   4.098152e-24   2556
  1.039962e+01   1.291274e-22   3.812983e-03   3.319874e-24   3360
  1.041340e+01   1.328924e-22   3.704919e-03   3.505033e-24   3120
  1.042824e+01   1.340940e-22   4.361864e-03   3.598583e-24   3216
  1.044102e+01   1.351446e-22   3.076304e-03   4.194794e-24   2628
  1.045538e+01   1.150428e-22   4.066431e-03   3.401552e-24   3200
  1.046849e+01   1.195109e-22   3.836286e-03   4.163416e-24   2232
  1.048172e+01   1.006839e-22   4.379000e-03   3.018273e-24   3108
  1.049489e+01   1.226180e-22   3.846700e-03   3.473754e-24   2604
  1.050838e+01   1.175643e-22   4.143983e-03   3.484574e-24   3096
  1.052321e+01   1.026351e-22   3.775712e-03   3.122413e-24   3084
  1.053608e+01   8.949567e-23   3.853056e-03   3.025472e-24   2664
  1.054934e+01   9.795110e-23   3.397791e-03   3.244742e-24   2232
  1.056233e+01   7.453600e-23   4.185566e-03   2.645922e-24   2808
  1.057656e+01   9.222112e-23   3.953914e-03   2.854416e-24   2592
  1.058985e+01   9.289889e-23   4.059168e-03   2.777546e-24   2952
  1.060381e+01   7.627446e-23   3.832353e-03   2.721149e-24   2772
  1.061738e+01   8.136951e-23   4.121455e-03   2.953905e-24   3036
  1.063158e+01   7.338962e-23   3.997831e-03   2.780384e-24   2136
  1.064453e+01   6.964216e-23   3.188280e-03   2.612212e-24   2496
  1.065782e+01   7.079176e-23   4.246551e-03   2.519808e-24   2228
  1.067168e+01   6.312005e-23   3.959147e-03   1.927943e-24   3048
  1.068548e+01   6.703570e-23   3.781893e-03   2.552047e-24   2676
  1.069919e+01   5.984279e-23   3.767600e-03   1.960659e-24   2784
  1.071230e+01   6.175776e-23   3.660231e-03   2.544495e-24   1920
  1.072544e+01   4.142978e-23   3.906352e-03   1.501899e-24   2400
  1.073968e+01   5.184530e-23   3.582931e-03   2.114230e-24   2532
  1.075441e+01   4.782106e-23   3.979779e-03   1.865375e-24   2544
  1.076766e+01   5.105204e-23   4.163389e-03   1.669397e-24   2772
  1.078071e+01   4.452164e-23   3.899689e-03   1.938154e-24   2160
  1.079368e+01   4.248039e-23   4.200336e-03   1.647036e-24   2304
  1.080867e+01   3.992175e-23   4.110246e-03   1.732154e-24   2328
  1.082212e+01   3.210910e-23   3.940858e-03   1.529513e-24   2304
  1.083458e+01   3.738446e-23   3.726627e-03   1.772449e-24   1908
  1.084874e+01   3.765154e-23   4.167993e-03   1.341109e-24   2736
  1.086239e+01   3.144395e-23   3.949170e-03   1.142085e-24   2448
  1.087690e+01   3.301098e-23   3.692261e-03   1.423954e-24   2040
  1.089004e+01   2.095376e-23   3.844396e-03   9.574560e-25   2120
  1.090267e+01   2.132112e-23   3.187394e-03   9.836268e-25   2040
  1.091626e+01   1.986231e-23   3.954536e-03   1.007707e-24   2208
  1.093164e+01   2.192126e-23   3.550574e-03   9.218261e-25   2208
  1.094410e+01   2.544760e-23   3.934714e-03   1.021011e-24   2196
  1.095698e+01   1.419090e-23   3.461225e-03   7.902590e-25   1848
  1.097008e+01   1.779835e-23   3.925487e-03   7.651803e-25   2124
  1.098474e+01   1.349631e-23   4.117751e-03   6.642307e-25   2328
  1.099905e+01   1.312762e-23   4.192229e-03   6.128209e-25   1920
  1.101296e+01   1.131811e-23   3.848418e-03   6.587674e-25   1548
  1.102533e+01   1.254528e-23   4.221595e-03   5.504530e-25   2388
  1.103993e+01   1.077444e-23   3.906588e-03   4.849690e-25   2160
  1.105330e+01   9.219123e-24   3.555737e-03   5.215096e-25   1704
  1.106610e+01   7.610351e-24   4.005852e-03   4.496564e-25   1776
  1.107822e+01   6.074556e-24   3.746969e-03   3.219206e-25   1800
  1.109354e+01   7.921135e-24   4.325530e-03   4.040167e-25   1700
  1.110784e+01   5.286716e-24   3.894621e-03   2.903937e-25   2292
  1.112117e+01   6.007158e-24   3.615364e-03   3.526315e-25   1704
  1.113374e+01   4.981141e-24   4.042583e-03   2.689169e-25   1728
  1.114751e+01   3.339568e-24   3.741502e-03   2.111237e-25   1728
  1.116101e+01   4.023941e-24   3.737983e-03   1.991019e-25   1680
  1.117537e+01   2.569795e-24   4.306268e-03   1.826526e-25   1704
  1.118967e+01   1.857019e-24   3.381709e-03   1.402161e-25   1752
  1.120245e+01   2.471478e-24   4.020210e-03   1.726749e-25   1872
  1.121629e+01   2.520099e-24   3.940248e-03   1.547859e-25   1500
  1.123032e+01   1.246989e-24   3.450264e-03   8.998170e-26   1656
  1.124395e+01   8.413671e-25   3.699339e-03   4.859743e-26   1464
  1.125606e+01   1.025692e-24   3.240250e-03   6.874632e-26   1488
  1.127092e+01   6.304713e-25   3.910741e-03   3.562260e-26   1680
  1.128450e+01   8.465869e-25   4.085744e-03   4.881882e-26   1692
  1.129720e+01   6.917523e-25   3.912307e-03   4.005855e-26   1128
  1.131130e+01   5.001217e-25   3.767213e-03   2.737247e-26   1536
  1.132506e+01   3.414488e-25   3.926941e-03   2.069470e-26   1616
  1.133898e+01   3.400893e-25   3.786801e-03   1.726118e-26   1476
  1.135302e+01   2.249645e-25   4.167468e-03   1.239365e-26   1176
  1.136555e+01   2.549653e-25   4.477500e-03   1.228507e-26   1656
  1.137919e+01   3.553034e-25   3.933069e-03   4.623134e-26   891
  1.139326e+01   2.155199e-25   4.192686e-03   2.076945e-26   1596
  1.140696e+01   2.020992e-25   3.656134e-03   1.275136e-26   1422
  1.142048e+01   1.705731e-25   3.505987e-03   8.151904e-27   1254
  1.143319e+01   1.162292e-25   3.581765e-03   6.372898e-27   918
  1.144682e+01   1.511135e-25   3.920026e-03   6.430301e-27   1614
  1.146054e+01   1.358836e-25   3.386171e-03   8.221373e-27   798
  1.147418e+01   1.232955e-25   4.340669e-03   5.878195e-27   1458
  1.148802e+01   1.198223e-25   3.974605e-03   4.590304e-27   1374
  1.150169e+01   9.721502e-26   3.394577e-03   4.772590e-27   984
  1.151525e+01   1.170705e-25   4.670468e-03   8.291495e-27   1062
  1.152907e+01   1.199082e-25   3.959103e-03   4.506862e-27   1246
  1.154249e+01   7.173911e-26   3.671067e-03   2.938642e-27   1072
  1.155682e+01   7.102635e-26   3.975530e-03   3.327514e-27   1110
  1.157007e+01   8.583515e-26   4.306909e-03   3.370686e-27   1254
  1.158399e+01   7.536947e-26   4.087484e-03   3.611201e-27   1032
  1.159916e+01   7.779599e-26   3.787024e-03   4.529867e-27   786
  1.161070e+01   7.547346e-26   3.882517e-03   2.695080e-27   1152
  1.162421e+01   6.916179e-26   4.231557e-03   2.840613e-27   1086
  1.163828e+01   5.286456e-26   3.817809e-03   2.162551e-27   912
  1.165129e+01   8.240095e-26   3.826999e-03   3.497611e-27   1062
  1.166457e+01   6.338530e-26   3.814594e-03   2.671194e-27   912
  1.167991e+01   5.778143e-26   4.258338e-03   2.529434e-27   750
  1.169187e+01   6.484220e-26   4.102940e-03   2.217212e-27   1200
  1.170571e+01   5.658457e-26   3.715535e-03   2.416646e-27   918
  1.171947e+01   4.942923e-26   3.856601e-03   1.972312e-27   876
  1.173345e+01   6.538917e-26   3.369895e-03   3.035938e-27   870
  1.174569e+01   5.196875e-26   3.930446e-03   2.136960e-27   768
  1.176004e+01   3.975764e-26   3.602462e-03   1.644464e-27   830
  1.177333e+01   4.898070e-26   3.729870e-03   1.595883e-27   1080
  1.178709e+01   5.145352e-26   4.196592e-03   2.090574e-27   840
  1.180097e+01   5.042550e-26   4.040856e-03   2.155292e-27   798
  1.181670e+01   5.253689e-26   3.207290e-03   2.119326e-27   792
  1.182890e+01   5.062795e-26   3.740740e-03   4.028913e-27   726
  1.184171e+01   3.801368e-26   4.191707e-03   1.517853e-27   864
  1.185573e+01   4.158344e-26   3.588004e-03   1.753830e-27   900
  1.186995e+01   4.061244e-26   3.987579e-03   1.870491e-27   726
  1.188214e+01   4.088895e-26   3.451076e-03   2.094747e-27   576
  1.189842e+01   4.182419e-26   3.591459e-03   1.580218e-27   840
  1.190986e+01   3.613918e-26   3.728159e-03   1.521125e-27   750
  1.192343e+01   3.246140e-26   3.739480e-03   1.302694e-27   720
  1.193622e+01   3.569151e-26   3.783051e-03   1.719083e-27   702
  1.195116e+01   3.653848e-26   4.131600e-03   1.441099e-27   696
  1.196345e+01   3.779230e-26   3.694940e-03   1.778429e-27   480
  1.197794e+01   3.291775e-26   3.501108e-03   1.380093e-27   830
  1.199077e+01   3.703610e-26   4.072924e-03   1.472647e-27   756
  1.200515e+01   3.426414e-26   3.910723e-03   1.451553e-27   624
  1.201783e+01   3.092848e-26   4.132228e-03   1.340226e-27   582
  1.203283e+01   3.347680e-26   3.171578e-03   1.544610e-27   576
  1.204580e+01   3.000276e-26   4.247779e-03   1.197707e-27   624
  1.205910e+01   2.752901e-26   3.469160e-03   1.085830e-27   702
  1.207227e+01   3.002602e-26   3.990462e-03   1.426602e-27   624
  1.208791e+01   3.088416e-26   3.860504e-03   1.279378e-27   672
  1.210064e+01   2.521502e-26   2.889949e-03   1.411326e-27   342
  1.211463e+01   2.950506e-26   3.612817e-03   1.329877e-27   660
  1.212750e+01   2.670470e-26   3.713819e-03   1.320386e-27   576
  1.214078e+01   2.570708e-26   3.610581e-03   1.171311e-27   600
  1.215420e+01   2.796737e-26   4.176133e-03   1.224353e-27   510
  1.216931e+01   2.804907e-26   3.912411e-03   1.162931e-27   600
  1.218096e+01   2.392646e-26   3.116086e-03   1.783092e-27   216
  1.219452e+01   2.587458e-26   3.792817e-03   9.230326e-28   758
  1.221033e+01   2.261440e-26   4.152329e-03   1.242825e-27   576
  1.222419e+01   2.851524e-26   3.525214e-03   1.242071e-27   528
  1.223670e+01   2.597005e-26   2.427615e-03   2.240809e-27   318
  1.225013e+01   2.653489e-26   4.193726e-03   1.242746e-27   540
  1.226602e+01   1.676204e-26   2.964901e-03   8.624277e-28   384
  1.227678e+01   2.300411e-26   4.096461e-03   9.813357e-28   576
  1.229079e+01   2.083515e-26   3.347568e-03   1.153939e-27   414
  1.230405e+01   2.756567e-26   3.738140e-03   1.272406e-27   504
  1.231820e+01   2.227589e-26   4.103605e-03   1.285442e-27   312
  1.233179e+01   2.240939e-26   3.717916e-03   1.143879e-27   414
  1.234528e+01   1.679077e-26   3.434758e-03   8.217665e-28   432
  1.235783e+01   1.884628e-26   4.548844e-03   1.017692e-27   504
  1.237236e+01   2.141760e-26   4.381048e-03   1.135959e-27   432
  1.238596e+01   2.128707e-26   3.588736e-03   1.009233e-27   354
  1.239982e+01   2.133926e-26   5.222048e-03   1.819017e-27   200
  1.241170e+01   1.910209e-26   3.705212e-03   9.811483e-28   480
  1.242776e+01   1.807828e-26   4.234016e-03   7.986800e-28   552
  1.244249e+01   1.821873e-26   2.637454e-03   1.052755e-27   366
  1.245384e+01   1.648292e-26   2.807703e-03   1.204065e-27   240
  1.246633e+01   2.238034e-26   3.925282e-03   1.304161e-27   288
  1.248391e+01   1.470474e-26   2.697682e-03   8.324550e-28   366
  1.249528e+01   1.715318e-26   4.373795e-03   8.968770e-28   408
  1.250797e+01   2.170880e-26   3.287965e-03   1.228806e-27   360
  1.252110e+01   1.776439e-26   3.064933e-03   9.897265e-28   324
  1.253383e+01   1.725531e-26   3.619784e-03   1.224069e-27   174
  1.254899e+01   1.727683e-26   4.158623e-03   1.100816e-27   264
  1.256323e+01   1.455146e-26   3.792868e-03   6.649157e-28   456
  1.257742e+01   1.616176e-26   3.813877e-03   8.003238e-28   360
  1.258909e+01   1.817470e-26   4.201352e-03   1.388076e-27   270
  1.260339e+01   1.553734e-26   4.595030e-03   1.006106e-27   240
  1.262129e+01   2.410846e-26   3.348535e-03   2.778815e-27   120
  1.263009e+01   1.365692e-26   3.495757e-03   6.862272e-28   320
  1.264430e+01   1.579696e-26   4.325399e-03   6.763820e-28   462
  1.265918e+01   1.695619e-26   2.516547e-03   1.192246e-27   276
  1.267211e+01   1.423863e-26   2.854984e-03   1.064918e-27   144
  1.268457e+01   1.607832e-26   2.998289e-03   1.256524e-27   120
  1.270112e+01   1.276227e-26   2.270494e-03   7.315629e-28   294
  1.271363e+01   1.393189e-26   4.027978e-03   6.646210e-28   384
  1.272531e+01   1.257720e-26   2.666495e-03   7.545816e-28   216
  1.273648e+01   1.321370e-26   2.476291e-03   1.063759e-27   168
  1.274910e+01   1.624086e-26   2.946391e-03   2.082129e-27   102
  1.276735e+01   1.309248e-26   4.470257e-03   1.060182e-27   168
  1.278014e+01   1.361798e-26   3.912551e-03   7.140552e-28   384
  1.279417e+01   1.436095e-26   3.975249e-03   8.868586e-28   300
  1.280722e+01   1.950991e-26   4.256630e-03   1.595331e-27   144
  1.282194e+01   1.423448e-26   4.359391e-03   1.466628e-27   102
  1.283959e+01   1.533283e-26   1.031965e-03   1.898731e-27   56
  1.284805e+01   1.128363e-26   3.359809e-03   7.785247e-28   288
  1.286132e+01   1.327585e-26   4.372359e-03   7.320860e-28   360
  1.287576e+01   1.521660e-26   2.345472e-03   2.037775e-27   126
  1.288793e+01   1.707747e-26   1.155171e-03   1.678474e-27   72
  1.290120e+01   8.508757e-27   6.120115e-04   1.050625e-27   48
  1.291851e+01   1.265320e-26   2.475877e-03   7.646144e-28   240
  1.292989e+01   1.152449e-26   3.673549e-03   5.875260e-28   306
  1.294153e+01   1.525706e-26   2.041676e-03   1.295157e-27   120
  1.295495e+01   1.574940e-26   5.024838e-03   1.278293e-27   96
  1.296469e+01   1.164188e-26   0.000000e+00   2.655616e-27   24
  1.298660e+01   1.175066e-26   4.351382e-03   9.269737e-28   120
  1.299733e+01   1.202979e-26   3.763148e-03   8.348399e-28   318
  1.301046e+01   1.029350e-26   4.021435e-03   8.852500e-28   168
  1.302485e+01   1.004711e-26   4.315451e-03   1.415912e-27   72
  1.304060e+01   2.072411e-26   0.000000e+00   3.238732e-27   24
  1.305754e+01   8.039360e-27   2.094735e-03   1.531284e-27   14
  1.306560e+01   1.091200e-26   3.303864e-03   6.284008e-28   288
  1.307812e+01   1.278417e-26   3.974728e-03   8.456958e-28   204
  1.309257e+01   9.239724e-27   6.030662e-04   1.102763e-27   48
  1.310402e+01   1.188250e-26   0.000000e+00   1.903340e-27   24
  1.311727e+01   1.790572e-26   0.000000e+00   5.720083e-27   6
  1.313632e+01   1.041451e-26   2.470146e-03   7.473288e-28   216
  1.314613e+01   1.004575e-26   3.289558e-03   7.077808e-28   192
  1.315814e+01   1.160632e-26   6.000610e-04   1.388631e-27   48
  1.317073e+01   1.340494e-26   4.794588e-03   2.131574e-27   30
  1.320635e+01   8.561273e-27   9.914737e-04   5.929258e-28   96
  1.321367e+01   1.083436e-26   3.248800e-03   7.008689e-28   228
  1.322756e+01   1.252488e-26   4.248394e-03   1.230787e-27   72
  1.324426e+01   1.336957e-26   0.000000e+00   3.290601e-27   6
  1.328230e+01   9.977655e-27   3.207767e-03   6.670143e-28   248
  1.329444e+01   1.158597e-26   3.671457e-03   1.113904e-27   72
  1.330909e+01   1.926504e-26   2.034505e-07   8.149484e-27   6
  1.335335e+01   8.170017e-27   2.279484e-03   5.885511e-28   180
  1.336217e+01   8.348517e-27   3.101597e-03   1.134228e-27   72
  1.337477e+01   9.189973e-27   0.000000e+00   5.842298e-28   6
  1.342398e+01   1.041138e-26   9.753997e-04   1.125038e-27   96
  1.342986e+01   9.143615e-27   2.677881e-03   8.622654e-28   96
  1.344132e+01   3.765509e-27   0.000000e+00   6.400267e-28   6
  1.349818e+01   9.791075e-27   2.562939e-03   8.053034e-28   140
  1.350870e+01   9.487850e-27   0.000000e+00   2.328195e-27   6
  1.356964e+01   1.035049e-26   1.721129e-03   1.236462e-27   96
  1.357692e+01   6.754438e-27   0.000000e+00   1.721960e-27   6
  1.364131e+01   7.861216e-27   1.035401e-03   1.212281e-27   60
  1.364594e+01   9.187033e-27   0.000000e+00   4.149175e-27   6
  1.371360e+01   1.043452e-26   1.049683e-03   1.243231e-27   38
  1.378564e+01   1.055000e-26   5.399836e-04   2.278712e-27   18
  1.385781e+01   3.902077e-27   2.034505e-07   1.510403e-27   6
