# power spectrum of phi
# redshift z=0.787578
# k              Pk             sigma(k)       sigma(Pk)      count
  1.256637e-01   3.418021e-11   0.000000e+00   1.372597e-11   6
  1.777153e-01   8.810678e-12   0.000000e+00   1.824244e-12   12
  2.176559e-01   3.860100e-12   2.384186e-09   1.027866e-12   8
  2.513274e-01   1.010645e-11   0.000000e+00   1.587607e-12   6
  2.809926e-01   5.617946e-12   4.495664e-09   1.651290e-12   24
  3.078120e-01   6.367328e-12   4.495664e-09   1.313207e-12   24
  3.554306e-01   1.691061e-12   0.000000e+00   3.057806e-13   12
  3.769911e-01   2.250236e-12   5.086263e-09   2.511498e-13   30
  3.973835e-01   1.978257e-12   0.000000e+00   2.822057e-13   24
  4.167794e-01   2.504012e-12   7.786718e-09   5.316221e-13   24
  4.353118e-01   8.989683e-13   4.768372e-09   1.060501e-13   8
  4.530869e-01   1.257431e-12   6.357829e-09   3.110860e-13   24
  4.701905e-01   1.451639e-12   0.000000e+00   2.884117e-13   48
  5.026548e-01   3.846709e-13   0.000000e+00   1.228959e-13   6
  5.181247e-01   1.179136e-12   6.357829e-09   1.566661e-13   48
  5.331460e-01   8.149671e-13   5.994218e-09   1.476757e-13   36
  5.477554e-01   1.208492e-12   6.357829e-09   2.371213e-13   24
  5.619852e-01   8.684063e-13   8.991328e-09   1.390520e-13   24
  5.758634e-01   1.023180e-12   0.000000e+00   1.526276e-13   48
  5.894150e-01   7.990724e-13   8.991328e-09   1.418011e-13   24
  6.156239e-01   6.861382e-13   8.991328e-09   1.140411e-13   24
  6.283185e-01   4.295250e-13   0.000000e+00   8.671843e-14   30
  6.407617e-01   7.092117e-13   0.000000e+00   7.455513e-14   72
  6.529678e-01   5.079426e-13   9.536743e-09   1.380485e-13   32
  6.767198e-01   6.084705e-13   0.000000e+00   5.701005e-14   72
  6.882885e-01   4.400514e-13   0.000000e+00   7.079203e-14   48
  7.108613e-01   3.942617e-13   0.000000e+00   1.368103e-13   12
  7.273110e-01   4.642347e-13   5.427997e-03   4.300441e-14   96
  7.434365e-01   5.369424e-13   8.991328e-09   6.142045e-14   48
  7.539822e-01   6.666463e-13   1.017253e-08   1.003389e-13   30
  7.720780e-01   4.853140e-13   4.442982e-03   5.352183e-14   96
  7.947671e-01   2.708805e-13   0.000000e+00   5.198600e-14   24
  8.078915e-01   3.098256e-13   4.597878e-03   2.492808e-14   144
  8.240320e-01   2.995335e-13   1.557344e-08   2.392194e-14   24
  8.406230e-01   4.311874e-13   4.078565e-03   3.668387e-14   96
  8.522927e-01   3.421734e-13   0.000000e+00   5.325193e-14   48
  8.784818e-01   3.080265e-13   3.024579e-03   3.454105e-14   62
  8.917918e-01   3.197890e-13   4.253298e-03   2.338344e-14   132
  9.061739e-01   1.987877e-13   1.271566e-08   3.069431e-14   24
  9.197543e-01   3.283887e-13   4.251090e-03   2.590623e-14   168
  9.445606e-01   3.098864e-13   4.179554e-03   2.591541e-14   96
  9.631875e-01   2.532978e-13   3.557186e-03   2.603391e-14   96
  9.860433e-01   2.442148e-13   3.964957e-03   1.734118e-14   168
  1.005310e+00   3.099151e-13   0.000000e+00   6.915744e-14   6
  1.013133e+00   2.339135e-13   0.000000e+00   1.938832e-14   96
  1.022438e+00   2.533702e-13   3.081996e-03   2.276533e-14   120
  1.041311e+00   2.204593e-13   3.578749e-03   2.101822e-14   144
  1.051378e+00   2.787982e-13   0.000000e+00   4.532130e-14   48
  1.070509e+00   2.000611e-13   3.651792e-03   2.148471e-14   84
  1.081000e+00   2.501208e-13   2.491750e-08   2.251809e-14   120
  1.090449e+00   2.012841e-13   3.313740e-03   1.818111e-14   80
  1.105074e+00   1.872824e-13   3.364535e-03   1.592518e-14   144
  1.123970e+00   2.280578e-13   1.798266e-08   4.124934e-14   24
  1.133201e+00   1.930608e-13   3.246628e-03   1.453184e-14   150
  1.147601e+00   1.871377e-13   3.368559e-03   1.615979e-14   120
  1.163416e+00   2.248529e-13   3.069733e-03   1.560241e-14   168
  1.178830e+00   1.526182e-13   1.798266e-08   2.731296e-14   24
  1.188528e+00   1.622347e-13   3.307029e-03   1.001920e-14   264
  1.198755e+00   1.627722e-13   1.798266e-08   1.751214e-14   48
  1.216189e+00   1.672886e-13   3.063158e-03   1.394557e-14   144
  1.235512e+00   1.541245e-13   3.015167e-03   1.709194e-14   72
  1.246540e+00   1.722910e-13   3.101478e-03   1.033371e-14   180
  1.261955e+00   1.295131e-13   2.247234e-03   1.134320e-14   198
  1.269141e+00   1.296438e-13   0.000000e+00   1.739102e-14   48
  1.285036e+00   1.427055e-13   3.041694e-03   1.249785e-14   168
  1.296831e+00   1.318863e-13   3.044222e-03   1.113268e-14   144
  1.314676e+00   1.302503e-13   4.277300e-03   7.916969e-15   248
  1.338772e+00   1.245776e-13   2.948852e-03   7.811901e-15   192
  1.355181e+00   1.306903e-13   4.554933e-03   1.032766e-14   240
  1.365057e+00   1.150750e-13   0.000000e+00   1.367237e-14   72
  1.380120e+00   1.150957e-13   2.779615e-03   1.136576e-14   126
  1.389623e+00   1.291272e-13   2.564571e-03   1.030951e-14   168
  1.407767e+00   1.246999e-13   2.804328e-03   7.216615e-15   288
  1.426839e+00   1.029834e-13   1.476986e-03   8.807217e-15   156
  1.436715e+00   1.137275e-13   2.484720e-03   8.481615e-15   168
  1.451693e+00   1.057842e-13   4.259613e-03   6.248004e-15   264
  1.465478e+00   1.209768e-13   0.000000e+00   1.180184e-14   48
  1.475722e+00   1.114780e-13   4.239347e-03   7.501418e-15   264
  1.490407e+00   9.473710e-14   2.498827e-03   6.727015e-15   144
  1.501498e+00   9.379111e-14   5.112474e-03   9.615213e-15   78
  1.517654e+00   1.013134e-13   3.323319e-03   5.631301e-15   336
  1.532889e+00   1.109211e-13   2.528505e-03   8.209526e-15   200
  1.542895e+00   1.113273e-13   4.950846e-03   9.677602e-15   192
  1.556403e+00   1.045322e-13   2.484459e-03   6.368366e-15   240
  1.568812e+00   9.554059e-14   4.979003e-03   7.877816e-15   168
  1.581561e+00   9.344193e-14   3.986332e-03   7.999737e-15   120
  1.596873e+00   1.061142e-13   3.115666e-03   5.420449e-15   324
  1.611730e+00   8.795118e-14   2.449443e-03   5.880339e-15   192
  1.621842e+00   9.234401e-14   4.392943e-03   6.527847e-15   168
  1.639042e+00   8.922184e-14   3.618152e-03   4.312289e-15   342
  1.654551e+00   9.262792e-14   2.913340e-03   4.899793e-15   336
  1.670270e+00   8.206977e-14   2.229470e-03   8.848263e-15   72
  1.680871e+00   9.115772e-14   3.565739e-03   5.497207e-15   288
  1.693176e+00   8.213051e-14   2.322255e-03   6.010681e-15   264
  1.710363e+00   7.105682e-14   3.054338e-03   3.344384e-15   384
  1.725757e+00   8.001333e-14   3.666000e-03   5.791890e-15   240
  1.732155e+00   8.753316e-14   0.000000e+00   9.916394e-15   48
  1.750659e+00   7.500500e-14   3.000861e-03   3.462108e-15   392
  1.764776e+00   7.454819e-14   3.293295e-03   3.854295e-15   294
  1.779956e+00   7.296862e-14   2.140470e-03   4.385516e-15   228
  1.789939e+00   9.382879e-14   3.250617e-03   5.865828e-15   216
  1.802361e+00   6.887730e-14   1.980050e-03   3.727083e-15   336
  1.817567e+00   7.140509e-14   2.352625e-03   3.907616e-15   360
  1.830119e+00   6.414328e-14   3.584392e-03   4.273137e-15   240
  1.843199e+00   6.788193e-14   4.241157e-03   4.880307e-15   168
  1.855399e+00   6.627279e-14   3.338306e-03   3.212866e-15   312
  1.869935e+00   6.118652e-14   2.089228e-03   3.108714e-15   336
  1.885637e+00   5.979139e-14   2.850095e-03   3.144462e-15   294
  1.897477e+00   6.406590e-14   3.798594e-03   3.881732e-15   288
  1.906536e+00   5.963967e-14   2.376907e-03   3.542292e-15   264
  1.922691e+00   5.559914e-14   4.082916e-03   2.249025e-15   480
  1.936199e+00   5.936653e-14   1.997349e-03   3.897097e-15   240
  1.952759e+00   5.648877e-14   2.019671e-03   3.712914e-15   276
  1.965824e+00   5.133333e-14   4.433576e-03   2.374823e-15   488
  1.981346e+00   5.305271e-14   1.952641e-03   3.732830e-15   240
  1.990355e+00   6.658307e-14   3.791527e-03   3.307896e-15   360
  2.002988e+00   5.679421e-14   1.348968e-03   3.675109e-15   198
  2.019235e+00   5.341196e-14   4.558217e-03   2.114619e-15   480
  2.031131e+00   5.400700e-14   1.682460e-03   3.671414e-15   288
  2.047583e+00   5.120246e-14   3.556337e-03   2.297620e-15   480
  2.062377e+00   4.676534e-14   2.191154e-03   2.017284e-15   480
  2.077570e+00   4.801071e-14   2.833894e-03   3.073551e-15   288
  2.087050e+00   4.844095e-14   3.023242e-03   2.862850e-15   288
  2.101959e+00   5.158944e-14   5.255912e-03   2.497907e-15   456
  2.116971e+00   4.539031e-14   4.949844e-03   2.423248e-15   360
  2.126650e+00   4.503821e-14   2.967082e-03   3.359744e-15   180
  2.140657e+00   4.621960e-14   3.231514e-03   2.362352e-15   486
  2.154854e+00   5.053163e-14   4.298953e-03   2.392499e-15   504
  2.169289e+00   4.689020e-14   3.340070e-03   2.079175e-15   456
  2.181258e+00   4.511243e-14   2.775009e-03   2.197485e-15   296
  2.197072e+00   4.555481e-14   2.738289e-03   1.890160e-15   528
  2.208965e+00   3.934162e-14   2.701981e-03   2.307573e-15   336
  2.226481e+00   4.094843e-14   2.997004e-03   1.659505e-15   600
  2.239302e+00   4.629894e-14   1.755804e-03   2.460078e-15   264
  2.252151e+00   3.684273e-14   1.898694e-03   2.070643e-15   360
  2.265266e+00   4.147629e-14   3.801372e-03   1.611658e-15   630
  2.279717e+00   3.904350e-14   1.962233e-03   2.024297e-15   432
  2.292537e+00   3.981819e-14   3.780726e-03   2.100767e-15   408
  2.308272e+00   3.971745e-14   2.509414e-03   1.953284e-15   324
  2.319978e+00   3.847613e-14   3.576222e-03   1.529637e-15   744
  2.334098e+00   3.901082e-14   2.858952e-03   2.012213e-15   336
  2.347588e+00   4.300613e-14   3.930328e-03   1.780368e-15   528
  2.362382e+00   3.484334e-14   2.005373e-03   1.501782e-15   408
  2.372191e+00   3.728414e-14   3.413147e-03   2.092311e-15   408
  2.388397e+00   3.895182e-14   2.817663e-03   1.716012e-15   470
  2.400201e+00   3.499793e-14   3.384925e-03   1.428716e-15   528
  2.416685e+00   3.440145e-14   2.820560e-03   1.241105e-15   624
  2.428827e+00   3.546048e-14   2.146180e-03   1.616392e-15   504
  2.441353e+00   3.357027e-14   2.989469e-03   1.434484e-15   552
  2.453777e+00   3.061358e-14   1.453231e-03   1.661831e-15   336
  2.469334e+00   3.343866e-14   3.093356e-03   1.548302e-15   528
  2.481386e+00   3.505580e-14   3.521844e-03   1.470781e-15   564
  2.495502e+00   3.147728e-14   3.241487e-03   1.379164e-15   528
  2.510806e+00   2.854284e-14   5.032507e-03   1.108661e-15   582
  2.524724e+00   3.538395e-14   3.874271e-03   1.432790e-15   624
  2.536896e+00   3.049337e-14   4.429036e-03   1.478341e-15   432
  2.551418e+00   2.953359e-14   4.926531e-03   1.004424e-15   816
  2.566361e+00   2.905182e-14   2.245292e-03   1.464834e-15   312
  2.576137e+00   3.049877e-14   3.638994e-03   1.490833e-15   552
  2.591900e+00   2.968303e-14   2.291924e-03   1.135768e-15   744
  2.603321e+00   3.054603e-14   2.141123e-03   1.630500e-15   408
  2.618061e+00   2.856860e-14   3.068323e-03   1.207728e-15   632
  2.633374e+00   3.047591e-14   5.210791e-03   1.171285e-15   750
  2.645831e+00   2.782061e-14   3.584637e-03   1.650198e-15   312
  2.659713e+00   2.838186e-14   5.292216e-03   9.259194e-16   876
  2.673443e+00   2.767303e-14   3.455503e-03   1.152482e-15   552
  2.688914e+00   2.533257e-14   2.857688e-03   9.046320e-16   696
  2.699453e+00   2.916319e-14   3.154346e-03   1.340988e-15   576
  2.713796e+00   2.600769e-14   3.339693e-03   1.076575e-15   576
  2.726037e+00   2.717493e-14   4.475199e-03   1.151417e-15   648
  2.740832e+00   2.635708e-14   4.479393e-03   9.254158e-16   672
  2.757165e+00   2.486745e-14   1.899992e-03   1.161347e-15   480
  2.767620e+00   2.449019e-14   2.942368e-03   8.020299e-16   726
  2.781081e+00   2.495491e-14   3.334085e-03   7.961690e-16   792
  2.795661e+00   2.532521e-14   4.625257e-03   8.868814e-16   768
  2.811027e+00   2.424154e-14   3.780047e-03   9.379033e-16   672
  2.825116e+00   2.215362e-14   2.535576e-03   8.787174e-16   608
  2.835316e+00   2.313538e-14   2.434230e-03   9.358791e-16   624
  2.849867e+00   2.243934e-14   3.163261e-03   8.424703e-16   684
  2.864019e+00   2.378755e-14   4.672505e-03   8.464552e-16   768
  2.877191e+00   2.384975e-14   3.735635e-03   9.220578e-16   744
  2.892886e+00   2.349536e-14   2.352178e-03   8.297731e-16   750
  2.904325e+00   2.045835e-14   3.496199e-03   8.225999e-16   600
  2.916695e+00   2.289305e-14   3.712332e-03   9.623381e-16   600
  2.931979e+00   2.302349e-14   4.278234e-03   7.027723e-16   1008
  2.944116e+00   2.184950e-14   2.372856e-03   7.996468e-16   696
  2.957565e+00   2.013404e-14   3.134649e-03   8.672318e-16   624
  2.971086e+00   2.125544e-14   4.877909e-03   7.594797e-16   840
  2.986446e+00   1.952555e-14   3.319024e-03   6.536906e-16   816
  2.998905e+00   2.232987e-14   2.204574e-03   7.919395e-16   744
  3.011488e+00   2.060975e-14   3.897323e-03   8.982843e-16   510
  3.026687e+00   2.131936e-14   3.741750e-03   6.251108e-16   1020
  3.040833e+00   2.104316e-14   3.019222e-03   6.918695e-16   912
  3.054778e+00   2.035116e-14   4.473147e-03   7.996100e-16   752
  3.066309e+00   1.904616e-14   3.711666e-03   6.056046e-16   888
  3.082044e+00   2.057291e-14   2.395124e-03   7.273926e-16   768
  3.094915e+00   1.676627e-14   4.352150e-03   6.062073e-16   720
  3.109727e+00   1.939725e-14   3.836546e-03   6.064454e-16   1056
  3.122866e+00   1.807644e-14   2.654285e-03   7.410464e-16   504
  3.133631e+00   1.743338e-14   4.144719e-03   5.976925e-16   774
  3.149026e+00   1.852439e-14   3.986123e-03   4.852777e-16   1272
  3.163486e+00   1.808659e-14   2.611538e-03   6.426165e-16   744
  3.176969e+00   1.817946e-14   4.264475e-03   6.513922e-16   768
  3.189339e+00   1.774246e-14   3.607190e-03   5.837081e-16   840
  3.203231e+00   1.729208e-14   2.445578e-03   4.974385e-16   924
  3.216608e+00   1.656529e-14   4.311548e-03   5.332867e-16   936
  3.229755e+00   1.663781e-14   2.996363e-03   5.692591e-16   840
  3.242998e+00   1.510439e-14   3.562326e-03   4.787033e-16   1008
  3.259829e+00   1.739456e-14   4.021535e-03   6.082750e-16   696
  3.270389e+00   1.602222e-14   3.574451e-03   5.001221e-16   974
  3.286078e+00   1.659970e-14   4.747287e-03   5.207216e-16   1152
  3.299719e+00   1.572653e-14   1.857626e-03   5.483572e-16   816
  3.310327e+00   1.513315e-14   4.086567e-03   5.245156e-16   816
  3.324599e+00   1.515869e-14   3.608623e-03   4.289448e-16   1152
  3.339651e+00   1.473053e-14   3.248998e-03   4.605668e-16   912
  3.353338e+00   1.560770e-14   3.947532e-03   4.782190e-16   1056
  3.365058e+00   1.434562e-14   3.375847e-03   6.169494e-16   624
  3.380817e+00   1.445066e-14   4.216875e-03   4.100175e-16   1260
  3.394418e+00   1.485445e-14   2.543440e-03   5.114005e-16   894
  3.407703e+00   1.429610e-14   4.357818e-03   4.078257e-16   1176
  3.420993e+00   1.438689e-14   3.606982e-03   4.960569e-16   840
  3.436121e+00   1.437274e-14   4.099862e-03   3.628436e-16   1440
  3.452005e+00   1.360423e-14   2.304966e-03   5.047920e-16   864
  3.464048e+00   1.364609e-14   3.955435e-03   4.419771e-16   1056
  3.476035e+00   1.440424e-14   2.332073e-03   5.974979e-16   624
  3.490594e+00   1.259568e-14   4.318596e-03   3.323487e-16   1496
  3.504515e+00   1.406303e-14   3.049082e-03   4.585777e-16   936
  3.516908e+00   1.306732e-14   4.414111e-03   4.155519e-16   966
  3.530243e+00   1.369116e-14   3.128902e-03   4.615232e-16   936
  3.544251e+00   1.244628e-14   3.870284e-03   3.584914e-16   1248
  3.558592e+00   1.261116e-14   2.728377e-03   4.163521e-16   1044
  3.571955e+00   1.186948e-14   4.226344e-03   3.164567e-16   1392
  3.582538e+00   1.220919e-14   3.255138e-03   5.135664e-16   600
  3.597678e+00   1.128930e-14   3.698179e-03   2.844963e-16   1416
  3.611873e+00   1.193895e-14   3.980638e-03   3.691963e-16   1152
  3.626257e+00   1.249639e-14   3.818797e-03   3.878254e-16   936
  3.637844e+00   1.051575e-14   4.095847e-03   3.747153e-16   870
  3.651613e+00   1.121886e-14   3.434204e-03   3.253819e-16   1368
  3.666892e+00   1.124510e-14   4.515083e-03   2.878592e-16   1632
  3.679949e+00   1.143729e-14   1.960196e-03   4.034916e-16   816
  3.694083e+00   1.149850e-14   4.472000e-03   3.106730e-16   1200
  3.706415e+00   1.056579e-14   4.275759e-03   2.959155e-16   1184
  3.718942e+00   1.074599e-14   3.245022e-03   3.198272e-16   984
  3.734312e+00   1.081928e-14   3.961839e-03   2.760177e-16   1572
  3.748246e+00   1.049297e-14   2.181853e-03   3.933605e-16   840
  3.761231e+00   9.896655e-15   5.073986e-03   2.506215e-16   1392
  3.774941e+00   1.067419e-14   3.725317e-03   3.219516e-16   1158
  3.787179e+00   1.008203e-14   3.392190e-03   3.043499e-16   1272
  3.801913e+00   1.070510e-14   3.456945e-03   3.215544e-16   1320
  3.815753e+00   9.956909e-15   3.382582e-03   3.051430e-16   1104
  3.828921e+00   9.594338e-15   3.828609e-03   2.491393e-16   1392
  3.842742e+00   9.695706e-15   4.141026e-03   2.694002e-16   1296
  3.856976e+00   9.197019e-15   4.323915e-03   2.476153e-16   1392
  3.870333e+00   9.161503e-15   3.171938e-03   2.770039e-16   1104
  3.882690e+00   9.745415e-15   3.995358e-03   2.849774e-16   1320
  3.900292e+00   9.260276e-15   3.051196e-03   2.453219e-16   1422
  3.911534e+00   9.612934e-15   3.800093e-03   2.816796e-16   1212
  3.924449e+00   8.762294e-15   4.152476e-03   2.485814e-16   1280
  3.937717e+00   9.265164e-15   4.323858e-03   2.565276e-16   1272
  3.950433e+00   9.162133e-15   3.741871e-03   2.203185e-16   1680
  3.965505e+00   8.997436e-15   3.535373e-03   2.588759e-16   1152
  3.979380e+00   8.849622e-15   4.094086e-03   2.224427e-16   1512
  3.993967e+00   8.635491e-15   1.728507e-03   2.960872e-16   912
  4.005497e+00   8.190894e-15   4.357212e-03   1.947198e-16   1680
  4.020833e+00   8.641468e-15   3.859977e-03   2.206890e-16   1518
  4.032200e+00   8.827931e-15   3.573605e-03   2.637177e-16   1056
  4.044173e+00   8.665872e-15   3.608353e-03   2.427275e-16   1344
  4.059650e+00   8.069917e-15   3.874584e-03   1.985840e-16   1680
  4.073653e+00   7.922336e-15   3.818000e-03   2.010049e-16   1656
  4.088955e+00   8.072842e-15   3.245360e-03   2.319908e-16   1140
  4.100443e+00   8.002841e-15   3.757881e-03   2.174660e-16   1368
  4.113960e+00   7.266295e-15   4.274611e-03   1.762710e-16   1656
  4.127700e+00   7.265720e-15   4.378119e-03   1.804429e-16   1448
  4.142656e+00   7.992150e-15   4.112955e-03   2.095013e-16   1422
  4.156469e+00   7.838690e-15   4.540534e-03   1.981652e-16   1512
  4.168283e+00   7.431751e-15   3.461570e-03   2.089642e-16   1296
  4.181952e+00   7.625986e-15   3.160641e-03   1.777967e-16   1824
  4.196729e+00   7.126740e-15   4.098248e-03   1.829673e-16   1464
  4.211657e+00   6.907574e-15   3.657099e-03   1.600466e-16   1824
  4.225511e+00   6.809829e-15   2.907578e-03   1.830479e-16   1416
  4.237563e+00   6.650333e-15   4.258820e-03   1.739093e-16   1392
  4.250574e+00   6.679205e-15   3.929974e-03   1.854709e-16   1464
  4.266448e+00   6.897093e-15   3.842159e-03   1.724721e-16   1524
  4.278716e+00   6.333788e-15   3.540612e-03   1.459604e-16   1686
  4.292893e+00   6.480921e-15   4.215803e-03   1.532202e-16   1800
  4.305078e+00   6.648199e-15   3.346946e-03   1.889464e-16   1344
  4.318597e+00   6.537364e-15   3.904869e-03   1.609392e-16   1656
  4.332150e+00   6.789096e-15   3.117839e-03   1.892837e-16   1488
  4.343925e+00   6.095794e-15   3.112762e-03   1.626397e-16   1536
  4.360333e+00   6.268982e-15   3.457925e-03   1.514536e-16   1760
  4.373047e+00   6.131693e-15   3.846268e-03   1.410827e-16   1824
  4.387749e+00   6.029679e-15   3.227735e-03   1.454868e-16   1560
  4.401895e+00   5.920852e-15   3.707356e-03   1.413711e-16   1926
  4.415200e+00   6.056916e-15   2.636418e-03   1.703841e-16   1272
  4.427344e+00   6.310273e-15   4.430497e-03   1.508594e-16   1848
  4.443306e+00   5.833119e-15   3.579461e-03   1.265944e-16   1908
  4.455447e+00   5.895453e-15   3.491292e-03   1.620413e-16   1488
  4.468258e+00   5.799441e-15   3.937426e-03   1.332152e-16   1800
  4.482146e+00   5.700119e-15   3.941308e-03   1.332505e-16   1752
  4.495448e+00   5.887096e-15   4.190952e-03   1.635986e-16   1368
  4.508761e+00   5.369918e-15   3.938690e-03   1.297598e-16   2016
  4.523403e+00   5.490384e-15   4.160224e-03   1.510140e-16   1542
  4.536915e+00   5.430503e-15   4.073984e-03   1.147126e-16   2184
  4.551872e+00   5.436686e-15   3.726771e-03   1.283306e-16   1776
  4.564793e+00   5.593997e-15   4.260262e-03   1.509944e-16   1568
  4.577109e+00   5.018740e-15   3.892227e-03   1.076995e-16   2040
  4.590510e+00   4.835216e-15   4.161138e-03   1.199453e-16   1704
  4.604538e+00   5.193451e-15   4.171238e-03   1.432457e-16   1512
  4.617765e+00   4.879513e-15   3.558077e-03   1.105523e-16   2028
  4.632626e+00   5.036036e-15   4.291956e-03   1.184482e-16   1968
  4.646213e+00   4.701061e-15   4.353548e-03   1.115131e-16   1854
  4.659509e+00   5.003118e-15   4.150271e-03   1.300720e-16   1632
  4.673135e+00   5.093867e-15   4.264760e-03   1.022072e-16   2424
  4.687258e+00   4.880575e-15   4.269195e-03   1.221364e-16   1560
  4.699197e+00   4.777278e-15   4.034385e-03   1.131618e-16   1728
  4.713624e+00   4.644682e-15   4.306520e-03   1.008248e-16   2088
  4.728145e+00   4.680610e-15   4.099347e-03   1.039297e-16   1968
  4.741503e+00   4.314713e-15   4.058747e-03   9.388262e-17   2256
  4.754898e+00   4.368545e-15   3.608676e-03   1.024214e-16   1728
  4.768882e+00   4.748472e-15   3.557384e-03   1.231480e-16   1416
  4.781270e+00   4.561261e-15   3.750195e-03   1.037590e-16   2246
  4.795296e+00   4.427186e-15   4.153300e-03   9.864568e-17   2148
  4.808715e+00   4.536428e-15   3.508307e-03   1.156667e-16   1680
  4.821345e+00   4.281453e-15   4.435233e-03   8.907915e-17   2280
  4.836527e+00   4.189385e-15   4.130181e-03   8.911493e-17   2352
  4.850707e+00   4.053100e-15   3.470382e-03   1.065630e-16   1632
  4.861925e+00   3.894748e-15   3.971039e-03   8.954392e-17   1968
  4.877319e+00   3.978077e-15   4.074288e-03   9.077688e-17   2112
  4.891594e+00   4.208870e-15   3.060509e-03   9.079588e-17   2208
  4.905465e+00   3.916359e-15   3.085913e-03   9.458915e-17   1974
  4.916413e+00   3.957793e-15   3.018862e-03   8.690881e-17   1944
  4.931203e+00   3.813990e-15   3.415495e-03   8.421564e-17   2160
  4.944022e+00   3.787770e-15   3.194258e-03   7.919173e-17   2040
  4.957876e+00   3.863640e-15   4.468841e-03   8.104509e-17   2352
  4.972085e+00   3.757656e-15   3.712532e-03   9.042822e-17   1836
  4.985054e+00   4.142653e-15   3.960355e-03   8.337967e-17   2352
  4.999614e+00   3.704519e-15   4.153876e-03   8.075470e-17   2008
  5.012962e+00   3.737305e-15   4.086408e-03   7.420553e-17   2464
  5.027846e+00   3.667812e-15   3.295867e-03   8.422975e-17   2118
  5.040054e+00   3.677341e-15   3.313173e-03   8.839402e-17   1848
  5.052620e+00   3.834209e-15   4.384411e-03   8.073040e-17   2280
  5.067797e+00   3.616904e-15   4.170623e-03   7.350431e-17   2472
  5.081980e+00   3.683231e-15   2.787100e-03   7.924101e-17   2280
  5.093886e+00   3.454000e-15   3.406760e-03   7.846618e-17   1992
  5.106726e+00   3.527404e-15   3.581554e-03   7.895798e-17   2184
  5.121532e+00   3.533305e-15   4.320591e-03   7.869094e-17   2352
  5.135798e+00   3.468445e-15   4.553131e-03   7.655695e-17   2496
  5.149768e+00   3.323419e-15   4.252678e-03   8.457032e-17   1770
  5.162298e+00   3.332268e-15   3.669389e-03   6.817266e-17   2568
  5.177360e+00   3.258266e-15   4.500656e-03   6.436118e-17   2712
  5.191053e+00   3.326047e-15   3.574170e-03   6.509989e-17   2448
  5.204725e+00   3.168220e-15   3.012843e-03   7.176162e-17   2064
  5.216066e+00   3.119536e-15   3.180123e-03   7.208131e-17   1944
  5.230772e+00   3.213372e-15   3.928620e-03   6.847048e-17   2480
  5.245774e+00   3.090598e-15   4.267634e-03   5.747927e-17   2880
  5.259063e+00   3.008397e-15   4.093786e-03   6.416503e-17   2304
  5.272942e+00   2.883100e-15   3.761177e-03   6.810619e-17   1806
  5.285249e+00   2.957284e-15   3.688568e-03   5.484024e-17   2856
  5.300671e+00   2.983996e-15   3.537448e-03   6.428524e-17   2568
  5.312407e+00   2.944412e-15   3.549041e-03   6.466659e-17   2112
  5.325180e+00   2.991287e-15   3.418353e-03   6.950402e-17   2028
  5.338884e+00   2.915271e-15   4.046323e-03   5.625777e-17   2712
  5.352799e+00   2.846892e-15   4.359274e-03   5.463130e-17   2952
  5.367753e+00   2.813882e-15   3.368279e-03   6.515456e-17   2112
  5.379842e+00   2.873180e-15   3.947451e-03   6.216809e-17   2520
  5.394364e+00   2.693445e-15   3.807395e-03   5.609173e-17   2376
  5.407591e+00   2.814984e-15   3.052135e-03   5.767376e-17   2526
  5.421320e+00   2.770690e-15   3.798300e-03   5.804041e-17   2664
  5.434913e+00   2.716218e-15   4.530289e-03   5.450140e-17   2408
  5.447943e+00   2.554118e-15   3.628938e-03   5.161358e-17   2568
  5.461232e+00   2.582707e-15   3.421437e-03   4.874254e-17   2904
  5.475648e+00   2.512462e-15   3.838949e-03   4.912771e-17   2544
  5.489345e+00   2.600193e-15   2.827650e-03   5.541267e-17   2160
  5.502268e+00   2.550777e-15   4.888682e-03   5.235826e-17   2652
  5.516545e+00   2.548229e-15   3.870830e-03   4.740228e-17   2784
  5.530283e+00   2.503220e-15   3.822557e-03   5.127345e-17   2694
  5.544517e+00   2.613464e-15   3.435410e-03   5.152156e-17   2952
  5.556886e+00   2.478661e-15   3.253958e-03   5.584218e-17   2208
  5.569485e+00   2.466691e-15   3.468078e-03   5.303755e-17   2304
  5.583550e+00   2.385401e-15   4.509853e-03   3.977960e-17   3504
  5.599953e+00   2.312609e-15   3.651788e-03   4.743326e-17   2616
  5.612745e+00   2.237930e-15   3.567502e-03   4.353864e-17   2664
  5.625069e+00   2.412375e-15   3.314521e-03   4.879680e-17   2448
  5.637487e+00   2.222425e-15   4.616036e-03   4.491016e-17   2472
  5.652096e+00   2.263839e-15   3.670011e-03   4.100991e-17   3134
  5.665845e+00   2.182025e-15   4.013913e-03   4.414900e-17   2616
  5.679574e+00   2.354322e-15   3.251426e-03   4.629895e-17   2712
  5.693697e+00   2.142964e-15   3.728915e-03   3.949951e-17   3204
  5.707195e+00   2.127416e-15   4.294589e-03   4.098222e-17   2760
  5.720015e+00   2.152186e-15   3.746961e-03   4.345001e-17   2688
  5.734152e+00   2.166444e-15   3.542739e-03   4.332922e-17   2760
  5.746653e+00   2.152274e-15   2.925296e-03   4.490616e-17   2568
  5.761049e+00   2.030906e-15   4.542841e-03   3.458453e-17   3336
  5.774866e+00   2.092166e-15   3.845016e-03   4.332929e-17   2334
  5.788819e+00   2.138813e-15   4.254924e-03   3.829075e-17   3264
  5.801858e+00   2.096173e-15   3.093655e-03   4.278616e-17   2760
  5.815230e+00   2.070605e-15   3.736259e-03   3.786144e-17   3192
  5.828845e+00   1.942067e-15   3.879036e-03   3.880251e-17   2904
  5.843326e+00   2.033498e-15   3.892076e-03   4.134121e-17   2784
  5.855447e+00   2.053765e-15   3.203250e-03   4.427929e-17   2592
  5.869236e+00   1.859854e-15   4.366488e-03   3.609417e-17   3284
  5.883890e+00   1.909518e-15   4.385937e-03   3.385611e-17   3168
  5.897000e+00   1.854319e-15   3.618712e-03   3.879791e-17   2616
  5.910782e+00   1.839154e-15   3.496570e-03   3.499028e-17   3222
  5.924188e+00   1.785608e-15   3.923260e-03   3.282003e-17   3240
  5.937171e+00   1.818355e-15   3.969009e-03   3.830226e-17   2568
  5.951932e+00   1.820650e-15   3.641761e-03   3.451905e-17   3120
  5.964273e+00   1.740720e-15   4.003580e-03   3.290477e-17   3168
  5.977546e+00   1.748536e-15   3.504830e-03   3.299248e-17   3240
  5.992066e+00   1.812118e-15   3.595869e-03   3.250161e-17   3144
  6.006172e+00   1.685644e-15   3.427490e-03   3.201976e-17   2856
  6.019505e+00   1.790811e-15   3.660696e-03   3.121861e-17   3264
  6.034592e+00   1.753601e-15   4.044906e-03   3.148846e-17   3318
  6.046466e+00   1.640337e-15   2.832824e-03   3.420829e-17   2556
  6.060617e+00   1.624043e-15   4.838986e-03   2.782389e-17   4008
  6.074943e+00   1.717830e-15   3.572017e-03   3.394959e-17   2904
  6.087200e+00   1.610935e-15   3.652513e-03   2.996515e-17   3144
  6.101153e+00   1.591042e-15   3.807781e-03   2.977667e-17   3200
  6.115592e+00   1.613837e-15   3.755394e-03   3.053023e-17   3312
  6.128536e+00   1.599218e-15   3.026680e-03   3.261913e-17   2832
  6.142988e+00   1.543402e-15   4.355583e-03   2.546074e-17   3984
  6.156407e+00   1.479929e-15   3.540883e-03   3.288146e-17   2238
  6.168657e+00   1.525703e-15   4.167010e-03   2.536005e-17   3984
  6.183855e+00   1.661061e-15   3.959901e-03   3.078368e-17   3384
  6.196482e+00   1.486639e-15   3.701438e-03   2.746163e-17   3048
  6.209665e+00   1.493736e-15   3.398642e-03   2.998074e-17   3096
  6.223435e+00   1.491366e-15   3.852259e-03   2.685259e-17   3708
  6.237127e+00   1.333245e-15   3.651419e-03   2.611652e-17   2784
  6.249844e+00   1.382836e-15   3.792698e-03   2.364428e-17   3648
  6.264291e+00   1.433662e-15   3.903504e-03   2.367540e-17   3888
  6.279665e+00   1.399775e-15   4.167105e-03   2.877102e-17   2958
  6.291144e+00   1.419277e-15   3.557011e-03   2.616162e-17   3264
  6.304977e+00   1.397256e-15   3.926839e-03   2.588819e-17   3160
  6.318045e+00   1.375539e-15   3.558843e-03   2.379754e-17   3736
  6.330431e+00   1.362825e-15   3.242939e-03   2.710068e-17   3216
  6.345038e+00   1.403612e-15   3.974048e-03   2.406117e-17   4032
  6.360272e+00   1.291922e-15   3.628234e-03   2.321403e-17   3528
  6.373262e+00   1.306971e-15   3.202694e-03   2.518181e-17   3192
  6.386247e+00   1.316661e-15   3.507520e-03   2.342086e-17   3456
  6.400334e+00   1.260326e-15   3.636928e-03   2.389917e-17   3060
  6.414454e+00   1.289176e-15   4.324726e-03   2.086966e-17   4518
  6.428212e+00   1.278245e-15   3.852771e-03   2.321191e-17   3528
  6.440859e+00   1.330312e-15   3.235655e-03   2.681493e-17   3024
  6.454342e+00   1.333793e-15   4.380947e-03   2.355614e-17   3672
  6.468077e+00   1.180109e-15   3.760183e-03   2.075491e-17   3864
  6.483327e+00   1.202351e-15   3.985743e-03   2.081277e-17   3816
  6.495798e+00   1.246074e-15   3.626145e-03   2.220934e-17   3456
  6.507756e+00   1.241369e-15   3.282483e-03   2.791379e-17   2688
  6.521843e+00   1.173329e-15   3.894603e-03   1.890587e-17   4248
  6.535809e+00   1.208856e-15   3.730284e-03   2.034293e-17   3926
  6.549837e+00   1.221480e-15   3.938539e-03   2.222114e-17   3504
  6.563389e+00   1.208734e-15   3.521113e-03   2.067333e-17   3960
  6.578351e+00   1.172383e-15   3.963952e-03   2.141412e-17   3684
  6.591183e+00   1.115368e-15   3.963687e-03   1.897793e-17   4104
  6.604012e+00   1.174272e-15   3.759338e-03   2.212952e-17   3144
  6.617793e+00   1.143147e-15   4.117770e-03   1.949666e-17   4224
  6.632945e+00   1.089310e-15   3.654879e-03   1.981628e-17   4008
  6.645891e+00   1.150579e-15   4.020945e-03   2.161933e-17   3312
  6.659221e+00   1.087148e-15   3.999289e-03   1.908278e-17   3726
  6.673398e+00   1.112910e-15   4.107760e-03   1.953934e-17   3936
  6.685987e+00   1.066724e-15   4.234293e-03   1.828626e-17   3888
  6.699051e+00   1.054035e-15   4.003929e-03   1.835299e-17   3864
  6.712643e+00   1.092180e-15   4.256514e-03   2.004105e-17   3888
  6.726643e+00   1.037075e-15   4.014548e-03   1.749359e-17   4080
  6.740465e+00   1.070407e-15   4.260657e-03   1.948766e-17   3400
  6.754567e+00   1.005544e-15   3.907452e-03   1.624596e-17   4588
  6.768825e+00   1.028095e-15   3.867571e-03   1.803977e-17   3816
  6.781286e+00   9.797387e-16   3.664848e-03   1.855880e-17   3534
  6.794478e+00   1.052064e-15   3.619891e-03   1.890305e-17   4080
  6.808278e+00   1.041944e-15   3.783811e-03   1.771348e-17   4248
  6.822137e+00   1.025834e-15   3.812932e-03   1.915354e-17   3528
  6.834925e+00   9.547103e-16   3.898202e-03   1.640793e-17   4248
  6.847851e+00   9.481793e-16   3.812833e-03   1.822563e-17   3696
  6.862246e+00   9.908630e-16   3.956350e-03   1.686863e-17   4560
  6.875897e+00   9.480937e-16   3.705786e-03   1.638896e-17   3864
  6.889918e+00   9.557670e-16   4.035033e-03   1.580519e-17   4440
  6.903205e+00   9.122940e-16   3.764781e-03   1.716961e-17   3432
  6.917168e+00   9.549788e-16   3.691446e-03   1.605951e-17   4470
  6.930903e+00   9.588273e-16   3.280469e-03   1.686581e-17   4188
  6.944404e+00   9.313504e-16   4.202742e-03   1.583897e-17   4392
  6.957812e+00   9.282549e-16   3.251220e-03   1.715137e-17   3960
  6.971756e+00   9.067314e-16   3.672933e-03   1.493765e-17   4328
  6.985263e+00   8.994005e-16   3.822434e-03   1.603839e-17   4320
  6.998915e+00   9.001176e-16   3.997076e-03   1.569064e-17   4152
  7.011574e+00   8.388046e-16   3.343614e-03   1.569249e-17   3528
  7.025890e+00   8.610953e-16   3.618951e-03   1.391239e-17   4512
  7.039283e+00   8.809838e-16   3.699459e-03   1.596933e-17   4134
  7.052888e+00   8.587402e-16   3.941164e-03   1.317057e-17   5208
  7.065972e+00   8.617036e-16   3.433716e-03   1.774050e-17   3240
  7.079508e+00   8.598294e-16   3.787232e-03   1.432306e-17   4680
  7.093285e+00   8.261621e-16   3.749666e-03   1.340676e-17   4440
  7.107078e+00   8.222519e-16   4.248981e-03   1.413175e-17   4260
  7.120308e+00   8.083303e-16   3.468882e-03   1.474747e-17   4056
  7.133932e+00   8.072173e-16   3.845862e-03   1.352566e-17   4704
  7.148231e+00   8.190659e-16   4.475317e-03   1.385439e-17   4800
  7.163348e+00   8.158381e-16   3.877518e-03   1.344881e-17   4806
  7.176410e+00   8.790729e-16   3.865268e-03   1.745810e-17   3552
  7.188851e+00   7.698842e-16   3.875633e-03   1.344852e-17   4304
  7.202898e+00   8.254508e-16   3.758487e-03   1.406349e-17   5280
  7.216787e+00   7.758680e-16   3.605632e-03   1.363168e-17   4320
  7.229935e+00   8.393661e-16   4.071704e-03   1.666952e-17   4296
  7.243800e+00   7.730802e-16   4.526721e-03   1.274869e-17   4608
  7.257822e+00   7.609145e-16   4.336841e-03   1.283559e-17   4824
  7.271703e+00   7.317041e-16   4.094286e-03   1.232040e-17   4488
  7.286600e+00   7.346648e-16   3.822456e-03   1.277088e-17   4530
  7.298900e+00   7.513716e-16   3.732313e-03   1.404488e-17   4464
  7.311208e+00   7.789263e-16   3.517428e-03   1.551081e-17   4104
  7.325339e+00   7.435119e-16   3.792522e-03   1.203526e-17   5424
  7.339239e+00   6.972404e-16   4.082418e-03   1.196994e-17   4392
  7.353384e+00   7.487964e-16   3.996852e-03   1.324212e-17   4896
  7.366230e+00   7.066596e-16   3.917732e-03   1.363810e-17   4104
  7.379634e+00   7.225935e-16   3.532761e-03   1.262508e-17   4824
  7.393776e+00   6.797974e-16   3.376492e-03   1.237987e-17   4680
  7.406096e+00   6.872089e-16   3.453413e-03   1.333266e-17   4328
  7.420397e+00   7.075794e-16   3.980891e-03   1.246070e-17   5118
  7.434767e+00   7.232371e-16   4.612116e-03   1.167510e-17   5304
  7.447735e+00   7.544052e-16   3.631827e-03   1.435530e-17   4392
  7.461864e+00   6.967438e-16   3.645220e-03   1.433750e-17   4476
  7.474220e+00   6.847737e-16   3.620136e-03   1.269354e-17   4704
  7.487968e+00   6.475424e-16   4.381742e-03   1.060186e-17   5208
  7.502418e+00   6.466904e-16   3.694542e-03   1.060896e-17   5304
  7.515732e+00   6.487850e-16   3.957369e-03   1.230554e-17   4296
  7.529385e+00   6.567567e-16   3.752608e-03   1.106231e-17   4752
  7.543730e+00   6.880806e-16   3.767007e-03   1.229300e-17   4950
  7.556622e+00   6.605404e-16   3.937534e-03   1.135601e-17   5064
  7.569518e+00   6.610668e-16   3.299143e-03   1.188105e-17   4872
  7.582558e+00   6.578795e-16   3.473093e-03   1.307342e-17   4224
  7.596482e+00   6.691807e-16   3.836467e-03   1.033895e-17   6120
  7.611299e+00   5.994486e-16   4.220602e-03   1.074880e-17   4968
  7.624740e+00   6.400587e-16   3.734866e-03   1.193151e-17   4424
  7.638645e+00   6.166513e-16   4.770498e-03   1.015343e-17   5436
  7.652381e+00   5.955085e-16   4.067269e-03   1.031176e-17   4896
  7.665661e+00   6.249999e-16   3.893965e-03   1.197703e-17   5214
  7.678461e+00   6.461887e-16   3.310074e-03   1.235801e-17   4656
  7.692685e+00   6.153213e-16   4.208491e-03   1.105258e-17   5448
  7.706276e+00   6.229386e-16   3.554381e-03   1.177913e-17   4992
  7.719584e+00   6.431662e-16   3.933714e-03   1.110395e-17   5400
  7.734212e+00   6.115194e-16   4.359773e-03   1.027742e-17   5328
  7.747690e+00   5.909242e-16   3.898436e-03   1.046517e-17   4776
  7.760371e+00   5.510451e-16   3.663227e-03   1.029467e-17   4800
  7.774459e+00   5.666513e-16   4.710721e-03   8.611286e-18   6552
  7.789199e+00   6.183901e-16   3.558885e-03   1.225079e-17   3942
  7.801972e+00   6.329648e-16   4.485571e-03   1.051980e-17   6072
  7.816115e+00   6.291927e-16   3.483659e-03   1.165840e-17   4692
  7.827973e+00   6.085222e-16   3.636885e-03   1.155586e-17   4944
  7.841863e+00   5.986037e-16   3.903498e-03   1.096030e-17   5840
  7.856124e+00   5.676627e-16   4.178533e-03   1.058105e-17   5712
  7.870165e+00   6.005546e-16   3.501880e-03   1.112231e-17   4800
  7.882974e+00   5.576400e-16   4.637724e-03   9.680482e-18   5688
  7.897004e+00   5.532832e-16   3.659067e-03   1.019294e-17   4848
  7.910908e+00   5.478738e-16   4.072759e-03   9.485028e-18   5406
  7.924104e+00   6.140842e-16   3.676325e-03   1.205173e-17   5568
  7.937355e+00   5.757290e-16   3.304770e-03   1.051624e-17   5736
  7.951674e+00   5.957357e-16   4.104312e-03   1.075389e-17   5280
  7.964668e+00   5.359383e-16   3.794736e-03   9.492415e-18   5592
  7.978044e+00   5.647856e-16   4.343968e-03   1.113247e-17   4968
  7.992185e+00   5.477109e-16   3.894947e-03   9.325328e-18   5964
  8.005981e+00   5.230502e-16   3.913047e-03   9.520386e-18   5376
  8.018517e+00   5.271789e-16   3.778288e-03   9.909297e-18   5472
  8.033050e+00   5.195010e-16   3.588288e-03   9.371021e-18   5472
  8.046339e+00   5.913761e-16   4.079766e-03   1.246820e-17   5415
  8.059218e+00   5.330677e-16   3.588648e-03   9.929085e-18   5096
  8.073151e+00   5.300515e-16   4.614911e-03   9.313617e-18   6372
  8.087246e+00   5.427568e-16   3.746176e-03   1.153312e-17   4656
  8.099878e+00   5.003323e-16   4.089625e-03   9.394668e-18   5844
  8.113469e+00   5.255511e-16   3.595730e-03   1.021418e-17   5508
  8.127874e+00   4.770907e-16   4.079049e-03   7.975813e-18   6324
  8.142009e+00   4.881268e-16   3.503908e-03   1.050187e-17   4752
  8.154927e+00   4.714932e-16   3.922916e-03   8.385124e-18   5676
  8.168912e+00   5.040282e-16   3.588715e-03   9.394158e-18   5472
  8.182185e+00   4.665821e-16   4.047970e-03   9.309436e-18   5556
  8.196444e+00   4.704413e-16   3.944669e-03   8.905508e-18   5436
  8.210207e+00   4.434575e-16   4.037644e-03   7.973733e-18   5916
  8.224340e+00   4.334955e-16   4.200926e-03   7.804910e-18   5520
  8.237065e+00   4.683785e-16   3.820545e-03   9.005473e-18   5280
  8.250104e+00   4.484613e-16   3.754028e-03   9.100845e-18   4416
  8.264815e+00   4.241898e-16   3.659260e-03   6.895771e-18   6260
  8.278635e+00   4.291343e-16   4.351307e-03   7.855481e-18   5940
  8.291152e+00   4.162646e-16   3.407784e-03   9.064710e-18   4188
  8.304933e+00   3.948477e-16   4.357141e-03   6.427097e-18   6360
  8.319422e+00   4.076259e-16   3.886387e-03   7.166225e-18   5256
  8.332880e+00   4.198343e-16   3.673916e-03   7.827847e-18   4848
  8.344411e+00   3.943791e-16   3.330596e-03   7.447493e-18   4704
  8.358606e+00   4.068993e-16   4.085775e-03   7.015707e-18   5784
  8.373047e+00   3.725814e-16   4.323222e-03   6.215165e-18   5820
  8.386987e+00   3.856631e-16   3.872681e-03   6.492799e-18   5700
  8.401010e+00   3.749506e-16   3.591376e-03   6.788529e-18   5232
  8.415051e+00   3.568221e-16   3.984940e-03   6.226317e-18   4932
  8.427489e+00   3.569682e-16   3.429992e-03   6.355121e-18   4716
  8.440557e+00   3.794891e-16   4.369071e-03   6.370913e-18   5616
  8.454004e+00   3.675345e-16   3.858530e-03   6.486857e-18   5184
  8.467873e+00   3.581552e-16   3.892310e-03   6.404411e-18   5064
  8.480954e+00   3.378484e-16   3.985538e-03   5.372796e-18   5544
  8.495461e+00   3.435001e-16   4.000807e-03   5.732524e-18   5192
  8.508660e+00   3.319077e-16   3.595349e-03   5.387398e-18   5244
  8.522539e+00   3.296504e-16   3.890208e-03   5.772911e-18   5112
  8.536336e+00   3.331835e-16   3.570029e-03   5.985260e-18   5040
  8.548997e+00   3.293978e-16   3.753229e-03   5.350720e-18   5124
  8.563784e+00   3.181981e-16   4.213504e-03   5.094706e-18   5952
  8.577433e+00   3.283012e-16   3.691886e-03   5.484839e-18   4824
  8.589806e+00   3.157560e-16   3.726497e-03   6.036511e-18   4536
  8.604129e+00   3.084957e-16   3.960926e-03   5.094312e-18   5712
  8.618841e+00   3.178360e-16   4.334333e-03   5.242276e-18   5352
  8.632715e+00   2.861334e-16   3.775364e-03   4.743396e-18   5004
  8.645110e+00   2.807073e-16   3.776392e-03   5.042022e-18   4800
  8.658430e+00   3.007886e-16   4.058247e-03   5.423883e-18   5148
  8.673187e+00   3.065997e-16   4.215016e-03   4.763502e-18   5664
  8.686522e+00   2.690570e-16   3.785694e-03   4.544255e-18   4692
  8.698842e+00   2.873626e-16   3.516957e-03   5.580181e-18   4008
  8.713211e+00   2.718719e-16   4.031193e-03   4.239263e-18   5852
  8.727819e+00   2.955174e-16   3.817164e-03   4.552904e-18   5784
  8.740793e+00   2.640904e-16   3.518761e-03   4.666693e-18   4392
  8.754148e+00   2.660091e-16   3.451568e-03   4.326856e-18   4944
  8.768168e+00   2.877451e-16   4.069341e-03   5.008805e-18   4776
  8.781390e+00   2.535369e-16   3.914928e-03   3.885330e-18   5244
  8.795740e+00   2.695079e-16   3.908022e-03   4.608102e-18   4884
  8.807779e+00   2.435519e-16   3.314306e-03   4.170216e-18   4488
  8.821780e+00   2.424301e-16   3.938271e-03   3.989877e-18   5160
  8.835879e+00   2.743650e-16   4.009709e-03   4.562541e-18   5316
  8.849460e+00   2.322840e-16   4.054096e-03   4.039587e-18   4896
  8.862698e+00   2.524242e-16   3.766964e-03   4.568428e-18   4188
  8.876040e+00   2.279610e-16   4.108738e-03   3.817435e-18   4836
  8.889663e+00   2.442637e-16   4.075904e-03   3.914864e-18   5316
  8.903463e+00   2.257666e-16   3.772744e-03   3.617733e-18   4920
  8.916368e+00   2.344757e-16   3.800756e-03   4.232920e-18   4128
  8.930215e+00   2.175744e-16   4.088729e-03   3.318276e-18   5348
  8.943842e+00   2.317283e-16   3.547787e-03   3.936266e-18   4836
  8.956853e+00   2.346150e-16   3.822856e-03   4.118144e-18   4392
  8.970868e+00   2.196743e-16   3.358691e-03   3.862620e-18   4632
  8.983486e+00   2.059054e-16   3.752803e-03   3.436325e-18   4596
  8.997977e+00   2.250074e-16   3.773963e-03   3.638134e-18   5424
  9.012312e+00   2.146670e-16   3.884614e-03   3.409757e-18   5256
  9.027082e+00   2.077859e-16   3.945289e-03   3.664689e-18   4524
  9.039381e+00   2.170127e-16   3.752749e-03   3.773968e-18   4440
  9.053157e+00   2.089925e-16   3.209082e-03   3.524926e-18   4380
  9.066638e+00   2.028507e-16   4.199636e-03   3.255009e-18   4812
  9.080988e+00   2.061888e-16   4.171231e-03   3.050866e-18   5376
  9.094107e+00   2.009400e-16   3.331699e-03   3.597881e-18   3888
  9.106679e+00   2.083823e-16   3.815180e-03   3.390637e-18   4896
  9.120705e+00   1.897423e-16   4.025639e-03   3.266974e-18   4608
  9.135432e+00   1.940572e-16   3.799955e-03   3.188955e-18   4448
  9.148250e+00   1.818159e-16   3.922592e-03   2.928221e-18   4752
  9.161757e+00   1.898199e-16   4.108670e-03   3.222611e-18   4356
  9.175960e+00   1.852761e-16   3.953830e-03   2.900973e-18   5232
  9.190083e+00   1.746416e-16   3.984470e-03   2.943173e-18   4548
  9.203776e+00   1.841250e-16   3.873408e-03   2.972758e-18   4608
  9.217142e+00   1.863718e-16   3.518679e-03   3.485489e-18   3936
  9.229761e+00   1.791749e-16   4.205845e-03   3.236483e-18   4260
  9.243941e+00   1.785033e-16   3.770601e-03   2.955610e-18   5004
  9.256906e+00   1.758829e-16   3.725991e-03   3.122725e-18   4224
  9.271122e+00   1.755081e-16   4.025551e-03   2.879905e-18   4788
  9.284930e+00   1.794809e-16   4.233557e-03   3.000796e-18   4428
  9.298384e+00   1.650284e-16   3.537707e-03   3.023704e-18   4080
  9.311336e+00   1.755787e-16   3.868160e-03   3.019493e-18   4632
  9.324972e+00   1.728208e-16   4.022591e-03   3.234104e-18   4056
  9.339306e+00   1.652149e-16   3.787339e-03   2.743430e-18   4536
  9.352403e+00   1.704688e-16   3.862837e-03   2.677258e-18   4668
  9.366745e+00   1.593867e-16   4.140272e-03   2.585287e-18   4604
  9.380714e+00   1.650779e-16   3.720074e-03   2.927658e-18   4152
  9.393605e+00   1.585576e-16   3.605343e-03   2.880860e-18   4224
  9.407270e+00   1.551505e-16   3.466268e-03   2.747865e-18   4152
  9.420923e+00   1.589320e-16   3.931888e-03   2.910093e-18   4224
  9.434196e+00   1.479879e-16   3.636203e-03   2.699884e-18   3960
  9.446982e+00   1.533995e-16   3.752332e-03   2.410117e-18   4656
  9.460948e+00   1.515958e-16   4.048690e-03   2.436585e-18   4452
  9.475269e+00   1.494121e-16   4.116161e-03   2.618177e-18   4056
  9.488596e+00   1.499589e-16   4.078615e-03   2.435213e-18   4212
  9.502096e+00   1.521735e-16   3.389500e-03   2.932555e-18   3432
  9.515777e+00   1.421999e-16   4.336159e-03   2.204698e-18   5352
  9.529148e+00   1.367651e-16   3.175719e-03   2.522199e-18   3600
  9.543704e+00   1.437813e-16   3.502875e-03   2.403226e-18   4584
  9.556413e+00   1.405618e-16   3.492560e-03   2.609120e-18   3768
  9.569504e+00   1.413334e-16   3.728359e-03   2.402565e-18   3848
  9.582571e+00   1.369738e-16   3.418481e-03   2.517141e-18   3720
  9.597389e+00   1.396220e-16   4.290699e-03   2.272268e-18   4764
  9.610471e+00   1.361496e-16   3.455204e-03   2.327679e-18   3864
  9.623905e+00   1.321647e-16   4.279686e-03   2.141480e-18   4332
  9.638558e+00   1.323711e-16   3.653823e-03   2.345752e-18   3792
  9.651651e+00   1.344567e-16   4.144519e-03   2.205582e-18   4284
  9.665527e+00   1.342640e-16   3.924401e-03   2.372067e-18   3840
  9.678659e+00   1.250719e-16   3.735517e-03   2.377174e-18   3480
  9.691996e+00   1.270705e-16   4.168119e-03   2.058904e-18   4380
  9.706412e+00   1.287047e-16   3.915217e-03   2.109536e-18   4200
  9.720578e+00   1.230525e-16   3.763239e-03   2.064596e-18   4056
  9.733733e+00   1.152658e-16   3.782207e-03   2.017766e-18   3600
  9.746058e+00   1.249805e-16   3.768375e-03   2.321224e-18   3492
  9.760459e+00   1.184353e-16   4.400611e-03   1.893777e-18   4500
  9.775152e+00   1.246266e-16   3.855530e-03   2.385669e-18   3516
  9.787780e+00   1.170744e-16   4.030599e-03   1.981490e-18   3968
  9.801933e+00   1.203747e-16   3.873755e-03   2.196021e-18   3648
  9.814461e+00   1.186178e-16   3.704379e-03   1.999971e-18   4224
  9.828664e+00   1.161944e-16   4.157831e-03   2.127592e-18   3588
  9.841991e+00   1.117948e-16   3.835114e-03   2.078244e-18   3456
  9.855400e+00   1.163406e-16   3.406055e-03   2.078045e-18   3660
  9.869258e+00   1.128449e-16   3.738544e-03   1.970153e-18   3768
  9.882173e+00   1.118636e-16   3.780772e-03   1.964776e-18   3744
  9.896044e+00   1.042188e-16   4.150018e-03   1.755137e-18   4176
  9.910801e+00   1.148656e-16   3.827936e-03   2.137043e-18   3612
  9.922997e+00   1.115669e-16   4.159911e-03   2.209381e-18   3216
  9.936956e+00   1.074545e-16   4.021925e-03   1.934104e-18   3624
  9.950989e+00   1.062056e-16   3.781932e-03   1.760214e-18   3744
  9.964551e+00   1.082834e-16   4.035291e-03   1.945418e-18   3672
  9.977933e+00   1.069054e-16   3.659310e-03   1.846690e-18   3852
  9.991750e+00   1.053184e-16   3.766272e-03   1.833764e-18   3672
  1.000645e+01   1.096542e-16   3.669608e-03   2.110715e-18   3248
  1.001872e+01   9.750134e-17   3.756103e-03   1.818507e-18   3336
  1.003212e+01   9.662846e-17   3.823377e-03   1.704637e-18   3576
  1.004582e+01   1.051291e-16   3.245703e-03   2.040156e-18   3336
  1.005978e+01   1.036053e-16   3.855326e-03   1.797387e-18   3936
  1.007355e+01   9.970607e-17   4.106031e-03   1.888457e-18   3408
  1.008721e+01   1.012619e-16   3.617479e-03   1.844854e-18   3336
  1.010048e+01   9.329003e-17   4.063257e-03   1.763140e-18   3312
  1.011375e+01   9.152838e-17   4.114093e-03   1.641387e-18   3432
  1.012788e+01   9.720348e-17   3.566754e-03   1.774302e-18   3144
  1.014078e+01   1.030288e-16   3.872067e-03   1.903869e-18   3456
  1.015528e+01   9.385166e-17   3.721500e-03   1.627190e-18   3792
  1.016839e+01   9.286700e-17   3.655557e-03   1.807843e-18   2868
  1.018255e+01   9.497136e-17   3.787143e-03   1.607040e-18   3888
  1.019578e+01   9.186620e-17   3.288419e-03   1.937026e-18   2784
  1.020881e+01   9.026982e-17   3.755468e-03   1.775497e-18   2964
  1.022304e+01   9.569698e-17   3.867395e-03   1.741639e-18   3432
  1.023659e+01   8.967680e-17   4.003143e-03   1.708144e-18   3416
  1.025029e+01   8.843073e-17   4.279009e-03   1.597990e-18   3528
  1.026432e+01   8.918380e-17   3.434210e-03   1.755874e-18   2904
  1.027673e+01   8.872919e-17   3.850756e-03   1.831383e-18   3072
  1.029117e+01   8.117814e-17   4.324841e-03   1.444956e-18   3216
  1.030559e+01   8.759620e-17   3.502662e-03   1.760241e-18   2844
  1.031826e+01   8.448238e-17   4.008153e-03   1.586059e-18   3432
  1.033126e+01   8.633938e-17   3.221608e-03   1.767450e-18   2880
  1.034579e+01   8.618498e-17   4.267481e-03   1.585179e-18   3576
  1.035947e+01   9.037601e-17   3.814530e-03   1.838417e-18   2700
  1.037258e+01   7.782965e-17   4.284663e-03   1.504500e-18   3000
  1.038630e+01   7.949876e-17   3.557547e-03   1.715878e-18   2556
  1.039962e+01   8.388821e-17   3.812983e-03   1.564045e-18   3360
  1.041340e+01   8.295941e-17   3.704919e-03   1.565038e-18   3120
  1.042824e+01   7.976178e-17   4.361864e-03   1.553614e-18   3216
  1.044102e+01   8.011941e-17   3.076304e-03   1.661182e-18   2628
  1.045538e+01   7.770685e-17   4.066431e-03   1.485923e-18   3200
  1.046849e+01   7.750824e-17   3.836286e-03   1.844510e-18   2232
  1.048172e+01   7.494542e-17   4.379000e-03   1.506314e-18   3108
  1.049489e+01   8.233369e-17   3.846700e-03   1.706386e-18   2604
  1.050838e+01   7.949189e-17   4.143983e-03   1.636248e-18   3096
  1.052321e+01   7.918315e-17   3.775712e-03   1.600011e-18   3084
  1.053608e+01   7.425103e-17   3.853056e-03   1.679224e-18   2664
  1.054934e+01   7.525828e-17   3.397791e-03   1.773755e-18   2232
  1.056233e+01   6.973237e-17   4.185566e-03   1.510367e-18   2808
  1.057656e+01   7.266374e-17   3.953914e-03   1.490534e-18   2592
  1.058985e+01   7.902934e-17   4.059168e-03   1.587808e-18   2952
  1.060381e+01   7.020059e-17   3.832353e-03   1.452118e-18   2772
  1.061738e+01   7.701166e-17   4.121455e-03   1.501908e-18   3036
  1.063158e+01   7.197719e-17   3.997831e-03   1.669099e-18   2136
  1.064453e+01   6.821023e-17   3.188280e-03   1.471940e-18   2496
  1.065782e+01   7.318865e-17   4.246551e-03   1.647532e-18   2228
  1.067168e+01   7.252504e-17   3.959147e-03   1.504177e-18   3048
  1.068548e+01   7.160281e-17   3.781893e-03   1.512140e-18   2676
  1.069919e+01   7.193350e-17   3.767600e-03   1.502980e-18   2784
  1.071230e+01   6.832036e-17   3.660231e-03   1.737865e-18   1920
  1.072544e+01   6.764974e-17   3.906352e-03   1.511280e-18   2400
  1.073968e+01   6.716730e-17   3.582931e-03   1.552154e-18   2532
  1.075441e+01   6.657955e-17   3.979779e-03   1.412149e-18   2544
  1.076766e+01   7.119257e-17   4.163389e-03   1.481772e-18   2772
  1.078071e+01   6.774717e-17   3.899689e-03   1.719434e-18   2160
  1.079368e+01   6.716102e-17   4.200336e-03   1.510947e-18   2304
  1.080867e+01   6.628179e-17   4.110246e-03   1.498716e-18   2328
  1.082212e+01   6.447455e-17   3.940858e-03   1.554816e-18   2304
  1.083458e+01   6.330241e-17   3.726627e-03   1.669854e-18   1908
  1.084874e+01   6.872022e-17   4.167993e-03   1.402617e-18   2736
  1.086239e+01   6.500593e-17   3.949170e-03   1.361028e-18   2448
  1.087690e+01   6.315454e-17   3.692261e-03   1.620803e-18   2040
  1.089004e+01   5.543052e-17   3.844396e-03   1.408226e-18   2120
  1.090267e+01   5.996860e-17   3.187394e-03   1.501690e-18   2040
  1.091626e+01   5.699778e-17   3.954536e-03   1.287298e-18   2208
  1.093164e+01   6.427657e-17   3.550574e-03   1.527039e-18   2208
  1.094410e+01   6.642738e-17   3.934714e-03   1.681227e-18   2196
  1.095698e+01   5.337726e-17   3.461225e-03   1.346141e-18   1848
  1.097008e+01   5.926928e-17   3.925487e-03   1.498998e-18   2124
  1.098474e+01   5.779219e-17   4.117751e-03   1.372347e-18   2328
  1.099905e+01   5.402990e-17   4.192229e-03   1.347778e-18   1920
  1.101296e+01   5.590869e-17   3.848418e-03   1.656456e-18   1548
  1.102533e+01   6.698532e-17   4.221595e-03   1.607630e-18   2388
  1.103993e+01   5.699909e-17   3.906588e-03   1.387210e-18   2160
  1.105330e+01   5.815422e-17   3.555737e-03   1.636709e-18   1704
  1.106610e+01   5.658151e-17   4.005852e-03   1.423826e-18   1776
  1.107822e+01   5.503725e-17   3.746969e-03   1.409430e-18   1800
  1.109354e+01   5.469216e-17   4.325530e-03   1.416540e-18   1700
  1.110784e+01   6.246227e-17   3.894621e-03   1.609593e-18   2292
  1.112117e+01   5.613870e-17   3.615364e-03   1.669981e-18   1704
  1.113374e+01   5.680246e-17   4.042583e-03   1.587306e-18   1728
  1.114751e+01   5.173493e-17   3.741502e-03   1.423303e-18   1728
  1.116101e+01   5.740458e-17   3.737983e-03   1.671359e-18   1680
  1.117537e+01   4.879062e-17   4.306268e-03   1.592058e-18   1704
  1.118967e+01   4.902831e-17   3.381709e-03   1.279638e-18   1752
  1.120245e+01   5.538704e-17   4.020210e-03   1.695946e-18   1872
  1.121629e+01   5.249662e-17   3.940248e-03   1.718694e-18   1500
  1.123032e+01   5.351401e-17   3.450264e-03   1.735132e-18   1656
  1.124395e+01   5.545798e-17   3.699339e-03   1.921844e-18   1464
  1.125606e+01   4.571031e-17   3.240250e-03   1.463375e-18   1488
  1.127092e+01   4.920331e-17   3.910741e-03   1.502140e-18   1680
  1.128450e+01   4.913094e-17   4.085744e-03   1.344978e-18   1692
  1.129720e+01   4.774024e-17   3.912307e-03   1.756717e-18   1128
  1.131130e+01   5.155770e-17   3.767213e-03   1.528285e-18   1536
  1.132506e+01   4.578158e-17   3.926941e-03   1.233749e-18   1616
  1.133898e+01   4.723695e-17   3.786801e-03   1.443185e-18   1476
  1.135302e+01   4.303508e-17   4.167468e-03   1.416062e-18   1176
  1.136555e+01   4.729797e-17   4.477500e-03   1.288411e-18   1656
  1.137919e+01   4.725171e-17   3.933069e-03   1.731890e-18   891
  1.139326e+01   4.378191e-17   4.192686e-03   1.522275e-18   1596
  1.140696e+01   4.097069e-17   3.656134e-03   1.187715e-18   1422
  1.142048e+01   4.427917e-17   3.505987e-03   1.461152e-18   1254
  1.143319e+01   4.026970e-17   3.581765e-03   1.427280e-18   918
  1.144682e+01   4.299258e-17   3.920026e-03   1.266820e-18   1614
  1.146054e+01   4.247413e-17   3.386171e-03   1.649736e-18   798
  1.147418e+01   3.857314e-17   4.340669e-03   1.204960e-18   1458
  1.148802e+01   4.327227e-17   3.974605e-03   1.232177e-18   1374
  1.150169e+01   3.691891e-17   3.394577e-03   1.340593e-18   984
  1.151525e+01   4.005150e-17   4.670468e-03   1.393571e-18   1062
  1.152907e+01   4.110310e-17   3.959103e-03   1.311464e-18   1246
  1.154249e+01   3.369542e-17   3.671067e-03   1.160459e-18   1072
  1.155682e+01   3.533074e-17   3.975530e-03   1.129671e-18   1110
  1.157007e+01   3.746265e-17   4.306909e-03   1.101627e-18   1254
  1.158399e+01   3.704299e-17   4.087484e-03   1.244946e-18   1032
  1.159916e+01   3.806646e-17   3.787024e-03   1.475307e-18   786
  1.161070e+01   3.700365e-17   3.882517e-03   1.182470e-18   1152
  1.162421e+01   3.342034e-17   4.231557e-03   1.148999e-18   1086
  1.163828e+01   3.037042e-17   3.817809e-03   1.050845e-18   912
  1.165129e+01   4.234772e-17   3.826999e-03   1.391807e-18   1062
  1.166457e+01   3.196744e-17   3.814594e-03   1.152311e-18   912
  1.167991e+01   3.221067e-17   4.258338e-03   1.285920e-18   750
  1.169187e+01   3.475024e-17   4.102940e-03   1.050127e-18   1200
  1.170571e+01   3.348252e-17   3.715535e-03   1.245293e-18   918
  1.171947e+01   3.339792e-17   3.856601e-03   1.217614e-18   876
  1.173345e+01   4.022275e-17   3.369895e-03   1.509454e-18   870
  1.174569e+01   3.110180e-17   3.930446e-03   1.158776e-18   768
  1.176004e+01   2.544904e-17   3.602462e-03   9.516585e-19   830
  1.177333e+01   3.518872e-17   3.729870e-03   1.078936e-18   1080
  1.178709e+01   3.334225e-17   4.196592e-03   1.194763e-18   840
  1.180097e+01   3.306087e-17   4.040856e-03   1.206847e-18   798
  1.181670e+01   3.356040e-17   3.207290e-03   1.330078e-18   792
  1.182890e+01   2.893478e-17   3.740740e-03   1.208457e-18   726
  1.184171e+01   2.816531e-17   4.191707e-03   1.022465e-18   864
  1.185573e+01   3.402190e-17   3.588004e-03   1.253665e-18   900
  1.186995e+01   3.063383e-17   3.987579e-03   1.133329e-18   726
  1.188214e+01   2.774867e-17   3.451076e-03   1.300962e-18   576
  1.189842e+01   3.339562e-17   3.591459e-03   1.263381e-18   840
  1.190986e+01   3.136850e-17   3.728159e-03   1.239157e-18   750
  1.192343e+01   2.873794e-17   3.739480e-03   1.121847e-18   720
  1.193622e+01   3.009418e-17   3.783051e-03   1.339401e-18   702
  1.195116e+01   2.905421e-17   4.131600e-03   1.166626e-18   696
  1.196345e+01   2.742415e-17   3.694940e-03   1.172271e-18   480
  1.197794e+01   2.661810e-17   3.501108e-03   9.506183e-19   830
  1.199077e+01   2.833217e-17   4.072924e-03   1.188988e-18   756
  1.200515e+01   2.965571e-17   3.910723e-03   1.146231e-18   624
  1.201783e+01   2.556633e-17   4.132228e-03   1.184512e-18   582
  1.203283e+01   2.625471e-17   3.171578e-03   1.172718e-18   576
  1.204580e+01   2.584337e-17   4.247779e-03   1.138152e-18   624
  1.205910e+01   2.468868e-17   3.469160e-03   9.603031e-19   702
  1.207227e+01   2.563351e-17   3.990462e-03   1.098085e-18   624
  1.208791e+01   2.801636e-17   3.860504e-03   1.124709e-18   672
  1.210064e+01   2.424252e-17   2.889949e-03   1.225087e-18   342
  1.211463e+01   2.587154e-17   3.612817e-03   9.993268e-19   660
  1.212750e+01   2.630309e-17   3.713819e-03   1.031186e-18   576
  1.214078e+01   2.532168e-17   3.610581e-03   1.048631e-18   600
  1.215420e+01   2.390873e-17   4.176133e-03   9.965659e-19   510
  1.216931e+01   2.554610e-17   3.912411e-03   1.186339e-18   600
  1.218096e+01   2.250572e-17   3.116086e-03   1.475853e-18   216
  1.219452e+01   2.283253e-17   3.792817e-03   8.629292e-19   758
  1.221033e+01   2.346743e-17   4.152329e-03   9.566216e-19   576
  1.222419e+01   2.373989e-17   3.525214e-03   1.166165e-18   528
  1.223670e+01   2.224702e-17   2.427615e-03   1.232821e-18   318
  1.225013e+01   2.396739e-17   4.193726e-03   1.114120e-18   540
  1.226602e+01   2.021718e-17   2.964901e-03   1.066888e-18   384
  1.227678e+01   2.340528e-17   4.096461e-03   9.645866e-19   576
  1.229079e+01   2.387154e-17   3.347568e-03   1.175057e-18   414
  1.230405e+01   2.128282e-17   3.738140e-03   9.240067e-19   504
  1.231820e+01   2.489313e-17   4.103605e-03   1.436495e-18   312
  1.233179e+01   2.059046e-17   3.717916e-03   1.112768e-18   414
  1.234528e+01   2.335074e-17   3.434758e-03   1.109905e-18   432
  1.235783e+01   2.388048e-17   4.548844e-03   1.029916e-18   504
  1.237236e+01   2.185032e-17   4.381048e-03   1.113275e-18   432
  1.238596e+01   2.340686e-17   3.588736e-03   1.251538e-18   354
  1.239982e+01   2.617305e-17   5.222048e-03   1.729169e-18   200
  1.241170e+01   2.179155e-17   3.705212e-03   9.765325e-19   480
  1.242776e+01   2.217372e-17   4.234016e-03   1.061634e-18   552
  1.244249e+01   2.245770e-17   2.637454e-03   1.249008e-18   366
  1.245384e+01   2.059888e-17   2.807703e-03   1.504463e-18   240
  1.246633e+01   2.173829e-17   3.925282e-03   1.160053e-18   288
  1.248391e+01   2.304217e-17   2.697682e-03   1.149199e-18   366
  1.249528e+01   2.234490e-17   4.373795e-03   1.036824e-18   408
  1.250797e+01   2.292372e-17   3.287965e-03   1.112465e-18   360
  1.252110e+01   1.974278e-17   3.064933e-03   1.169566e-18   324
  1.253383e+01   2.059532e-17   3.619784e-03   1.273776e-18   174
  1.254899e+01   2.247343e-17   4.158623e-03   1.581097e-18   264
  1.256323e+01   1.942570e-17   3.792868e-03   9.448987e-19   456
  1.257742e+01   2.034211e-17   3.813877e-03   1.163197e-18   360
  1.258909e+01   1.759293e-17   4.201352e-03   1.075286e-18   270
  1.260339e+01   2.573917e-17   4.595030e-03   1.633536e-18   240
  1.262129e+01   1.701977e-17   3.348535e-03   1.672074e-18   120
  1.263009e+01   1.914097e-17   3.495757e-03   1.144502e-18   320
  1.264430e+01   2.233355e-17   4.325399e-03   9.821103e-19   462
  1.265918e+01   2.057777e-17   2.516547e-03   1.306182e-18   276
  1.267211e+01   1.690321e-17   2.854984e-03   1.514141e-18   144
  1.268457e+01   2.429828e-17   2.998289e-03   2.271805e-18   120
  1.270112e+01   1.870869e-17   2.270494e-03   1.095976e-18   294
  1.271363e+01   2.050755e-17   4.027978e-03   9.858270e-19   384
  1.272531e+01   1.879716e-17   2.666495e-03   1.275703e-18   216
  1.273648e+01   2.049461e-17   2.476291e-03   1.631830e-18   168
  1.274910e+01   1.737455e-17   2.946391e-03   1.357272e-18   102
  1.276735e+01   1.947475e-17   4.470257e-03   1.441532e-18   168
  1.278014e+01   1.694439e-17   3.912551e-03   8.567761e-19   384
  1.279417e+01   2.107649e-17   3.975249e-03   1.240180e-18   300
  1.280722e+01   2.161741e-17   4.256630e-03   1.571314e-18   144
  1.282194e+01   1.745756e-17   4.359391e-03   2.122996e-18   102
  1.283959e+01   1.556800e-17   1.031965e-03   2.266260e-18   56
  1.284805e+01   1.779357e-17   3.359809e-03   1.045431e-18   288
  1.286132e+01   2.026289e-17   4.372359e-03   1.038224e-18   360
  1.287576e+01   1.956262e-17   2.345472e-03   1.645424e-18   126
  1.288793e+01   2.181581e-17   1.155171e-03   2.552959e-18   72
  1.290120e+01   2.109895e-17   6.120115e-04   2.422767e-18   48
  1.291851e+01   1.772129e-17   2.475877e-03   1.413201e-18   240
  1.292989e+01   1.621283e-17   3.673549e-03   9.585363e-19   306
  1.294153e+01   1.904009e-17   2.041676e-03   1.872084e-18   120
  1.295495e+01   2.126472e-17   5.024838e-03   1.787532e-18   96
  1.296469e+01   1.835107e-17   0.000000e+00   4.021346e-18   24
  1.298660e+01   1.892386e-17   4.351382e-03   1.697242e-18   120
  1.299733e+01   1.683094e-17   3.763148e-03   9.484596e-19   318
  1.301046e+01   2.006761e-17   4.021435e-03   1.459751e-18   168
  1.302485e+01   2.055062e-17   4.315451e-03   2.125388e-18   72
  1.304060e+01   1.768592e-17   0.000000e+00   4.514005e-18   24
  1.305754e+01   1.562183e-17   2.094735e-03   3.650299e-18   14
  1.306560e+01   1.855658e-17   3.303864e-03   1.082252e-18   288
  1.307812e+01   1.323855e-17   3.974728e-03   8.718053e-19   204
  1.309257e+01   2.154955e-17   6.030662e-04   4.196679e-18   48
  1.310402e+01   1.269996e-17   0.000000e+00   2.446222e-18   24
  1.311727e+01   3.502763e-17   0.000000e+00   9.267116e-18   6
  1.313632e+01   1.741962e-17   2.470146e-03   1.179098e-18   216
  1.314613e+01   1.539759e-17   3.289558e-03   9.237288e-19   192
  1.315814e+01   1.906600e-17   6.000610e-04   2.905094e-18   48
  1.317073e+01   1.744976e-17   4.794588e-03   3.867183e-18   30
  1.320635e+01   1.855484e-17   9.914737e-04   1.868671e-18   96
  1.321367e+01   1.748893e-17   3.248800e-03   1.114585e-18   228
  1.322756e+01   2.185181e-17   4.248394e-03   2.753932e-18   72
  1.324426e+01   3.553329e-18   0.000000e+00   8.129723e-19   6
  1.328230e+01   1.671844e-17   3.207767e-03   1.121590e-18   248
  1.329444e+01   1.728398e-17   3.671457e-03   1.878914e-18   72
  1.330909e+01   1.102145e-18   2.034505e-07   3.096737e-19   6
  1.335335e+01   1.864856e-17   2.279484e-03   1.318266e-18   180
  1.336217e+01   2.156840e-17   3.101597e-03   2.310913e-18   72
  1.337477e+01   3.172306e-17   0.000000e+00   9.694026e-18   6
  1.342398e+01   2.075363e-17   9.753997e-04   2.056026e-18   96
  1.342986e+01   1.884238e-17   2.677881e-03   2.433441e-18   96
  1.344132e+01   1.764525e-17   0.000000e+00   4.918016e-18   6
  1.349818e+01   1.797794e-17   2.562939e-03   1.230707e-18   140
  1.350870e+01   2.515060e-17   0.000000e+00   3.666502e-18   6
  1.356964e+01   1.691589e-17   1.721129e-03   1.574100e-18   96
  1.357692e+01   1.415395e-17   0.000000e+00   2.707942e-18   6
  1.364131e+01   1.249071e-17   1.035401e-03   1.602498e-18   60
  1.364594e+01   3.110297e-18   0.000000e+00   8.400596e-19   6
  1.371360e+01   1.508697e-17   1.049683e-03   1.770956e-18   38
  1.378564e+01   3.285687e-17   5.399836e-04   5.868315e-18   18
  1.385781e+01   2.392089e-17   2.034505e-07   5.394881e-18   6
