# power spectrum of phi
# redshift z=0.998975
# k              Pk             sigma(k)       sigma(Pk)      count
  1.256637e-01   3.442149e-11   0.000000e+00   1.383952e-11   6
  1.777153e-01   8.891758e-12   0.000000e+00   1.833665e-12   12
  2.176559e-01   3.943495e-12   2.384186e-09   1.036285e-12   8
  2.513274e-01   1.017607e-11   0.000000e+00   1.536637e-12   6
  2.809926e-01   5.660421e-12   4.495664e-09   1.681218e-12   24
  3.078120e-01   6.440030e-12   4.495664e-09   1.321051e-12   24
  3.554306e-01   1.653251e-12   0.000000e+00   3.299398e-13   12
  3.769911e-01   2.186664e-12   5.086263e-09   2.407630e-13   30
  3.973835e-01   2.040412e-12   0.000000e+00   3.007772e-13   24
  4.167794e-01   2.499804e-12   7.786718e-09   5.449509e-13   24
  4.353118e-01   1.003993e-12   4.768372e-09   1.121623e-13   8
  4.530869e-01   1.302573e-12   6.357829e-09   3.050962e-13   24
  4.701905e-01   1.417846e-12   0.000000e+00   2.778950e-13   48
  5.026548e-01   4.734096e-13   0.000000e+00   1.701352e-13   6
  5.181247e-01   1.151127e-12   6.357829e-09   1.540455e-13   48
  5.331460e-01   8.251786e-13   5.994218e-09   1.502164e-13   36
  5.477554e-01   1.242282e-12   6.357829e-09   2.583274e-13   24
  5.619852e-01   8.906429e-13   8.991328e-09   1.467598e-13   24
  5.758634e-01   9.823516e-13   0.000000e+00   1.417815e-13   48
  5.894150e-01   8.006261e-13   8.991328e-09   1.482706e-13   24
  6.156239e-01   7.224227e-13   8.991328e-09   1.071036e-13   24
  6.283185e-01   4.036665e-13   0.000000e+00   8.487337e-14   30
  6.407617e-01   7.031603e-13   0.000000e+00   7.532983e-14   72
  6.529678e-01   4.962481e-13   9.536743e-09   1.296243e-13   32
  6.767198e-01   6.264198e-13   0.000000e+00   5.780833e-14   72
  6.882885e-01   4.030580e-13   0.000000e+00   6.957240e-14   48
  7.108613e-01   3.990748e-13   0.000000e+00   1.457687e-13   12
  7.273110e-01   4.575402e-13   5.427997e-03   4.264317e-14   96
  7.434365e-01   5.154961e-13   8.991328e-09   5.803885e-14   48
  7.539822e-01   6.389166e-13   1.017253e-08   1.033992e-13   30
  7.720780e-01   4.974199e-13   4.442982e-03   5.485128e-14   96
  7.947671e-01   2.415919e-13   0.000000e+00   4.949467e-14   24
  8.078915e-01   3.061201e-13   4.597878e-03   2.478449e-14   144
  8.240320e-01   2.720389e-13   1.557344e-08   2.152161e-14   24
  8.406230e-01   4.239121e-13   4.078565e-03   3.668833e-14   96
  8.522927e-01   3.338294e-13   0.000000e+00   5.434569e-14   48
  8.784818e-01   3.193636e-13   3.024579e-03   3.622770e-14   62
  8.917918e-01   3.236243e-13   4.253298e-03   2.293733e-14   132
  9.061739e-01   1.986865e-13   1.271566e-08   3.363493e-14   24
  9.197543e-01   3.138029e-13   4.251090e-03   2.612538e-14   168
  9.445606e-01   2.935084e-13   4.179554e-03   2.495054e-14   96
  9.631875e-01   2.439825e-13   3.557186e-03   2.430738e-14   96
  9.860433e-01   2.313793e-13   3.964957e-03   1.668920e-14   168
  1.005310e+00   3.394504e-13   0.000000e+00   7.959345e-14   6
  1.013133e+00   2.146677e-13   0.000000e+00   1.878968e-14   96
  1.022438e+00   2.452559e-13   3.081996e-03   2.127712e-14   120
  1.041311e+00   2.173382e-13   3.578749e-03   1.921344e-14   144
  1.051378e+00   2.491336e-13   0.000000e+00   4.311780e-14   48
  1.070509e+00   1.815860e-13   3.651792e-03   1.899794e-14   84
  1.081000e+00   2.322892e-13   2.491750e-08   1.979551e-14   120
  1.090449e+00   1.910692e-13   3.313740e-03   1.813519e-14   80
  1.105074e+00   1.756359e-13   3.364535e-03   1.462260e-14   144
  1.123970e+00   2.120918e-13   1.798266e-08   3.656018e-14   24
  1.133201e+00   1.813770e-13   3.246628e-03   1.340749e-14   150
  1.147601e+00   1.719437e-13   3.368559e-03   1.472919e-14   120
  1.163416e+00   2.180321e-13   3.069733e-03   1.561470e-14   168
  1.178830e+00   1.563291e-13   1.798266e-08   3.162234e-14   24
  1.188528e+00   1.517240e-13   3.307029e-03   9.454797e-15   264
  1.198755e+00   1.444409e-13   1.798266e-08   1.545326e-14   48
  1.216189e+00   1.499507e-13   3.063158e-03   1.240730e-14   144
  1.235512e+00   1.433698e-13   3.015167e-03   1.466786e-14   72
  1.246540e+00   1.594593e-13   3.101478e-03   9.934546e-15   180
  1.261955e+00   1.208885e-13   2.247234e-03   9.849643e-15   198
  1.269141e+00   1.191514e-13   0.000000e+00   1.673314e-14   48
  1.285036e+00   1.273218e-13   3.041694e-03   1.161713e-14   168
  1.296831e+00   1.137398e-13   3.044222e-03   9.059498e-15   144
  1.314676e+00   1.217944e-13   4.277300e-03   7.551362e-15   248
  1.338772e+00   1.209337e-13   2.948852e-03   7.260685e-15   192
  1.355181e+00   1.226061e-13   4.554933e-03   9.742292e-15   240
  1.365057e+00   9.859645e-14   0.000000e+00   1.254637e-14   72
  1.380120e+00   1.099967e-13   2.779615e-03   1.136886e-14   126
  1.389623e+00   1.212010e-13   2.564571e-03   1.047266e-14   168
  1.407767e+00   1.228389e-13   2.804328e-03   7.827589e-15   288
  1.426839e+00   1.002430e-13   1.476986e-03   8.851987e-15   156
  1.436715e+00   1.055237e-13   2.484720e-03   7.552292e-15   168
  1.451693e+00   1.003834e-13   4.259613e-03   6.012204e-15   264
  1.465478e+00   1.209939e-13   0.000000e+00   1.277645e-14   48
  1.475722e+00   1.025290e-13   4.239347e-03   7.062954e-15   264
  1.490407e+00   8.266130e-14   2.498827e-03   6.510539e-15   144
  1.501498e+00   9.144286e-14   5.112474e-03   9.571166e-15   78
  1.517654e+00   9.167058e-14   3.323319e-03   4.977128e-15   336
  1.532889e+00   1.003910e-13   2.528505e-03   7.097267e-15   200
  1.542895e+00   1.068138e-13   4.950846e-03   9.475595e-15   192
  1.556403e+00   9.351839e-14   2.484459e-03   6.123097e-15   240
  1.568812e+00   8.358294e-14   4.979003e-03   6.152500e-15   168
  1.581561e+00   8.490575e-14   3.986332e-03   7.212222e-15   120
  1.596873e+00   9.395508e-14   3.115666e-03   4.594263e-15   324
  1.611730e+00   8.292972e-14   2.449443e-03   5.438814e-15   192
  1.621842e+00   8.525273e-14   4.392943e-03   5.722463e-15   168
  1.639042e+00   8.118098e-14   3.618152e-03   4.289214e-15   342
  1.654551e+00   7.990761e-14   2.913340e-03   4.380337e-15   336
  1.670270e+00   7.285469e-14   2.229470e-03   7.775407e-15   72
  1.680871e+00   8.141854e-14   3.565739e-03   5.189642e-15   288
  1.693176e+00   7.323297e-14   2.322255e-03   5.264945e-15   264
  1.710363e+00   6.360235e-14   3.054338e-03   3.020987e-15   384
  1.725757e+00   7.231260e-14   3.666000e-03   5.450689e-15   240
  1.732155e+00   8.435112e-14   0.000000e+00   9.873941e-15   48
  1.750659e+00   6.701704e-14   3.000861e-03   3.037133e-15   392
  1.764776e+00   6.913956e-14   3.293295e-03   3.609198e-15   294
  1.779956e+00   6.285776e-14   2.140470e-03   3.965353e-15   228
  1.789939e+00   8.063566e-14   3.250617e-03   5.140760e-15   216
  1.802361e+00   6.367720e-14   1.980050e-03   3.510810e-15   336
  1.817567e+00   6.275508e-14   2.352625e-03   3.314020e-15   360
  1.830119e+00   5.456102e-14   3.584392e-03   3.463573e-15   240
  1.843199e+00   6.030818e-14   4.241157e-03   4.326400e-15   168
  1.855399e+00   5.585511e-14   3.338306e-03   2.911587e-15   312
  1.869935e+00   5.425611e-14   2.089228e-03   2.791058e-15   336
  1.885637e+00   5.005312e-14   2.850095e-03   2.716089e-15   294
  1.897477e+00   5.863259e-14   3.798594e-03   3.401679e-15   288
  1.906536e+00   5.166702e-14   2.376907e-03   2.986631e-15   264
  1.922691e+00   4.935531e-14   4.082916e-03   1.879434e-15   480
  1.936199e+00   5.668559e-14   1.997349e-03   3.586508e-15   240
  1.952759e+00   5.187121e-14   2.019671e-03   3.542191e-15   276
  1.965824e+00   4.646209e-14   4.433576e-03   2.142624e-15   488
  1.981346e+00   4.956588e-14   1.952641e-03   3.344909e-15   240
  1.990355e+00   5.633604e-14   3.791527e-03   2.776002e-15   360
  2.002988e+00   4.821297e-14   1.348968e-03   3.271362e-15   198
  2.019235e+00   4.682994e-14   4.558217e-03   1.830234e-15   480
  2.031131e+00   4.681974e-14   1.682460e-03   3.317213e-15   288
  2.047583e+00   4.865315e-14   3.556337e-03   2.245076e-15   480
  2.062377e+00   4.240568e-14   2.191154e-03   1.933869e-15   480
  2.077570e+00   4.439676e-14   2.833894e-03   2.654845e-15   288
  2.087050e+00   4.477389e-14   3.023242e-03   2.780441e-15   288
  2.101959e+00   4.707894e-14   5.255912e-03   2.199725e-15   456
  2.116971e+00   3.739029e-14   4.949844e-03   1.943756e-15   360
  2.126650e+00   4.089209e-14   2.967082e-03   3.140736e-15   180
  2.140657e+00   4.125630e-14   3.231514e-03   2.078644e-15   486
  2.154854e+00   4.811520e-14   4.298953e-03   2.280248e-15   504
  2.169289e+00   4.304591e-14   3.340070e-03   1.924254e-15   456
  2.181258e+00   3.891509e-14   2.775009e-03   2.066632e-15   296
  2.197072e+00   4.187116e-14   2.738289e-03   1.786472e-15   528
  2.208965e+00   3.463182e-14   2.701981e-03   2.096083e-15   336
  2.226481e+00   3.698020e-14   2.997004e-03   1.642980e-15   600
  2.239302e+00   4.307942e-14   1.755804e-03   2.245752e-15   264
  2.252151e+00   3.172904e-14   1.898694e-03   1.847278e-15   360
  2.265266e+00   3.630027e-14   3.801372e-03   1.491049e-15   630
  2.279717e+00   3.713535e-14   1.962233e-03   1.856464e-15   432
  2.292537e+00   3.876712e-14   3.780726e-03   2.081118e-15   408
  2.308272e+00   3.739498e-14   2.509414e-03   1.918140e-15   324
  2.319978e+00   3.483526e-14   3.576222e-03   1.329259e-15   744
  2.334098e+00   3.500436e-14   2.858952e-03   1.758270e-15   336
  2.347588e+00   3.903342e-14   3.930328e-03   1.694142e-15   528
  2.362382e+00   3.109427e-14   2.005373e-03   1.338631e-15   408
  2.372191e+00   3.346754e-14   3.413147e-03   1.739094e-15   408
  2.388397e+00   3.549052e-14   2.817663e-03   1.636017e-15   470
  2.400201e+00   2.971175e-14   3.384925e-03   1.236944e-15   528
  2.416685e+00   3.050163e-14   2.820560e-03   1.136183e-15   624
  2.428827e+00   3.231309e-14   2.146180e-03   1.450794e-15   504
  2.441353e+00   3.108643e-14   2.989469e-03   1.379956e-15   552
  2.453777e+00   2.675238e-14   1.453231e-03   1.348973e-15   336
  2.469334e+00   3.047098e-14   3.093356e-03   1.315670e-15   528
  2.481386e+00   3.065541e-14   3.521844e-03   1.381997e-15   564
  2.495502e+00   2.870575e-14   3.241487e-03   1.182291e-15   528
  2.510806e+00   2.450606e-14   5.032507e-03   9.376088e-16   582
  2.524724e+00   3.126224e-14   3.874271e-03   1.300461e-15   624
  2.536896e+00   2.778854e-14   4.429036e-03   1.242635e-15   432
  2.551418e+00   2.710241e-14   4.926531e-03   9.218756e-16   816
  2.566361e+00   2.696140e-14   2.245292e-03   1.332796e-15   312
  2.576137e+00   2.926723e-14   3.638994e-03   1.420740e-15   552
  2.591900e+00   2.667499e-14   2.291924e-03   9.598880e-16   744
  2.603321e+00   2.781631e-14   2.141123e-03   1.517544e-15   408
  2.618061e+00   2.596580e-14   3.068323e-03   1.119480e-15   632
  2.633374e+00   2.719012e-14   5.210791e-03   1.067659e-15   750
  2.645831e+00   2.573978e-14   3.584637e-03   1.425054e-15   312
  2.659713e+00   2.663902e-14   5.292216e-03   8.769152e-16   876
  2.673443e+00   2.543957e-14   3.455503e-03   1.058643e-15   552
  2.688914e+00   2.385803e-14   2.857688e-03   9.251392e-16   696
  2.699453e+00   2.614601e-14   3.154346e-03   1.125472e-15   576
  2.713796e+00   2.470524e-14   3.339693e-03   9.850493e-16   576
  2.726037e+00   2.567133e-14   4.475199e-03   1.148232e-15   648
  2.740832e+00   2.440214e-14   4.479393e-03   9.173789e-16   672
  2.757165e+00   2.286993e-14   1.899992e-03   9.925355e-16   480
  2.767620e+00   2.218420e-14   2.942368e-03   7.489785e-16   726
  2.781081e+00   2.211428e-14   3.334085e-03   7.733164e-16   792
  2.795661e+00   2.340301e-14   4.625257e-03   8.398847e-16   768
  2.811027e+00   2.314264e-14   3.780047e-03   9.324403e-16   672
  2.825116e+00   2.171713e-14   2.535576e-03   8.905409e-16   608
  2.835316e+00   2.104881e-14   2.434230e-03   8.367232e-16   624
  2.849867e+00   1.967200e-14   3.163261e-03   7.500804e-16   684
  2.864019e+00   2.230117e-14   4.672505e-03   8.580105e-16   768
  2.877191e+00   2.124011e-14   3.735635e-03   7.527580e-16   744
  2.892886e+00   2.224791e-14   2.352178e-03   8.168140e-16   750
  2.904325e+00   1.942112e-14   3.496199e-03   7.599180e-16   600
  2.916695e+00   2.169191e-14   3.712332e-03   9.671290e-16   600
  2.931979e+00   2.103274e-14   4.278234e-03   6.519212e-16   1008
  2.944116e+00   2.009487e-14   2.372856e-03   7.777677e-16   696
  2.957565e+00   1.966034e-14   3.134649e-03   8.236585e-16   624
  2.971086e+00   1.905717e-14   4.877909e-03   6.766751e-16   840
  2.986446e+00   1.818389e-14   3.319024e-03   6.430571e-16   816
  2.998905e+00   1.980836e-14   2.204574e-03   7.070209e-16   744
  3.011488e+00   1.895741e-14   3.897323e-03   7.934900e-16   510
  3.026687e+00   1.877002e-14   3.741750e-03   5.660616e-16   1020
  3.040833e+00   1.990193e-14   3.019222e-03   6.472801e-16   912
  3.054778e+00   1.882783e-14   4.473147e-03   7.701285e-16   752
  3.066309e+00   1.739289e-14   3.711666e-03   5.541553e-16   888
  3.082044e+00   1.898584e-14   2.395124e-03   6.385080e-16   768
  3.094915e+00   1.469105e-14   4.352150e-03   5.339133e-16   720
  3.109727e+00   1.692678e-14   3.836546e-03   5.003778e-16   1056
  3.122866e+00   1.672657e-14   2.654285e-03   7.112240e-16   504
  3.133631e+00   1.557935e-14   4.144719e-03   5.496819e-16   774
  3.149026e+00   1.643492e-14   3.986123e-03   4.508264e-16   1272
  3.163486e+00   1.614526e-14   2.611538e-03   5.739542e-16   744
  3.176969e+00   1.761763e-14   4.264475e-03   6.883475e-16   768
  3.189339e+00   1.585825e-14   3.607190e-03   5.693793e-16   840
  3.203231e+00   1.614020e-14   2.445578e-03   5.133978e-16   924
  3.216608e+00   1.591306e-14   4.311548e-03   5.178933e-16   936
  3.229755e+00   1.522801e-14   2.996363e-03   5.416549e-16   840
  3.242998e+00   1.431706e-14   3.562326e-03   4.664168e-16   1008
  3.259829e+00   1.553995e-14   4.021535e-03   5.715049e-16   696
  3.270389e+00   1.457113e-14   3.574451e-03   4.504404e-16   974
  3.286078e+00   1.478228e-14   4.747287e-03   4.352292e-16   1152
  3.299719e+00   1.408341e-14   1.857626e-03   4.649401e-16   816
  3.310327e+00   1.409330e-14   4.086567e-03   4.976524e-16   816
  3.324599e+00   1.338412e-14   3.608623e-03   3.926399e-16   1152
  3.339651e+00   1.356123e-14   3.248998e-03   4.673155e-16   912
  3.353338e+00   1.445522e-14   3.947532e-03   4.406927e-16   1056
  3.365058e+00   1.352350e-14   3.375847e-03   5.503625e-16   624
  3.380817e+00   1.320403e-14   4.216875e-03   3.728852e-16   1260
  3.394418e+00   1.362765e-14   2.543440e-03   4.763901e-16   894
  3.407703e+00   1.357806e-14   4.357818e-03   3.965555e-16   1176
  3.420993e+00   1.261906e-14   3.606982e-03   4.499311e-16   840
  3.436121e+00   1.246321e-14   4.099862e-03   3.135674e-16   1440
  3.452005e+00   1.300592e-14   2.304966e-03   4.571215e-16   864
  3.464048e+00   1.237344e-14   3.955435e-03   3.720884e-16   1056
  3.476035e+00   1.285776e-14   2.332073e-03   5.030836e-16   624
  3.490594e+00   1.128485e-14   4.318596e-03   3.007081e-16   1496
  3.504515e+00   1.275817e-14   3.049082e-03   4.255187e-16   936
  3.516908e+00   1.139256e-14   4.414111e-03   3.337196e-16   966
  3.530243e+00   1.183669e-14   3.128902e-03   3.799953e-16   936
  3.544251e+00   1.132062e-14   3.870284e-03   3.270384e-16   1248
  3.558592e+00   1.206561e-14   2.728377e-03   4.028323e-16   1044
  3.571955e+00   1.091987e-14   4.226344e-03   2.934825e-16   1392
  3.582538e+00   1.172886e-14   3.255138e-03   5.242253e-16   600
  3.597678e+00   1.057579e-14   3.698179e-03   2.756020e-16   1416
  3.611873e+00   1.159771e-14   3.980638e-03   3.389542e-16   1152
  3.626257e+00   1.131438e-14   3.818797e-03   3.435944e-16   936
  3.637844e+00   9.947729e-15   4.095847e-03   3.670322e-16   870
  3.651613e+00   1.021387e-14   3.434204e-03   2.974541e-16   1368
  3.666892e+00   1.060093e-14   4.515083e-03   2.659379e-16   1632
  3.679949e+00   1.079544e-14   1.960196e-03   3.763003e-16   816
  3.694083e+00   1.033847e-14   4.472000e-03   2.831953e-16   1200
  3.706415e+00   9.681262e-15   4.275759e-03   2.732669e-16   1184
  3.718942e+00   1.044820e-14   3.245022e-03   3.166164e-16   984
  3.734312e+00   1.029972e-14   3.961839e-03   2.566675e-16   1572
  3.748246e+00   9.434766e-15   2.181853e-03   3.298907e-16   840
  3.761231e+00   9.403472e-15   5.073986e-03   2.448659e-16   1392
  3.774941e+00   1.034573e-14   3.725317e-03   3.136355e-16   1158
  3.787179e+00   9.821433e-15   3.392190e-03   2.820727e-16   1272
  3.801913e+00   1.041175e-14   3.456945e-03   2.914353e-16   1320
  3.815753e+00   9.617414e-15   3.382582e-03   3.163599e-16   1104
  3.828921e+00   9.447806e-15   3.828609e-03   2.520321e-16   1392
  3.842742e+00   9.001918e-15   4.141026e-03   2.508233e-16   1296
  3.856976e+00   8.901722e-15   4.323915e-03   2.396095e-16   1392
  3.870333e+00   8.923533e-15   3.171938e-03   2.581985e-16   1104
  3.882690e+00   9.278682e-15   3.995358e-03   2.617027e-16   1320
  3.900292e+00   8.915971e-15   3.051196e-03   2.320034e-16   1422
  3.911534e+00   8.891762e-15   3.800093e-03   2.546152e-16   1212
  3.924449e+00   8.479069e-15   4.152476e-03   2.403742e-16   1280
  3.937717e+00   8.429092e-15   4.323858e-03   2.337390e-16   1272
  3.950433e+00   8.423076e-15   3.741871e-03   2.051830e-16   1680
  3.965505e+00   8.224894e-15   3.535373e-03   2.321628e-16   1152
  3.979380e+00   8.652490e-15   4.094086e-03   2.116375e-16   1512
  3.993967e+00   8.669419e-15   1.728507e-03   2.790598e-16   912
  4.005497e+00   7.703379e-15   4.357212e-03   1.830761e-16   1680
  4.020833e+00   7.974672e-15   3.859977e-03   2.018646e-16   1518
  4.032200e+00   8.204337e-15   3.573605e-03   2.474485e-16   1056
  4.044173e+00   8.272284e-15   3.608353e-03   2.153558e-16   1344
  4.059650e+00   7.577597e-15   3.874584e-03   1.999322e-16   1680
  4.073653e+00   7.839130e-15   3.818000e-03   1.900178e-16   1656
  4.088955e+00   7.190482e-15   3.245360e-03   2.095198e-16   1140
  4.100443e+00   7.617793e-15   3.757881e-03   2.097416e-16   1368
  4.113960e+00   6.893389e-15   4.274611e-03   1.745753e-16   1656
  4.127700e+00   7.427179e-15   4.378119e-03   1.871005e-16   1448
  4.142656e+00   7.255884e-15   4.112955e-03   1.900737e-16   1422
  4.156469e+00   7.501928e-15   4.540534e-03   1.879003e-16   1512
  4.168283e+00   7.246301e-15   3.461570e-03   2.056237e-16   1296
  4.181952e+00   7.231682e-15   3.160641e-03   1.610757e-16   1824
  4.196729e+00   7.174684e-15   4.098248e-03   1.863560e-16   1464
  4.211657e+00   6.947474e-15   3.657099e-03   1.622498e-16   1824
  4.225511e+00   7.068279e-15   2.907578e-03   1.805716e-16   1416
  4.237563e+00   6.520334e-15   4.258820e-03   1.744057e-16   1392
  4.250574e+00   6.556206e-15   3.929974e-03   1.755581e-16   1464
  4.266448e+00   6.839821e-15   3.842159e-03   1.745794e-16   1524
  4.278716e+00   6.438667e-15   3.540612e-03   1.651238e-16   1686
  4.292893e+00   6.365438e-15   4.215803e-03   1.494425e-16   1800
  4.305078e+00   6.373585e-15   3.346946e-03   1.769850e-16   1344
  4.318597e+00   6.603724e-15   3.904869e-03   1.532829e-16   1656
  4.332150e+00   6.440892e-15   3.117839e-03   1.780608e-16   1488
  4.343925e+00   5.859787e-15   3.112762e-03   1.404820e-16   1536
  4.360333e+00   5.752501e-15   3.457925e-03   1.345526e-16   1760
  4.373047e+00   5.950253e-15   3.846268e-03   1.333906e-16   1824
  4.387749e+00   5.974825e-15   3.227735e-03   1.452984e-16   1560
  4.401895e+00   5.654565e-15   3.707356e-03   1.359284e-16   1926
  4.415200e+00   6.149553e-15   2.636418e-03   1.639037e-16   1272
  4.427344e+00   6.161898e-15   4.430497e-03   1.414671e-16   1848
  4.443306e+00   5.570528e-15   3.579461e-03   1.224074e-16   1908
  4.455447e+00   5.762631e-15   3.491292e-03   1.448740e-16   1488
  4.468258e+00   5.956453e-15   3.937426e-03   1.421061e-16   1800
  4.482146e+00   5.758631e-15   3.941308e-03   1.331404e-16   1752
  4.495448e+00   5.880871e-15   4.190952e-03   1.562547e-16   1368
  4.508761e+00   5.470140e-15   3.938690e-03   1.237864e-16   2016
  4.523403e+00   5.234597e-15   4.160224e-03   1.429843e-16   1542
  4.536915e+00   5.151137e-15   4.073984e-03   1.110048e-16   2184
  4.551872e+00   5.573819e-15   3.726771e-03   1.303550e-16   1776
  4.564793e+00   5.455059e-15   4.260262e-03   1.386939e-16   1568
  4.577109e+00   4.965557e-15   3.892227e-03   1.055448e-16   2040
  4.590510e+00   4.749029e-15   4.161138e-03   1.183433e-16   1704
  4.604538e+00   5.240767e-15   4.171238e-03   1.435620e-16   1512
  4.617765e+00   5.144568e-15   3.558077e-03   1.156590e-16   2028
  4.632626e+00   5.017133e-15   4.291956e-03   1.158883e-16   1968
  4.646213e+00   4.767731e-15   4.353548e-03   1.086190e-16   1854
  4.659509e+00   5.029187e-15   4.150271e-03   1.318185e-16   1632
  4.673135e+00   4.895243e-15   4.264760e-03   9.628039e-17   2424
  4.687258e+00   4.728093e-15   4.269195e-03   1.252106e-16   1560
  4.699197e+00   4.769583e-15   4.034385e-03   1.152811e-16   1728
  4.713624e+00   4.695512e-15   4.306520e-03   1.030721e-16   2088
  4.728145e+00   4.705068e-15   4.099347e-03   1.048713e-16   1968
  4.741503e+00   4.534299e-15   4.058747e-03   9.623006e-17   2256
  4.754898e+00   4.388487e-15   3.608676e-03   1.023290e-16   1728
  4.768882e+00   4.624092e-15   3.557384e-03   1.199631e-16   1416
  4.781270e+00   4.716660e-15   3.750195e-03   1.012853e-16   2246
  4.795296e+00   4.667084e-15   4.153300e-03   1.066995e-16   2148
  4.808715e+00   4.562186e-15   3.508307e-03   1.018637e-16   1680
  4.821345e+00   4.350290e-15   4.435233e-03   9.358665e-17   2280
  4.836527e+00   4.131857e-15   4.130181e-03   9.131137e-17   2352
  4.850707e+00   4.113397e-15   3.470382e-03   1.039096e-16   1632
  4.861925e+00   4.038669e-15   3.971039e-03   8.962414e-17   1968
  4.877319e+00   3.978337e-15   4.074288e-03   8.289803e-17   2112
  4.891594e+00   4.269454e-15   3.060509e-03   9.201902e-17   2208
  4.905465e+00   3.979351e-15   3.085913e-03   9.432735e-17   1974
  4.916413e+00   4.112431e-15   3.018862e-03   9.331645e-17   1944
  4.931203e+00   4.007071e-15   3.415495e-03   8.647636e-17   2160
  4.944022e+00   3.732124e-15   3.194258e-03   8.074844e-17   2040
  4.957876e+00   3.782683e-15   4.468841e-03   7.931488e-17   2352
  4.972085e+00   3.637136e-15   3.712532e-03   8.610602e-17   1836
  4.985054e+00   4.107874e-15   3.960355e-03   8.413232e-17   2352
  4.999614e+00   3.879196e-15   4.153876e-03   8.311863e-17   2008
  5.012962e+00   3.963420e-15   4.086408e-03   8.300297e-17   2464
  5.027846e+00   3.647019e-15   3.295867e-03   8.183815e-17   2118
  5.040054e+00   3.614746e-15   3.313173e-03   8.355848e-17   1848
  5.052620e+00   3.719046e-15   4.384411e-03   8.115375e-17   2280
  5.067797e+00   3.537964e-15   4.170623e-03   7.507144e-17   2472
  5.081980e+00   3.674813e-15   2.787100e-03   7.765883e-17   2280
  5.093886e+00   3.521929e-15   3.406760e-03   7.657785e-17   1992
  5.106726e+00   3.622844e-15   3.581554e-03   7.690077e-17   2184
  5.121532e+00   3.438190e-15   4.320591e-03   7.271345e-17   2352
  5.135798e+00   3.394707e-15   4.553131e-03   7.177228e-17   2496
  5.149768e+00   3.432903e-15   4.252678e-03   8.138318e-17   1770
  5.162298e+00   3.537772e-15   3.669389e-03   6.984703e-17   2568
  5.177360e+00   3.215848e-15   4.500656e-03   6.219845e-17   2712
  5.191053e+00   3.317508e-15   3.574170e-03   6.989197e-17   2448
  5.204725e+00   3.311465e-15   3.012843e-03   7.469836e-17   2064
  5.216066e+00   3.010772e-15   3.180123e-03   7.014681e-17   1944
  5.230772e+00   3.113125e-15   3.928620e-03   6.210249e-17   2480
  5.245774e+00   2.999876e-15   4.267634e-03   5.600210e-17   2880
  5.259063e+00   3.066172e-15   4.093786e-03   6.383798e-17   2304
  5.272942e+00   2.998731e-15   3.761177e-03   7.000157e-17   1806
  5.285249e+00   3.111377e-15   3.688568e-03   5.910679e-17   2856
  5.300671e+00   3.062149e-15   3.537448e-03   6.240634e-17   2568
  5.312407e+00   3.059903e-15   3.549041e-03   6.620919e-17   2112
  5.325180e+00   3.063220e-15   3.418353e-03   6.834844e-17   2028
  5.338884e+00   2.920391e-15   4.046323e-03   5.716507e-17   2712
  5.352799e+00   2.888996e-15   4.359274e-03   5.646934e-17   2952
  5.367753e+00   2.776481e-15   3.368279e-03   6.051930e-17   2112
  5.379842e+00   2.865503e-15   3.947451e-03   5.638328e-17   2520
  5.394364e+00   2.821407e-15   3.807395e-03   5.802074e-17   2376
  5.407591e+00   2.918375e-15   3.052135e-03   6.121914e-17   2526
  5.421320e+00   2.838162e-15   3.798300e-03   5.531761e-17   2664
  5.434913e+00   2.845457e-15   4.530289e-03   5.961318e-17   2408
  5.447943e+00   2.690288e-15   3.628938e-03   5.666856e-17   2568
  5.461232e+00   2.641008e-15   3.421437e-03   5.012013e-17   2904
  5.475648e+00   2.629249e-15   3.838949e-03   5.337800e-17   2544
  5.489345e+00   2.698310e-15   2.827650e-03   5.850934e-17   2160
  5.502268e+00   2.731887e-15   4.888682e-03   5.422079e-17   2652
  5.516545e+00   2.739566e-15   3.870830e-03   5.048868e-17   2784
  5.530283e+00   2.589194e-15   3.822557e-03   5.112512e-17   2694
  5.544517e+00   2.581973e-15   3.435410e-03   5.059154e-17   2952
  5.556886e+00   2.522627e-15   3.253958e-03   5.502013e-17   2208
  5.569485e+00   2.639893e-15   3.468078e-03   5.707647e-17   2304
  5.583550e+00   2.482441e-15   4.509853e-03   4.104631e-17   3504
  5.599953e+00   2.428288e-15   3.651788e-03   4.998393e-17   2616
  5.612745e+00   2.353792e-15   3.567502e-03   4.924964e-17   2664
  5.625069e+00   2.494472e-15   3.314521e-03   5.179740e-17   2448
  5.637487e+00   2.290032e-15   4.616036e-03   4.700961e-17   2472
  5.652096e+00   2.396748e-15   3.670011e-03   4.464430e-17   3134
  5.665845e+00   2.458461e-15   4.013913e-03   4.949751e-17   2616
  5.679574e+00   2.367652e-15   3.251426e-03   4.700128e-17   2712
  5.693697e+00   2.270634e-15   3.728915e-03   4.055043e-17   3204
  5.707195e+00   2.224421e-15   4.294589e-03   4.448417e-17   2760
  5.720015e+00   2.164241e-15   3.746961e-03   4.120433e-17   2688
  5.734152e+00   2.311031e-15   3.542739e-03   4.640983e-17   2760
  5.746653e+00   2.262747e-15   2.925296e-03   4.608964e-17   2568
  5.761049e+00   2.105941e-15   4.542841e-03   3.667595e-17   3336
  5.774866e+00   2.289229e-15   3.845016e-03   4.878887e-17   2334
  5.788819e+00   2.182854e-15   4.254924e-03   3.702316e-17   3264
  5.801858e+00   2.234756e-15   3.093655e-03   4.510915e-17   2760
  5.815230e+00   2.173388e-15   3.736259e-03   3.870534e-17   3192
  5.828845e+00   2.091303e-15   3.879036e-03   4.041625e-17   2904
  5.843326e+00   2.152842e-15   3.892076e-03   4.187367e-17   2784
  5.855447e+00   2.081545e-15   3.203250e-03   4.268081e-17   2592
  5.869236e+00   2.007180e-15   4.366488e-03   3.466252e-17   3284
  5.883890e+00   1.960230e-15   4.385937e-03   3.568738e-17   3168
  5.897000e+00   2.009442e-15   3.618712e-03   4.271183e-17   2616
  5.910782e+00   1.980039e-15   3.496570e-03   3.723678e-17   3222
  5.924188e+00   1.960956e-15   3.923260e-03   3.686880e-17   3240
  5.937171e+00   2.002799e-15   3.969009e-03   4.016233e-17   2568
  5.951932e+00   1.870668e-15   3.641761e-03   3.372743e-17   3120
  5.964273e+00   1.894038e-15   4.003580e-03   3.461701e-17   3168
  5.977546e+00   1.808092e-15   3.504830e-03   3.508862e-17   3240
  5.992066e+00   1.815584e-15   3.595869e-03   3.291325e-17   3144
  6.006172e+00   1.824629e-15   3.427490e-03   3.360649e-17   2856
  6.019505e+00   1.877938e-15   3.660696e-03   3.276688e-17   3264
  6.034592e+00   1.862178e-15   4.044906e-03   3.368254e-17   3318
  6.046466e+00   1.869175e-15   2.832824e-03   4.019217e-17   2556
  6.060617e+00   1.823059e-15   4.838986e-03   3.170786e-17   4008
  6.074943e+00   1.820684e-15   3.572017e-03   3.660590e-17   2904
  6.087200e+00   1.742082e-15   3.652513e-03   3.089146e-17   3144
  6.101153e+00   1.779257e-15   3.807781e-03   3.284328e-17   3200
  6.115592e+00   1.650845e-15   3.755394e-03   2.959587e-17   3312
  6.128536e+00   1.784762e-15   3.026680e-03   3.733399e-17   2832
  6.142988e+00   1.596458e-15   4.355583e-03   2.690533e-17   3984
  6.156407e+00   1.623383e-15   3.540883e-03   3.420743e-17   2238
  6.168657e+00   1.714309e-15   4.167010e-03   2.883934e-17   3984
  6.183855e+00   1.698753e-15   3.959901e-03   3.093560e-17   3384
  6.196482e+00   1.683025e-15   3.701438e-03   3.324711e-17   3048
  6.209665e+00   1.570738e-15   3.398642e-03   3.045823e-17   3096
  6.223435e+00   1.643179e-15   3.852259e-03   2.821265e-17   3708
  6.237127e+00   1.499334e-15   3.651419e-03   3.014221e-17   2784
  6.249844e+00   1.484018e-15   3.792698e-03   2.731710e-17   3648
  6.264291e+00   1.493447e-15   3.903504e-03   2.536721e-17   3888
  6.279665e+00   1.476187e-15   4.167105e-03   2.865156e-17   2958
  6.291144e+00   1.634030e-15   3.557011e-03   3.227513e-17   3264
  6.304977e+00   1.478090e-15   3.926839e-03   2.875666e-17   3160
  6.318045e+00   1.514829e-15   3.558843e-03   2.472199e-17   3736
  6.330431e+00   1.417560e-15   3.242939e-03   2.643010e-17   3216
  6.345038e+00   1.541521e-15   3.974048e-03   2.572536e-17   4032
  6.360272e+00   1.490063e-15   3.628234e-03   2.528218e-17   3528
  6.373262e+00   1.496329e-15   3.202694e-03   2.753351e-17   3192
  6.386247e+00   1.431072e-15   3.507520e-03   2.597103e-17   3456
  6.400334e+00   1.432282e-15   3.636928e-03   2.690442e-17   3060
  6.414454e+00   1.385592e-15   4.324726e-03   2.266941e-17   4518
  6.428212e+00   1.397838e-15   3.852771e-03   2.483133e-17   3528
  6.440859e+00   1.447764e-15   3.235655e-03   2.944045e-17   3024
  6.454342e+00   1.392110e-15   4.380947e-03   2.456364e-17   3672
  6.468077e+00   1.323340e-15   3.760183e-03   2.269746e-17   3864
  6.483327e+00   1.307941e-15   3.985743e-03   2.273690e-17   3816
  6.495798e+00   1.308199e-15   3.626145e-03   2.286392e-17   3456
  6.507756e+00   1.340335e-15   3.282483e-03   2.700057e-17   2688
  6.521843e+00   1.254334e-15   3.894603e-03   1.968637e-17   4248
  6.535809e+00   1.326842e-15   3.730284e-03   2.328246e-17   3926
  6.549837e+00   1.376916e-15   3.938539e-03   2.564590e-17   3504
  6.563389e+00   1.327932e-15   3.521113e-03   2.284178e-17   3960
  6.578351e+00   1.293005e-15   3.963952e-03   2.190750e-17   3684
  6.591183e+00   1.229009e-15   3.963687e-03   2.108783e-17   4104
  6.604012e+00   1.271207e-15   3.759338e-03   2.330163e-17   3144
  6.617793e+00   1.227559e-15   4.117770e-03   2.021100e-17   4224
  6.632945e+00   1.216035e-15   3.654879e-03   2.076323e-17   4008
  6.645891e+00   1.298561e-15   4.020945e-03   2.524510e-17   3312
  6.659221e+00   1.234307e-15   3.999289e-03   2.162595e-17   3726
  6.673398e+00   1.235012e-15   4.107760e-03   2.138370e-17   3936
  6.685987e+00   1.184123e-15   4.234293e-03   1.988488e-17   3888
  6.699051e+00   1.157482e-15   4.003929e-03   2.042019e-17   3864
  6.712643e+00   1.199008e-15   4.256514e-03   2.083800e-17   3888
  6.726643e+00   1.159482e-15   4.014548e-03   2.006972e-17   4080
  6.740465e+00   1.145806e-15   4.260657e-03   2.196939e-17   3400
  6.754567e+00   1.096513e-15   3.907452e-03   1.666219e-17   4588
  6.768825e+00   1.085301e-15   3.867571e-03   1.848725e-17   3816
  6.781286e+00   1.076660e-15   3.664848e-03   1.955582e-17   3534
  6.794478e+00   1.167263e-15   3.619891e-03   2.189101e-17   4080
  6.808278e+00   1.162978e-15   3.783811e-03   1.994833e-17   4248
  6.822137e+00   1.144447e-15   3.812932e-03   2.041948e-17   3528
  6.834925e+00   1.054952e-15   3.898202e-03   1.779331e-17   4248
  6.847851e+00   1.113696e-15   3.812833e-03   2.217179e-17   3696
  6.862246e+00   1.058950e-15   3.956350e-03   1.757135e-17   4560
  6.875897e+00   1.101466e-15   3.705786e-03   1.813091e-17   3864
  6.889918e+00   1.083155e-15   4.035033e-03   1.873607e-17   4440
  6.903205e+00   9.979112e-16   3.764781e-03   1.924086e-17   3432
  6.917168e+00   1.097836e-15   3.691446e-03   1.892185e-17   4470
  6.930903e+00   1.051363e-15   3.280469e-03   1.828402e-17   4188
  6.944404e+00   1.043824e-15   4.202742e-03   1.921481e-17   4392
  6.957812e+00   9.939358e-16   3.251220e-03   1.776196e-17   3960
  6.971756e+00   9.884350e-16   3.672933e-03   1.636230e-17   4328
  6.985263e+00   9.793491e-16   3.822434e-03   1.757387e-17   4320
  6.998915e+00   9.986304e-16   3.997076e-03   1.787865e-17   4152
  7.011574e+00   1.016202e-15   3.343614e-03   1.930046e-17   3528
  7.025890e+00   9.248956e-16   3.618951e-03   1.492028e-17   4512
  7.039283e+00   9.735163e-16   3.699459e-03   1.691600e-17   4134
  7.052888e+00   9.959651e-16   3.941164e-03   1.584550e-17   5208
  7.065972e+00   9.571058e-16   3.433716e-03   1.890380e-17   3240
  7.079508e+00   9.622758e-16   3.787232e-03   1.493143e-17   4680
  7.093285e+00   9.367334e-16   3.749666e-03   1.547636e-17   4440
  7.107078e+00   9.387597e-16   4.248981e-03   1.587937e-17   4260
  7.120308e+00   8.940569e-16   3.468882e-03   1.532777e-17   4056
  7.133932e+00   9.184226e-16   3.845862e-03   1.522970e-17   4704
  7.148231e+00   9.414503e-16   4.475317e-03   1.585940e-17   4800
  7.163348e+00   8.996068e-16   3.877518e-03   1.500497e-17   4806
  7.176410e+00   9.622759e-16   3.865268e-03   1.880114e-17   3552
  7.188851e+00   8.827287e-16   3.875633e-03   1.564280e-17   4304
  7.202898e+00   9.293540e-16   3.758487e-03   1.485861e-17   5280
  7.216787e+00   8.382528e-16   3.605632e-03   1.471879e-17   4320
  7.229935e+00   9.040465e-16   4.071704e-03   1.771993e-17   4296
  7.243800e+00   8.485315e-16   4.526721e-03   1.444394e-17   4608
  7.257822e+00   8.723023e-16   4.336841e-03   1.497579e-17   4824
  7.271703e+00   7.990964e-16   4.094286e-03   1.315891e-17   4488
  7.286600e+00   8.497261e-16   3.822456e-03   1.400729e-17   4530
  7.298900e+00   8.361861e-16   3.732313e-03   1.582882e-17   4464
  7.311208e+00   8.775597e-16   3.517428e-03   1.758304e-17   4104
  7.325339e+00   8.243485e-16   3.792522e-03   1.374752e-17   5424
  7.339239e+00   7.949547e-16   4.082418e-03   1.399822e-17   4392
  7.353384e+00   8.222111e-16   3.996852e-03   1.387900e-17   4896
  7.366230e+00   8.058944e-16   3.917732e-03   1.582939e-17   4104
  7.379634e+00   8.080743e-16   3.532761e-03   1.356841e-17   4824
  7.393776e+00   7.606118e-16   3.376492e-03   1.336363e-17   4680
  7.406096e+00   7.690066e-16   3.453413e-03   1.456251e-17   4328
  7.420397e+00   8.225758e-16   3.980891e-03   1.437220e-17   5118
  7.434767e+00   7.795902e-16   4.612116e-03   1.291078e-17   5304
  7.447735e+00   8.178947e-16   3.631827e-03   1.514851e-17   4392
  7.461864e+00   7.488964e-16   3.645220e-03   1.357119e-17   4476
  7.474220e+00   7.953676e-16   3.620136e-03   1.469687e-17   4704
  7.487968e+00   7.605178e-16   4.381742e-03   1.309259e-17   5208
  7.502418e+00   7.273695e-16   3.694542e-03   1.151365e-17   5304
  7.515732e+00   7.215161e-16   3.957369e-03   1.227726e-17   4296
  7.529385e+00   7.116298e-16   3.752608e-03   1.216727e-17   4752
  7.543730e+00   7.721826e-16   3.767007e-03   1.365636e-17   4950
  7.556622e+00   7.534147e-16   3.937534e-03   1.299995e-17   5064
  7.569518e+00   7.505728e-16   3.299143e-03   1.395286e-17   4872
  7.582558e+00   7.634395e-16   3.473093e-03   1.433029e-17   4224
  7.596482e+00   7.273469e-16   3.836467e-03   1.133748e-17   6120
  7.611299e+00   7.096574e-16   4.220602e-03   1.375224e-17   4968
  7.624740e+00   7.234347e-16   3.734866e-03   1.300382e-17   4424
  7.638645e+00   7.027602e-16   4.770498e-03   1.230178e-17   5436
  7.652381e+00   7.021254e-16   4.067269e-03   1.212220e-17   4896
  7.665661e+00   6.968785e-16   3.893965e-03   1.242954e-17   5214
  7.678461e+00   7.464528e-16   3.310074e-03   1.416233e-17   4656
  7.692685e+00   7.169529e-16   4.208491e-03   1.201536e-17   5448
  7.706276e+00   6.921037e-16   3.554381e-03   1.256612e-17   4992
  7.719584e+00   6.997386e-16   3.933714e-03   1.303320e-17   5400
  7.734212e+00   6.616221e-16   4.359773e-03   1.116223e-17   5328
  7.747690e+00   6.717598e-16   3.898436e-03   1.217776e-17   4776
  7.760371e+00   6.647557e-16   3.663227e-03   1.229262e-17   4800
  7.774459e+00   6.512019e-16   4.710721e-03   1.030531e-17   6552
  7.789199e+00   7.174364e-16   3.558885e-03   1.535730e-17   3942
  7.801972e+00   7.048316e-16   4.485571e-03   1.273155e-17   6072
  7.816115e+00   6.919133e-16   3.483659e-03   1.277639e-17   4692
  7.827973e+00   6.694910e-16   3.636885e-03   1.236793e-17   4944
  7.841863e+00   6.684614e-16   3.903498e-03   1.148495e-17   5840
  7.856124e+00   6.603948e-16   4.178533e-03   1.211367e-17   5712
  7.870165e+00   6.705755e-16   3.501880e-03   1.230498e-17   4800
  7.882974e+00   6.322490e-16   4.637724e-03   1.114668e-17   5688
  7.897004e+00   6.515838e-16   3.659067e-03   1.300248e-17   4848
  7.910908e+00   6.331283e-16   4.072759e-03   1.183173e-17   5406
  7.924104e+00   7.067954e-16   3.676325e-03   1.256868e-17   5568
  7.937355e+00   6.402605e-16   3.304770e-03   1.166776e-17   5736
  7.951674e+00   6.736923e-16   4.104312e-03   1.307266e-17   5280
  7.964668e+00   6.728849e-16   3.794736e-03   1.287801e-17   5592
  7.978044e+00   6.374411e-16   4.343968e-03   1.215385e-17   4968
  7.992185e+00   6.612551e-16   3.894947e-03   1.166647e-17   5964
  8.005981e+00   5.862277e-16   3.913047e-03   1.017777e-17   5376
  8.018517e+00   5.957467e-16   3.778288e-03   1.083553e-17   5472
  8.033050e+00   5.778310e-16   3.588288e-03   9.682997e-18   5472
  8.046339e+00   7.025538e-16   4.079766e-03   1.467636e-17   5415
  8.059218e+00   6.079501e-16   3.588648e-03   1.132982e-17   5096
  8.073151e+00   6.144516e-16   4.614911e-03   1.064045e-17   6372
  8.087246e+00   6.127541e-16   3.746176e-03   1.349714e-17   4656
  8.099878e+00   5.883795e-16   4.089625e-03   1.154851e-17   5844
  8.113469e+00   5.982178e-16   3.595730e-03   1.129204e-17   5508
  8.127874e+00   5.507206e-16   4.079049e-03   9.232931e-18   6324
  8.142009e+00   5.544748e-16   3.503908e-03   1.121283e-17   4752
  8.154927e+00   5.901976e-16   3.922916e-03   9.856053e-18   5676
  8.168912e+00   5.535218e-16   3.588715e-03   1.002037e-17   5472
  8.182185e+00   5.435937e-16   4.047970e-03   1.016186e-17   5556
  8.196444e+00   5.454179e-16   3.944669e-03   9.921115e-18   5436
  8.210207e+00   5.086449e-16   4.037644e-03   9.070281e-18   5916
  8.224340e+00   5.135396e-16   4.200926e-03   9.697692e-18   5520
  8.237065e+00   5.427784e-16   3.820545e-03   1.060681e-17   5280
  8.250104e+00   5.191312e-16   3.754028e-03   1.005149e-17   4416
  8.264815e+00   4.940979e-16   3.659260e-03   7.593625e-18   6260
  8.278635e+00   4.841904e-16   4.351307e-03   7.685910e-18   5940
  8.291152e+00   4.951359e-16   3.407784e-03   1.055069e-17   4188
  8.304933e+00   4.615249e-16   4.357141e-03   7.870773e-18   6360
  8.319422e+00   4.640142e-16   3.886387e-03   8.074478e-18   5256
  8.332880e+00   4.756692e-16   3.673916e-03   8.936398e-18   4848
  8.344411e+00   4.608045e-16   3.330596e-03   8.888584e-18   4704
  8.358606e+00   4.436779e-16   4.085775e-03   7.607078e-18   5784
  8.373047e+00   4.401680e-16   4.323222e-03   7.141224e-18   5820
  8.386987e+00   4.563459e-16   3.872681e-03   7.885613e-18   5700
  8.401010e+00   4.544293e-16   3.591376e-03   8.099778e-18   5232
  8.415051e+00   4.271933e-16   3.984940e-03   7.748559e-18   4932
  8.427489e+00   4.297858e-16   3.429992e-03   8.083347e-18   4716
  8.440557e+00   4.279729e-16   4.369071e-03   7.274048e-18   5616
  8.454004e+00   4.222790e-16   3.858530e-03   7.214777e-18   5184
  8.467873e+00   4.018700e-16   3.892310e-03   7.296247e-18   5064
  8.480954e+00   4.061622e-16   3.985538e-03   7.078599e-18   5544
  8.495461e+00   4.110588e-16   4.000807e-03   7.236636e-18   5192
  8.508660e+00   3.787978e-16   3.595349e-03   6.495621e-18   5244
  8.522539e+00   3.936897e-16   3.890208e-03   6.675380e-18   5112
  8.536336e+00   3.707238e-16   3.570029e-03   6.558612e-18   5040
  8.548997e+00   3.778349e-16   3.753229e-03   6.553341e-18   5124
  8.563784e+00   3.860127e-16   4.213504e-03   6.392320e-18   5952
  8.577433e+00   3.678953e-16   3.691886e-03   6.193146e-18   4824
  8.589806e+00   3.685141e-16   3.726497e-03   6.589118e-18   4536
  8.604129e+00   3.684277e-16   3.960926e-03   6.030383e-18   5712
  8.618841e+00   3.637392e-16   4.334333e-03   6.137011e-18   5352
  8.632715e+00   3.222296e-16   3.775364e-03   5.364445e-18   5004
  8.645110e+00   3.410573e-16   3.776392e-03   6.329346e-18   4800
  8.658430e+00   3.358519e-16   4.058247e-03   5.831428e-18   5148
  8.673187e+00   3.525996e-16   4.215016e-03   5.962647e-18   5664
  8.686522e+00   3.301392e-16   3.785694e-03   5.984112e-18   4692
  8.698842e+00   3.366877e-16   3.516957e-03   6.272887e-18   4008
  8.713211e+00   3.270274e-16   4.031193e-03   5.255029e-18   5852
  8.727819e+00   3.214716e-16   3.817164e-03   4.920393e-18   5784
  8.740793e+00   2.954923e-16   3.518761e-03   5.506730e-18   4392
  8.754148e+00   3.136456e-16   3.451568e-03   5.303347e-18   4944
  8.768168e+00   3.157208e-16   4.069341e-03   5.691058e-18   4776
  8.781390e+00   3.037526e-16   3.914928e-03   4.833478e-18   5244
  8.795740e+00   3.168689e-16   3.908022e-03   5.548143e-18   4884
  8.807779e+00   2.932222e-16   3.314306e-03   5.124337e-18   4488
  8.821780e+00   2.813813e-16   3.938271e-03   4.675509e-18   5160
  8.835879e+00   3.091699e-16   4.009709e-03   5.247099e-18   5316
  8.849460e+00   2.761319e-16   4.054096e-03   4.539658e-18   4896
  8.862698e+00   3.023273e-16   3.766964e-03   5.600702e-18   4188
  8.876040e+00   2.677679e-16   4.108738e-03   4.497442e-18   4836
  8.889663e+00   2.982320e-16   4.075904e-03   4.920079e-18   5316
  8.903463e+00   2.855858e-16   3.772744e-03   4.735226e-18   4920
  8.916368e+00   2.782175e-16   3.800756e-03   5.171134e-18   4128
  8.930215e+00   2.705055e-16   4.088729e-03   4.546357e-18   5348
  8.943842e+00   2.737326e-16   3.547787e-03   4.629465e-18   4836
  8.956853e+00   2.633763e-16   3.822856e-03   4.591662e-18   4392
  8.970868e+00   2.666596e-16   3.358691e-03   4.629907e-18   4632
  8.983486e+00   2.576096e-16   3.752803e-03   4.630293e-18   4596
  8.997977e+00   2.624620e-16   3.773963e-03   4.257164e-18   5424
  9.012312e+00   2.422155e-16   3.884614e-03   3.804579e-18   5256
  9.027082e+00   2.406462e-16   3.945289e-03   4.066345e-18   4524
  9.039381e+00   2.411870e-16   3.752749e-03   4.137240e-18   4440
  9.053157e+00   2.403995e-16   3.209082e-03   4.334252e-18   4380
  9.066638e+00   2.413033e-16   4.199636e-03   3.977917e-18   4812
  9.080988e+00   2.405010e-16   4.171231e-03   3.727539e-18   5376
  9.094107e+00   2.140691e-16   3.331699e-03   3.788134e-18   3888
  9.106679e+00   2.381325e-16   3.815180e-03   3.642379e-18   4896
  9.120705e+00   2.266074e-16   4.025639e-03   3.768242e-18   4608
  9.135432e+00   2.314815e-16   3.799955e-03   3.827399e-18   4448
  9.148250e+00   2.188330e-16   3.922592e-03   3.413339e-18   4752
  9.161757e+00   2.295581e-16   4.108670e-03   4.375944e-18   4356
  9.175960e+00   2.112373e-16   3.953830e-03   3.387522e-18   5232
  9.190083e+00   2.191445e-16   3.984470e-03   3.778498e-18   4548
  9.203776e+00   2.138098e-16   3.873408e-03   3.556453e-18   4608
  9.217142e+00   2.171611e-16   3.518679e-03   3.976265e-18   3936
  9.229761e+00   2.093895e-16   4.205845e-03   3.671406e-18   4260
  9.243941e+00   2.133267e-16   3.770601e-03   3.417355e-18   5004
  9.256906e+00   2.087184e-16   3.725991e-03   3.615124e-18   4224
  9.271122e+00   2.014533e-16   4.025551e-03   3.198909e-18   4788
  9.284930e+00   2.172596e-16   4.233557e-03   3.653777e-18   4428
  9.298384e+00   1.984012e-16   3.537707e-03   3.487734e-18   4080
  9.311336e+00   2.030132e-16   3.868160e-03   3.252229e-18   4632
  9.324972e+00   2.051249e-16   4.022591e-03   3.510227e-18   4056
  9.339306e+00   1.860492e-16   3.787339e-03   3.015581e-18   4536
  9.352403e+00   2.006469e-16   3.862837e-03   3.357147e-18   4668
  9.366745e+00   1.827905e-16   4.140272e-03   3.033867e-18   4604
  9.380714e+00   1.954209e-16   3.720074e-03   3.413376e-18   4152
  9.393605e+00   1.913473e-16   3.605343e-03   3.206836e-18   4224
  9.407270e+00   1.885002e-16   3.466268e-03   3.331004e-18   4152
  9.420923e+00   1.798427e-16   3.931888e-03   3.097785e-18   4224
  9.434196e+00   1.736728e-16   3.636203e-03   2.985181e-18   3960
  9.446982e+00   1.828902e-16   3.752332e-03   3.028822e-18   4656
  9.460948e+00   1.823132e-16   4.048690e-03   3.164538e-18   4452
  9.475269e+00   1.706780e-16   4.116161e-03   2.923010e-18   4056
  9.488596e+00   1.789464e-16   4.078615e-03   2.975986e-18   4212
  9.502096e+00   1.825390e-16   3.389500e-03   3.523375e-18   3432
  9.515777e+00   1.732234e-16   4.336159e-03   2.704936e-18   5352
  9.529148e+00   1.679360e-16   3.175719e-03   3.268783e-18   3600
  9.543704e+00   1.672509e-16   3.502875e-03   2.652252e-18   4584
  9.556413e+00   1.706947e-16   3.492560e-03   3.046225e-18   3768
  9.569504e+00   1.718979e-16   3.728359e-03   3.136656e-18   3848
  9.582571e+00   1.663735e-16   3.418481e-03   2.969527e-18   3720
  9.597389e+00   1.618771e-16   4.290699e-03   2.597945e-18   4764
  9.610471e+00   1.652023e-16   3.455204e-03   2.958017e-18   3864
  9.623905e+00   1.557953e-16   4.279686e-03   2.554336e-18   4332
  9.638558e+00   1.652931e-16   3.653823e-03   3.020790e-18   3792
  9.651651e+00   1.574405e-16   4.144519e-03   2.692201e-18   4284
  9.665527e+00   1.479241e-16   3.924401e-03   2.738485e-18   3840
  9.678659e+00   1.534772e-16   3.735517e-03   2.828395e-18   3480
  9.691996e+00   1.507524e-16   4.168119e-03   2.463340e-18   4380
  9.706412e+00   1.524118e-16   3.915217e-03   2.548814e-18   4200
  9.720578e+00   1.449235e-16   3.763239e-03   2.472367e-18   4056
  9.733733e+00   1.432715e-16   3.782207e-03   2.682897e-18   3600
  9.746058e+00   1.505423e-16   3.768375e-03   2.942896e-18   3492
  9.760459e+00   1.423721e-16   4.400611e-03   2.396036e-18   4500
  9.775152e+00   1.466585e-16   3.855530e-03   2.757516e-18   3516
  9.787780e+00   1.383079e-16   4.030599e-03   2.390202e-18   3968
  9.801933e+00   1.430308e-16   3.873755e-03   2.656023e-18   3648
  9.814461e+00   1.421247e-16   3.704379e-03   2.340187e-18   4224
  9.828664e+00   1.349589e-16   4.157831e-03   2.366542e-18   3588
  9.841991e+00   1.410300e-16   3.835114e-03   2.595774e-18   3456
  9.855400e+00   1.363904e-16   3.406055e-03   2.487450e-18   3660
  9.869258e+00   1.359092e-16   3.738544e-03   2.484272e-18   3768
  9.882173e+00   1.356397e-16   3.780772e-03   2.440228e-18   3744
  9.896044e+00   1.261459e-16   4.150018e-03   2.131414e-18   4176
  9.910801e+00   1.349533e-16   3.827936e-03   2.426265e-18   3612
  9.922997e+00   1.320896e-16   4.159911e-03   2.448770e-18   3216
  9.936956e+00   1.268851e-16   4.021925e-03   2.242198e-18   3624
  9.950989e+00   1.312473e-16   3.781932e-03   2.407293e-18   3744
  9.964551e+00   1.339211e-16   4.035291e-03   2.343164e-18   3672
  9.977933e+00   1.280206e-16   3.659310e-03   2.269385e-18   3852
  9.991750e+00   1.285998e-16   3.766272e-03   2.386068e-18   3672
  1.000645e+01   1.219097e-16   3.669608e-03   2.329017e-18   3248
  1.001872e+01   1.247072e-16   3.756103e-03   2.343826e-18   3336
  1.003212e+01   1.183464e-16   3.823377e-03   2.157675e-18   3576
  1.004582e+01   1.199134e-16   3.245703e-03   2.338249e-18   3336
  1.005978e+01   1.254793e-16   3.855326e-03   2.238465e-18   3936
  1.007355e+01   1.193817e-16   4.106031e-03   2.237726e-18   3408
  1.008721e+01   1.211673e-16   3.617479e-03   2.288282e-18   3336
  1.010048e+01   1.081884e-16   4.063257e-03   2.151210e-18   3312
  1.011375e+01   1.142184e-16   4.114093e-03   2.083586e-18   3432
  1.012788e+01   1.115269e-16   3.566754e-03   2.107488e-18   3144
  1.014078e+01   1.210684e-16   3.872067e-03   2.222779e-18   3456
  1.015528e+01   1.159783e-16   3.721500e-03   2.025225e-18   3792
  1.016839e+01   1.144547e-16   3.655557e-03   2.427554e-18   2868
  1.018255e+01   1.138029e-16   3.787143e-03   1.960364e-18   3888
  1.019578e+01   1.064050e-16   3.288419e-03   2.180936e-18   2784
  1.020881e+01   1.122197e-16   3.755468e-03   2.282424e-18   2964
  1.022304e+01   1.150267e-16   3.867395e-03   2.256402e-18   3432
  1.023659e+01   1.099794e-16   4.003143e-03   1.972945e-18   3416
  1.025029e+01   1.077543e-16   4.279009e-03   2.006560e-18   3528
  1.026432e+01   1.150820e-16   3.434210e-03   2.312873e-18   2904
  1.027673e+01   1.022314e-16   3.850756e-03   2.018229e-18   3072
  1.029117e+01   1.037928e-16   4.324841e-03   2.028330e-18   3216
  1.030559e+01   1.032483e-16   3.502662e-03   2.051816e-18   2844
  1.031826e+01   1.003402e-16   4.008153e-03   1.872250e-18   3432
  1.033126e+01   1.035033e-16   3.221608e-03   2.181280e-18   2880
  1.034579e+01   1.022455e-16   4.267481e-03   1.859939e-18   3576
  1.035947e+01   1.053783e-16   3.814530e-03   2.449009e-18   2700
  1.037258e+01   9.857474e-17   4.284663e-03   2.026869e-18   3000
  1.038630e+01   9.300199e-17   3.557547e-03   2.013286e-18   2556
  1.039962e+01   1.039202e-16   3.812983e-03   2.028829e-18   3360
  1.041340e+01   1.022573e-16   3.704919e-03   2.134336e-18   3120
  1.042824e+01   1.006664e-16   4.361864e-03   1.945850e-18   3216
  1.044102e+01   1.018290e-16   3.076304e-03   2.115917e-18   2628
  1.045538e+01   9.311621e-17   4.066431e-03   1.900452e-18   3200
  1.046849e+01   8.903435e-17   3.836286e-03   2.048872e-18   2232
  1.048172e+01   9.177884e-17   4.379000e-03   1.817343e-18   3108
  1.049489e+01   1.015719e-16   3.846700e-03   2.037522e-18   2604
  1.050838e+01   9.869972e-17   4.143983e-03   1.851524e-18   3096
  1.052321e+01   8.997805e-17   3.775712e-03   1.865064e-18   3084
  1.053608e+01   9.298441e-17   3.853056e-03   2.063511e-18   2664
  1.054934e+01   8.782982e-17   3.397791e-03   2.101854e-18   2232
  1.056233e+01   8.713919e-17   4.185566e-03   1.807472e-18   2808
  1.057656e+01   9.668307e-17   3.953914e-03   2.189470e-18   2592
  1.058985e+01   9.443000e-17   4.059168e-03   1.859106e-18   2952
  1.060381e+01   8.950251e-17   3.832353e-03   1.830029e-18   2772
  1.061738e+01   9.277918e-17   4.121455e-03   1.920292e-18   3036
  1.063158e+01   9.236653e-17   3.997831e-03   2.337604e-18   2136
  1.064453e+01   8.500765e-17   3.188280e-03   1.779390e-18   2496
  1.065782e+01   9.231369e-17   4.246551e-03   2.066105e-18   2228
  1.067168e+01   8.871616e-17   3.959147e-03   1.871361e-18   3048
  1.068548e+01   8.609183e-17   3.781893e-03   1.767051e-18   2676
  1.069919e+01   8.842266e-17   3.767600e-03   1.886344e-18   2784
  1.071230e+01   8.397444e-17   3.660231e-03   2.188354e-18   1920
  1.072544e+01   7.757050e-17   3.906352e-03   1.764222e-18   2400
  1.073968e+01   8.085230e-17   3.582931e-03   1.711047e-18   2532
  1.075441e+01   8.504038e-17   3.979779e-03   1.957867e-18   2544
  1.076766e+01   8.787039e-17   4.163389e-03   1.940175e-18   2772
  1.078071e+01   7.929610e-17   3.899689e-03   1.903650e-18   2160
  1.079368e+01   8.161358e-17   4.200336e-03   1.985603e-18   2304
  1.080867e+01   8.189194e-17   4.110246e-03   1.785246e-18   2328
  1.082212e+01   7.279455e-17   3.940858e-03   1.728644e-18   2304
  1.083458e+01   7.249415e-17   3.726627e-03   2.131915e-18   1908
  1.084874e+01   8.967978e-17   4.167993e-03   2.036128e-18   2736
  1.086239e+01   8.250591e-17   3.949170e-03   2.045618e-18   2448
  1.087690e+01   8.645606e-17   3.692261e-03   2.134180e-18   2040
  1.089004e+01   7.135865e-17   3.844396e-03   1.771656e-18   2120
  1.090267e+01   7.588817e-17   3.187394e-03   1.938011e-18   2040
  1.091626e+01   6.863721e-17   3.954536e-03   1.747298e-18   2208
  1.093164e+01   8.554622e-17   3.550574e-03   2.169854e-18   2208
  1.094410e+01   8.113750e-17   3.934714e-03   1.813712e-18   2196
  1.095698e+01   6.561189e-17   3.461225e-03   1.735104e-18   1848
  1.097008e+01   7.374848e-17   3.925487e-03   1.953662e-18   2124
  1.098474e+01   7.231526e-17   4.117751e-03   1.653518e-18   2328
  1.099905e+01   7.145415e-17   4.192229e-03   1.955525e-18   1920
  1.101296e+01   6.889072e-17   3.848418e-03   1.935196e-18   1548
  1.102533e+01   8.222053e-17   4.221595e-03   1.941352e-18   2388
  1.103993e+01   6.817408e-17   3.906588e-03   1.737072e-18   2160
  1.105330e+01   7.242156e-17   3.555737e-03   2.085440e-18   1704
  1.106610e+01   6.538108e-17   4.005852e-03   1.713877e-18   1776
  1.107822e+01   6.990299e-17   3.746969e-03   2.009934e-18   1800
  1.109354e+01   6.493661e-17   4.325530e-03   1.786764e-18   1700
  1.110784e+01   7.687395e-17   3.894621e-03   1.907394e-18   2292
  1.112117e+01   6.717538e-17   3.615364e-03   1.925548e-18   1704
  1.113374e+01   6.939414e-17   4.042583e-03   2.022049e-18   1728
  1.114751e+01   6.404289e-17   3.741502e-03   1.848458e-18   1728
  1.116101e+01   7.119311e-17   3.737983e-03   1.935773e-18   1680
  1.117537e+01   5.954175e-17   4.306268e-03   1.621465e-18   1704
  1.118967e+01   5.976676e-17   3.381709e-03   1.719794e-18   1752
  1.120245e+01   6.428923e-17   4.020210e-03   1.811408e-18   1872
  1.121629e+01   6.373929e-17   3.940248e-03   1.942240e-18   1500
  1.123032e+01   6.422892e-17   3.450264e-03   1.866637e-18   1656
  1.124395e+01   6.827889e-17   3.699339e-03   2.407631e-18   1464
  1.125606e+01   5.295928e-17   3.240250e-03   1.623962e-18   1488
  1.127092e+01   6.037668e-17   3.910741e-03   1.772509e-18   1680
  1.128450e+01   6.439336e-17   4.085744e-03   1.856482e-18   1692
  1.129720e+01   6.159162e-17   3.912307e-03   2.177953e-18   1128
  1.131130e+01   6.232412e-17   3.767213e-03   1.768653e-18   1536
  1.132506e+01   5.339333e-17   3.926941e-03   1.596403e-18   1616
  1.133898e+01   5.601412e-17   3.786801e-03   1.749620e-18   1476
  1.135302e+01   5.435760e-17   4.167468e-03   1.857679e-18   1176
  1.136555e+01   5.479820e-17   4.477500e-03   1.479252e-18   1656
  1.137919e+01   5.828265e-17   3.933069e-03   2.561700e-18   891
  1.139326e+01   5.195530e-17   4.192686e-03   1.463278e-18   1596
  1.140696e+01   5.005524e-17   3.656134e-03   1.506329e-18   1422
  1.142048e+01   5.586273e-17   3.505987e-03   1.801789e-18   1254
  1.143319e+01   4.865709e-17   3.581765e-03   1.921062e-18   918
  1.144682e+01   5.401393e-17   3.920026e-03   1.570517e-18   1614
  1.146054e+01   5.276400e-17   3.386171e-03   2.468637e-18   798
  1.147418e+01   4.813799e-17   4.340669e-03   1.432600e-18   1458
  1.148802e+01   4.991642e-17   3.974605e-03   1.568992e-18   1374
  1.150169e+01   4.437909e-17   3.394577e-03   1.476286e-18   984
  1.151525e+01   4.607532e-17   4.670468e-03   1.382582e-18   1062
  1.152907e+01   5.023865e-17   3.959103e-03   1.551740e-18   1246
  1.154249e+01   4.362892e-17   3.671067e-03   1.364476e-18   1072
  1.155682e+01   4.326583e-17   3.975530e-03   1.357444e-18   1110
  1.157007e+01   5.020644e-17   4.306909e-03   1.509714e-18   1254
  1.158399e+01   4.233756e-17   4.087484e-03   1.291648e-18   1032
  1.159916e+01   4.937185e-17   3.787024e-03   1.780548e-18   786
  1.161070e+01   4.966607e-17   3.882517e-03   1.537361e-18   1152
  1.162421e+01   4.298694e-17   4.231557e-03   1.368677e-18   1086
  1.163828e+01   4.062697e-17   3.817809e-03   1.432200e-18   912
  1.165129e+01   4.894004e-17   3.826999e-03   1.574770e-18   1062
  1.166457e+01   4.039633e-17   3.814594e-03   1.479234e-18   912
  1.167991e+01   3.993214e-17   4.258338e-03   1.541944e-18   750
  1.169187e+01   4.194081e-17   4.102940e-03   1.241148e-18   1200
  1.170571e+01   3.892221e-17   3.715535e-03   1.423068e-18   918
  1.171947e+01   4.144175e-17   3.856601e-03   1.680736e-18   876
  1.173345e+01   4.113464e-17   3.369895e-03   1.527821e-18   870
  1.174569e+01   4.408941e-17   3.930446e-03   1.722900e-18   768
  1.176004e+01   3.615061e-17   3.602462e-03   1.237102e-18   830
  1.177333e+01   3.921038e-17   3.729870e-03   1.175929e-18   1080
  1.178709e+01   4.176845e-17   4.196592e-03   1.527314e-18   840
  1.180097e+01   3.684477e-17   4.040856e-03   1.285743e-18   798
  1.181670e+01   4.438287e-17   3.207290e-03   1.725954e-18   792
  1.182890e+01   3.497009e-17   3.740740e-03   1.322666e-18   726
  1.184171e+01   3.375338e-17   4.191707e-03   1.107542e-18   864
  1.185573e+01   4.045364e-17   3.588004e-03   1.350626e-18   900
  1.186995e+01   3.786131e-17   3.987579e-03   1.424620e-18   726
  1.188214e+01   3.418837e-17   3.451076e-03   1.448617e-18   576
  1.189842e+01   4.035516e-17   3.591459e-03   1.525015e-18   840
  1.190986e+01   3.635746e-17   3.728159e-03   1.305203e-18   750
  1.192343e+01   3.364034e-17   3.739480e-03   1.216246e-18   720
  1.193622e+01   3.629491e-17   3.783051e-03   1.411711e-18   702
  1.195116e+01   3.564991e-17   4.131600e-03   1.436291e-18   696
  1.196345e+01   3.323962e-17   3.694940e-03   1.507117e-18   480
  1.197794e+01   3.775259e-17   3.501108e-03   1.381407e-18   830
  1.199077e+01   3.537185e-17   4.072924e-03   1.329674e-18   756
  1.200515e+01   3.407684e-17   3.910723e-03   1.271971e-18   624
  1.201783e+01   3.390686e-17   4.132228e-03   1.416580e-18   582
  1.203283e+01   3.539903e-17   3.171578e-03   1.423686e-18   576
  1.204580e+01   3.497533e-17   4.247779e-03   1.602111e-18   624
  1.205910e+01   3.570760e-17   3.469160e-03   1.311168e-18   702
  1.207227e+01   3.189470e-17   3.990462e-03   1.345455e-18   624
  1.208791e+01   3.525007e-17   3.860504e-03   1.381191e-18   672
  1.210064e+01   3.505127e-17   2.889949e-03   1.770153e-18   342
  1.211463e+01   3.356922e-17   3.612817e-03   1.293302e-18   660
  1.212750e+01   3.186515e-17   3.713819e-03   1.282393e-18   576
  1.214078e+01   3.092454e-17   3.610581e-03   1.377338e-18   600
  1.215420e+01   3.856318e-17   4.176133e-03   1.608126e-18   510
  1.216931e+01   3.295035e-17   3.912411e-03   1.397669e-18   600
  1.218096e+01   3.018082e-17   3.116086e-03   2.110781e-18   216
  1.219452e+01   3.074194e-17   3.792817e-03   1.122653e-18   758
  1.221033e+01   2.772327e-17   4.152329e-03   1.079802e-18   576
  1.222419e+01   3.585693e-17   3.525214e-03   1.474021e-18   528
  1.223670e+01   3.328678e-17   2.427615e-03   1.740078e-18   318
  1.225013e+01   3.485658e-17   4.193726e-03   1.540806e-18   540
  1.226602e+01   2.750765e-17   2.964901e-03   1.436426e-18   384
  1.227678e+01   3.216089e-17   4.096461e-03   1.393514e-18   576
  1.229079e+01   3.271136e-17   3.347568e-03   1.465737e-18   414
  1.230405e+01   3.008977e-17   3.738140e-03   1.391192e-18   504
  1.231820e+01   3.293955e-17   4.103605e-03   1.884428e-18   312
  1.233179e+01   3.636294e-17   3.717916e-03   1.919394e-18   414
  1.234528e+01   2.911745e-17   3.434758e-03   1.282305e-18   432
  1.235783e+01   3.247939e-17   4.548844e-03   1.667864e-18   504
  1.237236e+01   2.895427e-17   4.381048e-03   1.559085e-18   432
  1.238596e+01   2.966551e-17   3.588736e-03   1.655872e-18   354
  1.239982e+01   2.908316e-17   5.222048e-03   1.933386e-18   200
  1.241170e+01   2.453814e-17   3.705212e-03   1.317304e-18   480
  1.242776e+01   3.022439e-17   4.234016e-03   1.206429e-18   552
  1.244249e+01   3.172734e-17   2.637454e-03   1.778475e-18   366
  1.245384e+01   2.717729e-17   2.807703e-03   1.748814e-18   240
  1.246633e+01   2.839832e-17   3.925282e-03   1.915322e-18   288
  1.248391e+01   2.237379e-17   2.697682e-03   1.046921e-18   366
  1.249528e+01   2.371621e-17   4.373795e-03   1.261973e-18   408
  1.250797e+01   2.829544e-17   3.287965e-03   1.567350e-18   360
  1.252110e+01   2.777074e-17   3.064933e-03   1.385877e-18   324
  1.253383e+01   2.562332e-17   3.619784e-03   2.000736e-18   174
  1.254899e+01   2.806818e-17   4.158623e-03   1.565763e-18   264
  1.256323e+01   2.358096e-17   3.792868e-03   1.142529e-18   456
  1.257742e+01   2.232849e-17   3.813877e-03   1.172300e-18   360
  1.258909e+01   2.667135e-17   4.201352e-03   1.654272e-18   270
  1.260339e+01   3.198378e-17   4.595030e-03   1.691163e-18   240
  1.262129e+01   2.214803e-17   3.348535e-03   1.500726e-18   120
  1.263009e+01   2.514439e-17   3.495757e-03   1.430602e-18   320
  1.264430e+01   2.477547e-17   4.325399e-03   1.055931e-18   462
  1.265918e+01   2.485425e-17   2.516547e-03   1.466982e-18   276
  1.267211e+01   2.839744e-17   2.854984e-03   2.278019e-18   144
  1.268457e+01   2.770394e-17   2.998289e-03   2.280740e-18   120
  1.270112e+01   2.389985e-17   2.270494e-03   1.266380e-18   294
  1.271363e+01   2.337961e-17   4.027978e-03   1.088005e-18   384
  1.272531e+01   2.573744e-17   2.666495e-03   1.826145e-18   216
  1.273648e+01   2.484659e-17   2.476291e-03   2.050151e-18   168
  1.274910e+01   2.901409e-17   2.946391e-03   2.649245e-18   102
  1.276735e+01   2.660718e-17   4.470257e-03   1.767162e-18   168
  1.278014e+01   2.569114e-17   3.912551e-03   1.370123e-18   384
  1.279417e+01   2.199895e-17   3.975249e-03   1.214919e-18   300
  1.280722e+01   2.123396e-17   4.256630e-03   1.479249e-18   144
  1.282194e+01   2.341085e-17   4.359391e-03   2.879642e-18   102
  1.283959e+01   2.866935e-17   1.031965e-03   3.302316e-18   56
  1.284805e+01   2.567774e-17   3.359809e-03   1.463729e-18   288
  1.286132e+01   2.095569e-17   4.372359e-03   1.113171e-18   360
  1.287576e+01   2.301664e-17   2.345472e-03   1.534654e-18   126
  1.288793e+01   2.805114e-17   1.155171e-03   3.540482e-18   72
  1.290120e+01   2.707612e-17   6.120115e-04   3.411823e-18   48
  1.291851e+01   2.551513e-17   2.475877e-03   1.635268e-18   240
  1.292989e+01   2.653537e-17   3.673549e-03   1.372851e-18   306
  1.294153e+01   2.336385e-17   2.041676e-03   2.399610e-18   120
  1.295495e+01   1.970068e-17   5.024838e-03   2.024551e-18   96
  1.296469e+01   1.949347e-17   0.000000e+00   3.662448e-18   24
  1.298660e+01   2.305644e-17   4.351382e-03   1.858330e-18   120
  1.299733e+01   2.407536e-17   3.763148e-03   1.479939e-18   318
  1.301046e+01   2.324166e-17   4.021435e-03   1.901473e-18   168
  1.302485e+01   2.866156e-17   4.315451e-03   3.251757e-18   72
  1.304060e+01   2.596704e-17   0.000000e+00   5.143481e-18   24
  1.305754e+01   2.522973e-17   2.094735e-03   5.278647e-18   14
  1.306560e+01   2.111106e-17   3.303864e-03   1.092171e-18   288
  1.307812e+01   2.560724e-17   3.974728e-03   2.075059e-18   204
  1.309257e+01   2.621757e-17   6.030662e-04   3.678972e-18   48
  1.310402e+01   4.067313e-17   0.000000e+00   7.193370e-18   24
  1.311727e+01   3.726085e-17   0.000000e+00   1.349306e-17   6
  1.313632e+01   2.326568e-17   2.470146e-03   1.464867e-18   216
  1.314613e+01   2.271652e-17   3.289558e-03   1.586357e-18   192
  1.315814e+01   2.225607e-17   6.000610e-04   2.621488e-18   48
  1.317073e+01   3.892754e-17   4.794588e-03   4.197288e-18   30
  1.320635e+01   2.294500e-17   9.914737e-04   1.937474e-18   96
  1.321367e+01   2.109240e-17   3.248800e-03   1.487682e-18   228
  1.322756e+01   3.054175e-17   4.248394e-03   3.506821e-18   72
  1.324426e+01   3.024248e-17   0.000000e+00   8.139279e-18   6
  1.328230e+01   1.901362e-17   3.207767e-03   1.218576e-18   248
  1.329444e+01   2.203799e-17   3.671457e-03   2.726557e-18   72
  1.330909e+01   3.995567e-17   2.034505e-07   1.256589e-17   6
  1.335335e+01   1.990153e-17   2.279484e-03   1.464203e-18   180
  1.336217e+01   2.649456e-17   3.101597e-03   3.532503e-18   72
  1.337477e+01   2.799053e-17   0.000000e+00   9.171226e-18   6
  1.342398e+01   2.144093e-17   9.753997e-04   2.098202e-18   96
  1.342986e+01   2.641621e-17   2.677881e-03   2.136871e-18   96
  1.344132e+01   1.856735e-17   0.000000e+00   8.293011e-18   6
  1.349818e+01   1.894746e-17   2.562939e-03   1.391552e-18   140
  1.350870e+01   3.603788e-17   0.000000e+00   1.559865e-17   6
  1.356964e+01   2.320847e-17   1.721129e-03   2.018989e-18   96
  1.357692e+01   1.378122e-17   0.000000e+00   3.423526e-18   6
  1.364131e+01   2.372108e-17   1.035401e-03   2.519148e-18   60
  1.364594e+01   2.219574e-17   0.000000e+00   3.893576e-18   6
  1.371360e+01   1.934266e-17   1.049683e-03   2.493608e-18   38
  1.378564e+01   1.735352e-17   5.399836e-04   2.448992e-18   18
  1.385781e+01   1.225038e-17   2.034505e-07   4.483852e-18   6
