# power spectrum of zeta (dimensionless)
# redshift z=0.770216
# k              Pk             sigma(k)       sigma(Pk)      count
  1.256637e-01   3.484785e-13   0.000000e+00   8.387316e-14   6
  1.777153e-01   2.175580e-13   0.000000e+00   3.805063e-14   12
  2.176559e-01   3.658750e-13   2.384186e-09   6.978976e-14   8
  2.513274e-01   1.613383e-12   0.000000e+00   4.783890e-13   6
  2.809926e-01   1.061852e-12   4.495664e-09   3.015365e-13   24
  3.078120e-01   1.366256e-12   4.495664e-09   2.392017e-13   24
  3.554306e-01   1.353001e-12   0.000000e+00   2.845737e-13   12
  3.769911e-01   1.564590e-12   5.086263e-09   2.267746e-13   30
  3.973835e-01   1.904227e-12   0.000000e+00   3.162574e-13   24
  4.167794e-01   1.451218e-12   7.786718e-09   3.088831e-13   24
  4.353118e-01   1.561965e-12   4.768372e-09   1.454862e-13   8
  4.530869e-01   9.499926e-13   6.357829e-09   1.360933e-13   24
  4.701905e-01   2.059280e-12   0.000000e+00   2.530701e-13   48
  5.026548e-01   1.667460e-12   0.000000e+00   2.632822e-13   6
  5.181247e-01   1.912774e-12   6.357829e-09   2.461083e-13   48
  5.331460e-01   2.264941e-12   5.994218e-09   3.444161e-13   36
  5.477554e-01   2.639736e-12   6.357829e-09   4.304303e-13   24
  5.619852e-01   2.925213e-12   8.991328e-09   4.924298e-13   24
  5.758634e-01   3.162688e-12   0.000000e+00   2.992277e-13   48
  5.894150e-01   3.385450e-12   8.991328e-09   5.197659e-13   24
  6.156239e-01   3.507355e-12   8.991328e-09   3.589547e-13   24
  6.283185e-01   2.304066e-12   0.000000e+00   2.783562e-13   30
  6.407617e-01   3.281255e-12   0.000000e+00   2.404920e-13   72
  6.529678e-01   3.176324e-12   9.536743e-09   6.835812e-13   32
  6.767198e-01   3.604931e-12   0.000000e+00   3.659500e-13   72
  6.882885e-01   2.213821e-12   0.000000e+00   3.767219e-13   48
  7.108613e-01   2.419509e-12   0.000000e+00   3.984851e-13   12
  7.218830e-01   3.286497e-12   0.000000e+00   3.554217e-13   48
  7.327390e-01   3.620024e-12   0.000000e+00   3.482819e-13   48
  7.434365e-01   2.607735e-12   8.991328e-09   2.748033e-13   48
  7.539822e-01   3.881236e-12   1.017253e-08   5.488650e-13   30
  7.643825e-01   4.819976e-12   0.000000e+00   3.933093e-13   24
  7.746431e-01   4.208415e-12   1.895538e-08   3.739271e-13   72
  7.947671e-01   3.623276e-12   0.000000e+00   6.078360e-13   24
  8.046403e-01   3.839726e-12   0.000000e+00   2.920450e-13   96
  8.143939e-01   4.068763e-12   0.000000e+00   3.995691e-13   48
  8.240320e-01   3.349923e-12   1.557344e-08   6.226825e-13   24
  8.335587e-01   4.338075e-12   1.557344e-08   6.431059e-13   24
  8.429778e-01   3.815538e-12   0.000000e+00   3.238542e-13   72
  8.522927e-01   3.732974e-12   0.000000e+00   3.655149e-13   48
  8.706237e-01   5.455625e-12   9.536743e-09   7.353216e-13   8
  8.796459e-01   4.076178e-12   1.130281e-08   4.286174e-13   54
  8.885766e-01   4.279125e-12   0.000000e+00   2.946155e-13   84
  8.974184e-01   5.685576e-12   0.000000e+00   5.676618e-13   48
  9.061739e-01   5.847216e-12   1.271566e-08   7.450314e-13   24
  9.148456e-01   4.798039e-12   1.695421e-08   3.340833e-13   72
  9.234359e-01   4.343981e-12   0.000000e+00   3.177429e-13   96
  9.403811e-01   4.559118e-12   0.000000e+00   6.822152e-13   48
  9.487402e-01   5.217090e-12   0.000000e+00   5.602095e-13   48
  9.570263e-01   5.597101e-12   0.000000e+00   3.358484e-13   24
  9.652412e-01   4.394926e-12   0.000000e+00   3.036385e-13   72
  9.814649e-01   5.373327e-12   0.000000e+00   4.208863e-13   72
  9.894770e-01   5.300116e-12   0.000000e+00   3.875092e-13   96
  1.005310e+00   2.036615e-12   0.000000e+00   4.060315e-13   6
  1.013133e+00   4.879673e-12   0.000000e+00   3.428380e-13   96
  1.020897e+00   4.868036e-12   1.271566e-08   3.386778e-13   96
  1.028602e+00   6.790197e-12   0.000000e+00   5.377877e-13   24
  1.036249e+00   6.078614e-12   1.271566e-08   5.607479e-13   48
  1.043841e+00   5.958328e-12   0.000000e+00   4.216316e-13   96
  1.051378e+00   6.430468e-12   0.000000e+00   5.376238e-13   48
  1.066292e+00   6.757664e-12   1.198844e-08   6.979910e-13   36
  1.073671e+00   6.204091e-12   2.202416e-08   6.122690e-13   48
  1.081000e+00   5.786114e-12   2.491750e-08   3.119604e-13   120
  1.088280e+00   5.656644e-12   0.000000e+00   4.579632e-13   56
  1.095511e+00   5.698659e-12   1.271566e-08   5.509741e-13   24
  1.102695e+00   7.224374e-12   0.000000e+00   4.149419e-13   96
  1.109832e+00   6.439444e-12   0.000000e+00   5.704238e-13   48
  1.123970e+00   4.572528e-12   1.798266e-08   8.107055e-13   24
  1.130973e+00   6.314629e-12   0.000000e+00   4.555210e-13   102
  1.137933e+00   7.122604e-12   1.271566e-08   6.444103e-13   48
  1.144851e+00   6.634603e-12   0.000000e+00   6.068080e-13   72
  1.151727e+00   7.475830e-12   0.000000e+00   6.582688e-13   48
  1.158562e+00   7.417777e-12   0.000000e+00   6.570069e-13   48
  1.165357e+00   7.319433e-12   2.877225e-08   4.404889e-13   120
  1.178830e+00   6.100517e-12   1.798266e-08   7.072282e-13   24
  1.185509e+00   7.094186e-12   1.695421e-08   4.076469e-13   144
  1.192151e+00   6.934971e-12   2.034505e-08   3.795810e-13   120
  1.198755e+00   8.170879e-12   1.798266e-08   7.156002e-13   48
  1.211857e+00   7.047814e-12   1.798266e-08   6.687799e-13   48
  1.218355e+00   7.139627e-12   1.798266e-08   4.879139e-13   96
  1.235512e+00   9.003033e-12   3.015167e-03   8.053723e-13   72
  1.244007e+00   6.892498e-12   1.598458e-08   4.672912e-13   108
  1.250338e+00   8.205674e-12   0.000000e+00   5.442898e-13   72
  1.256637e+00   5.554516e-12   0.000000e+00   5.528163e-13   30
  1.262905e+00   7.026668e-12   0.000000e+00   3.641305e-13   168
  1.269141e+00   5.754314e-12   0.000000e+00   5.865725e-13   48
  1.281523e+00   6.867277e-12   0.000000e+00   5.249443e-13   72
  1.287670e+00   7.611330e-12   0.000000e+00   4.772066e-13   96
  1.293787e+00   7.896505e-12   3.390842e-08   6.973593e-13   72
  1.299875e+00   7.174643e-12   0.000000e+00   7.877798e-13   72
  1.310112e+00   7.547950e-12   2.784031e-03   4.594712e-13   104
  1.317972e+00   7.083233e-12   2.397687e-08   3.889814e-13   144
  1.335824e+00   6.956291e-12   4.021044e-08   5.233130e-13   96
  1.341721e+00   7.794193e-12   0.000000e+00   5.574746e-13   96
  1.351101e+00   8.036550e-12   2.864148e-03   5.345106e-13   120
  1.359261e+00   7.497415e-12   0.000000e+00   4.414884e-13   120
  1.365057e+00   7.346851e-12   0.000000e+00   5.241833e-13   72
  1.376577e+00   6.914960e-12   0.000000e+00   6.090527e-13   48
  1.382301e+00   8.731322e-12   3.130008e-08   5.567198e-13   78
  1.389623e+00   8.500226e-12   2.564571e-03   4.552558e-13   168
  1.404963e+00   8.257815e-12   2.936555e-08   5.523485e-13   144
  1.410572e+00   7.732718e-12   2.397687e-08   4.986863e-13   144
  1.426839e+00   8.030452e-12   1.476986e-03   4.011027e-13   156
  1.432787e+00   7.544387e-12   3.114687e-08   7.082443e-13   48
  1.438287e+00   7.227527e-12   2.034505e-08   5.025281e-13   120
  1.443766e+00   7.659535e-12   0.000000e+00   8.639142e-13   48
  1.453454e+00   7.833146e-12   2.260797e-03   3.699882e-13   216
  1.465478e+00   8.124032e-12   0.000000e+00   5.548651e-13   48
  1.470856e+00   9.592197e-12   1.798266e-08   5.713553e-13   96
  1.478502e+00   8.229130e-12   2.642094e-03   4.882082e-13   168
  1.486873e+00   7.558886e-12   1.798266e-08   6.591958e-13   48
  1.492174e+00   7.499264e-12   0.000000e+00   5.471775e-13   96
  1.497456e+00   8.364167e-12   0.000000e+00   6.431724e-13   48
  1.507964e+00   7.810836e-12   2.034505e-08   8.727651e-13   30
  1.513191e+00   7.539151e-12   0.000000e+00   4.546554e-13   96
  1.519439e+00   7.755548e-12   2.076451e-03   3.561910e-13   240
  1.527472e+00   7.103661e-12   2.240191e-03   6.979841e-13   32
  1.533921e+00   8.511609e-12   0.000000e+00   4.239281e-13   168
  1.539060e+00   8.678515e-12   0.000000e+00   5.830141e-13   120
  1.549286e+00   8.540199e-12   3.791077e-08   7.554099e-13   72
  1.554374e+00   8.043763e-12   1.695421e-08   4.375826e-13   144
  1.559446e+00   8.226972e-12   0.000000e+00   4.917844e-13   96
  1.564501e+00   9.265070e-12   0.000000e+00   5.617062e-13   96
  1.574562e+00   6.082100e-12   0.000000e+00   4.597087e-13   72
  1.579568e+00   7.967578e-12   2.543132e-08   5.381450e-13   96
  1.589534e+00   8.529643e-12   0.000000e+00   9.791533e-13   24
  1.594494e+00   8.160981e-12   0.000000e+00   4.055511e-13   192
  1.600334e+00   8.307385e-12   1.901066e-03   5.148628e-13   132
  1.609281e+00   7.146205e-12   0.000000e+00   3.898958e-13   96
  1.614180e+00   7.712309e-12   0.000000e+00   5.565269e-13   96
  1.619064e+00   8.336374e-12   2.034505e-08   4.688968e-13   120
  1.628788e+00   6.601832e-12   0.000000e+00   6.121272e-13   48
  1.636759e+00   7.494798e-12   2.303939e-03   3.903625e-13   222
  1.643266e+00   7.989944e-12   0.000000e+00   5.688104e-13   120
  1.648064e+00   7.720760e-12   3.114687e-08   9.500364e-13   24
  1.655050e+00   8.457958e-12   2.378000e-03   3.027325e-13   312
  1.670270e+00   8.522287e-12   2.229470e-03   6.167603e-13   72
  1.676563e+00   9.233073e-12   3.114687e-08   6.772666e-13   96
  1.683024e+00   8.111836e-12   2.270407e-03   3.773012e-13   192
  1.690632e+00   8.060606e-12   2.877225e-08   4.742172e-13   120
  1.695296e+00   7.995348e-12   0.000000e+00   4.920338e-13   144
  1.704585e+00   8.158756e-12   0.000000e+00   7.296438e-13   48
  1.711188e+00   8.139647e-12   2.282974e-03   3.251676e-13   336
  1.718425e+00   7.979805e-12   0.000000e+00   9.020474e-13   48
  1.727590e+00   8.036943e-12   0.000000e+00   4.026197e-13   192
  1.732155e+00   7.492961e-12   0.000000e+00   9.961886e-13   48
  1.745129e+00   9.239253e-12   1.584683e-03   8.541658e-13   56
  1.751580e+00   7.784210e-12   2.035272e-03   2.779411e-13   336
  1.759292e+00   8.125963e-12   2.260561e-08   8.430531e-13   54
  1.766010e+00   8.005193e-12   2.235459e-03   3.550275e-13   240
  1.779956e+00   8.238135e-12   2.140470e-03   3.789059e-13   228
  1.786017e+00   7.519201e-12   2.397687e-08   6.874909e-13   72
  1.791900e+00   8.061130e-12   2.076308e-03   4.424518e-13   144
  1.799230e+00   6.997475e-12   0.000000e+00   5.845499e-13   96
  1.803613e+00   8.139591e-12   2.877225e-08   4.149979e-13   240
  1.812348e+00   7.813433e-12   2.543132e-08   1.115507e-12   24
  1.817939e+00   7.910029e-12   1.961057e-03   3.272457e-13   336
  1.825371e+00   6.736764e-12   0.000000e+00   6.575133e-13   72
  1.832154e+00   7.369741e-12   2.133012e-03   4.102640e-13   168
  1.838302e+00   9.088932e-12   0.000000e+00   7.582299e-13   72
  1.846872e+00   7.570801e-12   0.000000e+00   6.129660e-13   96
  1.853509e+00   8.065737e-12   2.117011e-03   4.218280e-13   216
  1.859653e+00   7.026538e-12   0.000000e+00   5.270109e-13   96
  1.868125e+00   6.604976e-12   2.543132e-08   3.245913e-13   192
  1.872347e+00   6.636691e-12   2.397687e-08   3.325715e-13   144
  1.880762e+00   6.187949e-12   0.000000e+00   6.516663e-13   48
  1.886588e+00   7.329721e-12   2.041047e-03   3.372344e-13   246
  1.894505e+00   7.001225e-12   1.881878e-03   4.339472e-13   168
  1.901637e+00   7.971086e-12   4.983500e-08   5.923026e-13   120
  1.905784e+00   8.121720e-12   0.000000e+00   3.998201e-13   240
  1.914053e+00   3.826462e-12   0.000000e+00   8.104803e-13   24
  1.920640e+00   6.747824e-12   2.014384e-03   2.447363e-13   360
  1.928845e+00   8.241827e-12   2.005812e-03   5.746821e-13   120
  1.934568e+00   7.347714e-12   0.000000e+00   4.637903e-13   144
  1.938645e+00   6.682155e-12   0.000000e+00   5.419292e-13   96
  1.950825e+00   7.363967e-12   0.000000e+00   4.704488e-13   144
  1.954868e+00   6.366375e-12   0.000000e+00   4.257498e-13   132
  1.960551e+00   7.167779e-12   1.979707e-03   3.781165e-13   176
  1.968799e+00   7.075996e-12   1.999105e-03   3.190701e-13   312
  1.978954e+00   6.496951e-12   0.000000e+00   4.634436e-13   96
  1.982940e+00   7.092715e-12   0.000000e+00   4.857553e-13   144
  1.989055e+00   6.840793e-12   1.979053e-03   2.900528e-13   312
  1.998804e+00   8.494796e-12   0.000000e+00   8.514457e-13   48
  2.002750e+00   6.480072e-12   2.543132e-08   3.962988e-13   192
  2.010619e+00   7.710608e-12   0.000000e+00   1.232523e-12   6
  2.015848e+00   6.437180e-12   1.845802e-03   2.858829e-13   288
  2.024316e+00   6.741514e-12   1.950210e-03   3.495868e-13   192
  2.030159e+00   6.760145e-12   5.980883e-08   3.567538e-13   216
  2.034045e+00   6.270999e-12   0.000000e+00   6.022669e-13   72
  2.043725e+00   6.397421e-12   1.931689e-03   3.417828e-13   192
  2.050154e+00   7.040219e-12   1.434383e-03   3.492034e-13   288
  2.057204e+00   6.796566e-12   0.000000e+00   1.248311e-12   24
  2.062650e+00   6.874943e-12   1.889681e-03   2.454309e-13   456
  2.072499e+00   7.430609e-12   0.000000e+00   9.721078e-13   48
  2.078585e+00   6.734252e-12   1.861260e-03   3.642432e-13   240
  2.085579e+00   6.428227e-12   1.881013e-03   3.293891e-13   216
  2.091461e+00   6.496303e-12   0.000000e+00   5.500863e-13   72
  2.095233e+00   6.923910e-12   6.498988e-08   3.678551e-13   168
  2.105882e+00   5.766473e-12   1.398129e-03   2.523514e-13   288
  2.111855e+00   6.248758e-12   1.849965e-03   4.037773e-13   168
  2.121448e+00   6.093299e-12   0.000000e+00   3.420375e-13   192
  2.125166e+00   6.476803e-12   2.397687e-08   4.771582e-13   144
  2.132584e+00   5.692177e-12   2.397687e-08   7.854019e-13   36
  2.138874e+00   6.132318e-12   1.689411e-03   2.554553e-13   342
  2.144889e+00   5.992513e-12   1.734820e-03   4.588136e-13   144
  2.152621e+00   6.203401e-12   1.819392e-03   2.374150e-13   384
  2.162000e+00   6.209961e-12   4.983500e-08   3.681753e-13   120
  2.166643e+00   5.382063e-12   1.622368e-03   2.766140e-13   264
  2.172929e+00   5.876793e-12   8.042088e-08   3.438263e-13   192
  2.178848e+00   6.091454e-12   1.748412e-03   4.450254e-13   152
  2.183802e+00   5.594111e-12   4.795375e-08   4.221982e-13   144
  2.194222e+00   5.650461e-12   1.131589e-03   2.663633e-13   216
  2.199045e+00   5.263697e-12   1.512105e-03   2.678278e-13   312
  2.207535e+00   5.519007e-12   1.752500e-03   3.073763e-13   240
  2.212538e+00   4.865619e-12   2.543132e-08   3.419428e-13   96
  2.222033e+00   5.617330e-12   1.675517e-03   3.871378e-13   144
  2.227885e+00   5.180372e-12   1.646885e-03   2.204075e-13   456
  2.237379e+00   5.015013e-12   0.000000e+00   3.964308e-13   120
  2.240905e+00   5.086639e-12   0.000000e+00   3.298806e-13   144
  2.247941e+00   4.876337e-12   3.596531e-08   6.680119e-13   24
  2.252452e+00   5.486543e-12   1.583038e-03   2.514236e-13   336
  2.260253e+00   5.810024e-12   1.745876e-03   3.657898e-13   198
  2.267563e+00   5.565957e-12   1.697764e-03   2.282176e-13   432
  2.275867e+00   4.664687e-12   5.086263e-08   5.541764e-13   48
  2.280199e+00   5.191964e-12   1.498832e-03   2.028157e-13   384
  2.287976e+00   5.352088e-12   1.725473e-03   3.709167e-13   144
  2.295024e+00   5.880815e-12   1.713168e-03   3.071022e-13   264
  2.303454e+00   4.014181e-12   0.000000e+00   4.157286e-13   48
  2.309110e+00   5.123734e-12   1.628943e-03   2.837970e-13   276
  2.314567e+00   5.174267e-12   1.476593e-03   3.240450e-13   192
  2.321860e+00   4.878248e-12   1.659366e-03   1.909756e-13   552
  2.330715e+00   4.914294e-12   4.069010e-08   3.617146e-13   120
  2.335978e+00   4.794954e-12   1.679687e-03   3.170658e-13   216
  2.340855e+00   4.306375e-12   4.069010e-08   3.255275e-13   120
  2.349569e+00   4.629232e-12   1.654080e-03   2.097666e-13   408
  2.357660e+00   4.434558e-12   3.596531e-08   8.687957e-13   24
  2.362678e+00   5.025148e-12   1.670919e-03   2.414025e-13   384
  2.369685e+00   5.024370e-12   1.632547e-03   2.892626e-13   240
  2.375770e+00   4.076687e-12   1.644502e-03   2.672203e-13   168
  2.384301e+00   4.507318e-12   0.000000e+00   4.059434e-13   120
  2.389801e+00   4.269771e-12   1.714308e-03   2.174147e-13   350
  2.398744e+00   4.278068e-12   2.822081e-03   1.897353e-13   384
  2.404088e+00   4.888602e-12   0.000000e+00   3.383394e-13   144
  2.413921e+00   4.266552e-12   3.390842e-08   2.383500e-13   288
  2.419055e+00   4.523784e-12   1.615394e-03   2.520191e-13   336
  2.426039e+00   4.256183e-12   1.470682e-03   2.926811e-13   168
  2.430220e+00   3.747729e-12   9.639558e-08   1.827885e-13   336
  2.438868e+00   4.475944e-12   1.526480e-03   2.426706e-13   288
  2.444062e+00   3.934281e-12   1.438335e-03   2.154977e-13   264
  2.452858e+00   4.639914e-12   0.000000e+00   2.944605e-13   240
  2.456075e+00   3.819307e-12   0.000000e+00   3.848050e-13   96
  2.467620e+00   4.076291e-12   1.956039e-03   2.055248e-13   360
  2.473008e+00   4.333164e-12   1.441936e-03   3.209012e-13   168
  2.479816e+00   4.015733e-12   1.571860e-03   1.780742e-13   456
  2.488014e+00   3.294803e-12   4.521123e-08   3.125854e-13   108
  2.492626e+00   3.982124e-12   1.577159e-03   2.286899e-13   264
  2.498378e+00   4.011364e-12   1.407083e-03   2.238795e-13   264
  2.506256e+00   3.859730e-12   1.327788e-03   2.157940e-13   312
  2.516065e+00   3.869946e-12   9.866910e-04   2.335178e-13   270
  2.520176e+00   3.784467e-12   1.252729e-03   2.281498e-13   240
  2.527567e+00   4.053696e-12   1.549783e-03   2.210006e-13   384
  2.532054e+00   3.660961e-12   5.086263e-08   2.346480e-13   192
  2.540769e+00   3.713708e-12   1.243495e-03   2.187351e-13   240
  2.545825e+00   3.603150e-12   1.534673e-03   1.742687e-13   336
  2.555333e+00   3.821019e-12   1.544942e-03   1.686297e-13   480
  2.563047e+00   3.757503e-12   3.390842e-08   4.242637e-13   72
  2.567356e+00   3.754743e-12   1.506459e-03   2.305512e-13   240
  2.573216e+00   3.540942e-12   1.415865e-03   2.113401e-13   312
  2.579934e+00   3.026012e-12   1.530210e-03   2.170715e-13   240
  2.590086e+00   3.416308e-12   1.162564e-03   1.644734e-13   408
  2.594104e+00   3.309758e-12   1.064628e-03   1.912173e-13   336
  2.601958e+00   3.461597e-12   1.351816e-03   1.983824e-13   264
  2.605818e+00   3.551714e-12   0.000000e+00   3.158885e-13   144
  2.616557e+00   3.191469e-12   1.873697e-03   1.506631e-13   464
  2.622215e+00   2.890632e-12   1.489973e-03   2.227028e-13   168
  2.627801e+00   3.524502e-12   1.357041e-03   1.949878e-13   336
  2.637897e+00   3.270640e-12   1.425837e-03   1.701164e-13   414
  2.643588e+00   3.437424e-12   1.484211e-03   2.184032e-13   216
  2.650879e+00   2.729567e-12   3.596531e-08   2.296867e-13   96
  2.653856e+00   3.246463e-12   8.809666e-08   2.056597e-13   384
  2.664284e+00   3.054735e-12   1.481344e-03   1.519902e-13   492
  2.669873e+00   2.735853e-12   1.448627e-03   1.819653e-13   240
  2.676189e+00   2.836728e-12   1.470864e-03   1.763798e-13   312
  2.684913e+00   3.142194e-12   1.470380e-03   2.383458e-13   192
  2.690439e+00   2.850880e-12   1.424976e-03   1.403134e-13   504
  2.697770e+00   2.768095e-12   9.433586e-04   1.532387e-13   408
  2.703542e+00   2.908366e-12   2.890096e-03   2.497834e-13   168
  2.710765e+00   2.775371e-12   1.372821e-03   1.559879e-13   288
  2.716826e+00   2.621890e-12   1.432656e-03   1.467363e-13   288
  2.723035e+00   2.623163e-12   1.440903e-03   1.432422e-13   432
  2.732042e+00   2.602767e-12   1.362614e-03   1.833773e-13   216
  2.736854e+00   2.939669e-12   1.359739e-03   1.902179e-13   360
  2.745421e+00   3.072572e-12   1.327092e-03   1.964168e-13   312
  2.753154e+00   2.276408e-12   0.000000e+00   3.639098e-13   48
  2.757611e+00   2.792382e-12   1.422834e-03   1.524998e-13   432
  2.765594e+00   2.626433e-12   2.373302e-03   1.381981e-13   414
  2.770308e+00   2.749418e-12   5.421333e-08   1.921281e-13   312
  2.779102e+00   2.537270e-12   2.082441e-03   1.289412e-13   528
  2.785037e+00   2.544952e-12   1.093105e-03   1.760437e-13   264
  2.792167e+00   2.572337e-12   1.296122e-03   1.403598e-13   480
  2.801483e+00   2.591340e-12   0.000000e+00   1.507419e-13   288
  2.805506e+00   2.888197e-12   1.392643e-03   2.453671e-13   168
  2.812867e+00   2.482016e-12   2.204550e-03   1.275625e-13   504
  2.821143e+00   2.151439e-12   3.390842e-08   1.868039e-13   144
  2.826350e+00   2.330701e-12   1.415850e-03   1.289567e-13   464
  2.834173e+00   2.589683e-12   2.077839e-03   1.434326e-13   432
  2.837886e+00   2.998984e-12   3.596531e-08   2.611570e-13   192
  2.847481e+00   2.338859e-12   1.540373e-03   1.427753e-13   396
  2.853147e+00   2.689798e-12   1.383680e-03   1.959766e-13   288
  2.858874e+00   2.255899e-12   1.366839e-03   1.384102e-13   336
  2.868021e+00   2.341514e-12   8.655099e-04   1.224462e-13   432
  2.873827e+00   2.357191e-12   2.243281e-03   1.495220e-13   360
  2.880345e+00   2.556961e-12   1.326934e-03   1.644829e-13   384
  2.889603e+00   2.220673e-12   1.171274e-03   1.879771e-13   198
  2.894063e+00   2.238529e-12   1.331357e-03   1.132791e-13   552
  2.902381e+00   2.518916e-12   1.863809e-03   1.498275e-13   432
  2.909325e+00   2.387711e-12   7.119285e-08   2.164311e-13   168
  2.915153e+00   1.898463e-12   2.310442e-03   9.905499e-14   480
  2.922863e+00   2.112265e-12   0.000000e+00   2.114578e-13   120
  2.926334e+00   2.222356e-12   1.887069e-03   1.580143e-13   336
  2.934802e+00   2.035707e-12   1.331298e-03   9.661187e-14   672
  2.943175e+00   2.011885e-12   1.936554e-03   1.014910e-13   528
  2.947075e+00   2.207463e-12   5.812872e-08   2.037662e-13   168
  2.956085e+00   2.240024e-12   2.160213e-03   1.369077e-13   456
  2.961583e+00   2.302002e-12   1.319260e-03   2.134606e-13   168
  2.967291e+00   2.076920e-12   1.316892e-03   1.315876e-13   504
  2.976778e+00   2.117019e-12   1.694638e-03   1.510654e-13   336
  2.982515e+00   2.071922e-12   1.221633e-03   1.621742e-13   312
  2.988879e+00   2.141777e-12   1.193619e-03   1.318685e-13   504
  2.997254e+00   2.203619e-12   8.281656e-04   1.437059e-13   432
  3.001192e+00   2.017455e-12   1.279790e-03   1.484424e-13   312
  3.009377e+00   1.955587e-12   1.311847e-03   1.273176e-13   384
  3.017923e+00   2.103479e-12   1.114566e-03   2.480578e-13   126
  3.023199e+00   2.077408e-12   1.956913e-03   1.159603e-13   492
  3.029938e+00   1.795931e-12   1.253405e-03   9.309412e-14   528
  3.038360e+00   2.026052e-12   1.273190e-03   1.282532e-13   480
  3.043581e+00   1.703380e-12   1.758905e-03   1.072893e-13   432
  3.051137e+00   2.142569e-12   1.383146e-03   1.363450e-13   440
  3.059913e+00   1.942234e-12   6.878330e-04   1.412658e-13   312
  3.063206e+00   2.205519e-12   1.030775e-03   1.271705e-13   480
  3.069960e+00   1.920002e-12   2.018238e-03   1.219388e-13   408
  3.079829e+00   1.801335e-12   1.208696e-03   1.408642e-13   360
  3.083998e+00   2.259966e-12   1.166348e-03   1.489377e-13   408
  3.091725e+00   1.859460e-12   1.186907e-03   1.143179e-13   456
  3.100425e+00   1.806448e-12   1.134390e-03   1.407768e-13   264
  3.105254e+00   1.702869e-12   1.231098e-03   1.117311e-13   384
  3.112283e+00   2.029936e-12   2.072640e-03   1.105749e-13   672
  3.120409e+00   2.119827e-12   1.239707e-03   1.966625e-13   240
  3.125099e+00   1.929295e-12   1.257992e-03   1.535813e-13   264
  3.131717e+00   2.394544e-12   1.551526e-03   1.222269e-13   624
  3.141593e+00   2.535682e-12   0.000000e+00   2.900767e-13   150
  3.145109e+00   1.635548e-12   1.738607e-03   8.923871e-14   600
  3.152524e+00   1.842894e-12   1.199942e-03   9.405599e-14   672
  3.160921e+00   1.931226e-12   1.128630e-03   1.340503e-13   336
  3.165599e+00   1.662712e-12   1.227621e-03   1.207351e-13   408
  3.173072e+00   1.973403e-12   1.224729e-03   1.330359e-13   408
  3.181385e+00   1.768981e-12   6.192886e-04   1.287136e-13   360
  3.186510e+00   1.777019e-12   2.273829e-03   1.091555e-13   456
  3.192699e+00   1.824744e-12   1.236522e-03   1.176176e-13   384
  3.200577e+00   2.230839e-12   1.141466e-03   1.624000e-13   348
  3.204835e+00   2.068636e-12   1.407202e-03   1.347919e-13   576
  3.212832e+00   1.867407e-12   1.158646e-03   1.095916e-13   504
  3.221013e+00   2.119262e-12   1.634203e-03   1.623799e-13   432
  3.228154e+00   1.797264e-12   2.223325e-03   9.723192e-14   576
  3.233247e+00   1.857387e-12   0.000000e+00   1.551984e-13   264
  3.241325e+00   1.818799e-12   1.769212e-03   8.898448e-14   768
  3.248351e+00   2.136391e-12   2.381921e-03   1.499655e-13   240
  3.253937e+00   1.887043e-12   2.100629e-03   1.671166e-13   192
  3.262073e+00   1.797377e-12   1.546319e-03   1.071394e-13   504
  3.268108e+00   1.809097e-12   2.083724e-03   1.019023e-13   590
  3.273894e+00   1.688282e-12   2.334698e-03   1.261209e-13   384
  3.281151e+00   2.075279e-12   1.951120e-03   1.315481e-13   504
  3.289911e+00   1.792177e-12   1.877651e-03   9.408082e-14   648
  3.298409e+00   2.066996e-12   5.099453e-04   1.256105e-13   504
  3.301835e+00   1.841133e-12   1.163281e-03   1.559062e-13   312
  3.307884e+00   1.790916e-12   1.676002e-03   1.025023e-13   576
  3.316189e+00   1.833442e-12   1.166339e-03   1.599154e-13   240
  3.321030e+00   1.820274e-12   1.178530e-03   9.844986e-14   552
  3.327882e+00   1.955872e-12   1.106612e-03   1.083347e-13   600
  3.337643e+00   1.857353e-12   1.351639e-03   1.069146e-13   600
  3.343511e+00   2.006329e-12   2.164544e-03   1.567100e-13   312
  3.349356e+00   1.895775e-12   1.885103e-03   1.205450e-13   480
  3.356656e+00   2.177227e-12   1.176123e-03   1.244843e-13   576
  3.363084e+00   2.019884e-12   1.893814e-03   1.400545e-13   408
  3.368787e+00   2.414106e-12   2.209222e-03   1.991636e-13   216
  3.376156e+00   1.665049e-12   1.692015e-03   9.443849e-14   516
  3.384050e+00   1.879800e-12   1.614354e-03   9.399336e-14   744
  3.392194e+00   1.641509e-12   1.078246e-03   9.946422e-14   462
  3.396796e+00   2.166173e-12   1.095881e-03   1.403143e-13   432
  3.403934e+00   1.969529e-12   1.016670e-03   1.023419e-13   648
  3.412327e+00   2.221549e-12   1.487578e-03   1.447788e-13   528
  3.419069e+00   1.839684e-12   1.791415e-03   1.177283e-13   600
  3.425805e+00   1.358688e-12   2.258506e-03   1.237834e-13   240
  3.432329e+00   2.124986e-12   1.729994e-03   1.101370e-13   720
  3.439912e+00   1.906405e-12   1.368738e-03   9.798743e-14   720
  3.448318e+00   2.769507e-12   0.000000e+00   3.060207e-13   144
  3.452742e+00   1.859335e-12   1.764713e-03   9.010294e-14   720
  3.459035e+00   1.936233e-12   1.058157e-03   1.371574e-13   384
  3.466913e+00   1.921026e-12   1.173023e-03   1.075498e-13   672
  3.474387e+00   1.896885e-12   2.053834e-03   1.381378e-13   336
  3.477957e+00   2.037449e-12   0.000000e+00   1.424765e-13   288
  3.486699e+00   2.221391e-12   1.625472e-03   1.066020e-13   776
  3.494792e+00   1.989052e-12   1.390838e-03   9.796256e-14   720
  3.501588e+00   2.175394e-12   1.120422e-03   1.501421e-13   432
  3.507024e+00   2.156395e-12   1.597303e-03   1.275469e-13   504
  3.513071e+00   2.202632e-12   1.119137e-03   1.391946e-13   528
  3.521533e+00   2.112210e-12   1.524759e-03   1.356335e-13   438
  3.528495e+00   1.961344e-12   1.774680e-03   1.082968e-13   624
  3.533741e+00   2.105704e-12   2.173744e-03   1.710448e-13   312
  3.540952e+00   1.659966e-12   1.171159e-03   8.650459e-14   696
  3.548410e+00   2.088400e-12   1.059686e-03   1.203198e-13   552
  3.556166e+00   2.088071e-12   8.198436e-04   1.308137e-13   516
  3.560964e+00   1.717282e-12   1.637576e-03   1.078621e-13   528
  3.566805e+00   2.474513e-12   1.064960e-03   1.476861e-13   528
  3.575102e+00   2.144573e-12   1.404467e-03   9.573429e-14   864
  3.580734e+00   2.243794e-12   1.923830e-03   1.708746e-13   408
  3.586372e+00   1.627183e-12   1.906039e-03   1.900295e-13   192
  3.594362e+00   2.365908e-12   1.577339e-03   1.200702e-13   720
  3.601108e+00   1.995755e-12   1.454384e-03   1.068263e-13   696
  3.609123e+00   2.164992e-12   1.570748e-03   1.103997e-13   720
  3.616456e+00   2.006106e-12   2.128961e-03   1.360842e-13   432
  3.620733e+00   2.382856e-12   1.253189e-03   2.028108e-13   264
  3.628427e+00   2.316436e-12   1.730599e-03   1.257436e-13   672
  3.635310e+00   2.036646e-12   1.771868e-03   1.166946e-13   600
  3.643477e+00   2.588292e-12   1.037427e-03   2.116134e-13   270
  3.647594e+00   2.361934e-12   1.561617e-03   1.326108e-13   528
  3.654138e+00   1.923235e-12   1.069340e-03   9.358740e-14   840
  3.663112e+00   2.029489e-12   2.044769e-03   9.773364e-14   888
  3.671403e+00   2.362769e-12   1.523504e-03   1.175329e-13   744
  3.678411e+00   1.939332e-12   7.828584e-04   1.123693e-13   456
  3.681896e+00   1.547522e-12   1.069824e-03   1.191472e-13   360
  3.687860e+00   2.622317e-12   9.269427e-04   1.779638e-13   384
  3.697011e+00   2.208195e-12   1.486807e-03   1.023458e-13   816
  3.703877e+00   2.234877e-12   2.157150e-03   1.054687e-13   824
  3.712223e+00   2.592774e-12   1.002746e-03   2.056230e-13   360
  3.716692e+00   2.192035e-12   1.479676e-03   1.252320e-13   624
  3.722842e+00   2.018674e-12   9.998850e-04   1.454227e-13   360
  3.731036e+00   2.425952e-12   1.360137e-03   1.123630e-13   876
  3.738436e+00   2.477567e-12   1.615436e-03   1.396384e-13   696
  3.745899e+00   2.448349e-12   1.043143e-03   1.721498e-13   336
  3.749811e+00   2.144010e-12   1.041971e-03   1.274927e-13   504
  3.756273e+00   2.628645e-12   1.051000e-03   1.430653e-13   672
  3.765859e+00   2.266923e-12   2.092296e-03   1.097185e-13   720
  3.772508e+00   2.329942e-12   1.580506e-03   1.135402e-13   774
  3.779846e+00   2.469090e-12   9.046409e-04   1.899369e-13   384
  3.783690e+00   2.244995e-12   1.740917e-03   1.409734e-13   528
  3.789655e+00   2.367012e-12   1.659191e-03   1.241090e-13   744
  3.799249e+00   2.133014e-12   1.368481e-03   1.024588e-13   768
  3.805620e+00   2.599220e-12   1.536223e-03   1.447848e-13   552
  3.813568e+00   2.639205e-12   1.674309e-03   1.383076e-13   696
  3.819481e+00   2.295576e-12   2.034577e-03   1.810823e-13   408
  3.824174e+00   2.267150e-12   8.789532e-04   1.431091e-13   504
  3.831615e+00   2.298381e-12   1.579007e-03   1.012967e-13   888
  3.838937e+00   2.446637e-12   1.641044e-03   1.379263e-13   648
  3.846547e+00   2.281484e-12   1.626978e-03   1.274864e-13   648
  3.853707e+00   2.589672e-12   1.754281e-03   1.260679e-13   792
  3.861291e+00   2.731693e-12   2.566633e-03   1.626498e-13   600
  3.866880e+00   2.689050e-12   1.739428e-03   1.644925e-13   456
  3.872762e+00   2.470729e-12   8.477229e-04   1.355177e-13   648
  3.880317e+00   2.550465e-12   1.653183e-03   1.157038e-13   936
  3.888474e+00   2.058190e-12   1.015268e-03   1.533151e-13   384
  3.895575e+00   2.804490e-12   0.000000e+00   2.586398e-13   198
  3.901055e+00   2.476476e-12   2.575821e-03   9.467573e-14   1224
  3.906966e+00   1.913752e-12   1.875990e-03   1.322263e-13   420
  3.913957e+00   2.377058e-12   1.815566e-03   1.153954e-13   792
  3.920793e+00   2.461097e-12   1.501318e-03   1.173850e-13   680
  3.928594e+00   2.630881e-12   1.378581e-03   1.518921e-13   600
  3.934870e+00   2.515125e-12   1.999321e-03   1.236413e-13   840
  3.943251e+00   2.247113e-12   9.439865e-04   1.396865e-13   432
  3.946454e+00   2.611249e-12   8.846397e-04   1.464078e-13   720
  3.953417e+00   2.340693e-12   1.771778e-03   1.026291e-13   960
  3.962077e+00   2.615813e-12   1.579411e-03   1.342999e-13   528
  3.968405e+00   3.055295e-12   1.614459e-03   1.616215e-13   624
  3.975938e+00   2.377865e-12   1.268954e-03   1.206089e-13   816
  3.983415e+00   2.486010e-12   2.086821e-03   1.233414e-13   696
  3.991678e+00   3.006874e-12   1.150890e-07   3.080282e-13   240
  3.994784e+00   2.477716e-12   1.230648e-03   1.390938e-13   672
  4.001719e+00   2.716524e-12   2.199344e-03   1.318924e-13   864
  4.009498e+00   2.565260e-12   1.687640e-03   1.150027e-13   816
  4.016509e+00   2.692133e-12   9.659469e-04   1.412735e-13   648
  4.024060e+00   2.418903e-12   9.873737e-04   1.126607e-13   843
  4.030471e+00   2.943615e-12   1.776528e-03   1.445649e-13   780
  4.038111e+00   3.254378e-12   9.532520e-04   3.093727e-13   216
  4.042823e+00   2.578730e-12   2.298663e-03   1.091270e-13   1056
  4.050071e+00   2.592339e-12   1.880564e-03   1.993988e-13   228
  4.056781e+00   2.535543e-12   2.341349e-03   1.124578e-13   924
  4.063670e+00   2.357513e-12   8.685094e-04   1.206543e-13   696
  4.070964e+00   3.056638e-12   1.545698e-03   1.324254e-13   996
  4.078428e+00   2.905393e-12   9.125493e-04   1.613497e-13   576
  4.086192e+00   3.252862e-12   1.408459e-03   1.992370e-13   552
  4.091852e+00   2.424752e-12   1.681651e-03   1.523902e-13   516
  4.097596e+00   2.581609e-12   2.445470e-03   1.293732e-13   744
  4.104159e+00   2.958488e-12   1.199649e-03   1.570134e-13   576
  4.109868e+00   2.880190e-12   1.234742e-03   1.307458e-13   792
  4.117982e+00   2.611358e-12   1.411539e-03   1.179201e-13   792
  4.123927e+00   2.793636e-12   1.522330e-03   1.303650e-13   720
  4.131968e+00   2.788444e-12   1.735107e-03   1.400093e-13   656
  4.139503e+00   3.011462e-12   1.894646e-03   1.315539e-13   816
  4.147227e+00   3.179147e-12   1.021561e-03   1.959504e-13   492
  4.151618e+00   2.757259e-12   1.469588e-03   1.656002e-13   552
  4.159858e+00   3.514002e-12   2.555435e-03   1.650131e-13   780
  4.165209e+00   2.755041e-12   1.569773e-03   1.572693e-13   528
  4.170975e+00   2.934464e-12   1.832403e-03   1.426423e-13   600
  4.179472e+00   2.793350e-12   1.522872e-03   1.265579e-13   900
  4.185329e+00   3.138148e-12   8.430879e-04   1.560916e-13   696
  4.193388e+00   2.808494e-12   2.131780e-03   1.344765e-13   696
  4.201183e+00   2.838647e-12   8.648430e-04   1.477068e-13   552
  4.207739e+00   3.280625e-12   1.005732e-03   1.481747e-13   708
  4.214606e+00   3.222649e-12   1.660522e-03   1.330680e-13   876
  4.221752e+00   3.114152e-12   8.817041e-04   2.603367e-13   216
  4.226547e+00   2.824027e-12   2.411580e-03   1.144498e-13   1032
  4.233729e+00   3.567319e-12   2.685028e-03   1.763626e-13   600
  4.241182e+00   3.639022e-12   1.281196e-03   1.817808e-13   600
  4.246868e+00   2.910563e-12   2.262472e-03   1.558984e-13   528
  4.253589e+00   3.149346e-12   1.241998e-03   1.451714e-13   732
  4.260669e+00   2.668612e-12   9.171027e-04   1.751903e-13   336
  4.268820e+00   3.094563e-12   1.307053e-03   1.279978e-13   912
  4.274911e+00   3.606037e-12   1.311885e-03   1.692248e-13   624
  4.281565e+00   3.014580e-12   1.105498e-03   1.437692e-13   768
  4.289333e+00   3.130496e-12   1.994537e-03   1.375849e-13   792
  4.296957e+00   3.280360e-12   9.888090e-04   1.642942e-13   660
  4.302382e+00   3.442202e-12   1.457169e-03   2.041819e-13   504
  4.307992e+00   3.358684e-12   2.380735e-03   2.015723e-13   480
  4.316401e+00   3.757868e-12   2.201870e-03   1.465985e-13   912
  4.322985e+00   3.445724e-12   2.452123e-03   1.970127e-13   432
  4.329203e+00   3.311977e-12   1.456013e-03   1.809201e-13   564
  4.334724e+00   3.551658e-12   1.393605e-03   1.700271e-13   600
  4.342496e+00   3.296133e-12   1.942553e-03   1.341273e-13   876
  4.348334e+00   3.514994e-12   8.734307e-04   2.561097e-13   264
  4.356382e+00   3.260115e-12   1.694799e-03   1.920139e-13   560
  4.362850e+00   3.289116e-12   1.151652e-03   1.414264e-13   840
  4.370702e+00   3.698435e-12   1.775516e-03   1.405993e-13   1008
  4.377963e+00   4.090978e-12   7.942467e-04   2.268352e-13   456
  4.384595e+00   3.308644e-12   1.028834e-03   1.604452e-13   576
  4.390725e+00   3.457510e-12   1.580913e-03   1.728628e-13   612
  4.398809e+00   3.433239e-12   1.412012e-03   1.554908e-13   780
  4.405404e+00   3.237903e-12   1.618102e-03   1.466283e-13   648
  4.412155e+00   3.751320e-12   7.540562e-04   2.640733e-13   312
  4.416470e+00   3.903028e-12   1.915933e-03   1.958120e-13   528
  4.423945e+00   3.683880e-12   2.502113e-03   1.631358e-13   720
  4.431093e+00   4.015971e-12   2.509948e-03   2.093301e-13   576
  4.439759e+00   3.986142e-12   2.165154e-03   2.281472e-13   444
  4.445151e+00   3.558437e-12   2.123318e-03   1.392715e-13   996
  4.451759e+00   4.134160e-12   1.773610e-03   2.324228e-13   432
  4.458005e+00   3.678938e-12   1.941754e-03   2.045936e-13   504
  4.463400e+00   3.972228e-12   8.754449e-04   2.157804e-13   504
  4.471082e+00   3.191329e-12   1.722886e-03   1.148961e-13   876
  4.478033e+00   3.614336e-12   1.982878e-03   1.961453e-13   504
  4.485271e+00   4.117934e-12   1.264576e-03   1.842389e-13   696
  4.491253e+00   3.508160e-12   1.081079e-03   1.906568e-13   492
  4.499392e+00   3.765240e-12   1.547618e-03   2.064773e-13   432
  4.505420e+00   3.806220e-12   1.449174e-03   1.750664e-13   768
  4.512567e+00   4.151919e-12   1.805141e-03   1.923946e-13   648
  4.519390e+00   4.186039e-12   1.177661e-03   2.164635e-13   456
  4.527231e+00   3.988328e-12   1.619475e-03   1.852631e-13   552
  4.532676e+00   3.789937e-12   1.109989e-03   1.867711e-13   648
  4.540170e+00   3.815870e-12   1.809220e-03   1.483894e-13   840
  4.547491e+00   3.707255e-12   8.627791e-04   2.140959e-13   432
  4.554820e+00   4.023291e-12   1.056757e-03   1.968784e-13   600
  4.559917e+00   3.377032e-12   1.125905e-03   1.816467e-13   432
  4.568479e+00   3.726924e-12   1.120948e-03   1.620864e-13   560
  4.574277e+00   4.101561e-12   1.774344e-03   1.647262e-13   840
  4.581537e+00   4.396828e-12   1.050970e-03   2.347793e-13   504
  4.587303e+00   4.258306e-12   2.144966e-03   1.801677e-13   696
  4.595432e+00   3.550810e-12   1.171504e-03   2.187445e-13   384
  4.601763e+00   4.285580e-12   1.716116e-03   2.073377e-13   576
  4.609420e+00   3.989721e-12   1.059101e-03   2.357663e-13   360
  4.615593e+00   4.068916e-12   1.577258e-03   1.710724e-13   828
  4.622251e+00   3.907040e-12   1.404841e-03   2.368791e-13   372
  4.628352e+00   3.829568e-12   2.145462e-03   1.782463e-13   576
  4.636434e+00   4.221441e-12   8.985170e-04   1.977195e-13   636
  4.642192e+00   4.345262e-12   1.732109e-03   1.976755e-13   648
  4.649981e+00   4.159138e-12   1.408015e-03   2.209378e-13   576
  4.655573e+00   4.528762e-12   2.271277e-03   2.290424e-13   528
  4.663010e+00   3.871930e-12   9.710647e-04   2.433964e-13   360
  4.669165e+00   4.387438e-12   2.233813e-03   1.765933e-13   672
  4.677203e+00   4.249595e-12   1.144196e-03   1.600556e-13   804
  4.683893e+00   3.894706e-12   1.262185e-03   2.283447e-13   408
  4.691293e+00   4.532191e-12   7.801673e-04   2.427509e-13   384
  4.696276e+00   4.775795e-12   1.785323e-03   2.642385e-13   480
  4.703304e+00   4.293203e-12   1.153580e-03   2.239394e-13   432
  4.710045e+00   3.548337e-12   2.125802e-03   1.516627e-13   648
  4.718024e+00   4.193101e-12   1.319050e-03   2.003423e-13   624
  4.723861e+00   4.881419e-12   1.199787e-03   2.842037e-13   456
  4.731831e+00   4.674187e-12   1.639016e-03   2.289110e-13   588
  4.737172e+00   4.457308e-12   1.045685e-03   1.992688e-13   600
  4.744970e+00   4.317848e-12   1.631013e-03   1.869080e-13   708
  4.751130e+00   4.000768e-12   1.027507e-03   2.248863e-13   360
  4.757936e+00   3.780664e-12   1.181146e-03   1.927592e-13   552
  4.764461e+00   4.706466e-12   8.286020e-04   3.232477e-13   288
  4.771085e+00   4.861142e-12   1.557998e-03   2.270029e-13   528
  4.777309e+00   3.851402e-12   1.051098e-03   1.910697e-13   456
  4.784262e+00   4.577749e-12   1.863824e-03   1.960374e-13   608
  4.791256e+00   4.650957e-12   9.017389e-04   2.251350e-13   504
  4.798898e+00   5.283784e-12   1.935982e-03   2.547272e-13   540
  4.804891e+00   3.642882e-12   2.078222e-03   2.179860e-13   360
  4.811350e+00   4.381551e-12   9.411255e-04   2.201877e-13   540
  4.817063e+00   4.598094e-12   8.080679e-04   2.136403e-13   576
  4.825371e+00   4.630155e-12   1.873635e-03   2.174427e-13   588
  4.833270e+00   4.703457e-12   2.585051e-03   1.956851e-13   672
  4.840056e+00   4.204101e-12   1.975777e-03   2.049497e-13   552
  4.845526e+00   5.119340e-12   1.976776e-03   4.224960e-13   144
  4.852507e+00   4.536788e-12   1.679474e-03   2.059567e-13   600
  4.859125e+00   4.755266e-12   2.104747e-03   2.347256e-13   504
  4.866470e+00   4.648870e-12   2.162000e-03   3.143425e-13   336
  4.874196e+00   5.227186e-12   2.430098e-03   2.238979e-13   600
  4.881116e+00   4.800601e-12   1.568306e-03   1.949722e-13   636
  4.888585e+00   4.740587e-12   1.260932e-03   2.721721e-13   384
  4.893821e+00   4.533846e-12   1.758851e-03   2.539341e-13   504
  4.901368e+00   4.244295e-12   7.381651e-04   3.028099e-13   240
  4.907324e+00   4.740556e-12   1.734055e-03   1.917665e-13   744
  4.914470e+00   5.186936e-12   1.184096e-03   2.025348e-13   648
  4.920821e+00   2.501950e-12   7.860381e-04   2.185413e-13   120
  4.928265e+00   4.789305e-12   1.234764e-03   2.213471e-13   564
  4.933890e+00   4.389187e-12   1.939271e-03   2.316084e-13   432
  4.941396e+00   5.598038e-12   1.505258e-03   2.851248e-13   480
  4.947049e+00   5.757103e-12   1.107908e-03   3.006597e-13   456
  4.953721e+00   4.700868e-12   1.833424e-03   2.365121e-13   444
  4.961293e+00   5.149638e-12   2.805235e-03   2.206145e-13   528
  4.967944e+00   5.529463e-12   2.083390e-03   3.509316e-13   264
  4.974399e+00   4.996723e-12   2.135165e-03   2.590812e-13   444
  4.983082e+00   4.991150e-12   2.338759e-03   2.205233e-13   696
  4.990289e+00   4.442393e-12   1.250847e-03   2.568015e-13   384
  4.995560e+00   4.592797e-12   1.580550e-03   2.321655e-13   432
  5.003759e+00   5.651150e-12   1.092086e-03   2.616621e-13   488
  5.009082e+00   5.038143e-12   1.645909e-03   2.533785e-13   480
  5.016800e+00   5.483491e-12   1.835529e-03   2.726814e-13   480
  5.022777e+00   5.250693e-12   7.701318e-04   3.213650e-13   240
  5.029563e+00   5.466016e-12   1.798967e-03   2.230609e-13   600
  5.035964e+00   6.213178e-12   1.567616e-03   3.831051e-13   288
  5.042780e+00   5.139160e-12   1.507931e-03   2.277707e-13   480
  5.049682e+00   5.516140e-12   2.682341e-03   2.452081e-13   504
  5.056479e+00   5.142222e-12   1.150891e-03   4.436774e-13   216
  5.065146e+00   5.433641e-12   1.884192e-03   2.638950e-13   504
  5.071897e+00   5.258012e-12   1.515464e-03   2.472041e-13   456
  5.079286e+00   4.363587e-12   8.691442e-04   2.343927e-13   384
  5.084180e+00   5.231734e-12   1.764049e-03   2.782222e-13   480
  5.091134e+00   6.127415e-12   1.549032e-03   3.035690e-13   504
  5.097578e+00   5.992232e-12   9.826093e-04   3.691281e-13   312
  5.104521e+00   5.474992e-12   1.583441e-03   2.322598e-13   492
  5.110667e+00   5.225459e-12   1.484108e-03   2.949282e-13   312
  5.118579e+00   6.099587e-12   2.410815e-03   2.460926e-13   576
  5.125543e+00   5.592678e-12   2.225378e-03   2.930344e-13   336
  5.131328e+00   6.372746e-12   1.713438e-03   4.273379e-13   240
  5.139346e+00   5.251559e-12   2.271584e-03   2.268241e-13   468
  5.146270e+00   5.779422e-12   1.422340e-03   4.573246e-13   192
  5.153517e+00   6.715103e-12   1.426580e-03   4.181321e-13   324
  5.158828e+00   5.574619e-12   1.035388e-03   2.340638e-13   600
  5.166066e+00   5.408655e-12   1.679811e-03   2.895416e-13   456
  5.171442e+00   5.421730e-12   7.555789e-04   3.155275e-13   336
  5.180350e+00   5.560505e-12   2.262417e-03   2.359000e-13   612
  5.186832e+00   7.269267e-12   1.898719e-03   5.698341e-13   144
  5.192961e+00   5.365156e-12   2.216292e-03   2.409252e-13   552
  5.201296e+00   6.399998e-12   8.728032e-04   3.378858e-13   264
  5.206006e+00   5.640617e-12   2.020762e-03   3.009993e-13   336
  5.213435e+00   6.735896e-12   1.335250e-03   3.150203e-13   384
  5.219878e+00   5.291714e-12   7.516140e-04   4.231742e-13   216
  5.227010e+00   7.696362e-12   1.593577e-03   4.134398e-13   344
  5.233513e+00   6.996532e-12   2.377692e-03   3.461339e-13   408
  5.241438e+00   5.753129e-12   1.827101e-03   3.403070e-13   264
  5.248460e+00   5.755234e-12   2.547069e-03   2.438225e-13   612
  5.255476e+00   4.854853e-12   1.310917e-03   2.372936e-13   408
  5.262692e+00   6.710921e-12   1.312801e-03   3.194855e-13   444
  5.267993e+00   3.398976e-12   7.342396e-04   3.358015e-13   120
  5.275096e+00   6.484496e-12   2.028570e-03   3.680474e-13   336
  5.280368e+00   6.376504e-12   7.049199e-04   4.025972e-13   288
  5.287493e+00   6.215539e-12   2.193723e-03   2.343730e-13   552
  5.297288e+00   6.244318e-12   0.000000e+00   8.488826e-13   72
  5.302324e+00   7.082195e-12   2.178926e-03   3.214884e-13   504
  5.308207e+00   8.497674e-12   7.011571e-04   5.145119e-13   216
  5.315829e+00   7.119466e-12   1.251868e-03   3.801001e-13   312
  5.322672e+00   6.368900e-12   1.425448e-03   2.968447e-13   336
  5.329194e+00   7.126672e-12   1.975831e-03   3.846827e-13   204
  5.335689e+00   6.061613e-12   2.296216e-03   2.674069e-13   504
  5.342577e+00   5.538341e-12   2.186657e-03   2.655411e-13   396
  5.349201e+00   6.370099e-12   2.005279e-03   3.515858e-13   312
  5.357232e+00   5.523033e-12   1.225440e-03   3.649828e-13   216
  5.362890e+00   6.856050e-12   6.650698e-04   4.689061e-13   168
  5.369766e+00   6.599996e-12   1.679338e-03   2.633261e-13   588
  5.377613e+00   8.061413e-12   2.279505e-03   4.717995e-13   240
  5.383710e+00   8.158576e-12   2.013185e-03   4.451107e-13   264
  5.390860e+00   7.263689e-12   2.489717e-03   4.315939e-13   288
  5.397204e+00   8.404178e-12   1.243261e-03   4.313177e-13   288
  5.405244e+00   7.141502e-12   1.167620e-03   3.874845e-13   288
  5.410658e+00   7.581303e-12   1.352591e-03   4.290159e-13   192
  5.417469e+00   8.758055e-12   1.439292e-03   4.415343e-13   264
  5.423957e+00   5.446832e-12   2.367436e-03   3.046924e-13   372
  5.430940e+00   6.478635e-12   2.556933e-03   3.399227e-13   360
  5.439463e+00   5.619532e-12   1.082118e-03   4.017213e-13   144
  5.443868e+00   8.375927e-12   1.503015e-03   4.385229e-13   296
  5.450821e+00   7.134252e-12   1.619421e-03   4.334528e-13   288
  5.458782e+00   7.236268e-12   2.420184e-03   2.821972e-13   480
  5.465649e+00   8.454697e-12   2.010942e-03   5.167825e-13   192
  5.472326e+00   7.126884e-12   2.157009e-03   4.122215e-13   192
  5.478395e+00   8.828941e-12   1.374687e-03   4.346865e-13   288
  5.486835e+00   1.045929e-11   1.196646e-03   8.118299e-13   108
  5.491087e+00   7.246843e-12   1.150429e-03   4.042422e-13   240
  5.498595e+00   9.323511e-12   2.146152e-03   3.655874e-13   384
  5.506307e+00   5.838269e-12   2.618062e-03   4.368312e-13   108
  5.513127e+00   6.524571e-12   1.535018e-03   3.253639e-13   348
  5.520298e+00   9.593893e-12   1.602006e-03   4.951644e-13   312
  5.526703e+00   1.073911e-11   1.556684e-03   1.056060e-12   96
  5.532593e+00   8.224436e-12   2.072444e-03   3.246540e-13   384
  5.539190e+00   7.686418e-12   1.425422e-03   5.800644e-13   144
  5.545642e+00   8.919786e-12   2.190224e-03   3.546703e-13   408
  5.553663e+00   9.084892e-12   9.769946e-04   4.683062e-13   144
  5.561240e+00   8.445089e-12   1.878283e-03   5.433270e-13   192
  5.565734e+00   7.553395e-12   2.114042e-03   6.290542e-13   144
  5.573059e+00   1.161613e-11   1.718794e-03   7.827304e-13   144
  5.579969e+00   8.844951e-12   2.100644e-03   4.473115e-13   336
  5.588433e+00   1.025758e-11   1.554210e-03   4.398819e-13   240
  5.593800e+00   1.071710e-11   7.057532e-04   1.024792e-12   96
  5.601284e+00   9.674743e-12   2.069634e-03   4.383383e-13   372
  5.608856e+00   9.451492e-12   2.461786e-03   7.311251e-13   132
  5.615507e+00   1.022494e-11   1.523323e-03   4.397433e-13   264
  5.621457e+00   8.011572e-12   1.169843e-03   5.293334e-13   168
  5.627807e+00   7.883235e-12   1.870354e-03   4.160469e-13   216
  5.633417e+00   9.464224e-12   1.144306e-03   5.056182e-13   216
  5.641586e+00   1.117957e-11   2.099325e-03   8.940992e-13   96
  5.648999e+00   8.593268e-12   1.369618e-03   7.295799e-13   120
  5.655797e+00   1.007823e-11   1.741170e-03   4.927000e-13   216
  5.661397e+00   9.744576e-12   7.608972e-04   5.697546e-13   200
  5.668812e+00   1.157703e-11   1.969636e-03   5.784035e-13   288
  5.678322e+00   1.494754e-11   5.182495e-04   8.326629e-13   144
  5.682326e+00   9.741061e-12   1.612761e-03   6.839561e-13   168
  5.690504e+00   8.745740e-12   1.815012e-03   5.296107e-13   159
  5.696887e+00   1.084995e-11   1.904384e-03   6.487755e-13   174
  5.703065e+00   9.850473e-12   1.726829e-03   5.711737e-13   144
  5.711154e+00   1.000777e-11   9.971188e-04   5.291790e-13   222
  5.716564e+00   1.122426e-11   1.006181e-03   6.604341e-13   168
  5.725909e+00   1.040998e-11   2.206942e-03   1.683675e-12   30
  5.729769e+00   1.147727e-11   1.948567e-03   9.240704e-13   72
  5.737039e+00   1.167659e-11   1.739073e-03   5.468102e-13   258
  5.745032e+00   1.090254e-11   1.089226e-03   4.926029e-13   264
  5.749029e+00   1.188757e-11   1.174622e-07   1.131811e-12   72
  5.757357e+00   1.412753e-11   2.158892e-03   7.078203e-13   174
  5.764898e+00   1.113306e-11   2.298822e-03   6.124388e-13   168
  5.770961e+00   1.589595e-11   7.193062e-08   1.291093e-12   48
  5.777470e+00   1.312903e-11   1.298199e-03   8.681167e-13   150
  5.785016e+00   9.352778e-12   2.388130e-03   5.908404e-13   168
  5.792583e+00   1.362024e-11   1.454738e-03   8.048017e-13   144
  5.799541e+00   1.010621e-11   1.359056e-03   7.663214e-13   102
  5.804724e+00   1.499718e-11   2.011636e-03   1.233232e-12   96
  5.812948e+00   1.534710e-11   1.996414e-03   9.962738e-13   120
  5.819038e+00   1.335656e-11   2.141206e-03   7.053986e-13   168
  5.825625e+00   1.013976e-11   1.581111e-03   5.992100e-13   126
  5.831237e+00   1.351580e-11   1.192474e-03   7.783821e-13   168
  5.838969e+00   1.349621e-11   1.912134e-03   1.112371e-12   72
  5.845726e+00   1.498491e-11   2.394418e-03   7.298835e-13   168
  5.851646e+00   1.439178e-11   6.564276e-04   1.085532e-12   78
  5.859757e+00   1.426441e-11   1.077805e-03   1.323056e-12   60
  5.866288e+00   1.044513e-11   1.748374e-03   9.285932e-13   96
  5.873062e+00   1.325986e-11   2.121507e-03   7.267588e-13   168
  5.879428e+00   1.388541e-11   1.342407e-03   1.019329e-12   86
  5.886107e+00   1.720302e-11   1.199794e-03   1.140987e-12   120
  5.895681e+00   1.454514e-11   8.556122e-04   7.573264e-13   168
  5.900844e+00   1.725615e-11   0.000000e+00   1.545081e-12   48
  5.907798e+00   1.316536e-11   1.558833e-03   7.223180e-13   120
  5.911793e+00   1.389830e-11   1.137231e-03   8.061057e-13   126
  5.921548e+00   1.500758e-11   2.000073e-03   9.475199e-13   96
  5.927878e+00   1.342020e-11   5.767223e-04   9.026217e-13   96
  5.932871e+00   1.494238e-11   6.781684e-08   8.650883e-13   72
  5.943508e+00   1.739973e-11   7.193062e-08   1.266825e-12   24
  5.950147e+00   1.580865e-11   1.186881e-03   8.889987e-13   120
  5.955326e+00   1.554554e-11   1.731294e-03   1.036231e-12   126
  5.961084e+00   1.752335e-11   1.443268e-03   1.266498e-12   96
  5.967813e+00   1.608604e-11   2.494389e-03   1.118821e-12   72
  5.975306e+00   1.548595e-11   1.078907e-03   7.937412e-13   144
  5.981469e+00   1.722502e-11   6.222882e-04   1.201731e-12   72
  5.987626e+00   1.360318e-11   1.242932e-03   1.502111e-12   54
  5.993045e+00   1.580169e-11   1.095319e-03   1.021845e-12   108
  6.004306e+00   1.583691e-11   1.073696e-03   1.087770e-12   72
  6.007812e+00   1.554693e-11   6.195595e-04   1.162658e-12   72
  6.016129e+00   1.910423e-11   1.245875e-07   1.963801e-12   24
  6.023999e+00   1.953383e-11   1.310705e-03   1.213484e-12   48
  6.028777e+00   1.628836e-11   9.984188e-04   9.201522e-13   102
  6.035970e+00   1.774892e-11   2.258008e-03   8.531485e-13   168
  6.045369e+00   1.661932e-11   1.231465e-03   1.113725e-12   72
  6.048851e+00   1.458220e-11   0.000000e+00   1.264354e-12   48
  6.056156e+00   1.690206e-11   2.118194e-03   1.067726e-12   120
  6.065796e+00   1.874674e-11   1.301673e-03   1.336483e-12   96
  6.074901e+00   1.914842e-11   1.150890e-07   2.277627e-12   30
  6.085723e+00   1.590168e-11   6.115837e-04   1.160937e-12   72
  6.090478e+00   1.580298e-11   7.193062e-08   1.983262e-12   24
  6.096586e+00   2.264635e-11   9.065181e-04   1.546048e-12   56
  6.103428e+00   2.331589e-11   1.293647e-03   1.323777e-12   96
  6.111616e+00   1.633263e-11   1.428503e-03   9.073179e-13   144
  6.117928e+00   1.909593e-11   8.110480e-04   1.446067e-12   54
  6.127099e+00   1.613073e-11   1.215036e-03   8.809701e-13   108
  6.136327e+00   1.745301e-11   6.433558e-04   1.968939e-12   48
  6.145113e+00   1.926174e-11   2.422440e-03   1.554521e-12   72
  6.166195e+00   1.644694e-11   1.600514e-03   1.334707e-12   78
  6.172037e+00   2.356597e-11   1.206188e-03   1.338320e-12   72
  6.178856e+00   2.293133e-11   1.204690e-03   1.544868e-12   72
  6.185986e+00   1.909032e-11   2.907051e-03   1.211302e-12   96
  6.191621e+00   1.968216e-11   1.202207e-03   1.751843e-12   72
  6.198419e+00   2.115858e-11   0.000000e+00   3.130990e-12   24
  6.205208e+00   1.999580e-11   2.398986e-03   1.341743e-12   72
  6.220544e+00   2.139610e-11   1.523430e-03   2.159067e-12   30
  6.223843e+00   1.725341e-11   0.000000e+00   2.068049e-12   24
  6.241578e+00   2.014441e-11   1.265014e-03   1.532719e-12   48
  6.247142e+00   2.215234e-11   2.722309e-03   1.189010e-12   120
  6.254637e+00   2.435975e-11   1.190257e-03   1.566952e-12   72
  6.262206e+00   2.109484e-11   1.188818e-03   2.083875e-12   36
  6.267409e+00   2.438184e-11   2.349657e-03   1.569872e-12   78
  6.281928e+00   2.241661e-11   1.256888e-03   1.615286e-12   48
  6.300754e+00   1.939459e-11   1.017253e-07   2.209703e-12   24
  6.314166e+00   2.222031e-11   8.752715e-04   1.873281e-12   56
  6.320919e+00   2.747361e-11   1.346877e-03   1.393538e-12   102
  6.329510e+00   2.652830e-11   9.590750e-08   1.626029e-12   72
  6.334498e+00   2.239733e-11   7.193062e-08   2.860168e-12   24
  6.343217e+00   2.456350e-11   1.244744e-03   1.852562e-12   48
  6.359378e+00   2.549072e-11   0.000000e+00   2.486883e-12   24
  6.379213e+00   2.709484e-11   0.000000e+00   3.303497e-12   6
  6.385398e+00   1.774062e-11   0.000000e+00   1.648373e-12   24
  6.389518e+00   2.855191e-11   1.165127e-03   1.726938e-12   72
  6.397046e+00   2.714484e-11   2.173655e-03   1.585216e-12   84
  6.405152e+00   2.199324e-11   0.000000e+00   2.595556e-12   24
  6.407617e+00   2.335370e-11   1.017253e-07   3.029643e-12   24
  6.419927e+00   2.380372e-11   1.245875e-07   2.251253e-12   24
  6.437123e+00   3.865083e-11   0.000000e+00   8.445077e-12   6
  6.459163e+00   2.513298e-11   1.222400e-03   2.034861e-12   48
  6.464458e+00   2.996797e-11   2.302802e-03   1.852137e-12   72
  6.471376e+00   2.572008e-11   1.220094e-03   1.779720e-12   48
  6.482347e+00   2.395314e-11   0.000000e+00   3.228522e-12   24
  6.496947e+00   2.329502e-11   0.000000e+00   6.024362e-12   6
  6.529678e+00   2.145091e-11   0.000000e+00   4.560898e-12   8
  6.532096e+00   2.740522e-11   7.193062e-08   2.269296e-12   48
  6.537895e+00   3.119824e-11   1.183236e-03   2.193510e-12   60
  6.546585e+00   2.040464e-11   0.000000e+00   1.910279e-12   24
  6.558634e+00   2.194561e-11   0.000000e+00   5.060615e-12   6
  6.603027e+00   3.414536e-11   0.000000e+00   4.765269e-12   24
  6.606613e+00   3.510579e-11   1.195118e-03   2.309879e-12   48
  6.612586e+00   2.793734e-11   0.000000e+00   3.447501e-12   24
  6.622132e+00   1.828331e-11   0.000000e+00   2.237438e-12   6
  6.676359e+00   3.966605e-11   1.114931e-03   3.285884e-12   36
  6.680300e+00   3.669606e-11   0.000000e+00   3.328324e-12   24
  6.687387e+00   2.772517e-11   0.000000e+00   3.660468e-12   6
  6.749089e+00   3.534776e-11   1.013241e-03   3.181785e-12   32
  6.754351e+00   4.336329e-11   0.000000e+00   6.834810e-12   6
  6.820657e+00   2.743133e-11   0.000000e+00   3.113050e-12   12
  6.822972e+00   2.463400e-11   0.000000e+00   6.472436e-12   6
  6.893201e+00   2.422897e-11   0.000000e+00   3.700067e-12   6
