# power spectrum of pi_k * H (dimensionless)
# redshift z=-0.003537
# k              Pk             sigma(k)       sigma(Pk)      count
  1.256637e-01   nan   0.000000e+00   0.000000e+00   6
  1.777153e-01   nan   0.000000e+00   0.000000e+00   12
  2.176559e-01   nan   2.384186e-09   0.000000e+00   8
  2.513274e-01   nan   0.000000e+00   0.000000e+00   6
  2.809926e-01   nan   4.495664e-09   0.000000e+00   24
  3.078120e-01   nan   4.495664e-09   0.000000e+00   24
  3.554306e-01   nan   0.000000e+00   0.000000e+00   12
  3.769911e-01   nan   5.086263e-09   0.000000e+00   30
  3.973835e-01   nan   0.000000e+00   0.000000e+00   24
  4.167794e-01   nan   7.786718e-09   0.000000e+00   24
  4.353118e-01   nan   4.768372e-09   0.000000e+00   8
  4.530869e-01   nan   6.357829e-09   0.000000e+00   24
  4.701905e-01   nan   0.000000e+00   0.000000e+00   48
  5.026548e-01   nan   0.000000e+00   0.000000e+00   6
  5.181247e-01   nan   6.357829e-09   0.000000e+00   48
  5.331460e-01   nan   5.994218e-09   0.000000e+00   36
  5.477554e-01   nan   6.357829e-09   0.000000e+00   24
  5.619852e-01   nan   8.991328e-09   0.000000e+00   24
  5.758634e-01   nan   0.000000e+00   0.000000e+00   48
  5.894150e-01   nan   8.991328e-09   0.000000e+00   24
  6.156239e-01   nan   8.991328e-09   0.000000e+00   24
  6.283185e-01   nan   0.000000e+00   0.000000e+00   30
  6.407617e-01   nan   0.000000e+00   0.000000e+00   72
  6.529678e-01   nan   9.536743e-09   0.000000e+00   32
  6.767198e-01   nan   0.000000e+00   0.000000e+00   72
  6.882885e-01   nan   0.000000e+00   0.000000e+00   48
  7.108613e-01   nan   0.000000e+00   0.000000e+00   12
  7.218830e-01   nan   0.000000e+00   0.000000e+00   48
  7.327390e-01   nan   0.000000e+00   0.000000e+00   48
  7.434365e-01   nan   8.991328e-09   0.000000e+00   48
  7.539822e-01   nan   1.017253e-08   0.000000e+00   30
  7.643825e-01   nan   0.000000e+00   0.000000e+00   24
  7.746431e-01   nan   1.895538e-08   0.000000e+00   72
  7.947671e-01   nan   0.000000e+00   0.000000e+00   24
  8.046403e-01   nan   0.000000e+00   0.000000e+00   96
  8.143939e-01   nan   0.000000e+00   0.000000e+00   48
  8.240320e-01   nan   1.557344e-08   0.000000e+00   24
  8.335587e-01   nan   1.557344e-08   0.000000e+00   24
  8.429778e-01   nan   0.000000e+00   0.000000e+00   72
  8.522927e-01   nan   0.000000e+00   0.000000e+00   48
  8.706237e-01   nan   9.536743e-09   0.000000e+00   8
  8.796459e-01   nan   1.130281e-08   0.000000e+00   54
  8.885766e-01   nan   0.000000e+00   0.000000e+00   84
  8.974184e-01   nan   0.000000e+00   0.000000e+00   48
  9.061739e-01   nan   1.271566e-08   0.000000e+00   24
  9.148456e-01   nan   1.695421e-08   0.000000e+00   72
  9.234359e-01   nan   0.000000e+00   0.000000e+00   96
  9.403811e-01   nan   0.000000e+00   0.000000e+00   48
  9.487402e-01   nan   0.000000e+00   0.000000e+00   48
  9.570263e-01   nan   0.000000e+00   0.000000e+00   24
  9.652412e-01   nan   0.000000e+00   0.000000e+00   72
  9.814649e-01   nan   0.000000e+00   0.000000e+00   72
  9.894770e-01   nan   0.000000e+00   0.000000e+00   96
  1.005310e+00   nan   0.000000e+00   0.000000e+00   6
  1.013133e+00   nan   0.000000e+00   0.000000e+00   96
  1.020897e+00   nan   1.271566e-08   0.000000e+00   96
  1.028602e+00   nan   0.000000e+00   0.000000e+00   24
  1.036249e+00   nan   1.271566e-08   0.000000e+00   48
  1.043841e+00   nan   0.000000e+00   0.000000e+00   96
  1.051378e+00   nan   0.000000e+00   0.000000e+00   48
  1.066292e+00   nan   1.198844e-08   0.000000e+00   36
  1.073671e+00   nan   2.202416e-08   0.000000e+00   48
  1.081000e+00   nan   2.491750e-08   0.000000e+00   120
  1.088280e+00   nan   0.000000e+00   0.000000e+00   56
  1.095511e+00   nan   1.271566e-08   0.000000e+00   24
  1.102695e+00   nan   0.000000e+00   0.000000e+00   96
  1.109832e+00   nan   0.000000e+00   0.000000e+00   48
  1.123970e+00   nan   1.798266e-08   0.000000e+00   24
  1.130973e+00   nan   0.000000e+00   0.000000e+00   102
  1.137933e+00   nan   1.271566e-08   0.000000e+00   48
  1.144851e+00   nan   0.000000e+00   0.000000e+00   72
  1.151727e+00   nan   0.000000e+00   0.000000e+00   48
  1.158562e+00   nan   0.000000e+00   0.000000e+00   48
  1.165357e+00   nan   2.877225e-08   0.000000e+00   120
  1.178830e+00   nan   1.798266e-08   0.000000e+00   24
  1.185509e+00   nan   1.695421e-08   0.000000e+00   144
  1.192151e+00   nan   2.034505e-08   0.000000e+00   120
  1.198755e+00   nan   1.798266e-08   0.000000e+00   48
  1.211857e+00   nan   1.798266e-08   0.000000e+00   48
  1.218355e+00   nan   1.798266e-08   0.000000e+00   96
  1.235512e+00   nan   3.015167e-03   0.000000e+00   72
  1.244007e+00   nan   1.598458e-08   0.000000e+00   108
  1.250338e+00   nan   0.000000e+00   0.000000e+00   72
  1.256637e+00   nan   0.000000e+00   0.000000e+00   30
  1.262905e+00   nan   0.000000e+00   0.000000e+00   168
  1.269141e+00   nan   0.000000e+00   0.000000e+00   48
  1.281523e+00   nan   0.000000e+00   0.000000e+00   72
  1.287670e+00   nan   0.000000e+00   0.000000e+00   96
  1.293787e+00   nan   3.390842e-08   0.000000e+00   72
  1.299875e+00   nan   0.000000e+00   0.000000e+00   72
  1.310112e+00   nan   2.784031e-03   0.000000e+00   104
  1.317972e+00   nan   2.397687e-08   0.000000e+00   144
  1.335824e+00   nan   4.021044e-08   0.000000e+00   96
  1.341721e+00   nan   0.000000e+00   0.000000e+00   96
  1.351101e+00   nan   2.864148e-03   0.000000e+00   120
  1.359261e+00   nan   0.000000e+00   0.000000e+00   120
  1.365057e+00   nan   0.000000e+00   0.000000e+00   72
  1.376577e+00   nan   0.000000e+00   0.000000e+00   48
  1.382301e+00   nan   3.130008e-08   0.000000e+00   78
  1.389623e+00   nan   2.564571e-03   0.000000e+00   168
  1.404963e+00   nan   2.936555e-08   0.000000e+00   144
  1.410572e+00   nan   2.397687e-08   0.000000e+00   144
  1.426839e+00   nan   1.476986e-03   0.000000e+00   156
  1.432787e+00   nan   3.114687e-08   0.000000e+00   48
  1.438287e+00   nan   2.034505e-08   0.000000e+00   120
  1.443766e+00   nan   0.000000e+00   0.000000e+00   48
  1.453454e+00   nan   2.260797e-03   0.000000e+00   216
  1.465478e+00   nan   0.000000e+00   0.000000e+00   48
  1.470856e+00   nan   1.798266e-08   0.000000e+00   96
  1.478502e+00   nan   2.642094e-03   0.000000e+00   168
  1.486873e+00   nan   1.798266e-08   0.000000e+00   48
  1.492174e+00   nan   0.000000e+00   0.000000e+00   96
  1.497456e+00   nan   0.000000e+00   0.000000e+00   48
  1.507964e+00   nan   2.034505e-08   0.000000e+00   30
  1.513191e+00   nan   0.000000e+00   0.000000e+00   96
  1.519439e+00   nan   2.076451e-03   0.000000e+00   240
  1.527472e+00   nan   2.240191e-03   0.000000e+00   32
  1.533921e+00   nan   0.000000e+00   0.000000e+00   168
  1.539060e+00   nan   0.000000e+00   0.000000e+00   120
  1.549286e+00   nan   3.791077e-08   0.000000e+00   72
  1.554374e+00   nan   1.695421e-08   0.000000e+00   144
  1.559446e+00   nan   0.000000e+00   0.000000e+00   96
  1.564501e+00   nan   0.000000e+00   0.000000e+00   96
  1.574562e+00   nan   0.000000e+00   0.000000e+00   72
  1.579568e+00   nan   2.543132e-08   0.000000e+00   96
  1.589534e+00   nan   0.000000e+00   0.000000e+00   24
  1.594494e+00   nan   0.000000e+00   0.000000e+00   192
  1.600334e+00   nan   1.901066e-03   0.000000e+00   132
  1.609281e+00   nan   0.000000e+00   0.000000e+00   96
  1.614180e+00   nan   0.000000e+00   0.000000e+00   96
  1.619064e+00   nan   2.034505e-08   0.000000e+00   120
  1.628788e+00   nan   0.000000e+00   0.000000e+00   48
  1.636759e+00   nan   2.303939e-03   0.000000e+00   222
  1.643266e+00   nan   0.000000e+00   0.000000e+00   120
  1.648064e+00   nan   3.114687e-08   0.000000e+00   24
  1.655050e+00   nan   2.378000e-03   0.000000e+00   312
  1.670270e+00   nan   2.229470e-03   0.000000e+00   72
  1.676563e+00   nan   3.114687e-08   0.000000e+00   96
  1.683024e+00   nan   2.270407e-03   0.000000e+00   192
  1.690632e+00   nan   2.877225e-08   0.000000e+00   120
  1.695296e+00   nan   0.000000e+00   0.000000e+00   144
  1.704585e+00   nan   0.000000e+00   0.000000e+00   48
  1.711188e+00   nan   2.282974e-03   0.000000e+00   336
  1.718425e+00   nan   0.000000e+00   0.000000e+00   48
  1.727590e+00   nan   0.000000e+00   0.000000e+00   192
  1.732155e+00   nan   0.000000e+00   0.000000e+00   48
  1.745129e+00   nan   1.584683e-03   0.000000e+00   56
  1.751580e+00   nan   2.035272e-03   0.000000e+00   336
  1.759292e+00   nan   2.260561e-08   0.000000e+00   54
  1.766010e+00   nan   2.235459e-03   0.000000e+00   240
  1.779956e+00   nan   2.140470e-03   0.000000e+00   228
  1.786017e+00   nan   2.397687e-08   0.000000e+00   72
  1.791900e+00   nan   2.076308e-03   0.000000e+00   144
  1.799230e+00   nan   0.000000e+00   0.000000e+00   96
  1.803613e+00   nan   2.877225e-08   0.000000e+00   240
  1.812348e+00   nan   2.543132e-08   0.000000e+00   24
  1.817939e+00   nan   1.961057e-03   0.000000e+00   336
  1.825371e+00   nan   0.000000e+00   0.000000e+00   72
  1.832154e+00   nan   2.133012e-03   0.000000e+00   168
  1.838302e+00   nan   0.000000e+00   0.000000e+00   72
  1.846872e+00   nan   0.000000e+00   0.000000e+00   96
  1.853509e+00   nan   2.117011e-03   0.000000e+00   216
  1.859653e+00   nan   0.000000e+00   0.000000e+00   96
  1.868125e+00   nan   2.543132e-08   0.000000e+00   192
  1.872347e+00   nan   2.397687e-08   0.000000e+00   144
  1.880762e+00   nan   0.000000e+00   0.000000e+00   48
  1.886588e+00   nan   2.041047e-03   0.000000e+00   246
  1.894505e+00   nan   1.881878e-03   0.000000e+00   168
  1.901637e+00   nan   4.983500e-08   0.000000e+00   120
  1.905784e+00   nan   0.000000e+00   0.000000e+00   240
  1.914053e+00   nan   0.000000e+00   0.000000e+00   24
  1.920640e+00   nan   2.014384e-03   0.000000e+00   360
  1.928845e+00   nan   2.005812e-03   0.000000e+00   120
  1.934568e+00   nan   0.000000e+00   0.000000e+00   144
  1.938645e+00   nan   0.000000e+00   0.000000e+00   96
  1.950825e+00   nan   0.000000e+00   0.000000e+00   144
  1.954868e+00   nan   0.000000e+00   0.000000e+00   132
  1.960551e+00   nan   1.979707e-03   0.000000e+00   176
  1.968799e+00   nan   1.999105e-03   0.000000e+00   312
  1.978954e+00   nan   0.000000e+00   0.000000e+00   96
  1.982940e+00   nan   0.000000e+00   0.000000e+00   144
  1.989055e+00   nan   1.979053e-03   0.000000e+00   312
  1.998804e+00   nan   0.000000e+00   0.000000e+00   48
  2.002750e+00   nan   2.543132e-08   0.000000e+00   192
  2.010619e+00   nan   0.000000e+00   0.000000e+00   6
  2.015848e+00   nan   1.845802e-03   0.000000e+00   288
  2.024316e+00   nan   1.950210e-03   0.000000e+00   192
  2.030159e+00   nan   5.980883e-08   0.000000e+00   216
  2.034045e+00   nan   0.000000e+00   0.000000e+00   72
  2.043725e+00   nan   1.931689e-03   0.000000e+00   192
  2.050154e+00   nan   1.434383e-03   0.000000e+00   288
  2.057204e+00   nan   0.000000e+00   0.000000e+00   24
  2.062650e+00   nan   1.889681e-03   0.000000e+00   456
  2.072499e+00   nan   0.000000e+00   0.000000e+00   48
  2.078585e+00   nan   1.861260e-03   0.000000e+00   240
  2.085579e+00   nan   1.881013e-03   0.000000e+00   216
  2.091461e+00   nan   0.000000e+00   0.000000e+00   72
  2.095233e+00   nan   6.498988e-08   0.000000e+00   168
  2.105882e+00   nan   1.398129e-03   0.000000e+00   288
  2.111855e+00   nan   1.849965e-03   0.000000e+00   168
  2.121448e+00   nan   0.000000e+00   0.000000e+00   192
  2.125166e+00   nan   2.397687e-08   0.000000e+00   144
  2.132584e+00   nan   2.397687e-08   0.000000e+00   36
  2.138874e+00   nan   1.689411e-03   0.000000e+00   342
  2.144889e+00   nan   1.734820e-03   0.000000e+00   144
  2.152621e+00   nan   1.819392e-03   0.000000e+00   384
  2.162000e+00   nan   4.983500e-08   0.000000e+00   120
  2.166643e+00   nan   1.622368e-03   0.000000e+00   264
  2.172929e+00   nan   8.042088e-08   0.000000e+00   192
  2.178848e+00   nan   1.748412e-03   0.000000e+00   152
  2.183802e+00   nan   4.795375e-08   0.000000e+00   144
  2.194222e+00   nan   1.131589e-03   0.000000e+00   216
  2.199045e+00   nan   1.512105e-03   0.000000e+00   312
  2.207535e+00   nan   1.752500e-03   0.000000e+00   240
  2.212538e+00   nan   2.543132e-08   0.000000e+00   96
  2.222033e+00   nan   1.675517e-03   0.000000e+00   144
  2.227885e+00   nan   1.646885e-03   0.000000e+00   456
  2.237379e+00   nan   0.000000e+00   0.000000e+00   120
  2.240905e+00   nan   0.000000e+00   0.000000e+00   144
  2.247941e+00   nan   3.596531e-08   0.000000e+00   24
  2.252452e+00   nan   1.583038e-03   0.000000e+00   336
  2.260253e+00   nan   1.745876e-03   0.000000e+00   198
  2.267563e+00   nan   1.697764e-03   0.000000e+00   432
  2.275867e+00   nan   5.086263e-08   0.000000e+00   48
  2.280199e+00   nan   1.498832e-03   0.000000e+00   384
  2.287976e+00   nan   1.725473e-03   0.000000e+00   144
  2.295024e+00   nan   1.713168e-03   0.000000e+00   264
  2.303454e+00   nan   0.000000e+00   0.000000e+00   48
  2.309110e+00   nan   1.628943e-03   0.000000e+00   276
  2.314567e+00   nan   1.476593e-03   0.000000e+00   192
  2.321860e+00   nan   1.659366e-03   0.000000e+00   552
  2.330715e+00   nan   4.069010e-08   0.000000e+00   120
  2.335978e+00   nan   1.679687e-03   0.000000e+00   216
  2.340855e+00   nan   4.069010e-08   0.000000e+00   120
  2.349569e+00   nan   1.654080e-03   0.000000e+00   408
  2.357660e+00   nan   3.596531e-08   0.000000e+00   24
  2.362678e+00   nan   1.670919e-03   0.000000e+00   384
  2.369685e+00   nan   1.632547e-03   0.000000e+00   240
  2.375770e+00   nan   1.644502e-03   0.000000e+00   168
  2.384301e+00   nan   0.000000e+00   0.000000e+00   120
  2.389801e+00   nan   1.714308e-03   0.000000e+00   350
  2.398744e+00   nan   2.822081e-03   0.000000e+00   384
  2.404088e+00   nan   0.000000e+00   0.000000e+00   144
  2.413921e+00   nan   3.390842e-08   0.000000e+00   288
  2.419055e+00   nan   1.615394e-03   0.000000e+00   336
  2.426039e+00   nan   1.470682e-03   0.000000e+00   168
  2.430220e+00   nan   9.639558e-08   0.000000e+00   336
  2.438868e+00   nan   1.526480e-03   0.000000e+00   288
  2.444062e+00   nan   1.438335e-03   0.000000e+00   264
  2.452858e+00   nan   0.000000e+00   0.000000e+00   240
  2.456075e+00   nan   0.000000e+00   0.000000e+00   96
  2.467620e+00   nan   1.956039e-03   0.000000e+00   360
  2.473008e+00   nan   1.441936e-03   0.000000e+00   168
  2.479816e+00   nan   1.571860e-03   0.000000e+00   456
  2.488014e+00   nan   4.521123e-08   0.000000e+00   108
  2.492626e+00   nan   1.577159e-03   0.000000e+00   264
  2.498378e+00   nan   1.407083e-03   0.000000e+00   264
  2.506256e+00   nan   1.327788e-03   0.000000e+00   312
  2.516065e+00   nan   9.866910e-04   0.000000e+00   270
  2.520176e+00   nan   1.252729e-03   0.000000e+00   240
  2.527567e+00   nan   1.549783e-03   0.000000e+00   384
  2.532054e+00   nan   5.086263e-08   0.000000e+00   192
  2.540769e+00   nan   1.243495e-03   0.000000e+00   240
  2.545825e+00   nan   1.534673e-03   0.000000e+00   336
  2.555333e+00   nan   1.544942e-03   0.000000e+00   480
  2.563047e+00   nan   3.390842e-08   0.000000e+00   72
  2.567356e+00   nan   1.506459e-03   0.000000e+00   240
  2.573216e+00   nan   1.415865e-03   0.000000e+00   312
  2.579934e+00   nan   1.530210e-03   0.000000e+00   240
  2.590086e+00   nan   1.162564e-03   0.000000e+00   408
  2.594104e+00   nan   1.064628e-03   0.000000e+00   336
  2.601958e+00   nan   1.351816e-03   0.000000e+00   264
  2.605818e+00   nan   0.000000e+00   0.000000e+00   144
  2.616557e+00   nan   1.873697e-03   0.000000e+00   464
  2.622215e+00   nan   1.489973e-03   0.000000e+00   168
  2.627801e+00   nan   1.357041e-03   0.000000e+00   336
  2.637897e+00   nan   1.425837e-03   0.000000e+00   414
  2.643588e+00   nan   1.484211e-03   0.000000e+00   216
  2.650879e+00   nan   3.596531e-08   0.000000e+00   96
  2.653856e+00   nan   8.809666e-08   0.000000e+00   384
  2.664284e+00   nan   1.481344e-03   0.000000e+00   492
  2.669873e+00   nan   1.448627e-03   0.000000e+00   240
  2.676189e+00   nan   1.470864e-03   0.000000e+00   312
  2.684913e+00   nan   1.470380e-03   0.000000e+00   192
  2.690439e+00   nan   1.424976e-03   0.000000e+00   504
  2.697770e+00   nan   9.433586e-04   0.000000e+00   408
  2.703542e+00   nan   2.890096e-03   0.000000e+00   168
  2.710765e+00   nan   1.372821e-03   0.000000e+00   288
  2.716826e+00   nan   1.432656e-03   0.000000e+00   288
  2.723035e+00   nan   1.440903e-03   0.000000e+00   432
  2.732042e+00   nan   1.362614e-03   0.000000e+00   216
  2.736854e+00   nan   1.359739e-03   0.000000e+00   360
  2.745421e+00   nan   1.327092e-03   0.000000e+00   312
  2.753154e+00   nan   0.000000e+00   0.000000e+00   48
  2.757611e+00   nan   1.422834e-03   0.000000e+00   432
  2.765594e+00   nan   2.373302e-03   0.000000e+00   414
  2.770308e+00   nan   5.421333e-08   0.000000e+00   312
  2.779102e+00   nan   2.082441e-03   0.000000e+00   528
  2.785037e+00   nan   1.093105e-03   0.000000e+00   264
  2.792167e+00   nan   1.296122e-03   0.000000e+00   480
  2.801483e+00   nan   0.000000e+00   0.000000e+00   288
  2.805506e+00   nan   1.392643e-03   0.000000e+00   168
  2.812867e+00   nan   2.204550e-03   0.000000e+00   504
  2.821143e+00   nan   3.390842e-08   0.000000e+00   144
  2.826350e+00   nan   1.415850e-03   0.000000e+00   464
  2.834173e+00   nan   2.077839e-03   0.000000e+00   432
  2.837886e+00   nan   3.596531e-08   0.000000e+00   192
  2.847481e+00   nan   1.540373e-03   0.000000e+00   396
  2.853147e+00   nan   1.383680e-03   0.000000e+00   288
  2.858874e+00   nan   1.366839e-03   0.000000e+00   336
  2.868021e+00   nan   8.655099e-04   0.000000e+00   432
  2.873827e+00   nan   2.243281e-03   0.000000e+00   360
  2.880345e+00   nan   1.326934e-03   0.000000e+00   384
  2.889603e+00   nan   1.171274e-03   0.000000e+00   198
  2.894063e+00   nan   1.331357e-03   0.000000e+00   552
  2.902381e+00   nan   1.863809e-03   0.000000e+00   432
  2.909325e+00   nan   7.119285e-08   0.000000e+00   168
  2.915153e+00   nan   2.310442e-03   0.000000e+00   480
  2.922863e+00   nan   0.000000e+00   0.000000e+00   120
  2.926334e+00   nan   1.887069e-03   0.000000e+00   336
  2.934802e+00   nan   1.331298e-03   0.000000e+00   672
  2.943175e+00   nan   1.936554e-03   0.000000e+00   528
  2.947075e+00   nan   5.812872e-08   0.000000e+00   168
  2.956085e+00   nan   2.160213e-03   0.000000e+00   456
  2.961583e+00   nan   1.319260e-03   0.000000e+00   168
  2.967291e+00   nan   1.316892e-03   0.000000e+00   504
  2.976778e+00   nan   1.694638e-03   0.000000e+00   336
  2.982515e+00   nan   1.221633e-03   0.000000e+00   312
  2.988879e+00   nan   1.193619e-03   0.000000e+00   504
  2.997254e+00   nan   8.281656e-04   0.000000e+00   432
  3.001192e+00   nan   1.279790e-03   0.000000e+00   312
  3.009377e+00   nan   1.311847e-03   0.000000e+00   384
  3.017923e+00   nan   1.114566e-03   0.000000e+00   126
  3.023199e+00   nan   1.956913e-03   0.000000e+00   492
  3.029938e+00   nan   1.253405e-03   0.000000e+00   528
  3.038360e+00   nan   1.273190e-03   0.000000e+00   480
  3.043581e+00   nan   1.758905e-03   0.000000e+00   432
  3.051137e+00   nan   1.383146e-03   0.000000e+00   440
  3.059913e+00   nan   6.878330e-04   0.000000e+00   312
  3.063206e+00   nan   1.030775e-03   0.000000e+00   480
  3.069960e+00   nan   2.018238e-03   0.000000e+00   408
  3.079829e+00   nan   1.208696e-03   0.000000e+00   360
  3.083998e+00   nan   1.166348e-03   0.000000e+00   408
  3.091725e+00   nan   1.186907e-03   0.000000e+00   456
  3.100425e+00   nan   1.134390e-03   0.000000e+00   264
  3.105254e+00   nan   1.231098e-03   0.000000e+00   384
  3.112283e+00   nan   2.072640e-03   0.000000e+00   672
  3.120409e+00   nan   1.239707e-03   0.000000e+00   240
  3.125099e+00   nan   1.257992e-03   0.000000e+00   264
  3.131717e+00   nan   1.551526e-03   0.000000e+00   624
  3.141593e+00   nan   0.000000e+00   0.000000e+00   150
  3.145109e+00   nan   1.738607e-03   0.000000e+00   600
  3.152524e+00   nan   1.199942e-03   0.000000e+00   672
  3.160921e+00   nan   1.128630e-03   0.000000e+00   336
  3.165599e+00   nan   1.227621e-03   0.000000e+00   408
  3.173072e+00   nan   1.224729e-03   0.000000e+00   408
  3.181385e+00   nan   6.192886e-04   0.000000e+00   360
  3.186510e+00   nan   2.273829e-03   0.000000e+00   456
  3.192699e+00   nan   1.236522e-03   0.000000e+00   384
  3.200577e+00   nan   1.141466e-03   0.000000e+00   348
  3.204835e+00   nan   1.407202e-03   0.000000e+00   576
  3.212832e+00   nan   1.158646e-03   0.000000e+00   504
  3.221013e+00   nan   1.634203e-03   0.000000e+00   432
  3.228154e+00   nan   2.223325e-03   0.000000e+00   576
  3.233247e+00   nan   0.000000e+00   0.000000e+00   264
  3.241325e+00   nan   1.769212e-03   0.000000e+00   768
  3.248351e+00   nan   2.381921e-03   0.000000e+00   240
  3.253937e+00   nan   2.100629e-03   0.000000e+00   192
  3.262073e+00   nan   1.546319e-03   0.000000e+00   504
  3.268108e+00   nan   2.083724e-03   0.000000e+00   590
  3.273894e+00   nan   2.334698e-03   0.000000e+00   384
  3.281151e+00   nan   1.951120e-03   0.000000e+00   504
  3.289911e+00   nan   1.877651e-03   0.000000e+00   648
  3.298409e+00   nan   5.099453e-04   0.000000e+00   504
  3.301835e+00   nan   1.163281e-03   0.000000e+00   312
  3.307884e+00   nan   1.676002e-03   0.000000e+00   576
  3.316189e+00   nan   1.166339e-03   0.000000e+00   240
  3.321030e+00   nan   1.178530e-03   0.000000e+00   552
  3.327882e+00   nan   1.106612e-03   0.000000e+00   600
  3.337643e+00   nan   1.351639e-03   0.000000e+00   600
  3.343511e+00   nan   2.164544e-03   0.000000e+00   312
  3.349356e+00   nan   1.885103e-03   0.000000e+00   480
  3.356656e+00   nan   1.176123e-03   0.000000e+00   576
  3.363084e+00   nan   1.893814e-03   0.000000e+00   408
  3.368787e+00   nan   2.209222e-03   0.000000e+00   216
  3.376156e+00   nan   1.692015e-03   0.000000e+00   516
  3.384050e+00   nan   1.614354e-03   0.000000e+00   744
  3.392194e+00   nan   1.078246e-03   0.000000e+00   462
  3.396796e+00   nan   1.095881e-03   0.000000e+00   432
  3.403934e+00   nan   1.016670e-03   0.000000e+00   648
  3.412327e+00   nan   1.487578e-03   0.000000e+00   528
  3.419069e+00   nan   1.791415e-03   0.000000e+00   600
  3.425805e+00   nan   2.258506e-03   0.000000e+00   240
  3.432329e+00   nan   1.729994e-03   0.000000e+00   720
  3.439912e+00   nan   1.368738e-03   0.000000e+00   720
  3.448318e+00   nan   0.000000e+00   0.000000e+00   144
  3.452742e+00   nan   1.764713e-03   0.000000e+00   720
  3.459035e+00   nan   1.058157e-03   0.000000e+00   384
  3.466913e+00   nan   1.173023e-03   0.000000e+00   672
  3.474387e+00   nan   2.053834e-03   0.000000e+00   336
  3.477957e+00   nan   0.000000e+00   0.000000e+00   288
  3.486699e+00   nan   1.625472e-03   0.000000e+00   776
  3.494792e+00   nan   1.390838e-03   0.000000e+00   720
  3.501588e+00   nan   1.120422e-03   0.000000e+00   432
  3.507024e+00   nan   1.597303e-03   0.000000e+00   504
  3.513071e+00   nan   1.119137e-03   0.000000e+00   528
  3.521533e+00   nan   1.524759e-03   0.000000e+00   438
  3.528495e+00   nan   1.774680e-03   0.000000e+00   624
  3.533741e+00   nan   2.173744e-03   0.000000e+00   312
  3.540952e+00   nan   1.171159e-03   0.000000e+00   696
  3.548410e+00   nan   1.059686e-03   0.000000e+00   552
  3.556166e+00   nan   8.198436e-04   0.000000e+00   516
  3.560964e+00   nan   1.637576e-03   0.000000e+00   528
  3.566805e+00   nan   1.064960e-03   0.000000e+00   528
  3.575102e+00   nan   1.404467e-03   0.000000e+00   864
  3.580734e+00   nan   1.923830e-03   0.000000e+00   408
  3.586372e+00   nan   1.906039e-03   0.000000e+00   192
  3.594362e+00   nan   1.577339e-03   0.000000e+00   720
  3.601108e+00   nan   1.454384e-03   0.000000e+00   696
  3.609123e+00   nan   1.570748e-03   0.000000e+00   720
  3.616456e+00   nan   2.128961e-03   0.000000e+00   432
  3.620733e+00   nan   1.253189e-03   0.000000e+00   264
  3.628427e+00   nan   1.730599e-03   0.000000e+00   672
  3.635310e+00   nan   1.771868e-03   0.000000e+00   600
  3.643477e+00   nan   1.037427e-03   0.000000e+00   270
  3.647594e+00   nan   1.561617e-03   0.000000e+00   528
  3.654138e+00   nan   1.069340e-03   0.000000e+00   840
  3.663112e+00   nan   2.044769e-03   0.000000e+00   888
  3.671403e+00   nan   1.523504e-03   0.000000e+00   744
  3.678411e+00   nan   7.828584e-04   0.000000e+00   456
  3.681896e+00   nan   1.069824e-03   0.000000e+00   360
  3.687860e+00   nan   9.269427e-04   0.000000e+00   384
  3.697011e+00   nan   1.486807e-03   0.000000e+00   816
  3.703877e+00   nan   2.157150e-03   0.000000e+00   824
  3.712223e+00   nan   1.002746e-03   0.000000e+00   360
  3.716692e+00   nan   1.479676e-03   0.000000e+00   624
  3.722842e+00   nan   9.998850e-04   0.000000e+00   360
  3.731036e+00   nan   1.360137e-03   0.000000e+00   876
  3.738436e+00   nan   1.615436e-03   0.000000e+00   696
  3.745899e+00   nan   1.043143e-03   0.000000e+00   336
  3.749811e+00   nan   1.041971e-03   0.000000e+00   504
  3.756273e+00   nan   1.051000e-03   0.000000e+00   672
  3.765859e+00   nan   2.092296e-03   0.000000e+00   720
  3.772508e+00   nan   1.580506e-03   0.000000e+00   774
  3.779846e+00   nan   9.046409e-04   0.000000e+00   384
  3.783690e+00   nan   1.740917e-03   0.000000e+00   528
  3.789655e+00   nan   1.659191e-03   0.000000e+00   744
  3.799249e+00   nan   1.368481e-03   0.000000e+00   768
  3.805620e+00   nan   1.536223e-03   0.000000e+00   552
  3.813568e+00   nan   1.674309e-03   0.000000e+00   696
  3.819481e+00   nan   2.034577e-03   0.000000e+00   408
  3.824174e+00   nan   8.789532e-04   0.000000e+00   504
  3.831615e+00   nan   1.579007e-03   0.000000e+00   888
  3.838937e+00   nan   1.641044e-03   0.000000e+00   648
  3.846547e+00   nan   1.626978e-03   0.000000e+00   648
  3.853707e+00   nan   1.754281e-03   0.000000e+00   792
  3.861291e+00   nan   2.566633e-03   0.000000e+00   600
  3.866880e+00   nan   1.739428e-03   0.000000e+00   456
  3.872762e+00   nan   8.477229e-04   0.000000e+00   648
  3.880317e+00   nan   1.653183e-03   0.000000e+00   936
  3.888474e+00   nan   1.015268e-03   0.000000e+00   384
  3.895575e+00   nan   0.000000e+00   0.000000e+00   198
  3.901055e+00   nan   2.575821e-03   0.000000e+00   1224
  3.906966e+00   nan   1.875990e-03   0.000000e+00   420
  3.913957e+00   nan   1.815566e-03   0.000000e+00   792
  3.920793e+00   nan   1.501318e-03   0.000000e+00   680
  3.928594e+00   nan   1.378581e-03   0.000000e+00   600
  3.934870e+00   nan   1.999321e-03   0.000000e+00   840
  3.943251e+00   nan   9.439865e-04   0.000000e+00   432
  3.946454e+00   nan   8.846397e-04   0.000000e+00   720
  3.953417e+00   nan   1.771778e-03   0.000000e+00   960
  3.962077e+00   nan   1.579411e-03   0.000000e+00   528
  3.968405e+00   nan   1.614459e-03   0.000000e+00   624
  3.975938e+00   nan   1.268954e-03   0.000000e+00   816
  3.983415e+00   nan   2.086821e-03   0.000000e+00   696
  3.991678e+00   nan   1.150890e-07   0.000000e+00   240
  3.994784e+00   nan   1.230648e-03   0.000000e+00   672
  4.001719e+00   nan   2.199344e-03   0.000000e+00   864
  4.009498e+00   nan   1.687640e-03   0.000000e+00   816
  4.016509e+00   nan   9.659469e-04   0.000000e+00   648
  4.024060e+00   nan   9.873737e-04   0.000000e+00   843
  4.030471e+00   nan   1.776528e-03   0.000000e+00   780
  4.038111e+00   nan   9.532520e-04   0.000000e+00   216
  4.042823e+00   nan   2.298663e-03   0.000000e+00   1056
  4.050071e+00   nan   1.880564e-03   0.000000e+00   228
  4.056781e+00   nan   2.341349e-03   0.000000e+00   924
  4.063670e+00   nan   8.685094e-04   0.000000e+00   696
  4.070964e+00   nan   1.545698e-03   0.000000e+00   996
  4.078428e+00   nan   9.125493e-04   0.000000e+00   576
  4.086192e+00   nan   1.408459e-03   0.000000e+00   552
  4.091852e+00   nan   1.681651e-03   0.000000e+00   516
  4.097596e+00   nan   2.445470e-03   0.000000e+00   744
  4.104159e+00   nan   1.199649e-03   0.000000e+00   576
  4.109868e+00   nan   1.234742e-03   0.000000e+00   792
  4.117982e+00   nan   1.411539e-03   0.000000e+00   792
  4.123927e+00   nan   1.522330e-03   0.000000e+00   720
  4.131968e+00   nan   1.735107e-03   0.000000e+00   656
  4.139503e+00   nan   1.894646e-03   0.000000e+00   816
  4.147227e+00   nan   1.021561e-03   0.000000e+00   492
  4.151618e+00   nan   1.469588e-03   0.000000e+00   552
  4.159858e+00   nan   2.555435e-03   0.000000e+00   780
  4.165209e+00   nan   1.569773e-03   0.000000e+00   528
  4.170975e+00   nan   1.832403e-03   0.000000e+00   600
  4.179472e+00   nan   1.522872e-03   0.000000e+00   900
  4.185329e+00   nan   8.430879e-04   0.000000e+00   696
  4.193388e+00   nan   2.131780e-03   0.000000e+00   696
  4.201183e+00   nan   8.648430e-04   0.000000e+00   552
  4.207739e+00   nan   1.005732e-03   0.000000e+00   708
  4.214606e+00   nan   1.660522e-03   0.000000e+00   876
  4.221752e+00   nan   8.817041e-04   0.000000e+00   216
  4.226547e+00   nan   2.411580e-03   0.000000e+00   1032
  4.233729e+00   nan   2.685028e-03   0.000000e+00   600
  4.241182e+00   nan   1.281196e-03   0.000000e+00   600
  4.246868e+00   nan   2.262472e-03   0.000000e+00   528
  4.253589e+00   nan   1.241998e-03   0.000000e+00   732
  4.260669e+00   nan   9.171027e-04   0.000000e+00   336
  4.268820e+00   nan   1.307053e-03   0.000000e+00   912
  4.274911e+00   nan   1.311885e-03   0.000000e+00   624
  4.281565e+00   nan   1.105498e-03   0.000000e+00   768
  4.289333e+00   nan   1.994537e-03   0.000000e+00   792
  4.296957e+00   nan   9.888090e-04   0.000000e+00   660
  4.302382e+00   nan   1.457169e-03   0.000000e+00   504
  4.307992e+00   nan   2.380735e-03   0.000000e+00   480
  4.316401e+00   nan   2.201870e-03   0.000000e+00   912
  4.322985e+00   nan   2.452123e-03   0.000000e+00   432
  4.329203e+00   nan   1.456013e-03   0.000000e+00   564
  4.334724e+00   nan   1.393605e-03   0.000000e+00   600
  4.342496e+00   nan   1.942553e-03   0.000000e+00   876
  4.348334e+00   nan   8.734307e-04   0.000000e+00   264
  4.356382e+00   nan   1.694799e-03   0.000000e+00   560
  4.362850e+00   nan   1.151652e-03   0.000000e+00   840
  4.370702e+00   nan   1.775516e-03   0.000000e+00   1008
  4.377963e+00   nan   7.942467e-04   0.000000e+00   456
  4.384595e+00   nan   1.028834e-03   0.000000e+00   576
  4.390725e+00   nan   1.580913e-03   0.000000e+00   612
  4.398809e+00   nan   1.412012e-03   0.000000e+00   780
  4.405404e+00   nan   1.618102e-03   0.000000e+00   648
  4.412155e+00   nan   7.540562e-04   0.000000e+00   312
  4.416470e+00   nan   1.915933e-03   0.000000e+00   528
  4.423945e+00   nan   2.502113e-03   0.000000e+00   720
  4.431093e+00   nan   2.509948e-03   0.000000e+00   576
  4.439759e+00   nan   2.165154e-03   0.000000e+00   444
  4.445151e+00   nan   2.123318e-03   0.000000e+00   996
  4.451759e+00   nan   1.773610e-03   0.000000e+00   432
  4.458005e+00   nan   1.941754e-03   0.000000e+00   504
  4.463400e+00   nan   8.754449e-04   0.000000e+00   504
  4.471082e+00   nan   1.722886e-03   0.000000e+00   876
  4.478033e+00   nan   1.982878e-03   0.000000e+00   504
  4.485271e+00   nan   1.264576e-03   0.000000e+00   696
  4.491253e+00   nan   1.081079e-03   0.000000e+00   492
  4.499392e+00   nan   1.547618e-03   0.000000e+00   432
  4.505420e+00   nan   1.449174e-03   0.000000e+00   768
  4.512567e+00   nan   1.805141e-03   0.000000e+00   648
  4.519390e+00   nan   1.177661e-03   0.000000e+00   456
  4.527231e+00   nan   1.619475e-03   0.000000e+00   552
  4.532676e+00   nan   1.109989e-03   0.000000e+00   648
  4.540170e+00   nan   1.809220e-03   0.000000e+00   840
  4.547491e+00   nan   8.627791e-04   0.000000e+00   432
  4.554820e+00   nan   1.056757e-03   0.000000e+00   600
  4.559917e+00   nan   1.125905e-03   0.000000e+00   432
  4.568479e+00   nan   1.120948e-03   0.000000e+00   560
  4.574277e+00   nan   1.774344e-03   0.000000e+00   840
  4.581537e+00   nan   1.050970e-03   0.000000e+00   504
  4.587303e+00   nan   2.144966e-03   0.000000e+00   696
  4.595432e+00   nan   1.171504e-03   0.000000e+00   384
  4.601763e+00   nan   1.716116e-03   0.000000e+00   576
  4.609420e+00   nan   1.059101e-03   0.000000e+00   360
  4.615593e+00   nan   1.577258e-03   0.000000e+00   828
  4.622251e+00   nan   1.404841e-03   0.000000e+00   372
  4.628352e+00   nan   2.145462e-03   0.000000e+00   576
  4.636434e+00   nan   8.985170e-04   0.000000e+00   636
  4.642192e+00   nan   1.732109e-03   0.000000e+00   648
  4.649981e+00   nan   1.408015e-03   0.000000e+00   576
  4.655573e+00   nan   2.271277e-03   0.000000e+00   528
  4.663010e+00   nan   9.710647e-04   0.000000e+00   360
  4.669165e+00   nan   2.233813e-03   0.000000e+00   672
  4.677203e+00   nan   1.144196e-03   0.000000e+00   804
  4.683893e+00   nan   1.262185e-03   0.000000e+00   408
  4.691293e+00   nan   7.801673e-04   0.000000e+00   384
  4.696276e+00   nan   1.785323e-03   0.000000e+00   480
  4.703304e+00   nan   1.153580e-03   0.000000e+00   432
  4.710045e+00   nan   2.125802e-03   0.000000e+00   648
  4.718024e+00   nan   1.319050e-03   0.000000e+00   624
  4.723861e+00   nan   1.199787e-03   0.000000e+00   456
  4.731831e+00   nan   1.639016e-03   0.000000e+00   588
  4.737172e+00   nan   1.045685e-03   0.000000e+00   600
  4.744970e+00   nan   1.631013e-03   0.000000e+00   708
  4.751130e+00   nan   1.027507e-03   0.000000e+00   360
  4.757936e+00   nan   1.181146e-03   0.000000e+00   552
  4.764461e+00   nan   8.286020e-04   0.000000e+00   288
  4.771085e+00   nan   1.557998e-03   0.000000e+00   528
  4.777309e+00   nan   1.051098e-03   0.000000e+00   456
  4.784262e+00   nan   1.863824e-03   0.000000e+00   608
  4.791256e+00   nan   9.017389e-04   0.000000e+00   504
  4.798898e+00   nan   1.935982e-03   0.000000e+00   540
  4.804891e+00   nan   2.078222e-03   0.000000e+00   360
  4.811350e+00   nan   9.411255e-04   0.000000e+00   540
  4.817063e+00   nan   8.080679e-04   0.000000e+00   576
  4.825371e+00   nan   1.873635e-03   0.000000e+00   588
  4.833270e+00   nan   2.585051e-03   0.000000e+00   672
  4.840056e+00   nan   1.975777e-03   0.000000e+00   552
  4.845526e+00   nan   1.976776e-03   0.000000e+00   144
  4.852507e+00   nan   1.679474e-03   0.000000e+00   600
  4.859125e+00   nan   2.104747e-03   0.000000e+00   504
  4.866470e+00   nan   2.162000e-03   0.000000e+00   336
  4.874196e+00   nan   2.430098e-03   0.000000e+00   600
  4.881116e+00   nan   1.568306e-03   0.000000e+00   636
  4.888585e+00   nan   1.260932e-03   0.000000e+00   384
  4.893821e+00   nan   1.758851e-03   0.000000e+00   504
  4.901368e+00   nan   7.381651e-04   0.000000e+00   240
  4.907324e+00   nan   1.734055e-03   0.000000e+00   744
  4.914470e+00   nan   1.184096e-03   0.000000e+00   648
  4.920821e+00   nan   7.860381e-04   0.000000e+00   120
  4.928265e+00   nan   1.234764e-03   0.000000e+00   564
  4.933890e+00   nan   1.939271e-03   0.000000e+00   432
  4.941396e+00   nan   1.505258e-03   0.000000e+00   480
  4.947049e+00   nan   1.107908e-03   0.000000e+00   456
  4.953721e+00   nan   1.833424e-03   0.000000e+00   444
  4.961293e+00   nan   2.805235e-03   0.000000e+00   528
  4.967944e+00   nan   2.083390e-03   0.000000e+00   264
  4.974399e+00   nan   2.135165e-03   0.000000e+00   444
  4.983082e+00   nan   2.338759e-03   0.000000e+00   696
  4.990289e+00   nan   1.250847e-03   0.000000e+00   384
  4.995560e+00   nan   1.580550e-03   0.000000e+00   432
  5.003759e+00   nan   1.092086e-03   0.000000e+00   488
  5.009082e+00   nan   1.645909e-03   0.000000e+00   480
  5.016800e+00   nan   1.835529e-03   0.000000e+00   480
  5.022777e+00   nan   7.701318e-04   0.000000e+00   240
  5.029563e+00   nan   1.798967e-03   0.000000e+00   600
  5.035964e+00   nan   1.567616e-03   0.000000e+00   288
  5.042780e+00   nan   1.507931e-03   0.000000e+00   480
  5.049682e+00   nan   2.682341e-03   0.000000e+00   504
  5.056479e+00   nan   1.150891e-03   0.000000e+00   216
  5.065146e+00   nan   1.884192e-03   0.000000e+00   504
  5.071897e+00   nan   1.515464e-03   0.000000e+00   456
  5.079286e+00   nan   8.691442e-04   0.000000e+00   384
  5.084180e+00   nan   1.764049e-03   0.000000e+00   480
  5.091134e+00   nan   1.549032e-03   0.000000e+00   504
  5.097578e+00   nan   9.826093e-04   0.000000e+00   312
  5.104521e+00   nan   1.583441e-03   0.000000e+00   492
  5.110667e+00   nan   1.484108e-03   0.000000e+00   312
  5.118579e+00   nan   2.410815e-03   0.000000e+00   576
  5.125543e+00   nan   2.225378e-03   0.000000e+00   336
  5.131328e+00   nan   1.713438e-03   0.000000e+00   240
  5.139346e+00   nan   2.271584e-03   0.000000e+00   468
  5.146270e+00   nan   1.422340e-03   0.000000e+00   192
  5.153517e+00   nan   1.426580e-03   0.000000e+00   324
  5.158828e+00   nan   1.035388e-03   0.000000e+00   600
  5.166066e+00   nan   1.679811e-03   0.000000e+00   456
  5.171442e+00   nan   7.555789e-04   0.000000e+00   336
  5.180350e+00   nan   2.262417e-03   0.000000e+00   612
  5.186832e+00   nan   1.898719e-03   0.000000e+00   144
  5.192961e+00   nan   2.216292e-03   0.000000e+00   552
  5.201296e+00   nan   8.728032e-04   0.000000e+00   264
  5.206006e+00   nan   2.020762e-03   0.000000e+00   336
  5.213435e+00   nan   1.335250e-03   0.000000e+00   384
  5.219878e+00   nan   7.516140e-04   0.000000e+00   216
  5.227010e+00   nan   1.593577e-03   0.000000e+00   344
  5.233513e+00   nan   2.377692e-03   0.000000e+00   408
  5.241438e+00   nan   1.827101e-03   0.000000e+00   264
  5.248460e+00   nan   2.547069e-03   0.000000e+00   612
  5.255476e+00   nan   1.310917e-03   0.000000e+00   408
  5.262692e+00   nan   1.312801e-03   0.000000e+00   444
  5.267993e+00   nan   7.342396e-04   0.000000e+00   120
  5.275096e+00   nan   2.028570e-03   0.000000e+00   336
  5.280368e+00   nan   7.049199e-04   0.000000e+00   288
  5.287493e+00   nan   2.193723e-03   0.000000e+00   552
  5.297288e+00   nan   0.000000e+00   0.000000e+00   72
  5.302324e+00   nan   2.178926e-03   0.000000e+00   504
  5.308207e+00   nan   7.011571e-04   0.000000e+00   216
  5.315829e+00   nan   1.251868e-03   0.000000e+00   312
  5.322672e+00   nan   1.425448e-03   0.000000e+00   336
  5.329194e+00   nan   1.975831e-03   0.000000e+00   204
  5.335689e+00   nan   2.296216e-03   0.000000e+00   504
  5.342577e+00   nan   2.186657e-03   0.000000e+00   396
  5.349201e+00   nan   2.005279e-03   0.000000e+00   312
  5.357232e+00   nan   1.225440e-03   0.000000e+00   216
  5.362890e+00   nan   6.650698e-04   0.000000e+00   168
  5.369766e+00   nan   1.679338e-03   0.000000e+00   588
  5.377613e+00   nan   2.279505e-03   0.000000e+00   240
  5.383710e+00   nan   2.013185e-03   0.000000e+00   264
  5.390860e+00   nan   2.489717e-03   0.000000e+00   288
  5.397204e+00   nan   1.243261e-03   0.000000e+00   288
  5.405244e+00   nan   1.167620e-03   0.000000e+00   288
  5.410658e+00   nan   1.352591e-03   0.000000e+00   192
  5.417469e+00   nan   1.439292e-03   0.000000e+00   264
  5.423957e+00   nan   2.367436e-03   0.000000e+00   372
  5.430940e+00   nan   2.556933e-03   0.000000e+00   360
  5.439463e+00   nan   1.082118e-03   0.000000e+00   144
  5.443868e+00   nan   1.503015e-03   0.000000e+00   296
  5.450821e+00   nan   1.619421e-03   0.000000e+00   288
  5.458782e+00   nan   2.420184e-03   0.000000e+00   480
  5.465649e+00   nan   2.010942e-03   0.000000e+00   192
  5.472326e+00   nan   2.157009e-03   0.000000e+00   192
  5.478395e+00   nan   1.374687e-03   0.000000e+00   288
  5.486835e+00   nan   1.196646e-03   0.000000e+00   108
  5.491087e+00   nan   1.150429e-03   0.000000e+00   240
  5.498595e+00   nan   2.146152e-03   0.000000e+00   384
  5.506307e+00   nan   2.618062e-03   0.000000e+00   108
  5.513127e+00   nan   1.535018e-03   0.000000e+00   348
  5.520298e+00   nan   1.602006e-03   0.000000e+00   312
  5.526703e+00   nan   1.556684e-03   0.000000e+00   96
  5.532593e+00   nan   2.072444e-03   0.000000e+00   384
  5.539190e+00   nan   1.425422e-03   0.000000e+00   144
  5.545642e+00   nan   2.190224e-03   0.000000e+00   408
  5.553663e+00   nan   9.769946e-04   0.000000e+00   144
  5.561240e+00   nan   1.878283e-03   0.000000e+00   192
  5.565734e+00   nan   2.114042e-03   0.000000e+00   144
  5.573059e+00   nan   1.718794e-03   0.000000e+00   144
  5.579969e+00   nan   2.100644e-03   0.000000e+00   336
  5.588433e+00   nan   1.554210e-03   0.000000e+00   240
  5.593800e+00   nan   7.057532e-04   0.000000e+00   96
  5.601284e+00   nan   2.069634e-03   0.000000e+00   372
  5.608856e+00   nan   2.461786e-03   0.000000e+00   132
  5.615507e+00   nan   1.523323e-03   0.000000e+00   264
  5.621457e+00   nan   1.169843e-03   0.000000e+00   168
  5.627807e+00   nan   1.870354e-03   0.000000e+00   216
  5.633417e+00   nan   1.144306e-03   0.000000e+00   216
  5.641586e+00   nan   2.099325e-03   0.000000e+00   96
  5.648999e+00   nan   1.369618e-03   0.000000e+00   120
  5.655797e+00   nan   1.741170e-03   0.000000e+00   216
  5.661397e+00   nan   7.608972e-04   0.000000e+00   200
  5.668812e+00   nan   1.969636e-03   0.000000e+00   288
  5.678322e+00   nan   5.182495e-04   0.000000e+00   144
  5.682326e+00   nan   1.612761e-03   0.000000e+00   168
  5.690504e+00   nan   1.815012e-03   0.000000e+00   159
  5.696887e+00   nan   1.904384e-03   0.000000e+00   174
  5.703065e+00   nan   1.726829e-03   0.000000e+00   144
  5.711154e+00   nan   9.971188e-04   0.000000e+00   222
  5.716564e+00   nan   1.006181e-03   0.000000e+00   168
  5.725909e+00   nan   2.206942e-03   0.000000e+00   30
  5.729769e+00   nan   1.948567e-03   0.000000e+00   72
  5.737039e+00   nan   1.739073e-03   0.000000e+00   258
  5.745032e+00   nan   1.089226e-03   0.000000e+00   264
  5.749029e+00   nan   1.174622e-07   0.000000e+00   72
  5.757357e+00   nan   2.158892e-03   0.000000e+00   174
  5.764898e+00   nan   2.298822e-03   0.000000e+00   168
  5.770961e+00   nan   7.193062e-08   0.000000e+00   48
  5.777470e+00   nan   1.298199e-03   0.000000e+00   150
  5.785016e+00   nan   2.388130e-03   0.000000e+00   168
  5.792583e+00   nan   1.454738e-03   0.000000e+00   144
  5.799541e+00   nan   1.359056e-03   0.000000e+00   102
  5.804724e+00   nan   2.011636e-03   0.000000e+00   96
  5.812948e+00   nan   1.996414e-03   0.000000e+00   120
  5.819038e+00   nan   2.141206e-03   0.000000e+00   168
  5.825625e+00   nan   1.581111e-03   0.000000e+00   126
  5.831237e+00   nan   1.192474e-03   0.000000e+00   168
  5.838969e+00   nan   1.912134e-03   0.000000e+00   72
  5.845726e+00   nan   2.394418e-03   0.000000e+00   168
  5.851646e+00   nan   6.564276e-04   0.000000e+00   78
  5.859757e+00   nan   1.077805e-03   0.000000e+00   60
  5.866288e+00   nan   1.748374e-03   0.000000e+00   96
  5.873062e+00   nan   2.121507e-03   0.000000e+00   168
  5.879428e+00   nan   1.342407e-03   0.000000e+00   86
  5.886107e+00   nan   1.199794e-03   0.000000e+00   120
  5.895681e+00   nan   8.556122e-04   0.000000e+00   168
  5.900844e+00   nan   0.000000e+00   0.000000e+00   48
  5.907798e+00   nan   1.558833e-03   0.000000e+00   120
  5.911793e+00   nan   1.137231e-03   0.000000e+00   126
  5.921548e+00   nan   2.000073e-03   0.000000e+00   96
  5.927878e+00   nan   5.767223e-04   0.000000e+00   96
  5.932871e+00   nan   6.781684e-08   0.000000e+00   72
  5.943508e+00   nan   7.193062e-08   0.000000e+00   24
  5.950147e+00   nan   1.186881e-03   0.000000e+00   120
  5.955326e+00   nan   1.731294e-03   0.000000e+00   126
  5.961084e+00   nan   1.443268e-03   0.000000e+00   96
  5.967813e+00   nan   2.494389e-03   0.000000e+00   72
  5.975306e+00   nan   1.078907e-03   0.000000e+00   144
  5.981469e+00   nan   6.222882e-04   0.000000e+00   72
  5.987626e+00   nan   1.242932e-03   0.000000e+00   54
  5.993045e+00   nan   1.095319e-03   0.000000e+00   108
  6.004306e+00   nan   1.073696e-03   0.000000e+00   72
  6.007812e+00   nan   6.195595e-04   0.000000e+00   72
  6.016129e+00   nan   1.245875e-07   0.000000e+00   24
  6.023999e+00   nan   1.310705e-03   0.000000e+00   48
  6.028777e+00   nan   9.984188e-04   0.000000e+00   102
  6.035970e+00   nan   2.258008e-03   0.000000e+00   168
  6.045369e+00   nan   1.231465e-03   0.000000e+00   72
  6.048851e+00   nan   0.000000e+00   0.000000e+00   48
  6.056156e+00   nan   2.118194e-03   0.000000e+00   120
  6.065796e+00   nan   1.301673e-03   0.000000e+00   96
  6.074901e+00   nan   1.150890e-07   0.000000e+00   30
  6.085723e+00   nan   6.115837e-04   0.000000e+00   72
  6.090478e+00   nan   7.193062e-08   0.000000e+00   24
  6.096586e+00   nan   9.065181e-04   0.000000e+00   56
  6.103428e+00   nan   1.293647e-03   0.000000e+00   96
  6.111616e+00   nan   1.428503e-03   0.000000e+00   144
  6.117928e+00   nan   8.110480e-04   0.000000e+00   54
  6.127099e+00   nan   1.215036e-03   0.000000e+00   108
  6.136327e+00   nan   6.433558e-04   0.000000e+00   48
  6.145113e+00   nan   2.422440e-03   0.000000e+00   72
  6.166195e+00   nan   1.600514e-03   0.000000e+00   78
  6.172037e+00   nan   1.206188e-03   0.000000e+00   72
  6.178856e+00   nan   1.204690e-03   0.000000e+00   72
  6.185986e+00   nan   2.907051e-03   0.000000e+00   96
  6.191621e+00   nan   1.202207e-03   0.000000e+00   72
  6.198419e+00   nan   0.000000e+00   0.000000e+00   24
  6.205208e+00   nan   2.398986e-03   0.000000e+00   72
  6.220544e+00   nan   1.523430e-03   0.000000e+00   30
  6.223843e+00   nan   0.000000e+00   0.000000e+00   24
  6.241578e+00   nan   1.265014e-03   0.000000e+00   48
  6.247142e+00   nan   2.722309e-03   0.000000e+00   120
  6.254637e+00   nan   1.190257e-03   0.000000e+00   72
  6.262206e+00   nan   1.188818e-03   0.000000e+00   36
  6.267409e+00   nan   2.349657e-03   0.000000e+00   78
  6.281928e+00   nan   1.256888e-03   0.000000e+00   48
  6.300754e+00   nan   1.017253e-07   0.000000e+00   24
  6.314166e+00   nan   8.752715e-04   0.000000e+00   56
  6.320919e+00   nan   1.346877e-03   0.000000e+00   102
  6.329510e+00   nan   9.590750e-08   0.000000e+00   72
  6.334498e+00   nan   7.193062e-08   0.000000e+00   24
  6.343217e+00   nan   1.244744e-03   0.000000e+00   48
  6.359378e+00   nan   0.000000e+00   0.000000e+00   24
  6.379213e+00   nan   0.000000e+00   0.000000e+00   6
  6.385398e+00   nan   0.000000e+00   0.000000e+00   24
  6.389518e+00   nan   1.165127e-03   0.000000e+00   72
  6.397046e+00   nan   2.173655e-03   0.000000e+00   84
  6.405152e+00   nan   0.000000e+00   0.000000e+00   24
  6.407617e+00   nan   1.017253e-07   0.000000e+00   24
  6.419927e+00   nan   1.245875e-07   0.000000e+00   24
  6.437123e+00   nan   0.000000e+00   0.000000e+00   6
  6.459163e+00   nan   1.222400e-03   0.000000e+00   48
  6.464458e+00   nan   2.302802e-03   0.000000e+00   72
  6.471376e+00   nan   1.220094e-03   0.000000e+00   48
  6.482347e+00   nan   0.000000e+00   0.000000e+00   24
  6.496947e+00   nan   0.000000e+00   0.000000e+00   6
  6.529678e+00   nan   0.000000e+00   0.000000e+00   8
  6.532096e+00   nan   7.193062e-08   0.000000e+00   48
  6.537895e+00   nan   1.183236e-03   0.000000e+00   60
  6.546585e+00   nan   0.000000e+00   0.000000e+00   24
  6.558634e+00   nan   0.000000e+00   0.000000e+00   6
  6.603027e+00   nan   0.000000e+00   0.000000e+00   24
  6.606613e+00   nan   1.195118e-03   0.000000e+00   48
  6.612586e+00   nan   0.000000e+00   0.000000e+00   24
  6.622132e+00   nan   0.000000e+00   0.000000e+00   6
  6.676359e+00   nan   1.114931e-03   0.000000e+00   36
  6.680300e+00   nan   0.000000e+00   0.000000e+00   24
  6.687387e+00   nan   0.000000e+00   0.000000e+00   6
  6.749089e+00   nan   1.013241e-03   0.000000e+00   32
  6.754351e+00   nan   0.000000e+00   0.000000e+00   6
  6.820657e+00   nan   0.000000e+00   0.000000e+00   12
  6.822972e+00   nan   0.000000e+00   0.000000e+00   6
  6.893201e+00   nan   0.000000e+00   0.000000e+00   6
