# power spectrum of pi_k * H (dimensionless)
# redshift z=0.685035
# k              Pk             sigma(k)       sigma(Pk)      count
  1.256637e-01   1.462766e-11   0.000000e+00   5.891981e-12   6
  1.777153e-01   3.780889e-12   0.000000e+00   8.110912e-13   12
  2.176559e-01   1.562547e-12   2.384186e-09   4.611121e-13   8
  2.513274e-01   3.563283e-12   0.000000e+00   5.174178e-13   6
  2.809926e-01   1.945114e-12   4.495664e-09   5.603603e-13   24
  3.078120e-01   2.149880e-12   4.495664e-09   3.870648e-13   24
  3.554306e-01   5.254765e-13   0.000000e+00   1.093390e-13   12
  3.769911e-01   6.644858e-13   5.086263e-09   7.942301e-14   30
  3.973835e-01   5.723880e-13   0.000000e+00   8.803582e-14   24
  4.167794e-01   8.411137e-13   7.786718e-09   1.319531e-13   24
  4.353118e-01   2.646639e-13   4.768372e-09   6.361208e-14   8
  4.530869e-01   4.881543e-13   6.357829e-09   1.244436e-13   24
  4.701905e-01   4.520889e-13   0.000000e+00   9.387304e-14   48
  5.026548e-01   1.178070e-13   0.000000e+00   4.471523e-14   6
  5.181247e-01   4.142866e-13   6.357829e-09   5.944711e-14   48
  5.331460e-01   2.866480e-13   5.994218e-09   5.115351e-14   36
  5.477554e-01   2.606181e-13   6.357829e-09   3.150637e-14   24
  5.619852e-01   4.480940e-13   8.991328e-09   9.300908e-14   24
  5.758634e-01   2.926206e-13   0.000000e+00   5.736740e-14   48
  5.894150e-01   1.886561e-13   8.991328e-09   4.546703e-14   24
  6.156239e-01   1.808943e-13   8.991328e-09   3.403228e-14   24
  6.283185e-01   1.077228e-13   0.000000e+00   2.142375e-14   30
  6.407617e-01   2.248916e-13   0.000000e+00   2.300567e-14   72
  6.529678e-01   1.178067e-13   9.536743e-09   2.448195e-14   32
  6.767198e-01   1.769198e-13   0.000000e+00   1.640157e-14   72
  6.882885e-01   1.985462e-13   0.000000e+00   2.659302e-14   48
  7.108613e-01   1.140069e-13   0.000000e+00   1.429035e-14   12
  7.218830e-01   1.826157e-13   0.000000e+00   2.275759e-14   48
  7.327390e-01   1.426012e-13   0.000000e+00   1.598184e-14   48
  7.434365e-01   1.627933e-13   8.991328e-09   2.585755e-14   48
  7.539822e-01   2.500638e-13   1.017253e-08   3.088393e-14   30
  7.643825e-01   1.935234e-13   0.000000e+00   3.497329e-14   24
  7.746431e-01   1.563650e-13   1.895538e-08   1.730029e-14   72
  7.947671e-01   9.421156e-14   0.000000e+00   1.519626e-14   24
  8.046403e-01   1.303267e-13   0.000000e+00   1.269419e-14   96
  8.143939e-01   1.269347e-13   0.000000e+00   1.861387e-14   48
  8.240320e-01   1.047730e-13   1.557344e-08   1.630583e-14   24
  8.335587e-01   1.224679e-13   1.557344e-08   2.065007e-14   24
  8.429778e-01   1.427835e-13   0.000000e+00   1.360127e-14   72
  8.522927e-01   1.693893e-13   0.000000e+00   2.913780e-14   48
  8.706237e-01   1.550302e-13   9.536743e-09   4.800238e-14   8
  8.796459e-01   1.588145e-13   1.130281e-08   2.305566e-14   54
  8.885766e-01   1.441369e-13   0.000000e+00   1.412814e-14   84
  8.974184e-01   1.316579e-13   0.000000e+00   1.632375e-14   48
  9.061739e-01   1.899682e-13   1.271566e-08   3.382403e-14   24
  9.148456e-01   8.736423e-14   1.695421e-08   8.783475e-15   72
  9.234359e-01   1.421143e-13   0.000000e+00   1.414802e-14   96
  9.403811e-01   1.771638e-13   0.000000e+00   2.307476e-14   48
  9.487402e-01   1.860510e-13   0.000000e+00   2.187523e-14   48
  9.570263e-01   9.814792e-14   0.000000e+00   1.324447e-14   24
  9.652412e-01   1.164067e-13   0.000000e+00   1.442550e-14   72
  9.814649e-01   1.567506e-13   0.000000e+00   1.528739e-14   72
  9.894770e-01   1.500315e-13   0.000000e+00   1.169493e-14   96
  1.005310e+00   3.130296e-13   0.000000e+00   4.913259e-14   6
  1.013133e+00   1.345101e-13   0.000000e+00   1.044221e-14   96
  1.020897e+00   1.614182e-13   1.271566e-08   1.327638e-14   96
  1.028602e+00   1.830937e-13   0.000000e+00   2.262971e-14   24
  1.036249e+00   1.440933e-13   1.271566e-08   1.639757e-14   48
  1.043841e+00   1.619015e-13   0.000000e+00   1.630143e-14   96
  1.051378e+00   1.979936e-13   0.000000e+00   2.526394e-14   48
  1.066292e+00   1.505749e-13   1.198844e-08   1.691568e-14   36
  1.073671e+00   1.341310e-13   2.202416e-08   1.735718e-14   48
  1.081000e+00   2.143486e-13   2.491750e-08   1.790132e-14   120
  1.088280e+00   1.445396e-13   0.000000e+00   1.373907e-14   56
  1.095511e+00   1.560572e-13   1.271566e-08   3.918582e-14   24
  1.102695e+00   1.970126e-13   0.000000e+00   1.632455e-14   96
  1.109832e+00   1.537294e-13   0.000000e+00   2.156731e-14   48
  1.123970e+00   1.570031e-13   1.798266e-08   1.549699e-14   24
  1.130973e+00   1.898591e-13   0.000000e+00   1.627420e-14   102
  1.137933e+00   1.816842e-13   1.271566e-08   2.326958e-14   48
  1.144851e+00   1.420586e-13   0.000000e+00   1.412708e-14   72
  1.151727e+00   2.574874e-13   0.000000e+00   2.843848e-14   48
  1.158562e+00   1.344223e-13   0.000000e+00   1.574864e-14   48
  1.165357e+00   1.955864e-13   2.877225e-08   1.443271e-14   120
  1.178830e+00   1.504816e-13   1.798266e-08   2.138330e-14   24
  1.185509e+00   1.711303e-13   1.695421e-08   1.169967e-14   144
  1.192151e+00   1.503391e-13   2.034505e-08   1.195075e-14   120
  1.198755e+00   1.848871e-13   1.798266e-08   2.563416e-14   48
  1.211857e+00   1.537289e-13   1.798266e-08   1.597913e-14   48
  1.218355e+00   1.980413e-13   1.798266e-08   1.587477e-14   96
  1.235512e+00   2.358889e-13   3.015167e-03   2.127235e-14   72
  1.244007e+00   1.598862e-13   1.598458e-08   1.398537e-14   108
  1.250338e+00   1.784863e-13   0.000000e+00   1.694525e-14   72
  1.256637e+00   1.283163e-13   0.000000e+00   1.721703e-14   30
  1.262905e+00   1.848039e-13   0.000000e+00   1.117717e-14   168
  1.269141e+00   1.659326e-13   0.000000e+00   2.153251e-14   48
  1.281523e+00   1.674820e-13   0.000000e+00   1.265797e-14   72
  1.287670e+00   1.748989e-13   0.000000e+00   1.422143e-14   96
  1.293787e+00   2.159067e-13   3.390842e-08   2.085830e-14   72
  1.299875e+00   1.849971e-13   0.000000e+00   2.521424e-14   72
  1.310112e+00   1.748931e-13   2.784031e-03   1.158633e-14   104
  1.317972e+00   1.789231e-13   2.397687e-08   1.214897e-14   144
  1.335824e+00   1.424302e-13   4.021044e-08   1.189807e-14   96
  1.341721e+00   1.459251e-13   0.000000e+00   1.242567e-14   96
  1.351101e+00   2.054328e-13   2.864148e-03   1.366966e-14   120
  1.359261e+00   1.696105e-13   0.000000e+00   1.175309e-14   120
  1.365057e+00   1.867966e-13   0.000000e+00   1.696636e-14   72
  1.376577e+00   1.653626e-13   0.000000e+00   1.752756e-14   48
  1.382301e+00   2.135400e-13   3.130008e-08   1.651132e-14   78
  1.389623e+00   1.894600e-13   2.564571e-03   1.083019e-14   168
  1.404963e+00   1.767313e-13   2.936555e-08   1.149300e-14   144
  1.410572e+00   1.626130e-13   2.397687e-08   1.135662e-14   144
  1.426839e+00   1.697963e-13   1.476986e-03   1.227222e-14   156
  1.432787e+00   1.967335e-13   3.114687e-08   2.422365e-14   48
  1.438287e+00   1.513077e-13   2.034505e-08   1.169653e-14   120
  1.443766e+00   1.305817e-13   0.000000e+00   1.754251e-14   48
  1.453454e+00   1.805527e-13   2.260797e-03   9.202411e-15   216
  1.465478e+00   1.904774e-13   0.000000e+00   1.559832e-14   48
  1.470856e+00   2.356466e-13   1.798266e-08   1.718078e-14   96
  1.478502e+00   1.960192e-13   2.642094e-03   1.339139e-14   168
  1.486873e+00   1.882819e-13   1.798266e-08   2.316615e-14   48
  1.492174e+00   1.658607e-13   0.000000e+00   1.190831e-14   96
  1.497456e+00   2.115320e-13   0.000000e+00   1.532982e-14   48
  1.507964e+00   1.727508e-13   2.034505e-08   2.362187e-14   30
  1.513191e+00   1.722318e-13   0.000000e+00   1.205034e-14   96
  1.519439e+00   1.676041e-13   2.076451e-03   8.779756e-15   240
  1.527472e+00   1.509188e-13   2.240191e-03   3.006759e-14   32
  1.533921e+00   2.003102e-13   0.000000e+00   1.070446e-14   168
  1.539060e+00   2.110077e-13   0.000000e+00   1.354206e-14   120
  1.549286e+00   2.322839e-13   3.791077e-08   1.985429e-14   72
  1.554374e+00   1.918738e-13   1.695421e-08   1.385236e-14   144
  1.559446e+00   2.054389e-13   0.000000e+00   1.818335e-14   96
  1.564501e+00   2.140302e-13   0.000000e+00   1.585461e-14   96
  1.574562e+00   1.619854e-13   0.000000e+00   1.844580e-14   72
  1.579568e+00   1.905065e-13   2.543132e-08   1.361396e-14   96
  1.589534e+00   1.590312e-13   0.000000e+00   2.771015e-14   24
  1.594494e+00   1.917355e-13   0.000000e+00   1.078053e-14   192
  1.600334e+00   1.902845e-13   1.901066e-03   1.275166e-14   132
  1.609281e+00   1.946505e-13   0.000000e+00   1.313920e-14   96
  1.614180e+00   1.773675e-13   0.000000e+00   1.357772e-14   96
  1.619064e+00   1.780789e-13   2.034505e-08   1.352781e-14   120
  1.628788e+00   1.769026e-13   0.000000e+00   1.747142e-14   48
  1.636759e+00   1.834677e-13   2.303939e-03   9.798721e-15   222
  1.643266e+00   1.673665e-13   0.000000e+00   1.274589e-14   120
  1.648064e+00   1.881725e-13   3.114687e-08   2.220304e-14   24
  1.655050e+00   2.016869e-13   2.378000e-03   7.527534e-15   312
  1.670270e+00   2.036661e-13   2.229470e-03   1.915973e-14   72
  1.676563e+00   2.503516e-13   3.114687e-08   2.083902e-14   96
  1.683024e+00   1.905827e-13   2.270407e-03   1.016597e-14   192
  1.690632e+00   1.877319e-13   2.877225e-08   1.079917e-14   120
  1.695296e+00   1.828192e-13   0.000000e+00   1.456200e-14   144
  1.704585e+00   2.124053e-13   0.000000e+00   2.312663e-14   48
  1.711188e+00   1.943050e-13   2.282974e-03   9.057564e-15   336
  1.718425e+00   1.730799e-13   0.000000e+00   2.198872e-14   48
  1.727590e+00   1.822011e-13   0.000000e+00   1.095508e-14   192
  1.732155e+00   1.764461e-13   0.000000e+00   2.466157e-14   48
  1.745129e+00   1.996504e-13   1.584683e-03   2.129584e-14   56
  1.751580e+00   1.789629e-13   2.035272e-03   7.226762e-15   336
  1.759292e+00   1.878878e-13   2.260561e-08   1.883495e-14   54
  1.766010e+00   1.761234e-13   2.235459e-03   9.334868e-15   240
  1.779956e+00   1.847472e-13   2.140470e-03   9.186022e-15   228
  1.786017e+00   1.767341e-13   2.397687e-08   1.894178e-14   72
  1.791900e+00   1.950694e-13   2.076308e-03   1.224697e-14   144
  1.799230e+00   1.616563e-13   0.000000e+00   1.616137e-14   96
  1.803613e+00   1.881910e-13   2.877225e-08   1.146067e-14   240
  1.812348e+00   1.927854e-13   2.543132e-08   4.324167e-14   24
  1.817939e+00   1.855013e-13   1.961057e-03   8.980912e-15   336
  1.825371e+00   1.461998e-13   0.000000e+00   1.369999e-14   72
  1.832154e+00   1.711059e-13   2.133012e-03   1.068337e-14   168
  1.838302e+00   1.760091e-13   0.000000e+00   1.966932e-14   72
  1.846872e+00   1.740684e-13   0.000000e+00   1.639508e-14   96
  1.853509e+00   1.819244e-13   2.117011e-03   9.899857e-15   216
  1.859653e+00   1.609705e-13   0.000000e+00   1.377257e-14   96
  1.868125e+00   1.488242e-13   2.543132e-08   9.013655e-15   192
  1.872347e+00   1.536509e-13   2.397687e-08   9.528132e-15   144
  1.880762e+00   1.312180e-13   0.000000e+00   1.480555e-14   48
  1.886588e+00   1.705072e-13   2.041047e-03   8.648006e-15   246
  1.894505e+00   1.718303e-13   1.881878e-03   1.208514e-14   168
  1.901637e+00   1.697549e-13   4.983500e-08   1.233591e-14   120
  1.905784e+00   1.899044e-13   0.000000e+00   1.036340e-14   240
  1.914053e+00   1.019395e-13   0.000000e+00   1.701590e-14   24
  1.920640e+00   1.469691e-13   2.014384e-03   6.613441e-15   360
  1.928845e+00   1.821665e-13   2.005812e-03   1.366416e-14   120
  1.934568e+00   1.556712e-13   0.000000e+00   9.011511e-15   144
  1.938645e+00   1.394032e-13   0.000000e+00   1.250304e-14   96
  1.950825e+00   1.711110e-13   0.000000e+00   1.071309e-14   144
  1.954868e+00   1.369341e-13   0.000000e+00   9.768081e-15   132
  1.960551e+00   1.546258e-13   1.979707e-03   9.817701e-15   176
  1.968799e+00   1.614943e-13   1.999105e-03   7.210674e-15   312
  1.978954e+00   1.360658e-13   0.000000e+00   9.915421e-15   96
  1.982940e+00   1.635968e-13   0.000000e+00   1.041521e-14   144
  1.989055e+00   1.642098e-13   1.979053e-03   7.784035e-15   312
  1.998804e+00   2.036408e-13   0.000000e+00   2.561693e-14   48
  2.002750e+00   1.444622e-13   2.543132e-08   8.866842e-15   192
  2.010619e+00   1.759259e-13   0.000000e+00   4.723289e-14   6
  2.015848e+00   1.475042e-13   1.845802e-03   7.004483e-15   288
  2.024316e+00   1.610053e-13   1.950210e-03   9.586076e-15   192
  2.030159e+00   1.485009e-13   5.980883e-08   7.982775e-15   216
  2.034045e+00   1.483247e-13   0.000000e+00   1.765701e-14   72
  2.043725e+00   1.381161e-13   1.931689e-03   7.367461e-15   192
  2.050154e+00   1.508518e-13   1.434383e-03   8.187444e-15   288
  2.057204e+00   1.481566e-13   0.000000e+00   2.740513e-14   24
  2.062650e+00   1.500579e-13   1.889681e-03   6.259379e-15   456
  2.072499e+00   1.667997e-13   0.000000e+00   2.311859e-14   48
  2.078585e+00   1.393631e-13   1.861260e-03   7.602374e-15   240
  2.085579e+00   1.451638e-13   1.881013e-03   8.188771e-15   216
  2.091461e+00   1.495920e-13   0.000000e+00   1.272722e-14   72
  2.095233e+00   1.611489e-13   6.498988e-08   9.685290e-15   168
  2.105882e+00   1.320950e-13   1.398129e-03   6.841152e-15   288
  2.111855e+00   1.301529e-13   1.849965e-03   8.435391e-15   168
  2.121448e+00   1.369064e-13   0.000000e+00   8.960710e-15   192
  2.125166e+00   1.488789e-13   2.397687e-08   1.065969e-14   144
  2.132584e+00   1.416692e-13   2.397687e-08   2.022338e-14   36
  2.138874e+00   1.298933e-13   1.689411e-03   6.357076e-15   342
  2.144889e+00   1.325564e-13   1.734820e-03   9.383716e-15   144
  2.152621e+00   1.382113e-13   1.819392e-03   5.774281e-15   384
  2.162000e+00   1.368793e-13   4.983500e-08   9.131147e-15   120
  2.166643e+00   1.212278e-13   1.622368e-03   6.360533e-15   264
  2.172929e+00   1.277246e-13   8.042088e-08   7.964190e-15   192
  2.178848e+00   1.437656e-13   1.748412e-03   1.192247e-14   152
  2.183802e+00   1.281360e-13   4.795375e-08   1.027150e-14   144
  2.194222e+00   1.260291e-13   1.131589e-03   7.147887e-15   216
  2.199045e+00   1.137172e-13   1.512105e-03   5.796882e-15   312
  2.207535e+00   1.224920e-13   1.752500e-03   7.212139e-15   240
  2.212538e+00   1.229098e-13   2.543132e-08   9.433652e-15   96
  2.222033e+00   1.310480e-13   1.675517e-03   9.787647e-15   144
  2.227885e+00   1.204436e-13   1.646885e-03   5.659367e-15   456
  2.237379e+00   1.174199e-13   0.000000e+00   9.963399e-15   120
  2.240905e+00   1.271033e-13   0.000000e+00   8.817662e-15   144
  2.247941e+00   1.283061e-13   3.596531e-08   2.607993e-14   24
  2.252452e+00   1.227044e-13   1.583038e-03   5.383118e-15   336
  2.260253e+00   1.392218e-13   1.745876e-03   8.803003e-15   198
  2.267563e+00   1.259338e-13   1.697764e-03   5.192512e-15   432
  2.275867e+00   1.116503e-13   5.086263e-08   1.532111e-14   48
  2.280199e+00   1.121497e-13   1.498832e-03   4.882787e-15   384
  2.287976e+00   1.084481e-13   1.725473e-03   8.148481e-15   144
  2.295024e+00   1.282478e-13   1.713168e-03   8.325317e-15   264
  2.303454e+00   1.070148e-13   0.000000e+00   1.415621e-14   48
  2.309110e+00   1.093854e-13   1.628943e-03   5.380879e-15   276
  2.314567e+00   1.131564e-13   1.476593e-03   8.975273e-15   192
  2.321860e+00   1.072657e-13   1.659366e-03   4.647508e-15   552
  2.330715e+00   1.197093e-13   4.069010e-08   9.721814e-15   120
  2.335978e+00   1.074297e-13   1.679687e-03   7.087954e-15   216
  2.340855e+00   1.055293e-13   4.069010e-08   8.521061e-15   120
  2.349569e+00   1.033670e-13   1.654080e-03   5.317601e-15   408
  2.357660e+00   1.082985e-13   3.596531e-08   2.644653e-14   24
  2.362678e+00   1.082948e-13   1.670919e-03   5.181068e-15   384
  2.369685e+00   1.085103e-13   1.632547e-03   6.052183e-15   240
  2.375770e+00   8.822763e-14   1.644502e-03   5.730928e-15   168
  2.384301e+00   9.780125e-14   0.000000e+00   9.054710e-15   120
  2.389801e+00   9.602617e-14   1.714308e-03   4.924782e-15   350
  2.398744e+00   9.808857e-14   2.822081e-03   5.067966e-15   384
  2.404088e+00   1.161421e-13   0.000000e+00   7.694806e-15   144
  2.413921e+00   9.512433e-14   3.390842e-08   5.453340e-15   288
  2.419055e+00   9.588006e-14   1.615394e-03   5.382915e-15   336
  2.426039e+00   9.952745e-14   1.470682e-03   7.902239e-15   168
  2.430220e+00   8.593725e-14   9.639558e-08   4.645165e-15   336
  2.438868e+00   1.043633e-13   1.526480e-03   5.977797e-15   288
  2.444062e+00   9.220973e-14   1.438335e-03   5.652815e-15   264
  2.452858e+00   1.062061e-13   0.000000e+00   6.727757e-15   240
  2.456075e+00   8.499788e-14   0.000000e+00   8.521498e-15   96
  2.467620e+00   8.899305e-14   1.956039e-03   4.797565e-15   360
  2.473008e+00   8.908256e-14   1.441936e-03   7.563969e-15   168
  2.479816e+00   8.785073e-14   1.571860e-03   3.971616e-15   456
  2.488014e+00   7.444701e-14   4.521123e-08   7.659624e-15   108
  2.492626e+00   8.529047e-14   1.577159e-03   4.240192e-15   264
  2.498378e+00   9.043555e-14   1.407083e-03   5.135319e-15   264
  2.506256e+00   7.719178e-14   1.327788e-03   3.882705e-15   312
  2.516065e+00   8.529028e-14   9.866910e-04   4.778282e-15   270
  2.520176e+00   8.268056e-14   1.252729e-03   4.672558e-15   240
  2.527567e+00   8.489097e-14   1.549783e-03   4.512841e-15   384
  2.532054e+00   8.546000e-14   5.086263e-08   5.794062e-15   192
  2.540769e+00   8.452695e-14   1.243495e-03   4.630668e-15   240
  2.545825e+00   7.681310e-14   1.534673e-03   3.981525e-15   336
  2.555333e+00   8.524240e-14   1.544942e-03   3.798755e-15   480
  2.563047e+00   7.431458e-14   3.390842e-08   7.774299e-15   72
  2.567356e+00   7.693872e-14   1.506459e-03   4.686544e-15   240
  2.573216e+00   7.936248e-14   1.415865e-03   4.573943e-15   312
  2.579934e+00   6.432684e-14   1.530210e-03   5.270225e-15   240
  2.590086e+00   7.666177e-14   1.162564e-03   3.815349e-15   408
  2.594104e+00   7.128060e-14   1.064628e-03   4.346623e-15   336
  2.601958e+00   7.871532e-14   1.351816e-03   4.178825e-15   264
  2.605818e+00   7.590308e-14   0.000000e+00   6.981249e-15   144
  2.616557e+00   6.585419e-14   1.873697e-03   3.073528e-15   464
  2.622215e+00   6.362104e-14   1.489973e-03   5.006065e-15   168
  2.627801e+00   7.336477e-14   1.357041e-03   4.192460e-15   336
  2.637897e+00   6.660479e-14   1.425837e-03   3.244760e-15   414
  2.643588e+00   7.374850e-14   1.484211e-03   5.365026e-15   216
  2.650879e+00   6.355651e-14   3.596531e-08   6.435504e-15   96
  2.653856e+00   6.791010e-14   8.809666e-08   3.724210e-15   384
  2.664284e+00   6.651687e-14   1.481344e-03   2.985609e-15   492
  2.669873e+00   6.199445e-14   1.448627e-03   4.126729e-15   240
  2.676189e+00   6.664896e-14   1.470864e-03   3.851618e-15   312
  2.684913e+00   7.389226e-14   1.470380e-03   4.972654e-15   192
  2.690439e+00   6.377349e-14   1.424976e-03   3.106040e-15   504
  2.697770e+00   5.951557e-14   9.433586e-04   3.038609e-15   408
  2.703542e+00   5.874759e-14   2.890096e-03   4.520599e-15   168
  2.710765e+00   5.950985e-14   1.372821e-03   3.533775e-15   288
  2.716826e+00   5.556105e-14   1.432656e-03   3.734919e-15   288
  2.723035e+00   5.869692e-14   1.440903e-03   2.903734e-15   432
  2.732042e+00   5.461995e-14   1.362614e-03   3.775705e-15   216
  2.736854e+00   6.487072e-14   1.359739e-03   4.088407e-15   360
  2.745421e+00   6.032352e-14   1.327092e-03   3.839912e-15   312
  2.753154e+00   4.780096e-14   0.000000e+00   7.505267e-15   48
  2.757611e+00   5.745037e-14   1.422834e-03   2.770815e-15   432
  2.765594e+00   5.568147e-14   2.373302e-03   2.984519e-15   414
  2.770308e+00   5.719623e-14   5.421333e-08   3.546638e-15   312
  2.779102e+00   5.381803e-14   2.082441e-03   2.673260e-15   528
  2.785037e+00   5.937688e-14   1.093105e-03   3.797112e-15   264
  2.792167e+00   5.366081e-14   1.296122e-03   2.674171e-15   480
  2.801483e+00   5.390238e-14   0.000000e+00   2.860118e-15   288
  2.805506e+00   6.009222e-14   1.392643e-03   5.597008e-15   168
  2.812867e+00   5.324352e-14   2.204550e-03   2.761331e-15   504
  2.821143e+00   4.805435e-14   3.390842e-08   4.648022e-15   144
  2.826350e+00   4.989960e-14   1.415850e-03   2.529470e-15   464
  2.834173e+00   5.209894e-14   2.077839e-03   2.730444e-15   432
  2.837886e+00   6.085148e-14   3.596531e-08   4.333397e-15   192
  2.847481e+00   4.503520e-14   1.540373e-03   2.396676e-15   396
  2.853147e+00   5.173707e-14   1.383680e-03   3.482510e-15   288
  2.858874e+00   4.769451e-14   1.366839e-03   2.535079e-15   336
  2.868021e+00   4.834151e-14   8.655099e-04   2.351468e-15   432
  2.873827e+00   4.736261e-14   2.243281e-03   2.906803e-15   360
  2.880345e+00   4.976648e-14   1.326934e-03   2.810349e-15   384
  2.889603e+00   4.956928e-14   1.171274e-03   4.018065e-15   198
  2.894063e+00   4.502847e-14   1.331357e-03   2.153378e-15   552
  2.902381e+00   5.141092e-14   1.863809e-03   2.753070e-15   432
  2.909325e+00   4.280919e-14   7.119285e-08   3.141278e-15   168
  2.915153e+00   3.843636e-14   2.310442e-03   1.614889e-15   480
  2.922863e+00   5.467698e-14   0.000000e+00   5.190878e-15   120
  2.926334e+00   4.641109e-14   1.887069e-03   2.667698e-15   336
  2.934802e+00   3.936825e-14   1.331298e-03   1.741403e-15   672
  2.943175e+00   3.805941e-14   1.936554e-03   1.686909e-15   528
  2.947075e+00   4.900524e-14   5.812872e-08   4.765885e-15   168
  2.956085e+00   4.437132e-14   2.160213e-03   2.375595e-15   456
  2.961583e+00   4.635578e-14   1.319260e-03   3.856536e-15   168
  2.967291e+00   4.006838e-14   1.316892e-03   2.274449e-15   504
  2.976778e+00   3.723704e-14   1.694638e-03   2.458801e-15   336
  2.982515e+00   4.287778e-14   1.221633e-03   2.988770e-15   312
  2.988879e+00   3.898023e-14   1.193619e-03   2.052730e-15   504
  2.997254e+00   4.344187e-14   8.281656e-04   2.579382e-15   432
  3.001192e+00   4.017714e-14   1.279790e-03   2.912093e-15   312
  3.009377e+00   3.903727e-14   1.311847e-03   2.276854e-15   384
  3.017923e+00   4.149204e-14   1.114566e-03   4.752616e-15   126
  3.023199e+00   4.219541e-14   1.956913e-03   2.072817e-15   492
  3.029938e+00   3.521594e-14   1.253405e-03   1.759836e-15   528
  3.038360e+00   3.940380e-14   1.273190e-03   2.325441e-15   480
  3.043581e+00   3.533235e-14   1.758905e-03   1.981994e-15   432
  3.051137e+00   3.947361e-14   1.383146e-03   1.999225e-15   440
  3.059913e+00   3.738690e-14   6.878330e-04   2.302820e-15   312
  3.063206e+00   3.809530e-14   1.030775e-03   1.930345e-15   480
  3.069960e+00   3.587203e-14   2.018238e-03   1.877795e-15   408
  3.079829e+00   3.534336e-14   1.208696e-03   2.524689e-15   360
  3.083998e+00   3.913277e-14   1.166348e-03   2.105894e-15   408
  3.091725e+00   3.322707e-14   1.186907e-03   1.626466e-15   456
  3.100425e+00   3.569417e-14   1.134390e-03   2.342500e-15   264
  3.105254e+00   3.417444e-14   1.231098e-03   1.896899e-15   384
  3.112283e+00   3.649972e-14   2.072640e-03   1.636608e-15   672
  3.120409e+00   3.656405e-14   1.239707e-03   2.522094e-15   240
  3.125099e+00   3.414996e-14   1.257992e-03   1.989854e-15   264
  3.131717e+00   4.388030e-14   1.551526e-03   1.966929e-15   624
  3.141593e+00   4.295354e-14   0.000000e+00   4.084242e-15   150
  3.145109e+00   3.000210e-14   1.738607e-03   1.290837e-15   600
  3.152524e+00   3.400874e-14   1.199942e-03   1.467559e-15   672
  3.160921e+00   3.595179e-14   1.128630e-03   2.251623e-15   336
  3.165599e+00   2.864055e-14   1.227621e-03   1.728651e-15   408
  3.173072e+00   3.702620e-14   1.224729e-03   2.279613e-15   408
  3.181385e+00   3.270426e-14   6.192886e-04   2.137439e-15   360
  3.186510e+00   3.277589e-14   2.273829e-03   1.693427e-15   456
  3.192699e+00   3.166685e-14   1.236522e-03   1.602822e-15   384
  3.200577e+00   3.469071e-14   1.141466e-03   2.430121e-15   348
  3.204835e+00   3.449179e-14   1.407202e-03   1.792753e-15   576
  3.212832e+00   3.343363e-14   1.158646e-03   1.791125e-15   504
  3.221013e+00   3.620333e-14   1.634203e-03   2.295249e-15   432
  3.228154e+00   3.157783e-14   2.223325e-03   1.400078e-15   576
  3.233247e+00   3.091753e-14   0.000000e+00   1.933614e-15   264
  3.241325e+00   3.038500e-14   1.769212e-03   1.174116e-15   768
  3.248351e+00   3.856090e-14   2.381921e-03   2.336577e-15   240
  3.253937e+00   3.484988e-14   2.100629e-03   2.487659e-15   192
  3.262073e+00   3.327937e-14   1.546319e-03   1.512489e-15   504
  3.268108e+00   3.177148e-14   2.083724e-03   1.319999e-15   590
  3.273894e+00   2.985687e-14   2.334698e-03   1.694670e-15   384
  3.281151e+00   3.644577e-14   1.951120e-03   1.747693e-15   504
  3.289911e+00   2.964252e-14   1.877651e-03   1.228454e-15   648
  3.298409e+00   3.277297e-14   5.099453e-04   1.703801e-15   504
  3.301835e+00   3.174042e-14   1.163281e-03   2.094202e-15   312
  3.307884e+00   2.825555e-14   1.676002e-03   1.261977e-15   576
  3.316189e+00   3.368595e-14   1.166339e-03   2.604273e-15   240
  3.321030e+00   2.983729e-14   1.178530e-03   1.324342e-15   552
  3.327882e+00   3.100252e-14   1.106612e-03   1.264723e-15   600
  3.337643e+00   3.187031e-14   1.351639e-03   1.398718e-15   600
  3.343511e+00   3.221964e-14   2.164544e-03   2.092771e-15   312
  3.349356e+00   3.095084e-14   1.885103e-03   1.472321e-15   480
  3.356656e+00   3.268919e-14   1.176123e-03   1.519103e-15   576
  3.363084e+00   3.248271e-14   1.893814e-03   2.079167e-15   408
  3.368787e+00   3.458546e-14   2.209222e-03   2.366614e-15   216
  3.376156e+00   2.963035e-14   1.692015e-03   1.580269e-15   516
  3.384050e+00   3.123293e-14   1.614354e-03   1.182424e-15   744
  3.392194e+00   2.978559e-14   1.078246e-03   1.497686e-15   462
  3.396796e+00   3.185115e-14   1.095881e-03   1.678911e-15   432
  3.403934e+00   3.208274e-14   1.016670e-03   1.353933e-15   648
  3.412327e+00   3.484219e-14   1.487578e-03   1.735846e-15   528
  3.419069e+00   2.747327e-14   1.791415e-03   1.287955e-15   600
  3.425805e+00   2.464453e-14   2.258506e-03   1.662330e-15   240
  3.432329e+00   3.241327e-14   1.729994e-03   1.319870e-15   720
  3.439912e+00   3.102932e-14   1.368738e-03   1.236034e-15   720
  3.448318e+00   3.709604e-14   0.000000e+00   3.768819e-15   144
  3.452742e+00   3.145506e-14   1.764713e-03   1.214914e-15   720
  3.459035e+00   3.284104e-14   1.058157e-03   1.790257e-15   384
  3.466913e+00   3.178075e-14   1.173023e-03   1.500974e-15   672
  3.474387e+00   3.037542e-14   2.053834e-03   1.801002e-15   336
  3.477957e+00   3.183817e-14   0.000000e+00   1.910775e-15   288
  3.486699e+00   3.208139e-14   1.625472e-03   1.291520e-15   776
  3.494792e+00   3.136235e-14   1.390838e-03   1.222205e-15   720
  3.501588e+00   3.132718e-14   1.120422e-03   1.627056e-15   432
  3.507024e+00   3.311240e-14   1.597303e-03   1.689260e-15   504
  3.513071e+00   3.190669e-14   1.119137e-03   1.524746e-15   528
  3.521533e+00   3.044481e-14   1.524759e-03   1.715769e-15   438
  3.528495e+00   3.089009e-14   1.774680e-03   1.391079e-15   624
  3.533741e+00   3.094527e-14   2.173744e-03   1.926557e-15   312
  3.540952e+00   2.638333e-14   1.171159e-03   1.066089e-15   696
  3.548410e+00   3.227436e-14   1.059686e-03   1.516159e-15   552
  3.556166e+00   2.947037e-14   8.198436e-04   1.374371e-15   516
  3.560964e+00   2.675493e-14   1.637576e-03   1.394406e-15   528
  3.566805e+00   3.293318e-14   1.064960e-03   1.557249e-15   528
  3.575102e+00   3.220272e-14   1.404467e-03   1.095952e-15   864
  3.580734e+00   3.186188e-14   1.923830e-03   2.367481e-15   408
  3.586372e+00   2.495721e-14   1.906039e-03   2.128308e-15   192
  3.594362e+00   3.309156e-14   1.577339e-03   1.357551e-15   720
  3.601108e+00   3.057013e-14   1.454384e-03   1.294547e-15   696
  3.609123e+00   3.302306e-14   1.570748e-03   1.396627e-15   720
  3.616456e+00   3.129575e-14   2.128961e-03   1.639760e-15   432
  3.620733e+00   3.641954e-14   1.253189e-03   2.396192e-15   264
  3.628427e+00   3.256315e-14   1.730599e-03   1.383960e-15   672
  3.635310e+00   2.994515e-14   1.771868e-03   1.334943e-15   600
  3.643477e+00   3.429465e-14   1.037427e-03   2.094140e-15   270
  3.647594e+00   3.338221e-14   1.561617e-03   1.544745e-15   528
  3.654138e+00   3.000452e-14   1.069340e-03   1.134732e-15   840
  3.663112e+00   3.005658e-14   2.044769e-03   1.181327e-15   888
  3.671403e+00   3.218921e-14   1.523504e-03   1.290962e-15   744
  3.678411e+00   3.122639e-14   7.828584e-04   1.464276e-15   456
  3.681896e+00   2.539821e-14   1.069824e-03   1.413620e-15   360
  3.687860e+00   3.672728e-14   9.269427e-04   2.001230e-15   384
  3.697011e+00   2.968942e-14   1.486807e-03   1.136642e-15   816
  3.703877e+00   3.174965e-14   2.157150e-03   1.170881e-15   824
  3.712223e+00   3.391985e-14   1.002746e-03   2.214350e-15   360
  3.716692e+00   3.111193e-14   1.479676e-03   1.462638e-15   624
  3.722842e+00   3.142774e-14   9.998850e-04   1.747979e-15   360
  3.731036e+00   3.486163e-14   1.360137e-03   1.327648e-15   876
  3.738436e+00   3.513432e-14   1.615436e-03   1.526457e-15   696
  3.745899e+00   3.427567e-14   1.043143e-03   1.903629e-15   336
  3.749811e+00   3.166600e-14   1.041971e-03   1.597223e-15   504
  3.756273e+00   3.425605e-14   1.051000e-03   1.432037e-15   672
  3.765859e+00   3.228188e-14   2.092296e-03   1.266456e-15   720
  3.772508e+00   3.255393e-14   1.580506e-03   1.273122e-15   774
  3.779846e+00   3.258286e-14   9.046409e-04   2.004980e-15   384
  3.783690e+00   3.084114e-14   1.740917e-03   1.393052e-15   528
  3.789655e+00   3.168556e-14   1.659191e-03   1.265967e-15   744
  3.799249e+00   3.301466e-14   1.368481e-03   1.344167e-15   768
  3.805620e+00   3.473789e-14   1.536223e-03   1.663111e-15   552
  3.813568e+00   3.349289e-14   1.674309e-03   1.454708e-15   696
  3.819481e+00   3.326114e-14   2.034577e-03   2.010891e-15   408
  3.824174e+00   3.159314e-14   8.789532e-04   1.692269e-15   504
  3.831615e+00   3.314238e-14   1.579007e-03   1.175705e-15   888
  3.838937e+00   3.295601e-14   1.641044e-03   1.380184e-15   648
  3.846547e+00   3.222914e-14   1.626978e-03   1.396724e-15   648
  3.853707e+00   3.376208e-14   1.754281e-03   1.322024e-15   792
  3.861291e+00   3.732370e-14   2.566633e-03   1.763901e-15   600
  3.866880e+00   3.492805e-14   1.739428e-03   1.645448e-15   456
  3.872762e+00   3.139198e-14   8.477229e-04   1.422598e-15   648
  3.880317e+00   3.247595e-14   1.653183e-03   1.213664e-15   936
  3.888474e+00   2.933217e-14   1.015268e-03   1.768962e-15   384
  3.895575e+00   3.601953e-14   0.000000e+00   2.383610e-15   198
  3.901055e+00   3.325686e-14   2.575821e-03   1.052501e-15   1224
  3.906966e+00   2.578113e-14   1.875990e-03   1.414949e-15   420
  3.913957e+00   3.086064e-14   1.815566e-03   1.165918e-15   792
  3.920793e+00   3.268486e-14   1.501318e-03   1.202346e-15   680
  3.928594e+00   3.372305e-14   1.378581e-03   1.628228e-15   600
  3.934870e+00   3.271599e-14   1.999321e-03   1.187683e-15   840
  3.943251e+00   3.083518e-14   9.439865e-04   1.535578e-15   432
  3.946454e+00   3.497794e-14   8.846397e-04   1.464999e-15   720
  3.953417e+00   3.041011e-14   1.771778e-03   1.049392e-15   960
  3.962077e+00   3.531831e-14   1.579411e-03   1.575246e-15   528
  3.968405e+00   3.883852e-14   1.614459e-03   1.660818e-15   624
  3.975938e+00   3.147661e-14   1.268954e-03   1.299900e-15   816
  3.983415e+00   3.232337e-14   2.086821e-03   1.378167e-15   696
  3.991678e+00   3.744656e-14   1.150890e-07   2.576320e-15   240
  3.994784e+00   3.263851e-14   1.230648e-03   1.372062e-15   672
  4.001719e+00   3.490292e-14   2.199344e-03   1.340301e-15   864
  4.009498e+00   3.163881e-14   1.687640e-03   1.126333e-15   816
  4.016509e+00   3.566774e-14   9.659469e-04   1.528417e-15   648
  4.024060e+00   3.272262e-14   9.873737e-04   1.210643e-15   843
  4.030471e+00   3.511347e-14   1.776528e-03   1.324331e-15   780
  4.038111e+00   3.740952e-14   9.532520e-04   2.815384e-15   216
  4.042823e+00   3.323847e-14   2.298663e-03   1.136764e-15   1056
  4.050071e+00   3.670235e-14   1.880564e-03   2.487487e-15   228
  4.056781e+00   3.178118e-14   2.341349e-03   1.182709e-15   924
  4.063670e+00   3.053675e-14   8.685094e-04   1.197079e-15   696
  4.070964e+00   3.808257e-14   1.545698e-03   1.314307e-15   996
  4.078428e+00   3.608266e-14   9.125493e-04   1.647850e-15   576
  4.086192e+00   3.612923e-14   1.408459e-03   1.924517e-15   552
  4.091852e+00   3.069585e-14   1.681651e-03   1.530484e-15   516
  4.097596e+00   3.619992e-14   2.445470e-03   1.453660e-15   744
  4.104159e+00   3.886689e-14   1.199649e-03   1.790546e-15   576
  4.109868e+00   3.580735e-14   1.234742e-03   1.426595e-15   792
  4.117982e+00   3.408612e-14   1.411539e-03   1.318863e-15   792
  4.123927e+00   3.440256e-14   1.522330e-03   1.305719e-15   720
  4.131968e+00   3.690560e-14   1.735107e-03   1.548729e-15   656
  4.139503e+00   3.511811e-14   1.894646e-03   1.199201e-15   816
  4.147227e+00   3.737045e-14   1.021561e-03   1.822977e-15   492
  4.151618e+00   3.442905e-14   1.469588e-03   1.616363e-15   552
  4.159858e+00   3.805218e-14   2.555435e-03   1.402342e-15   780
  4.165209e+00   3.588613e-14   1.569773e-03   1.779203e-15   528
  4.170975e+00   3.883074e-14   1.832403e-03   1.568719e-15   600
  4.179472e+00   3.402247e-14   1.522872e-03   1.213366e-15   900
  4.185329e+00   3.795103e-14   8.430879e-04   1.535082e-15   696
  4.193388e+00   3.283162e-14   2.131780e-03   1.251685e-15   696
  4.201183e+00   3.657135e-14   8.648430e-04   1.869252e-15   552
  4.207739e+00   3.874472e-14   1.005732e-03   1.496736e-15   708
  4.214606e+00   3.572952e-14   1.660522e-03   1.201791e-15   876
  4.221752e+00   3.954010e-14   8.817041e-04   2.823541e-15   216
  4.226547e+00   3.489461e-14   2.411580e-03   1.184463e-15   1032
  4.233729e+00   3.951834e-14   2.685028e-03   1.730138e-15   600
  4.241182e+00   3.883493e-14   1.281196e-03   1.648106e-15   600
  4.246868e+00   3.463325e-14   2.262472e-03   1.571890e-15   528
  4.253589e+00   3.681205e-14   1.241998e-03   1.481052e-15   732
  4.260669e+00   3.160401e-14   9.171027e-04   2.015992e-15   336
  4.268820e+00   3.667987e-14   1.307053e-03   1.239694e-15   912
  4.274911e+00   4.081440e-14   1.311885e-03   1.713105e-15   624
  4.281565e+00   3.538325e-14   1.105498e-03   1.362354e-15   768
  4.289333e+00   3.710801e-14   1.994537e-03   1.350799e-15   792
  4.296957e+00   3.804156e-14   9.888090e-04   1.482407e-15   660
  4.302382e+00   3.847233e-14   1.457169e-03   1.781055e-15   504
  4.307992e+00   3.978326e-14   2.380735e-03   2.098493e-15   480
  4.316401e+00   4.250424e-14   2.201870e-03   1.499028e-15   912
  4.322985e+00   3.979503e-14   2.452123e-03   2.126516e-15   432
  4.329203e+00   3.862430e-14   1.456013e-03   1.691861e-15   564
  4.334724e+00   4.287495e-14   1.393605e-03   1.826301e-15   600
  4.342496e+00   3.615165e-14   1.942553e-03   1.264838e-15   876
  4.348334e+00   4.062742e-14   8.734307e-04   2.677424e-15   264
  4.356382e+00   3.533302e-14   1.694799e-03   1.748345e-15   560
  4.362850e+00   3.629806e-14   1.151652e-03   1.278005e-15   840
  4.370702e+00   3.947937e-14   1.775516e-03   1.316419e-15   1008
  4.377963e+00   3.957490e-14   7.942467e-04   1.751707e-15   456
  4.384595e+00   3.896764e-14   1.028834e-03   1.667336e-15   576
  4.390725e+00   3.903204e-14   1.580913e-03   1.619230e-15   612
  4.398809e+00   3.702357e-14   1.412012e-03   1.417804e-15   780
  4.405404e+00   3.782936e-14   1.618102e-03   1.525013e-15   648
  4.412155e+00   4.140716e-14   7.540562e-04   2.315891e-15   312
  4.416470e+00   4.555870e-14   1.915933e-03   1.915395e-15   528
  4.423945e+00   3.771827e-14   2.502113e-03   1.550890e-15   720
  4.431093e+00   3.964812e-14   2.509948e-03   1.880003e-15   576
  4.439759e+00   4.142031e-14   2.165154e-03   2.013204e-15   444
  4.445151e+00   4.082408e-14   2.123318e-03   1.438953e-15   996
  4.451759e+00   3.967147e-14   1.773610e-03   2.193716e-15   432
  4.458005e+00   3.943864e-14   1.941754e-03   1.841377e-15   504
  4.463400e+00   3.792982e-14   8.754449e-04   1.773002e-15   504
  4.471082e+00   3.570442e-14   1.722886e-03   1.215132e-15   876
  4.478033e+00   4.155200e-14   1.982878e-03   2.124166e-15   504
  4.485271e+00   4.140092e-14   1.264576e-03   1.571394e-15   696
  4.491253e+00   3.530136e-14   1.081079e-03   1.666742e-15   492
  4.499392e+00   3.803731e-14   1.547618e-03   1.940802e-15   432
  4.505420e+00   3.956790e-14   1.449174e-03   1.530798e-15   768
  4.512567e+00   3.993500e-14   1.805141e-03   1.734573e-15   648
  4.519390e+00   4.196741e-14   1.177661e-03   1.953615e-15   456
  4.527231e+00   4.059281e-14   1.619475e-03   1.635408e-15   552
  4.532676e+00   3.502362e-14   1.109989e-03   1.573134e-15   648
  4.540170e+00   3.909800e-14   1.809220e-03   1.420232e-15   840
  4.547491e+00   3.395983e-14   8.627791e-04   1.653366e-15   432
  4.554820e+00   3.948000e-14   1.056757e-03   1.696173e-15   600
  4.559917e+00   3.805537e-14   1.125905e-03   1.800622e-15   432
  4.568479e+00   4.151234e-14   1.120948e-03   1.677590e-15   560
  4.574277e+00   3.928841e-14   1.774344e-03   1.459798e-15   840
  4.581537e+00   4.064614e-14   1.050970e-03   1.945579e-15   504
  4.587303e+00   3.879974e-14   2.144966e-03   1.559696e-15   696
  4.595432e+00   3.568234e-14   1.171504e-03   1.816934e-15   384
  4.601763e+00   4.037030e-14   1.716116e-03   1.745900e-15   576
  4.609420e+00   3.686925e-14   1.059101e-03   1.934253e-15   360
  4.615593e+00   3.941129e-14   1.577258e-03   1.514140e-15   828
  4.622251e+00   3.756463e-14   1.404841e-03   2.125612e-15   372
  4.628352e+00   3.698755e-14   2.145462e-03   1.474989e-15   576
  4.636434e+00   4.271204e-14   8.985170e-04   1.895401e-15   636
  4.642192e+00   3.906280e-14   1.732109e-03   1.675092e-15   648
  4.649981e+00   3.783609e-14   1.408015e-03   1.684431e-15   576
  4.655573e+00   3.954081e-14   2.271277e-03   1.750882e-15   528
  4.663010e+00   3.561579e-14   9.710647e-04   1.963648e-15   360
  4.669165e+00   3.837919e-14   2.233813e-03   1.539182e-15   672
  4.677203e+00   3.849417e-14   1.144196e-03   1.350910e-15   804
  4.683893e+00   3.746105e-14   1.262185e-03   1.971589e-15   408
  4.691293e+00   3.950971e-14   7.801673e-04   2.239255e-15   384
  4.696276e+00   3.866141e-14   1.785323e-03   1.935799e-15   480
  4.703304e+00   3.867618e-14   1.153580e-03   1.899711e-15   432
  4.710045e+00   3.466143e-14   2.125802e-03   1.453537e-15   648
  4.718024e+00   3.514147e-14   1.319050e-03   1.495378e-15   624
  4.723861e+00   4.239085e-14   1.199787e-03   2.138949e-15   456
  4.731831e+00   3.780029e-14   1.639016e-03   1.579623e-15   588
  4.737172e+00   3.879998e-14   1.045685e-03   1.587164e-15   600
  4.744970e+00   3.428786e-14   1.631013e-03   1.381367e-15   708
  4.751130e+00   3.502289e-14   1.027507e-03   1.979138e-15   360
  4.757936e+00   3.297570e-14   1.181146e-03   1.362691e-15   552
  4.764461e+00   3.820682e-14   8.286020e-04   2.359931e-15   288
  4.771085e+00   4.190192e-14   1.557998e-03   1.816994e-15   528
  4.777309e+00   3.620597e-14   1.051098e-03   1.654730e-15   456
  4.784262e+00   3.796747e-14   1.863824e-03   1.638865e-15   608
  4.791256e+00   4.015147e-14   9.017389e-04   1.814281e-15   504
  4.798898e+00   3.709868e-14   1.935982e-03   1.663517e-15   540
  4.804891e+00   3.579257e-14   2.078222e-03   2.081488e-15   360
  4.811350e+00   3.881211e-14   9.411255e-04   1.857881e-15   540
  4.817063e+00   3.413092e-14   8.080679e-04   1.431264e-15   576
  4.825371e+00   3.603237e-14   1.873635e-03   1.583739e-15   588
  4.833270e+00   3.760014e-14   2.585051e-03   1.394251e-15   672
  4.840056e+00   3.539169e-14   1.975777e-03   1.625229e-15   552
  4.845526e+00   3.760183e-14   1.976776e-03   3.150045e-15   144
  4.852507e+00   3.895898e-14   1.679474e-03   1.790667e-15   600
  4.859125e+00   3.728502e-14   2.104747e-03   1.774695e-15   504
  4.866470e+00   3.305900e-14   2.162000e-03   1.948818e-15   336
  4.874196e+00   4.019432e-14   2.430098e-03   1.749378e-15   600
  4.881116e+00   3.708429e-14   1.568306e-03   1.543138e-15   636
  4.888585e+00   3.329360e-14   1.260932e-03   1.825249e-15   384
  4.893821e+00   3.608079e-14   1.758851e-03   1.900789e-15   504
  4.901368e+00   3.151231e-14   7.381651e-04   1.888001e-15   240
  4.907324e+00   3.702794e-14   1.734055e-03   1.388597e-15   744
  4.914470e+00   3.579761e-14   1.184096e-03   1.497362e-15   648
  4.920821e+00   2.825638e-14   7.860381e-04   2.900481e-15   120
  4.928265e+00   3.583325e-14   1.234764e-03   1.524719e-15   564
  4.933890e+00   3.290639e-14   1.939271e-03   1.569077e-15   432
  4.941396e+00   3.884408e-14   1.505258e-03   1.887374e-15   480
  4.947049e+00   3.784523e-14   1.107908e-03   1.854190e-15   456
  4.953721e+00   3.482569e-14   1.833424e-03   1.651650e-15   444
  4.961293e+00   3.610995e-14   2.805235e-03   1.478511e-15   528
  4.967944e+00   3.919454e-14   2.083390e-03   2.450523e-15   264
  4.974399e+00   3.597000e-14   2.135165e-03   1.840326e-15   444
  4.983082e+00   3.480044e-14   2.338759e-03   1.425380e-15   696
  4.990289e+00   3.647243e-14   1.250847e-03   1.938668e-15   384
  4.995560e+00   3.360889e-14   1.580550e-03   1.607858e-15   432
  5.003759e+00   3.846043e-14   1.092086e-03   1.814006e-15   488
  5.009082e+00   3.570832e-14   1.645909e-03   1.838193e-15   480
  5.016800e+00   3.601968e-14   1.835529e-03   1.706720e-15   480
  5.022777e+00   3.778337e-14   7.701318e-04   2.301932e-15   240
  5.029563e+00   3.549924e-14   1.798967e-03   1.404567e-15   600
  5.035964e+00   3.472272e-14   1.567616e-03   2.269588e-15   288
  5.042780e+00   3.476532e-14   1.507931e-03   1.575363e-15   480
  5.049682e+00   3.513919e-14   2.682341e-03   1.624995e-15   504
  5.056479e+00   3.572255e-14   1.150891e-03   2.942461e-15   216
  5.065146e+00   3.454003e-14   1.884192e-03   1.588620e-15   504
  5.071897e+00   3.137637e-14   1.515464e-03   1.566293e-15   456
  5.079286e+00   3.004456e-14   8.691442e-04   1.494263e-15   384
  5.084180e+00   3.777205e-14   1.764049e-03   1.991127e-15   480
  5.091134e+00   3.631329e-14   1.549032e-03   1.715129e-15   504
  5.097578e+00   3.882184e-14   9.826093e-04   2.228562e-15   312
  5.104521e+00   3.422884e-14   1.583441e-03   1.477086e-15   492
  5.110667e+00   3.320523e-14   1.484108e-03   1.747900e-15   312
  5.118579e+00   3.660912e-14   2.410815e-03   1.457857e-15   576
  5.125543e+00   3.334268e-14   2.225378e-03   2.022854e-15   336
  5.131328e+00   3.733308e-14   1.713438e-03   2.533208e-15   240
  5.139346e+00   3.081780e-14   2.271584e-03   1.504521e-15   468
  5.146270e+00   3.315130e-14   1.422340e-03   2.538587e-15   192
  5.153517e+00   4.038539e-14   1.426580e-03   2.589559e-15   324
  5.158828e+00   3.274982e-14   1.035388e-03   1.382271e-15   600
  5.166066e+00   3.379890e-14   1.679811e-03   1.539894e-15   456
  5.171442e+00   3.169179e-14   7.555789e-04   1.910270e-15   336
  5.180350e+00   3.369630e-14   2.262417e-03   1.350901e-15   612
  5.186832e+00   4.020241e-14   1.898719e-03   3.909132e-15   144
  5.192961e+00   3.231095e-14   2.216292e-03   1.376889e-15   552
  5.201296e+00   3.136918e-14   8.728032e-04   1.707693e-15   264
  5.206006e+00   3.611370e-14   2.020762e-03   1.831090e-15   336
  5.213435e+00   3.703002e-14   1.335250e-03   1.751934e-15   384
  5.219878e+00   3.188791e-14   7.516140e-04   2.047372e-15   216
  5.227010e+00   3.828747e-14   1.593577e-03   2.267844e-15   344
  5.233513e+00   3.816416e-14   2.377692e-03   1.896775e-15   408
  5.241438e+00   2.981670e-14   1.827101e-03   1.740223e-15   264
  5.248460e+00   3.318470e-14   2.547069e-03   1.383001e-15   612
  5.255476e+00   2.987860e-14   1.310917e-03   1.438358e-15   408
  5.262692e+00   3.670431e-14   1.312801e-03   1.810428e-15   444
  5.267993e+00   2.769976e-14   7.342396e-04   2.719110e-15   120
  5.275096e+00   3.607454e-14   2.028570e-03   1.942310e-15   336
  5.280368e+00   3.628505e-14   7.049199e-04   2.065445e-15   288
  5.287493e+00   3.435035e-14   2.193723e-03   1.391912e-15   552
  5.297288e+00   3.316265e-14   0.000000e+00   3.221725e-15   72
  5.302324e+00   3.706895e-14   2.178926e-03   1.646499e-15   504
  5.308207e+00   3.682613e-14   7.011571e-04   2.298880e-15   216
  5.315829e+00   3.477957e-14   1.251868e-03   2.016070e-15   312
  5.322672e+00   2.921386e-14   1.425448e-03   1.490747e-15   336
  5.329194e+00   3.117638e-14   1.975831e-03   2.209736e-15   204
  5.335689e+00   3.328706e-14   2.296216e-03   1.590959e-15   504
  5.342577e+00   2.985625e-14   2.186657e-03   1.344815e-15   396
  5.349201e+00   3.618664e-14   2.005279e-03   2.039106e-15   312
  5.357232e+00   3.032639e-14   1.225440e-03   1.819722e-15   216
  5.362890e+00   3.385934e-14   6.650698e-04   2.252309e-15   168
  5.369766e+00   3.342933e-14   1.679338e-03   1.367304e-15   588
  5.377613e+00   3.640478e-14   2.279505e-03   2.527602e-15   240
  5.383710e+00   3.906966e-14   2.013185e-03   2.275672e-15   264
  5.390860e+00   3.568307e-14   2.489717e-03   2.255541e-15   288
  5.397204e+00   3.818232e-14   1.243261e-03   2.186940e-15   288
  5.405244e+00   3.278814e-14   1.167620e-03   1.757272e-15   288
  5.410658e+00   3.501551e-14   1.352591e-03   2.099672e-15   192
  5.417469e+00   4.218187e-14   1.439292e-03   2.367576e-15   264
  5.423957e+00   3.195237e-14   2.367436e-03   1.988745e-15   372
  5.430940e+00   3.152267e-14   2.556933e-03   1.588818e-15   360
  5.439463e+00   3.039654e-14   1.082118e-03   2.654359e-15   144
  5.443868e+00   3.871924e-14   1.503015e-03   2.210359e-15   296
  5.450821e+00   3.654411e-14   1.619421e-03   2.065387e-15   288
  5.458782e+00   3.271581e-14   2.420184e-03   1.465981e-15   480
  5.465649e+00   3.689584e-14   2.010942e-03   2.743807e-15   192
  5.472326e+00   3.813242e-14   2.157009e-03   2.457667e-15   192
  5.478395e+00   4.049237e-14   1.374687e-03   2.335764e-15   288
  5.486835e+00   4.247799e-14   1.196646e-03   4.476923e-15   108
  5.491087e+00   3.485723e-14   1.150429e-03   1.930248e-15   240
  5.498595e+00   3.794668e-14   2.146152e-03   1.941924e-15   384
  5.506307e+00   3.249300e-14   2.618062e-03   3.028320e-15   108
  5.513127e+00   3.310438e-14   1.535018e-03   1.698056e-15   348
  5.520298e+00   3.923297e-14   1.602006e-03   2.247014e-15   312
  5.526703e+00   3.856827e-14   1.556684e-03   3.858375e-15   96
  5.532593e+00   3.294326e-14   2.072444e-03   1.542717e-15   384
  5.539190e+00   3.063508e-14   1.425422e-03   2.270412e-15   144
  5.545642e+00   4.274957e-14   2.190224e-03   2.192553e-15   408
  5.553663e+00   4.084910e-14   9.769946e-04   2.763693e-15   144
  5.561240e+00   3.599386e-14   1.878283e-03   2.613567e-15   192
  5.565734e+00   3.693795e-14   2.114042e-03   3.352341e-15   144
  5.573059e+00   4.515492e-14   1.718794e-03   3.253653e-15   144
  5.579969e+00   3.924402e-14   2.100644e-03   1.970171e-15   336
  5.588433e+00   3.795771e-14   1.554210e-03   2.010712e-15   240
  5.593800e+00   3.717360e-14   7.057532e-04   3.625285e-15   96
  5.601284e+00   4.007754e-14   2.069634e-03   1.963267e-15   372
  5.608856e+00   3.406357e-14   2.461786e-03   3.396122e-15   132
  5.615507e+00   3.575901e-14   1.523323e-03   2.212125e-15   264
  5.621457e+00   3.515993e-14   1.169843e-03   2.695993e-15   168
  5.627807e+00   3.665613e-14   1.870354e-03   2.278930e-15   216
  5.633417e+00   3.751862e-14   1.144306e-03   2.207750e-15   216
  5.641586e+00   4.242562e-14   2.099325e-03   5.127252e-15   96
  5.648999e+00   3.651490e-14   1.369618e-03   3.461242e-15   120
  5.655797e+00   4.045463e-14   1.741170e-03   2.637136e-15   216
  5.661397e+00   3.830871e-14   7.608972e-04   2.773385e-15   200
  5.668812e+00   4.476334e-14   1.969636e-03   2.827100e-15   288
  5.678322e+00   4.715122e-14   5.182495e-04   3.661363e-15   144
  5.682326e+00   3.608369e-14   1.612761e-03   2.727547e-15   168
  5.690504e+00   3.137439e-14   1.815012e-03   2.184726e-15   159
  5.696887e+00   3.946864e-14   1.904384e-03   3.360490e-15   174
  5.703065e+00   3.764074e-14   1.726829e-03   2.976214e-15   144
  5.711154e+00   3.936148e-14   9.971188e-04   2.527313e-15   222
  5.716564e+00   4.448244e-14   1.006181e-03   3.496209e-15   168
  5.725909e+00   3.860721e-14   2.206942e-03   1.032375e-14   30
  5.729769e+00   4.725187e-14   1.948567e-03   5.200388e-15   72
  5.737039e+00   4.232832e-14   1.739073e-03   2.351181e-15   258
  5.745032e+00   3.855962e-14   1.089226e-03   2.215506e-15   264
  5.749029e+00   5.138239e-14   1.174622e-07   5.650248e-15   72
  5.757357e+00   4.756557e-14   2.158892e-03   2.983086e-15   174
  5.764898e+00   3.655501e-14   2.298822e-03   2.862311e-15   168
  5.770961e+00   5.285294e-14   7.193062e-08   7.610875e-15   48
  5.777470e+00   4.365763e-14   1.298199e-03   3.489143e-15   150
  5.785016e+00   3.957972e-14   2.388130e-03   3.173177e-15   168
  5.792583e+00   4.598837e-14   1.454738e-03   4.280273e-15   144
  5.799541e+00   4.732738e-14   1.359056e-03   4.865870e-15   102
  5.804724e+00   5.344990e-14   2.011636e-03   6.200441e-15   96
  5.812948e+00   5.190441e-14   1.996414e-03   4.898652e-15   120
  5.819038e+00   4.041410e-14   2.141206e-03   3.063126e-15   168
  5.825625e+00   3.215709e-14   1.581111e-03   2.476000e-15   126
  5.831237e+00   4.801842e-14   1.192474e-03   3.040884e-15   168
  5.838969e+00   4.674337e-14   1.912134e-03   6.687893e-15   72
  5.845726e+00   4.393590e-14   2.394418e-03   3.764350e-15   168
  5.851646e+00   3.966978e-14   6.564276e-04   4.802808e-15   78
  5.859757e+00   4.998198e-14   1.077805e-03   4.303700e-15   60
  5.866288e+00   4.546337e-14   1.748374e-03   4.825626e-15   96
  5.873062e+00   3.927701e-14   2.121507e-03   2.726953e-15   168
  5.879428e+00   4.502607e-14   1.342407e-03   5.346027e-15   86
  5.886107e+00   5.063696e-14   1.199794e-03   4.634127e-15   120
  5.895681e+00   4.482913e-14   8.556122e-04   3.536392e-15   168
  5.900844e+00   4.651557e-14   0.000000e+00   6.600067e-15   48
  5.907798e+00   5.049168e-14   1.558833e-03   4.191343e-15   120
  5.911793e+00   4.102004e-14   1.137231e-03   3.244478e-15   126
  5.921548e+00   3.793785e-14   2.000073e-03   3.278197e-15   96
  5.927878e+00   3.992275e-14   5.767223e-04   4.392780e-15   96
  5.932871e+00   4.215617e-14   6.781684e-08   3.989354e-15   72
  5.943508e+00   5.111701e-14   7.193062e-08   8.948507e-15   24
  5.950147e+00   5.187081e-14   1.186881e-03   3.869124e-15   120
  5.955326e+00   3.837968e-14   1.731294e-03   3.184786e-15   126
  5.961084e+00   5.341435e-14   1.443268e-03   5.689739e-15   96
  5.967813e+00   4.429948e-14   2.494389e-03   4.089444e-15   72
  5.975306e+00   4.195377e-14   1.078907e-03   2.825619e-15   144
  5.981469e+00   4.763663e-14   6.222882e-04   5.956376e-15   72
  5.987626e+00   5.328951e-14   1.242932e-03   7.785942e-15   54
  5.993045e+00   4.071671e-14   1.095319e-03   3.959570e-15   108
  6.004306e+00   4.313476e-14   1.073696e-03   5.695379e-15   72
  6.007812e+00   5.609988e-14   6.195595e-04   7.306466e-15   72
  6.016129e+00   7.628751e-14   1.245875e-07   1.346719e-14   24
  6.023999e+00   4.166763e-14   1.310705e-03   6.435989e-15   48
  6.028777e+00   3.314670e-14   9.984188e-04   3.332841e-15   102
  6.035970e+00   4.531302e-14   2.258008e-03   3.264120e-15   168
  6.045369e+00   3.900228e-14   1.231465e-03   3.891989e-15   72
  6.048851e+00   4.247142e-14   0.000000e+00   5.885343e-15   48
  6.056156e+00   4.617253e-14   2.118194e-03   3.461255e-15   120
  6.065796e+00   5.620089e-14   1.301673e-03   5.279222e-15   96
  6.074901e+00   5.537308e-14   1.150890e-07   1.029103e-14   30
  6.085723e+00   5.273719e-14   6.115837e-04   7.524895e-15   72
  6.090478e+00   4.948588e-14   7.193062e-08   8.636602e-15   24
  6.096586e+00   4.119230e-14   9.065181e-04   4.570510e-15   56
  6.103428e+00   4.964485e-14   1.293647e-03   4.519725e-15   96
  6.111616e+00   4.880024e-14   1.428503e-03   4.200107e-15   144
  6.117928e+00   3.962835e-14   8.110480e-04   4.599462e-15   54
  6.127099e+00   3.136345e-14   1.215036e-03   2.702013e-15   108
  6.136327e+00   6.182457e-14   6.433558e-04   7.800011e-15   48
  6.145113e+00   6.538970e-14   2.422440e-03   6.943171e-15   72
  6.166195e+00   5.221977e-14   1.600514e-03   4.959641e-15   78
  6.172037e+00   4.205360e-14   1.206188e-03   3.946838e-15   72
  6.178856e+00   4.368648e-14   1.204690e-03   3.259512e-15   72
  6.185986e+00   4.640102e-14   2.907051e-03   4.135656e-15   96
  6.191621e+00   4.511816e-14   1.202207e-03   4.674272e-15   72
  6.198419e+00   4.416656e-14   0.000000e+00   7.243989e-15   24
  6.205208e+00   5.369115e-14   2.398986e-03   6.868468e-15   72
  6.220544e+00   6.265413e-14   1.523430e-03   7.170459e-15   30
  6.223843e+00   5.042630e-14   0.000000e+00   8.107278e-15   24
  6.241578e+00   5.059853e-14   1.265014e-03   5.633285e-15   48
  6.247142e+00   4.835336e-14   2.722309e-03   4.072987e-15   120
  6.254637e+00   4.106680e-14   1.190257e-03   4.153579e-15   72
  6.262206e+00   5.282941e-14   1.188818e-03   8.863504e-15   36
  6.267409e+00   6.434805e-14   2.349657e-03   5.989801e-15   78
  6.281928e+00   6.992972e-14   1.256888e-03   5.827531e-15   48
  6.300754e+00   3.846749e-14   1.017253e-07   5.535819e-15   24
  6.314166e+00   5.095233e-14   8.752715e-04   5.012422e-15   56
  6.320919e+00   4.617675e-14   1.346877e-03   4.229516e-15   102
  6.329510e+00   5.375331e-14   9.590750e-08   6.464978e-15   72
  6.334498e+00   5.610261e-14   7.193062e-08   1.055621e-14   24
  6.343217e+00   6.431665e-14   1.244744e-03   6.240815e-15   48
  6.359378e+00   5.087111e-14   0.000000e+00   1.006218e-14   24
  6.379213e+00   4.581309e-14   0.000000e+00   1.352588e-14   6
  6.385398e+00   3.985079e-14   0.000000e+00   6.703217e-15   24
  6.389518e+00   4.244766e-14   1.165127e-03   5.762070e-15   72
  6.397046e+00   3.747183e-14   2.173655e-03   4.165808e-15   84
  6.405152e+00   3.345489e-14   0.000000e+00   4.334562e-15   24
  6.407617e+00   6.774089e-14   1.017253e-07   7.758506e-15   24
  6.419927e+00   3.588400e-14   1.245875e-07   6.452797e-15   24
  6.437123e+00   1.155629e-13   0.000000e+00   4.713029e-14   6
  6.459163e+00   4.334528e-14   1.222400e-03   5.766801e-15   48
  6.464458e+00   3.962512e-14   2.302802e-03   3.515464e-15   72
  6.471376e+00   4.065797e-14   1.220094e-03   4.503210e-15   48
  6.482347e+00   6.976674e-14   0.000000e+00   1.881755e-14   24
  6.496947e+00   5.369632e-14   0.000000e+00   9.530106e-15   6
  6.529678e+00   4.422701e-14   0.000000e+00   7.181603e-15   8
  6.532096e+00   4.626929e-14   7.193062e-08   5.210816e-15   48
  6.537895e+00   3.737321e-14   1.183236e-03   3.589445e-15   60
  6.546585e+00   3.617290e-14   0.000000e+00   5.872907e-15   24
  6.558634e+00   5.088955e-14   0.000000e+00   9.268686e-15   6
  6.603027e+00   6.224525e-14   0.000000e+00   1.287787e-14   24
  6.606613e+00   3.504774e-14   1.195118e-03   4.424497e-15   48
  6.612586e+00   3.968927e-14   0.000000e+00   9.338017e-15   24
  6.622132e+00   3.641017e-14   0.000000e+00   1.664436e-14   6
  6.676359e+00   4.564613e-14   1.114931e-03   6.540607e-15   36
  6.680300e+00   3.676600e-14   0.000000e+00   1.389803e-14   24
  6.687387e+00   3.023617e-14   0.000000e+00   1.094266e-14   6
  6.749089e+00   6.168190e-14   1.013241e-03   8.069638e-15   32
  6.754351e+00   6.550638e-14   0.000000e+00   1.748540e-14   6
  6.820657e+00   3.139337e-14   0.000000e+00   5.415868e-15   12
  6.822972e+00   9.822873e-14   0.000000e+00   2.041472e-14   6
  6.893201e+00   2.468518e-14   0.000000e+00   3.114047e-15   6
