# power spectrum of phi
# redshift z=0.961161
# k              Pk             sigma(k)       sigma(Pk)      count
  1.256637e-01   3.438578e-11   0.000000e+00   1.386835e-11   6
  1.777153e-01   8.827295e-12   0.000000e+00   1.820225e-12   12
  2.176559e-01   3.857158e-12   2.384186e-09   1.019922e-12   8
  2.513274e-01   1.021131e-11   0.000000e+00   1.566082e-12   6
  2.809926e-01   5.642411e-12   4.495664e-09   1.675714e-12   24
  3.078120e-01   6.338756e-12   4.495664e-09   1.297171e-12   24
  3.554306e-01   1.627325e-12   0.000000e+00   3.175157e-13   12
  3.769911e-01   2.150046e-12   5.086263e-09   2.364775e-13   30
  3.973835e-01   2.008839e-12   0.000000e+00   2.968281e-13   24
  4.167794e-01   2.463428e-12   7.786718e-09   5.394170e-13   24
  4.353118e-01   9.446111e-13   4.768372e-09   1.008671e-13   8
  4.530869e-01   1.247461e-12   6.357829e-09   2.902122e-13   24
  4.701905e-01   1.375394e-12   0.000000e+00   2.695690e-13   48
  5.026548e-01   4.697666e-13   0.000000e+00   1.737765e-13   6
  5.181247e-01   1.129283e-12   6.357829e-09   1.534589e-13   48
  5.331460e-01   8.099782e-13   5.994218e-09   1.500790e-13   36
  5.477554e-01   1.218837e-12   6.357829e-09   2.490970e-13   24
  5.619852e-01   8.725004e-13   8.991328e-09   1.391237e-13   24
  5.758634e-01   9.526294e-13   0.000000e+00   1.374866e-13   48
  5.894150e-01   7.540633e-13   8.991328e-09   1.357910e-13   24
  6.156239e-01   6.737980e-13   8.991328e-09   1.017829e-13   24
  6.283185e-01   3.940557e-13   0.000000e+00   8.477483e-14   30
  6.407617e-01   6.785117e-13   0.000000e+00   7.387854e-14   72
  6.529678e-01   5.010018e-13   9.536743e-09   1.339360e-13   32
  6.767198e-01   5.871492e-13   0.000000e+00   5.513696e-14   72
  6.882885e-01   3.909765e-13   0.000000e+00   6.618375e-14   48
  7.108613e-01   3.786375e-13   0.000000e+00   1.328488e-13   12
  7.218830e-01   4.852093e-13   0.000000e+00   5.602962e-14   48
  7.327390e-01   3.650865e-13   0.000000e+00   5.585053e-14   48
  7.434365e-01   4.898280e-13   8.991328e-09   5.590895e-14   48
  7.539822e-01   5.839702e-13   1.017253e-08   9.478096e-14   30
  7.643825e-01   4.397408e-13   0.000000e+00   5.060100e-14   24
  7.746431e-01   4.895778e-13   1.895538e-08   6.648451e-14   72
  7.947671e-01   2.314201e-13   0.000000e+00   4.826566e-14   24
  8.046403e-01   3.045292e-13   0.000000e+00   2.721055e-14   96
  8.143939e-01   2.516841e-13   0.000000e+00   4.387409e-14   48
  8.240320e-01   2.414572e-13   1.557344e-08   1.758487e-14   24
  8.335587e-01   4.912353e-13   1.557344e-08   8.316660e-14   24
  8.429778e-01   3.590137e-13   0.000000e+00   3.488094e-14   72
  8.522927e-01   3.145498e-13   0.000000e+00   4.825364e-14   48
  8.706237e-01   2.030449e-13   9.536743e-09   5.195632e-14   8
  8.796459e-01   3.039586e-13   1.130281e-08   3.703650e-14   54
  8.885766e-01   2.973755e-13   0.000000e+00   2.669923e-14   84
  8.974184e-01   3.018838e-13   0.000000e+00   3.434467e-14   48
  9.061739e-01   1.860340e-13   1.271566e-08   2.968229e-14   24
  9.148456e-01   3.044784e-13   1.695421e-08   4.172543e-14   72
  9.234359e-01   2.872729e-13   0.000000e+00   2.891514e-14   96
  9.403811e-01   2.410052e-13   0.000000e+00   2.257320e-14   48
  9.487402e-01   2.907631e-13   0.000000e+00   3.858107e-14   48
  9.570263e-01   2.652612e-13   0.000000e+00   5.349395e-14   24
  9.652412e-01   2.087808e-13   0.000000e+00   2.336906e-14   72
  9.814649e-01   1.969458e-13   0.000000e+00   2.257531e-14   72
  9.894770e-01   2.147471e-13   0.000000e+00   2.010453e-14   96
  1.005310e+00   3.537516e-13   0.000000e+00   8.467377e-14   6
  1.013133e+00   2.030585e-13   0.000000e+00   1.754091e-14   96
  1.020897e+00   2.237645e-13   1.271566e-08   2.149885e-14   96
  1.028602e+00   2.205108e-13   0.000000e+00   4.918156e-14   24
  1.036249e+00   2.811320e-13   1.271566e-08   3.700195e-14   48
  1.043841e+00   1.499121e-13   0.000000e+00   1.611610e-14   96
  1.051378e+00   2.255655e-13   0.000000e+00   3.858194e-14   48
  1.066292e+00   1.374035e-13   1.198844e-08   2.102012e-14   36
  1.073671e+00   2.021865e-13   2.202416e-08   2.643624e-14   48
  1.081000e+00   2.115243e-13   2.491750e-08   1.822210e-14   120
  1.088280e+00   1.655031e-13   0.000000e+00   1.828839e-14   56
  1.095511e+00   1.539504e-13   1.271566e-08   2.755540e-14   24
  1.102695e+00   1.476198e-13   0.000000e+00   1.330114e-14   96
  1.109832e+00   1.823996e-13   0.000000e+00   2.956081e-14   48
  1.123970e+00   2.067659e-13   1.798266e-08   3.893839e-14   24
  1.130973e+00   1.639790e-13   0.000000e+00   1.501026e-14   102
  1.137933e+00   1.534700e-13   1.271566e-08   1.927902e-14   48
  1.144851e+00   1.762044e-13   0.000000e+00   1.984934e-14   72
  1.151727e+00   1.259033e-13   0.000000e+00   1.708638e-14   48
  1.158562e+00   2.353940e-13   0.000000e+00   3.176899e-14   48
  1.165357e+00   1.830907e-13   2.877225e-08   1.510141e-14   120
  1.178830e+00   1.214007e-13   1.798266e-08   2.406163e-14   24
  1.185509e+00   1.376552e-13   1.695421e-08   1.070825e-14   144
  1.192151e+00   1.328602e-13   2.034505e-08   1.255181e-14   120
  1.198755e+00   1.341110e-13   1.798266e-08   1.476410e-14   48
  1.211857e+00   1.541469e-13   1.798266e-08   2.033399e-14   48
  1.218355e+00   1.190195e-13   1.798266e-08   1.327855e-14   96
  1.235512e+00   1.202803e-13   3.015167e-03   1.134500e-14   72
  1.244007e+00   1.361714e-13   1.598458e-08   1.146163e-14   108
  1.250338e+00   1.443458e-13   0.000000e+00   1.350190e-14   72
  1.256637e+00   1.191177e-13   0.000000e+00   2.433788e-14   30
  1.262905e+00   1.040976e-13   0.000000e+00   8.815624e-15   168
  1.269141e+00   1.069202e-13   0.000000e+00   1.554670e-14   48
  1.281523e+00   9.748878e-14   0.000000e+00   1.255343e-14   72
  1.287670e+00   1.216581e-13   0.000000e+00   1.532675e-14   96
  1.293787e+00   8.652617e-14   3.390842e-08   1.130810e-14   72
  1.299875e+00   1.133531e-13   0.000000e+00   1.171544e-14   72
  1.310112e+00   1.083961e-13   2.784031e-03   1.008639e-14   104
  1.317972e+00   1.033059e-13   2.397687e-08   8.717409e-15   144
  1.335824e+00   9.683834e-14   4.021044e-08   8.982324e-15   96
  1.341721e+00   1.079368e-13   0.000000e+00   8.883358e-15   96
  1.351101e+00   1.176406e-13   2.864148e-03   1.292572e-14   120
  1.359261e+00   9.362322e-14   0.000000e+00   1.083931e-14   120
  1.365057e+00   8.807221e-14   0.000000e+00   1.127282e-14   72
  1.376577e+00   9.940140e-14   0.000000e+00   1.648659e-14   48
  1.382301e+00   8.824761e-14   3.130008e-08   1.149721e-14   78
  1.389623e+00   9.905907e-14   2.564571e-03   8.305183e-15   168
  1.404963e+00   1.027396e-13   2.936555e-08   8.718755e-15   144
  1.410572e+00   1.155420e-13   2.397687e-08   1.105304e-14   144
  1.426839e+00   8.605723e-14   1.476986e-03   7.553097e-15   156
  1.432787e+00   9.525209e-14   3.114687e-08   1.155350e-14   48
  1.438287e+00   9.428604e-14   2.034505e-08   8.131960e-15   120
  1.443766e+00   8.062603e-14   0.000000e+00   8.688720e-15   48
  1.453454e+00   8.484141e-14   2.260797e-03   5.695869e-15   216
  1.465478e+00   9.226714e-14   0.000000e+00   1.121675e-14   48
  1.470856e+00   8.076536e-14   1.798266e-08   9.956223e-15   96
  1.478502e+00   9.070906e-14   2.642094e-03   7.041065e-15   168
  1.486873e+00   6.623292e-14   1.798266e-08   7.730081e-15   48
  1.492174e+00   7.430566e-14   0.000000e+00   7.463357e-15   96
  1.497456e+00   6.952042e-14   0.000000e+00   1.029648e-14   48
  1.507964e+00   7.668182e-14   2.034505e-08   9.849819e-15   30
  1.513191e+00   9.966689e-14   0.000000e+00   1.008517e-14   96
  1.519439e+00   7.234924e-14   2.076451e-03   4.875959e-15   240
  1.527472e+00   8.405766e-14   2.240191e-03   1.326087e-14   32
  1.533921e+00   8.658077e-14   0.000000e+00   7.053537e-15   168
  1.539060e+00   8.269798e-14   0.000000e+00   8.142922e-15   120
  1.549286e+00   8.847319e-14   3.791077e-08   1.633849e-14   72
  1.554374e+00   8.663890e-14   1.695421e-08   7.459157e-15   144
  1.559446e+00   6.633337e-14   0.000000e+00   6.353450e-15   96
  1.564501e+00   6.355061e-14   0.000000e+00   5.468274e-15   96
  1.574562e+00   8.415458e-14   0.000000e+00   1.092924e-14   72
  1.579568e+00   7.737688e-14   2.543132e-08   7.294753e-15   96
  1.589534e+00   7.080820e-14   0.000000e+00   1.219547e-14   24
  1.594494e+00   7.936618e-14   0.000000e+00   5.429045e-15   192
  1.600334e+00   7.777651e-14   1.901066e-03   5.432170e-15   132
  1.609281e+00   6.648737e-14   0.000000e+00   6.866897e-15   96
  1.614180e+00   6.407566e-14   0.000000e+00   5.460923e-15   96
  1.619064e+00   6.624410e-14   2.034505e-08   5.482167e-15   120
  1.628788e+00   7.072668e-14   0.000000e+00   8.378747e-15   48
  1.636759e+00   6.502192e-14   2.303939e-03   3.904058e-15   222
  1.643266e+00   7.448279e-14   0.000000e+00   7.222145e-15   120
  1.648064e+00   4.226464e-14   3.114687e-08   8.309181e-15   24
  1.655050e+00   6.956546e-14   2.378000e-03   4.020783e-15   312
  1.670270e+00   6.167380e-14   2.229470e-03   6.817018e-15   72
  1.676563e+00   6.767985e-14   3.114687e-08   7.155391e-15   96
  1.683024e+00   6.625876e-14   2.270407e-03   5.064619e-15   192
  1.690632e+00   6.282364e-14   2.877225e-08   6.546807e-15   120
  1.695296e+00   5.863245e-14   0.000000e+00   5.144426e-15   144
  1.704585e+00   4.560259e-14   0.000000e+00   6.544105e-15   48
  1.711188e+00   5.364420e-14   2.282974e-03   2.768489e-15   336
  1.718425e+00   6.250555e-14   0.000000e+00   9.248220e-15   48
  1.727590e+00   5.602027e-14   0.000000e+00   4.628670e-15   192
  1.732155e+00   6.570123e-14   0.000000e+00   7.224663e-15   48
  1.745129e+00   5.571694e-14   1.584683e-03   6.806256e-15   56
  1.751580e+00   5.446715e-14   2.035272e-03   2.586617e-15   336
  1.759292e+00   4.427456e-14   2.260561e-08   6.286175e-15   54
  1.766010e+00   5.904341e-14   2.235459e-03   3.485930e-15   240
  1.779956e+00   5.360100e-14   2.140470e-03   3.378461e-15   228
  1.786017e+00   7.631369e-14   2.397687e-08   7.161182e-15   72
  1.791900e+00   5.923147e-14   2.076308e-03   4.910164e-15   144
  1.799230e+00   4.038113e-14   0.000000e+00   3.104982e-15   96
  1.803613e+00   5.386653e-14   2.877225e-08   3.516845e-15   240
  1.812348e+00   6.732552e-14   2.543132e-08   1.014556e-14   24
  1.817939e+00   5.102226e-14   1.961057e-03   2.903377e-15   336
  1.825371e+00   3.615350e-14   0.000000e+00   4.456314e-15   72
  1.832154e+00   4.684061e-14   2.133012e-03   3.669341e-15   168
  1.838302e+00   5.677956e-14   0.000000e+00   6.457648e-15   72
  1.846872e+00   5.082141e-14   0.000000e+00   4.486597e-15   96
  1.853509e+00   4.808164e-14   2.117011e-03   3.090693e-15   216
  1.859653e+00   3.708906e-14   0.000000e+00   3.199530e-15   96
  1.868125e+00   4.689767e-14   2.543132e-08   3.382888e-15   192
  1.872347e+00   4.047323e-14   2.397687e-08   3.469002e-15   144
  1.880762e+00   3.607671e-14   0.000000e+00   4.767955e-15   48
  1.886588e+00   3.923581e-14   2.041047e-03   2.302086e-15   246
  1.894505e+00   4.999796e-14   1.881878e-03   3.445175e-15   168
  1.901637e+00   4.341012e-14   4.983500e-08   4.238421e-15   120
  1.905784e+00   4.002400e-14   0.000000e+00   2.412289e-15   240
  1.914053e+00   4.214172e-14   0.000000e+00   6.572331e-15   24
  1.920640e+00   3.953146e-14   2.014384e-03   1.837526e-15   360
  1.928845e+00   3.980082e-14   2.005812e-03   2.842374e-15   120
  1.934568e+00   4.279522e-14   0.000000e+00   3.615651e-15   144
  1.938645e+00   4.328419e-14   0.000000e+00   4.492336e-15   96
  1.950825e+00   4.345637e-14   0.000000e+00   3.817678e-15   144
  1.954868e+00   3.823533e-14   0.000000e+00   3.618386e-15   132
  1.960551e+00   3.884467e-14   1.979707e-03   2.863166e-15   176
  1.968799e+00   3.390618e-14   1.999105e-03   2.094795e-15   312
  1.978954e+00   3.892637e-14   0.000000e+00   5.085889e-15   96
  1.982940e+00   3.668763e-14   0.000000e+00   2.709090e-15   144
  1.989055e+00   4.249526e-14   1.979053e-03   2.281914e-15   312
  1.998804e+00   4.645072e-14   0.000000e+00   6.404424e-15   48
  2.002750e+00   3.744939e-14   2.543132e-08   2.560503e-15   192
  2.010619e+00   2.644737e-14   0.000000e+00   8.742985e-15   6
  2.015848e+00   3.600735e-14   1.845802e-03   1.854614e-15   288
  2.024316e+00   4.023444e-14   1.950210e-03   2.425997e-15   192
  2.030159e+00   3.715163e-14   5.980883e-08   3.030038e-15   216
  2.034045e+00   3.845755e-14   0.000000e+00   4.978417e-15   72
  2.043725e+00   3.486105e-14   1.931689e-03   2.808050e-15   192
  2.050154e+00   3.907944e-14   1.434383e-03   2.257216e-15   288
  2.057204e+00   4.166885e-14   0.000000e+00   7.849574e-15   24
  2.062650e+00   3.145712e-14   1.889681e-03   1.529932e-15   456
  2.072499e+00   4.071533e-14   0.000000e+00   6.490077e-15   48
  2.078585e+00   3.477407e-14   1.861260e-03   2.331837e-15   240
  2.085579e+00   3.228236e-14   1.881013e-03   2.543780e-15   216
  2.091461e+00   4.539170e-14   0.000000e+00   5.022876e-15   72
  2.095233e+00   3.424613e-14   6.498988e-08   2.701264e-15   168
  2.105882e+00   3.335414e-14   1.398129e-03   1.980192e-15   288
  2.111855e+00   3.255227e-14   1.849965e-03   2.034467e-15   168
  2.121448e+00   2.919222e-14   0.000000e+00   2.032230e-15   192
  2.125166e+00   2.687265e-14   2.397687e-08   2.457130e-15   144
  2.132584e+00   4.213660e-14   2.397687e-08   5.435123e-15   36
  2.138874e+00   2.780811e-14   1.689411e-03   1.518622e-15   342
  2.144889e+00   3.886804e-14   1.734820e-03   3.837112e-15   144
  2.152621e+00   3.606333e-14   1.819392e-03   2.103130e-15   384
  2.162000e+00   3.855098e-14   4.983500e-08   2.942739e-15   120
  2.166643e+00   3.324247e-14   1.622368e-03   2.173501e-15   264
  2.172929e+00   3.464006e-14   8.042088e-08   2.443189e-15   192
  2.178848e+00   3.080214e-14   1.748412e-03   2.176331e-15   152
  2.183802e+00   2.683273e-14   4.795375e-08   1.976384e-15   144
  2.194222e+00   3.099501e-14   1.131589e-03   1.899214e-15   216
  2.199045e+00   3.226095e-14   1.512105e-03   1.840883e-15   312
  2.207535e+00   2.453493e-14   1.752500e-03   1.659809e-15   240
  2.212538e+00   2.768390e-14   2.543132e-08   3.078198e-15   96
  2.222033e+00   2.408866e-14   1.675517e-03   2.090523e-15   144
  2.227885e+00   2.714272e-14   1.646885e-03   1.367827e-15   456
  2.237379e+00   3.635761e-14   0.000000e+00   2.506483e-15   120
  2.240905e+00   2.639768e-14   0.000000e+00   2.158465e-15   144
  2.247941e+00   3.217610e-14   3.596531e-08   8.006656e-15   24
  2.252452e+00   2.203588e-14   1.583038e-03   1.353867e-15   336
  2.260253e+00   2.812153e-14   1.745876e-03   1.955938e-15   198
  2.267563e+00   2.544814e-14   1.697764e-03   1.164469e-15   432
  2.275867e+00   3.641202e-14   5.086263e-08   4.603245e-15   48
  2.280199e+00   2.784664e-14   1.498832e-03   1.522000e-15   384
  2.287976e+00   2.318823e-14   1.725473e-03   1.548195e-15   144
  2.295024e+00   2.997826e-14   1.713168e-03   2.038302e-15   264
  2.303454e+00   4.206273e-14   0.000000e+00   5.271556e-15   48
  2.309110e+00   2.550029e-14   1.628943e-03   1.545184e-15   276
  2.314567e+00   2.530761e-14   1.476593e-03   2.021951e-15   192
  2.321860e+00   2.435280e-14   1.659366e-03   1.131973e-15   552
  2.330715e+00   2.627251e-14   4.069010e-08   2.249955e-15   120
  2.335978e+00   2.261983e-14   1.679687e-03   1.543741e-15   216
  2.340855e+00   2.443068e-14   4.069010e-08   2.208872e-15   120
  2.349569e+00   2.891165e-14   1.654080e-03   1.373742e-15   408
  2.357660e+00   2.804623e-14   3.596531e-08   4.806087e-15   24
  2.362678e+00   2.195268e-14   1.670919e-03   1.095766e-15   384
  2.369685e+00   2.378346e-14   1.632547e-03   1.819338e-15   240
  2.375770e+00   2.173551e-14   1.644502e-03   1.600517e-15   168
  2.384301e+00   2.694047e-14   0.000000e+00   2.441526e-15   120
  2.389801e+00   2.384507e-14   1.714308e-03   1.241626e-15   350
  2.398744e+00   2.251402e-14   2.822081e-03   1.137112e-15   384
  2.404088e+00   2.206343e-14   0.000000e+00   1.863650e-15   144
  2.413921e+00   2.228969e-14   3.390842e-08   1.141819e-15   288
  2.419055e+00   2.300733e-14   1.615394e-03   1.263934e-15   336
  2.426039e+00   1.880722e-14   1.470682e-03   1.575330e-15   168
  2.430220e+00   2.477173e-14   9.639558e-08   1.429194e-15   336
  2.438868e+00   2.129871e-14   1.526480e-03   1.303131e-15   288
  2.444062e+00   2.375177e-14   1.438335e-03   1.648315e-15   264
  2.452858e+00   1.935227e-14   0.000000e+00   1.312464e-15   240
  2.456075e+00   1.642021e-14   0.000000e+00   1.593861e-15   96
  2.467620e+00   2.259651e-14   1.956039e-03   1.211923e-15   360
  2.473008e+00   1.980468e-14   1.441936e-03   1.472792e-15   168
  2.479816e+00   2.185476e-14   1.571860e-03   1.160778e-15   456
  2.488014e+00   2.050795e-14   4.521123e-08   1.784438e-15   108
  2.492626e+00   1.763374e-14   1.577159e-03   1.114876e-15   264
  2.498378e+00   2.040344e-14   1.407083e-03   1.224882e-15   264
  2.506256e+00   1.701215e-14   1.327788e-03   9.630276e-16   312
  2.516065e+00   1.964305e-14   9.866910e-04   1.115681e-15   270
  2.520176e+00   1.928185e-14   1.252729e-03   1.296250e-15   240
  2.527567e+00   2.401386e-14   1.549783e-03   1.382743e-15   384
  2.532054e+00   2.058482e-14   5.086263e-08   1.558375e-15   192
  2.540769e+00   1.891192e-14   1.243495e-03   1.094452e-15   240
  2.545825e+00   1.877261e-14   1.534673e-03   8.910876e-16   336
  2.555333e+00   1.916219e-14   1.544942e-03   8.840724e-16   480
  2.563047e+00   2.039257e-14   3.390842e-08   2.033114e-15   72
  2.567356e+00   1.771707e-14   1.506459e-03   1.029155e-15   240
  2.573216e+00   1.961378e-14   1.415865e-03   1.179844e-15   312
  2.579934e+00   2.069971e-14   1.530210e-03   1.662640e-15   240
  2.590086e+00   1.816257e-14   1.162564e-03   1.022640e-15   408
  2.594104e+00   1.847010e-14   1.064628e-03   9.827726e-16   336
  2.601958e+00   1.758987e-14   1.351816e-03   1.215145e-15   264
  2.605818e+00   1.809398e-14   0.000000e+00   1.694561e-15   144
  2.616557e+00   1.708543e-14   1.873697e-03   8.408511e-16   464
  2.622215e+00   1.902327e-14   1.489973e-03   1.566600e-15   168
  2.627801e+00   1.836254e-14   1.357041e-03   1.308393e-15   336
  2.637897e+00   1.819690e-14   1.425837e-03   7.984693e-16   414
  2.643588e+00   1.740310e-14   1.484211e-03   1.235722e-15   216
  2.650879e+00   1.992576e-14   3.596531e-08   2.055893e-15   96
  2.653856e+00   1.698057e-14   8.809666e-08   7.881092e-16   384
  2.664284e+00   1.889664e-14   1.481344e-03   8.486166e-16   492
  2.669873e+00   1.981094e-14   1.448627e-03   1.197186e-15   240
  2.676189e+00   1.719760e-14   1.470864e-03   9.338422e-16   312
  2.684913e+00   1.386092e-14   1.470380e-03   8.105467e-16   192
  2.690439e+00   1.629281e-14   1.424976e-03   7.226252e-16   504
  2.697770e+00   1.705955e-14   9.433586e-04   8.711757e-16   408
  2.703542e+00   1.910038e-14   2.890096e-03   1.646440e-15   168
  2.710765e+00   1.810540e-14   1.372821e-03   1.000872e-15   288
  2.716826e+00   1.618382e-14   1.432656e-03   9.833373e-16   288
  2.723035e+00   1.649712e-14   1.440903e-03   9.447587e-16   432
  2.732042e+00   1.734144e-14   1.362614e-03   1.123075e-15   216
  2.736854e+00   1.535632e-14   1.359739e-03   7.416468e-16   360
  2.745421e+00   1.590290e-14   1.327092e-03   8.854881e-16   312
  2.753154e+00   1.553655e-14   0.000000e+00   2.216672e-15   48
  2.757611e+00   1.510898e-14   1.422834e-03   7.079183e-16   432
  2.765594e+00   1.446783e-14   2.373302e-03   7.128450e-16   414
  2.770308e+00   1.547267e-14   5.421333e-08   8.817440e-16   312
  2.779102e+00   1.486071e-14   2.082441e-03   6.610501e-16   528
  2.785037e+00   1.592141e-14   1.093105e-03   1.028141e-15   264
  2.792167e+00   1.614418e-14   1.296122e-03   7.157117e-16   480
  2.801483e+00   1.471288e-14   0.000000e+00   8.246702e-16   288
  2.805506e+00   1.660486e-14   1.392643e-03   1.257302e-15   168
  2.812867e+00   1.482929e-14   2.204550e-03   7.192131e-16   504
  2.821143e+00   1.510624e-14   3.390842e-08   1.429665e-15   144
  2.826350e+00   1.395600e-14   1.415850e-03   6.134617e-16   464
  2.834173e+00   1.288664e-14   2.077839e-03   6.247625e-16   432
  2.837886e+00   1.806030e-14   3.596531e-08   1.340880e-15   192
  2.847481e+00   1.289179e-14   1.540373e-03   6.663125e-16   396
  2.853147e+00   1.217512e-14   1.383680e-03   7.237113e-16   288
  2.858874e+00   1.455433e-14   1.366839e-03   7.382557e-16   336
  2.868021e+00   1.430584e-14   8.655099e-04   8.296707e-16   432
  2.873827e+00   1.319611e-14   2.243281e-03   6.343711e-16   360
  2.880345e+00   1.409532e-14   1.326934e-03   7.321782e-16   384
  2.889603e+00   1.512054e-14   1.171274e-03   1.104896e-15   198
  2.894063e+00   1.517220e-14   1.331357e-03   6.114647e-16   552
  2.902381e+00   1.315607e-14   1.863809e-03   6.934986e-16   432
  2.909325e+00   1.304637e-14   7.119285e-08   1.251070e-15   168
  2.915153e+00   1.528883e-14   2.310442e-03   8.966371e-16   480
  2.922863e+00   1.715960e-14   0.000000e+00   1.558742e-15   120
  2.926334e+00   1.339776e-14   1.887069e-03   7.667094e-16   336
  2.934802e+00   1.343032e-14   1.331298e-03   5.038130e-16   672
  2.943175e+00   1.369877e-14   1.936554e-03   6.276812e-16   528
  2.947075e+00   1.208145e-14   5.812872e-08   8.803392e-16   168
  2.956085e+00   1.244586e-14   2.160213e-03   6.238505e-16   456
  2.961583e+00   1.460356e-14   1.319260e-03   1.162405e-15   168
  2.967291e+00   1.283605e-14   1.316892e-03   5.596291e-16   504
  2.976778e+00   9.896147e-15   1.694638e-03   5.857079e-16   336
  2.982515e+00   1.172821e-14   1.221633e-03   6.828923e-16   312
  2.988879e+00   1.100272e-14   1.193619e-03   4.956298e-16   504
  2.997254e+00   1.261787e-14   8.281656e-04   6.264180e-16   432
  3.001192e+00   1.270018e-14   1.279790e-03   7.312441e-16   312
  3.009377e+00   1.210208e-14   1.311847e-03   6.017993e-16   384
  3.017923e+00   1.245875e-14   1.114566e-03   8.707680e-16   126
  3.023199e+00   1.341384e-14   1.956913e-03   6.269869e-16   492
  3.029938e+00   1.208738e-14   1.253405e-03   5.073938e-16   528
  3.038360e+00   1.131637e-14   1.273190e-03   5.454603e-16   480
  3.043581e+00   1.389247e-14   1.758905e-03   7.241015e-16   432
  3.051137e+00   1.200258e-14   1.383146e-03   7.586542e-16   440
  3.059913e+00   1.186616e-14   6.878330e-04   6.655508e-16   312
  3.063206e+00   9.748184e-15   1.030775e-03   4.514708e-16   480
  3.069960e+00   1.180706e-14   2.018238e-03   5.917176e-16   408
  3.079829e+00   1.301131e-14   1.208696e-03   6.592602e-16   360
  3.083998e+00   1.056210e-14   1.166348e-03   5.046099e-16   408
  3.091725e+00   9.199046e-15   1.186907e-03   4.376157e-16   456
  3.100425e+00   9.894338e-15   1.134390e-03   6.943938e-16   264
  3.105254e+00   1.143654e-14   1.231098e-03   5.554546e-16   384
  3.112283e+00   1.054637e-14   2.072640e-03   4.193751e-16   672
  3.120409e+00   1.146174e-14   1.239707e-03   7.960631e-16   240
  3.125099e+00   9.488491e-15   1.257992e-03   5.350049e-16   264
  3.131717e+00   8.962531e-15   1.551526e-03   3.537189e-16   624
  3.141593e+00   9.016197e-15   0.000000e+00   6.641094e-16   150
  3.145109e+00   1.119900e-14   1.738607e-03   4.973678e-16   600
  3.152524e+00   1.104130e-14   1.199942e-03   4.567560e-16   672
  3.160921e+00   9.920587e-15   1.128630e-03   5.479627e-16   336
  3.165599e+00   1.158449e-14   1.227621e-03   6.256075e-16   408
  3.173072e+00   1.071376e-14   1.224729e-03   6.684041e-16   408
  3.181385e+00   1.111580e-14   6.192886e-04   5.925185e-16   360
  3.186510e+00   1.070170e-14   2.273829e-03   5.896575e-16   456
  3.192699e+00   9.827347e-15   1.236522e-03   6.263757e-16   384
  3.200577e+00   9.197583e-15   1.141466e-03   4.575219e-16   348
  3.204835e+00   1.095920e-14   1.407202e-03   4.942092e-16   576
  3.212832e+00   9.930976e-15   1.158646e-03   4.653536e-16   504
  3.221013e+00   9.625971e-15   1.634203e-03   4.972165e-16   432
  3.228154e+00   9.748918e-15   2.223325e-03   4.547276e-16   576
  3.233247e+00   1.042835e-14   0.000000e+00   6.710898e-16   264
  3.241325e+00   8.886102e-15   1.769212e-03   3.285861e-16   768
  3.248351e+00   8.466127e-15   2.381921e-03   5.655027e-16   240
  3.253937e+00   1.105826e-14   2.100629e-03   8.472353e-16   192
  3.262073e+00   9.480238e-15   1.546319e-03   3.606858e-16   504
  3.268108e+00   9.841477e-15   2.083724e-03   4.538204e-16   590
  3.273894e+00   9.981783e-15   2.334698e-03   5.701256e-16   384
  3.281151e+00   9.406581e-15   1.951120e-03   4.445886e-16   504
  3.289911e+00   1.005203e-14   1.877651e-03   4.356815e-16   648
  3.298409e+00   8.048831e-15   5.099453e-04   4.090752e-16   504
  3.301835e+00   9.780142e-15   1.163281e-03   5.286799e-16   312
  3.307884e+00   8.278210e-15   1.676002e-03   4.724613e-16   576
  3.316189e+00   1.152448e-14   1.166339e-03   7.078400e-16   240
  3.321030e+00   8.008669e-15   1.178530e-03   3.731967e-16   552
  3.327882e+00   8.556325e-15   1.106612e-03   3.641614e-16   600
  3.337643e+00   8.385771e-15   1.351639e-03   3.581471e-16   600
  3.343511e+00   7.901959e-15   2.164544e-03   4.907315e-16   312
  3.349356e+00   9.563631e-15   1.885103e-03   4.288923e-16   480
  3.356656e+00   8.102831e-15   1.176123e-03   3.292474e-16   576
  3.363084e+00   8.478232e-15   1.893814e-03   4.747628e-16   408
  3.368787e+00   6.712482e-15   2.209222e-03   4.502171e-16   216
  3.376156e+00   8.068893e-15   1.692015e-03   3.787419e-16   516
  3.384050e+00   8.036200e-15   1.614354e-03   3.104677e-16   744
  3.392194e+00   1.015373e-14   1.078246e-03   5.145115e-16   462
  3.396796e+00   7.224136e-15   1.095881e-03   4.244563e-16   432
  3.403934e+00   8.891303e-15   1.016670e-03   3.854027e-16   648
  3.412327e+00   8.069925e-15   1.487578e-03   3.872066e-16   528
  3.419069e+00   8.446606e-15   1.791415e-03   3.973833e-16   600
  3.425805e+00   8.608730e-15   2.258506e-03   6.293650e-16   240
  3.432329e+00   8.193749e-15   1.729994e-03   3.407710e-16   720
  3.439912e+00   8.177323e-15   1.368738e-03   2.994616e-16   720
  3.448318e+00   7.309555e-15   0.000000e+00   5.972032e-16   144
  3.452742e+00   8.437673e-15   1.764713e-03   3.627196e-16   720
  3.459035e+00   8.113652e-15   1.058157e-03   5.130864e-16   384
  3.466913e+00   8.037126e-15   1.173023e-03   3.213612e-16   672
  3.474387e+00   8.267056e-15   2.053834e-03   4.440179e-16   336
  3.477957e+00   8.198491e-15   0.000000e+00   5.888556e-16   288
  3.486699e+00   7.074221e-15   1.625472e-03   2.904218e-16   776
  3.494792e+00   6.648046e-15   1.390838e-03   2.651236e-16   720
  3.501588e+00   6.882224e-15   1.120422e-03   3.188543e-16   432
  3.507024e+00   8.348741e-15   1.597303e-03   4.392949e-16   504
  3.513071e+00   6.985750e-15   1.119137e-03   2.959928e-16   528
  3.521533e+00   7.366665e-15   1.524759e-03   3.988087e-16   438
  3.528495e+00   8.051096e-15   1.774680e-03   3.606433e-16   624
  3.533741e+00   7.874390e-15   2.173744e-03   4.697612e-16   312
  3.540952e+00   8.309701e-15   1.171159e-03   3.370714e-16   696
  3.548410e+00   7.555123e-15   1.059686e-03   3.872898e-16   552
  3.556166e+00   7.708372e-15   8.198436e-04   4.555343e-16   516
  3.560964e+00   8.158601e-15   1.637576e-03   3.935802e-16   528
  3.566805e+00   5.932402e-15   1.064960e-03   2.805287e-16   528
  3.575102e+00   7.074459e-15   1.404467e-03   2.861456e-16   864
  3.580734e+00   7.395695e-15   1.923830e-03   4.040076e-16   408
  3.586372e+00   8.850488e-15   1.906039e-03   8.309053e-16   192
  3.594362e+00   6.279483e-15   1.577339e-03   2.662504e-16   720
  3.601108e+00   6.779271e-15   1.454384e-03   2.770285e-16   696
  3.609123e+00   6.979124e-15   1.570748e-03   3.026750e-16   720
  3.616456e+00   7.906717e-15   2.128961e-03   4.309802e-16   432
  3.620733e+00   6.321490e-15   1.253189e-03   3.728361e-16   264
  3.628427e+00   7.200712e-15   1.730599e-03   3.108319e-16   672
  3.635310e+00   6.485933e-15   1.771868e-03   3.671517e-16   600
  3.643477e+00   5.336637e-15   1.037427e-03   3.722803e-16   270
  3.647594e+00   6.388214e-15   1.561617e-03   3.554730e-16   528
  3.654138e+00   6.912337e-15   1.069340e-03   3.233244e-16   840
  3.663112e+00   7.966860e-15   2.044769e-03   3.537946e-16   888
  3.671403e+00   6.226969e-15   1.523504e-03   2.576883e-16   744
  3.678411e+00   6.675252e-15   7.828584e-04   4.008569e-16   456
  3.681896e+00   7.455923e-15   1.069824e-03   4.420821e-16   360
  3.687860e+00   6.553237e-15   9.269427e-04   4.127287e-16   384
  3.697011e+00   6.408299e-15   1.486807e-03   2.522722e-16   816
  3.703877e+00   5.960968e-15   2.157150e-03   2.445656e-16   824
  3.712223e+00   6.283114e-15   1.002746e-03   3.458402e-16   360
  3.716692e+00   6.374927e-15   1.479676e-03   2.932407e-16   624
  3.722842e+00   7.363316e-15   9.998850e-04   4.392997e-16   360
  3.731036e+00   6.345183e-15   1.360137e-03   2.310054e-16   876
  3.738436e+00   6.108639e-15   1.615436e-03   2.594059e-16   696
  3.745899e+00   5.863285e-15   1.043143e-03   3.697698e-16   336
  3.749811e+00   6.453610e-15   1.041971e-03   3.839621e-16   504
  3.756273e+00   6.208555e-15   1.051000e-03   3.389738e-16   672
  3.765859e+00   5.584263e-15   2.092296e-03   2.247690e-16   720
  3.772508e+00   6.666739e-15   1.580506e-03   3.076690e-16   774
  3.779846e+00   8.393358e-15   9.046409e-04   6.123286e-16   384
  3.783690e+00   6.602585e-15   1.740917e-03   3.689267e-16   528
  3.789655e+00   6.639767e-15   1.659191e-03   3.850647e-16   744
  3.799249e+00   6.632722e-15   1.368481e-03   2.701083e-16   768
  3.805620e+00   7.050714e-15   1.536223e-03   5.223915e-16   552
  3.813568e+00   6.097143e-15   1.674309e-03   3.073550e-16   696
  3.819481e+00   7.666300e-15   2.034577e-03   5.130582e-16   408
  3.824174e+00   6.599030e-15   8.789532e-04   3.529304e-16   504
  3.831615e+00   6.069317e-15   1.579007e-03   2.313665e-16   888
  3.838937e+00   5.642549e-15   1.641044e-03   2.746314e-16   648
  3.846547e+00   5.978701e-15   1.626978e-03   2.955105e-16   648
  3.853707e+00   5.918634e-15   1.754281e-03   2.659279e-16   792
  3.861291e+00   5.749854e-15   2.566633e-03   3.037081e-16   600
  3.866880e+00   4.995812e-15   1.739428e-03   2.707256e-16   456
  3.872762e+00   6.162468e-15   8.477229e-04   3.083214e-16   648
  3.880317e+00   5.518261e-15   1.653183e-03   2.232026e-16   936
  3.888474e+00   6.187815e-15   1.015268e-03   3.307077e-16   384
  3.895575e+00   6.357741e-15   0.000000e+00   6.678737e-16   198
  3.901055e+00   5.787715e-15   2.575821e-03   2.410307e-16   1224
  3.906966e+00   7.459580e-15   1.875990e-03   4.719470e-16   420
  3.913957e+00   5.525233e-15   1.815566e-03   2.093428e-16   792
  3.920793e+00   6.648626e-15   1.501318e-03   3.628177e-16   680
  3.928594e+00   6.296154e-15   1.378581e-03   3.687991e-16   600
  3.934870e+00   5.623441e-15   1.999321e-03   2.498304e-16   840
  3.943251e+00   6.466369e-15   9.439865e-04   3.730298e-16   432
  3.946454e+00   6.737539e-15   8.846397e-04   3.995860e-16   720
  3.953417e+00   5.594787e-15   1.771778e-03   2.161242e-16   960
  3.962077e+00   5.852788e-15   1.579411e-03   3.689568e-16   528
  3.968405e+00   5.604345e-15   1.614459e-03   3.003012e-16   624
  3.975938e+00   6.034981e-15   1.268954e-03   2.983212e-16   816
  3.983415e+00   5.561555e-15   2.086821e-03   2.560159e-16   696
  3.991678e+00   6.270656e-15   1.150890e-07   4.681811e-16   240
  3.994784e+00   5.717464e-15   1.230648e-03   3.582134e-16   672
  4.001719e+00   4.932727e-15   2.199344e-03   1.978429e-16   864
  4.009498e+00   4.621799e-15   1.687640e-03   1.895970e-16   816
  4.016509e+00   5.107384e-15   9.659469e-04   2.881403e-16   648
  4.024060e+00   5.808105e-15   9.873737e-04   2.438179e-16   843
  4.030471e+00   5.128771e-15   1.776528e-03   2.275725e-16   780
  4.038111e+00   5.632675e-15   9.532520e-04   5.330603e-16   216
  4.042823e+00   5.551675e-15   2.298663e-03   2.158693e-16   1056
  4.050071e+00   5.591727e-15   1.880564e-03   7.442253e-16   228
  4.056781e+00   5.650426e-15   2.341349e-03   2.409510e-16   924
  4.063670e+00   4.950613e-15   8.685094e-04   2.746340e-16   696
  4.070964e+00   5.304789e-15   1.545698e-03   1.997494e-16   996
  4.078428e+00   4.419291e-15   9.125493e-04   1.892785e-16   576
  4.086192e+00   5.070400e-15   1.408459e-03   3.520313e-16   552
  4.091852e+00   5.764611e-15   1.681651e-03   3.352542e-16   516
  4.097596e+00   5.589851e-15   2.445470e-03   2.244535e-16   744
  4.104159e+00   3.886654e-15   1.199649e-03   1.933738e-16   576
  4.109868e+00   4.436146e-15   1.234742e-03   1.918088e-16   792
  4.117982e+00   4.410050e-15   1.411539e-03   1.978839e-16   792
  4.123927e+00   5.118320e-15   1.522330e-03   2.363807e-16   720
  4.131968e+00   4.618876e-15   1.735107e-03   2.147489e-16   656
  4.139503e+00   4.354978e-15   1.894646e-03   1.656845e-16   816
  4.147227e+00   4.610911e-15   1.021561e-03   2.758905e-16   492
  4.151618e+00   4.599020e-15   1.469588e-03   2.341797e-16   552
  4.159858e+00   4.175640e-15   2.555435e-03   1.914099e-16   780
  4.165209e+00   4.089028e-15   1.569773e-03   2.150009e-16   528
  4.170975e+00   4.042223e-15   1.832403e-03   1.997807e-16   600
  4.179472e+00   4.566509e-15   1.522872e-03   1.701002e-16   900
  4.185329e+00   4.213240e-15   8.430879e-04   2.073601e-16   696
  4.193388e+00   4.098626e-15   2.131780e-03   2.025226e-16   696
  4.201183e+00   3.378037e-15   8.648430e-04   1.407947e-16   552
  4.207739e+00   4.249553e-15   1.005732e-03   2.552759e-16   708
  4.214606e+00   4.221397e-15   1.660522e-03   1.789544e-16   876
  4.221752e+00   4.875640e-15   8.817041e-04   4.086926e-16   216
  4.226547e+00   4.153690e-15   2.411580e-03   1.398256e-16   1032
  4.233729e+00   3.429989e-15   2.685028e-03   1.728192e-16   600
  4.241182e+00   3.302778e-15   1.281196e-03   2.136499e-16   600
  4.246868e+00   4.614067e-15   2.262472e-03   2.511160e-16   528
  4.253589e+00   3.718587e-15   1.241998e-03   1.679632e-16   732
  4.260669e+00   3.904554e-15   9.171027e-04   2.025437e-16   336
  4.268820e+00   3.512241e-15   1.307053e-03   1.427985e-16   912
  4.274911e+00   3.146467e-15   1.311885e-03   1.471240e-16   624
  4.281565e+00   3.555404e-15   1.105498e-03   1.541713e-16   768
  4.289333e+00   3.457135e-15   1.994537e-03   1.352597e-16   792
  4.296957e+00   3.800967e-15   9.888090e-04   1.798253e-16   660
  4.302382e+00   3.408908e-15   1.457169e-03   2.739267e-16   504
  4.307992e+00   3.228653e-15   2.380735e-03   1.408006e-16   480
  4.316401e+00   3.010916e-15   2.201870e-03   1.038187e-16   912
  4.322985e+00   3.731884e-15   2.452123e-03   2.372048e-16   432
  4.329203e+00   3.612173e-15   1.456013e-03   1.939518e-16   564
  4.334724e+00   3.400637e-15   1.393605e-03   1.670087e-16   600
  4.342496e+00   3.690037e-15   1.942553e-03   1.432011e-16   876
  4.348334e+00   3.622621e-15   8.734307e-04   2.423605e-16   264
  4.356382e+00   3.268864e-15   1.694799e-03   1.606100e-16   560
  4.362850e+00   3.099825e-15   1.151652e-03   1.173169e-16   840
  4.370702e+00   2.652615e-15   1.775516e-03   9.294988e-17   1008
  4.377963e+00   2.390990e-15   7.942467e-04   1.128711e-16   456
  4.384595e+00   3.290160e-15   1.028834e-03   1.590832e-16   576
  4.390725e+00   3.229813e-15   1.580913e-03   1.420702e-16   612
  4.398809e+00   2.938030e-15   1.412012e-03   1.209462e-16   780
  4.405404e+00   2.707047e-15   1.618102e-03   1.039034e-16   648
  4.412155e+00   2.447022e-15   7.540562e-04   1.406658e-16   312
  4.416470e+00   2.980673e-15   1.915933e-03   1.745535e-16   528
  4.423945e+00   2.733336e-15   2.502113e-03   1.016505e-16   720
  4.431093e+00   2.785579e-15   2.509948e-03   1.449681e-16   576
  4.439759e+00   2.718673e-15   2.165154e-03   1.507081e-16   444
  4.445151e+00   2.968806e-15   2.123318e-03   1.042454e-16   996
  4.451759e+00   2.897451e-15   1.773610e-03   1.644567e-16   432
  4.458005e+00   2.877445e-15   1.941754e-03   1.490131e-16   504
  4.463400e+00   2.382329e-15   8.754449e-04   1.119981e-16   504
  4.471082e+00   2.881879e-15   1.722886e-03   1.087385e-16   876
  4.478033e+00   2.723503e-15   1.982878e-03   1.462286e-16   504
  4.485271e+00   2.324890e-15   1.264576e-03   1.018049e-16   696
  4.491253e+00   2.660396e-15   1.081079e-03   1.315882e-16   492
  4.499392e+00   2.692187e-15   1.547618e-03   1.509429e-16   432
  4.505420e+00   2.733747e-15   1.449174e-03   1.113402e-16   768
  4.512567e+00   2.542056e-15   1.805141e-03   1.065561e-16   648
  4.519390e+00   2.152497e-15   1.177661e-03   8.978773e-17   456
  4.527231e+00   2.377622e-15   1.619475e-03   1.171546e-16   552
  4.532676e+00   2.364416e-15   1.109989e-03   1.152719e-16   648
  4.540170e+00   2.262580e-15   1.809220e-03   8.254312e-17   840
  4.547491e+00   2.421950e-15   8.627791e-04   1.167950e-16   432
  4.554820e+00   2.341595e-15   1.056757e-03   1.116053e-16   600
  4.559917e+00   2.289129e-15   1.125905e-03   1.162014e-16   432
  4.568479e+00   2.207640e-15   1.120948e-03   9.361455e-17   560
  4.574277e+00   1.965372e-15   1.774344e-03   7.477628e-17   840
  4.581537e+00   2.285347e-15   1.050970e-03   1.075662e-16   504
  4.587303e+00   2.056184e-15   2.144966e-03   8.824282e-17   696
  4.595432e+00   2.187851e-15   1.171504e-03   1.268422e-16   384
  4.601763e+00   2.130669e-15   1.716116e-03   8.570882e-17   576
  4.609420e+00   2.429451e-15   1.059101e-03   1.766009e-16   360
  4.615593e+00   2.254251e-15   1.577258e-03   8.485481e-17   828
  4.622251e+00   1.897962e-15   1.404841e-03   1.076495e-16   372
  4.628352e+00   2.257122e-15   2.145462e-03   1.114749e-16   576
  4.636434e+00   2.256934e-15   8.985170e-04   8.557293e-17   636
  4.642192e+00   2.097818e-15   1.732109e-03   9.567731e-17   648
  4.649981e+00   1.881124e-15   1.408015e-03   8.276560e-17   576
  4.655573e+00   1.741453e-15   2.271277e-03   8.387443e-17   528
  4.663010e+00   1.888962e-15   9.710647e-04   1.031984e-16   360
  4.669165e+00   1.988043e-15   2.233813e-03   7.730105e-17   672
  4.677203e+00   1.984089e-15   1.144196e-03   7.478654e-17   804
  4.683893e+00   2.166172e-15   1.262185e-03   1.154164e-16   408
  4.691293e+00   2.073420e-15   7.801673e-04   1.186604e-16   384
  4.696276e+00   1.709071e-15   1.785323e-03   9.716750e-17   480
  4.703304e+00   1.834769e-15   1.153580e-03   1.075875e-16   432
  4.710045e+00   2.302939e-15   2.125802e-03   1.018644e-16   648
  4.718024e+00   1.905427e-15   1.319050e-03   7.131775e-17   624
  4.723861e+00   1.995401e-15   1.199787e-03   9.491135e-17   456
  4.731831e+00   1.846943e-15   1.639016e-03   7.833058e-17   588
  4.737172e+00   1.891586e-15   1.045685e-03   7.935081e-17   600
  4.744970e+00   1.861239e-15   1.631013e-03   8.373677e-17   708
  4.751130e+00   2.116086e-15   1.027507e-03   1.239498e-16   360
  4.757936e+00   1.663692e-15   1.181146e-03   7.459004e-17   552
  4.764461e+00   1.596586e-15   8.286020e-04   9.898986e-17   288
  4.771085e+00   1.858946e-15   1.557998e-03   8.713025e-17   528
  4.777309e+00   2.049136e-15   1.051098e-03   9.668788e-17   456
  4.784262e+00   1.787026e-15   1.863824e-03   8.751866e-17   608
  4.791256e+00   1.608569e-15   9.017389e-04   7.217651e-17   504
  4.798898e+00   1.370249e-15   1.935982e-03   6.215022e-17   540
  4.804891e+00   2.087469e-15   2.078222e-03   1.215282e-16   360
  4.811350e+00   1.711477e-15   9.411255e-04   7.713187e-17   540
  4.817063e+00   1.553943e-15   8.080679e-04   6.767910e-17   576
  4.825371e+00   1.599879e-15   1.873635e-03   6.312273e-17   588
  4.833270e+00   1.643224e-15   2.585051e-03   7.332005e-17   672
  4.840056e+00   1.906674e-15   1.975777e-03   9.277916e-17   552
  4.845526e+00   1.572010e-15   1.976776e-03   1.428576e-16   144
  4.852507e+00   1.542729e-15   1.679474e-03   5.642569e-17   600
  4.859125e+00   1.327904e-15   2.104747e-03   6.760979e-17   504
  4.866470e+00   1.346342e-15   2.162000e-03   8.611370e-17   336
  4.874196e+00   1.493851e-15   2.430098e-03   6.431694e-17   600
  4.881116e+00   1.505411e-15   1.568306e-03   6.806186e-17   636
  4.888585e+00   1.436127e-15   1.260932e-03   7.998400e-17   384
  4.893821e+00   1.574706e-15   1.758851e-03   7.274146e-17   504
  4.901368e+00   1.580152e-15   7.381651e-04   9.314153e-17   240
  4.907324e+00   1.663235e-15   1.734055e-03   6.313351e-17   744
  4.914470e+00   1.469637e-15   1.184096e-03   5.676617e-17   648
  4.920821e+00   2.015096e-15   7.860381e-04   1.793588e-16   120
  4.928265e+00   1.321978e-15   1.234764e-03   5.696314e-17   564
  4.933890e+00   1.571882e-15   1.939271e-03   7.837269e-17   432
  4.941396e+00   1.339304e-15   1.505258e-03   6.658095e-17   480
  4.947049e+00   1.249518e-15   1.107908e-03   5.351190e-17   456
  4.953721e+00   1.494980e-15   1.833424e-03   7.252635e-17   444
  4.961293e+00   1.264291e-15   2.805235e-03   5.840559e-17   528
  4.967944e+00   1.532210e-15   2.083390e-03   1.010690e-16   264
  4.974399e+00   1.307437e-15   2.135165e-03   6.759820e-17   444
  4.983082e+00   1.404751e-15   2.338759e-03   5.235123e-17   696
  4.990289e+00   1.332264e-15   1.250847e-03   7.048982e-17   384
  4.995560e+00   1.412906e-15   1.580550e-03   7.286280e-17   432
  5.003759e+00   1.456527e-15   1.092086e-03   6.824585e-17   488
  5.009082e+00   1.352433e-15   1.645909e-03   5.749351e-17   480
  5.016800e+00   1.258226e-15   1.835529e-03   6.806618e-17   480
  5.022777e+00   1.133094e-15   7.701318e-04   6.974066e-17   240
  5.029563e+00   1.359701e-15   1.798967e-03   5.920566e-17   600
  5.035964e+00   1.116978e-15   1.567616e-03   7.023137e-17   288
  5.042780e+00   1.422838e-15   1.507931e-03   7.027579e-17   480
  5.049682e+00   1.130859e-15   2.682341e-03   5.470591e-17   504
  5.056479e+00   1.208276e-15   1.150891e-03   8.607895e-17   216
  5.065146e+00   1.232921e-15   1.884192e-03   5.608247e-17   504
  5.071897e+00   1.240214e-15   1.515464e-03   6.478467e-17   456
  5.079286e+00   1.353692e-15   8.691442e-04   8.722920e-17   384
  5.084180e+00   1.365222e-15   1.764049e-03   7.336728e-17   480
  5.091134e+00   1.366116e-15   1.549032e-03   7.480012e-17   504
  5.097578e+00   1.263844e-15   9.826093e-04   8.403776e-17   312
  5.104521e+00   1.287732e-15   1.583441e-03   6.247597e-17   492
  5.110667e+00   1.419577e-15   1.484108e-03   8.077712e-17   312
  5.118579e+00   1.064665e-15   2.410815e-03   5.563996e-17   576
  5.125543e+00   1.167558e-15   2.225378e-03   6.067570e-17   336
  5.131328e+00   9.757626e-16   1.713438e-03   6.844017e-17   240
  5.139346e+00   1.125877e-15   2.271584e-03   5.436093e-17   468
  5.146270e+00   1.082180e-15   1.422340e-03   6.953029e-17   192
  5.153517e+00   1.025127e-15   1.426580e-03   6.597172e-17   324
  5.158828e+00   1.147231e-15   1.035388e-03   5.434214e-17   600
  5.166066e+00   1.356370e-15   1.679811e-03   6.445879e-17   456
  5.171442e+00   1.231688e-15   7.555789e-04   6.902196e-17   336
  5.180350e+00   1.207231e-15   2.262417e-03   5.026516e-17   612
  5.186832e+00   9.756088e-16   1.898719e-03   1.004451e-16   144
  5.192961e+00   1.347558e-15   2.216292e-03   6.522121e-17   552
  5.201296e+00   9.799563e-16   8.728032e-04   6.694504e-17   264
  5.206006e+00   1.073263e-15   2.020762e-03   6.737633e-17   336
  5.213435e+00   9.363478e-16   1.335250e-03   5.768516e-17   384
  5.219878e+00   1.145687e-15   7.516140e-04   8.057795e-17   216
  5.227010e+00   9.428580e-16   1.593577e-03   5.750359e-17   344
  5.233513e+00   9.682157e-16   2.377692e-03   4.861237e-17   408
  5.241438e+00   9.476421e-16   1.827101e-03   6.432153e-17   264
  5.248460e+00   1.085971e-15   2.547069e-03   4.923103e-17   612
  5.255476e+00   1.244886e-15   1.310917e-03   6.282305e-17   408
  5.262692e+00   1.016632e-15   1.312801e-03   5.164749e-17   444
  5.267993e+00   1.586703e-15   7.342396e-04   1.410255e-16   120
  5.275096e+00   1.132083e-15   2.028570e-03   7.090836e-17   336
  5.280368e+00   9.529681e-16   7.049199e-04   5.781630e-17   288
  5.287493e+00   8.978577e-16   2.193723e-03   4.206926e-17   552
  5.297288e+00   1.318262e-15   0.000000e+00   1.856634e-16   72
  5.302324e+00   9.803568e-16   2.178926e-03   4.799935e-17   504
  5.308207e+00   8.601742e-16   7.011571e-04   5.277893e-17   216
  5.315829e+00   9.227311e-16   1.251868e-03   7.247812e-17   312
  5.322672e+00   7.952816e-16   1.425448e-03   4.360665e-17   336
  5.329194e+00   9.752248e-16   1.975831e-03   7.115288e-17   204
  5.335689e+00   1.144529e-15   2.296216e-03   5.599791e-17   504
  5.342577e+00   1.200288e-15   2.186657e-03   6.825302e-17   396
  5.349201e+00   1.209449e-15   2.005279e-03   7.767460e-17   312
  5.357232e+00   1.256323e-15   1.225440e-03   9.114267e-17   216
  5.362890e+00   1.010506e-15   6.650698e-04   7.177037e-17   168
  5.369766e+00   9.409399e-16   1.679338e-03   3.891088e-17   588
  5.377613e+00   7.835209e-16   2.279505e-03   5.577771e-17   240
  5.383710e+00   8.892538e-16   2.013185e-03   8.168671e-17   264
  5.390860e+00   9.478054e-16   2.489717e-03   6.347317e-17   288
  5.397204e+00   9.740794e-16   1.243261e-03   6.283424e-17   288
  5.405244e+00   8.759429e-16   1.167620e-03   5.844824e-17   288
  5.410658e+00   8.417083e-16   1.352591e-03   5.410028e-17   192
  5.417469e+00   7.442025e-16   1.439292e-03   4.326918e-17   264
  5.423957e+00   1.177369e-15   2.367436e-03   6.350233e-17   372
  5.430940e+00   1.065654e-15   2.556933e-03   5.759593e-17   360
  5.439463e+00   1.105355e-15   1.082118e-03   8.354491e-17   144
  5.443868e+00   9.333008e-16   1.503015e-03   8.321999e-17   296
  5.450821e+00   7.716043e-16   1.619421e-03   4.557773e-17   288
  5.458782e+00   9.045231e-16   2.420184e-03   3.973859e-17   480
  5.465649e+00   7.708618e-16   2.010942e-03   6.238061e-17   192
  5.472326e+00   8.823382e-16   2.157009e-03   6.385222e-17   192
  5.478395e+00   7.730856e-16   1.374687e-03   5.424213e-17   288
  5.486835e+00   6.560699e-16   1.196646e-03   6.677428e-17   108
  5.491087e+00   1.026757e-15   1.150429e-03   7.527797e-17   240
  5.498595e+00   7.718828e-16   2.146152e-03   4.762381e-17   384
  5.506307e+00   9.931678e-16   2.618062e-03   9.627911e-17   108
  5.513127e+00   1.140749e-15   1.535018e-03   7.098399e-17   348
  5.520298e+00   1.001321e-15   1.602006e-03   7.548004e-17   312
  5.526703e+00   1.147176e-15   1.556684e-03   1.221471e-16   96
  5.532593e+00   8.664791e-16   2.072444e-03   5.068229e-17   384
  5.539190e+00   8.727071e-16   1.425422e-03   9.091518e-17   144
  5.545642e+00   8.198458e-16   2.190224e-03   4.775844e-17   408
  5.553663e+00   7.274143e-16   9.769946e-04   7.250460e-17   144
  5.561240e+00   7.120825e-16   1.878283e-03   6.044903e-17   192
  5.565734e+00   1.059282e-15   2.114042e-03   8.150977e-17   144
  5.573059e+00   5.637750e-16   1.718794e-03   5.518067e-17   144
  5.579969e+00   7.637642e-16   2.100644e-03   4.158084e-17   336
  5.588433e+00   7.274230e-16   1.554210e-03   3.835765e-17   240
  5.593800e+00   5.890801e-16   7.057532e-04   7.018382e-17   96
  5.601284e+00   8.500189e-16   2.069634e-03   5.591782e-17   372
  5.608856e+00   7.401865e-16   2.461786e-03   6.480382e-17   132
  5.615507e+00   6.394568e-16   1.523323e-03   4.299387e-17   264
  5.621457e+00   7.704101e-16   1.169843e-03   6.730334e-17   168
  5.627807e+00   8.327997e-16   1.870354e-03   8.076998e-17   216
  5.633417e+00   7.640562e-16   1.144306e-03   5.865539e-17   216
  5.641586e+00   6.851074e-16   2.099325e-03   5.894283e-17   96
  5.648999e+00   7.263418e-16   1.369618e-03   1.030963e-16   120
  5.655797e+00   7.098271e-16   1.741170e-03   5.657394e-17   216
  5.661397e+00   6.776083e-16   7.608972e-04   4.961326e-17   200
  5.668812e+00   6.768282e-16   1.969636e-03   4.290364e-17   288
  5.678322e+00   5.123421e-16   5.182495e-04   3.782851e-17   144
  5.682326e+00   7.067454e-16   1.612761e-03   7.100104e-17   168
  5.690504e+00   5.864237e-16   1.815012e-03   5.337451e-17   159
  5.696887e+00   6.361533e-16   1.904384e-03   5.602657e-17   174
  5.703065e+00   7.394278e-16   1.726829e-03   6.720346e-17   144
  5.711154e+00   6.070205e-16   9.971188e-04   3.995832e-17   222
  5.716564e+00   5.815273e-16   1.006181e-03   4.100272e-17   168
  5.725909e+00   7.029324e-16   2.206942e-03   1.122070e-16   30
  5.729769e+00   4.801838e-16   1.948567e-03   7.483269e-17   72
  5.737039e+00   6.437753e-16   1.739073e-03   4.792369e-17   258
  5.745032e+00   5.938434e-16   1.089226e-03   3.515174e-17   264
  5.749029e+00   6.118072e-16   1.174622e-07   8.666092e-17   72
  5.757357e+00   4.112347e-16   2.158892e-03   3.154593e-17   174
  5.764898e+00   5.185854e-16   2.298822e-03   4.245591e-17   168
  5.770961e+00   5.680501e-16   7.193062e-08   6.216988e-17   48
  5.777470e+00   4.945595e-16   1.298199e-03   3.910343e-17   150
  5.785016e+00   6.424507e-16   2.388130e-03   5.281278e-17   168
  5.792583e+00   4.934844e-16   1.454738e-03   4.535109e-17   144
  5.799541e+00   5.943420e-16   1.359056e-03   5.060457e-17   102
  5.804724e+00   5.552167e-16   2.011636e-03   5.657439e-17   96
  5.812948e+00   4.456048e-16   1.996414e-03   4.144645e-17   120
  5.819038e+00   5.471319e-16   2.141206e-03   4.112628e-17   168
  5.825625e+00   8.136807e-16   1.581111e-03   7.852062e-17   126
  5.831237e+00   5.949045e-16   1.192474e-03   4.419792e-17   168
  5.838969e+00   5.111159e-16   1.912134e-03   5.801279e-17   72
  5.845726e+00   5.145179e-16   2.394418e-03   3.356033e-17   168
  5.851646e+00   5.984722e-16   6.564276e-04   5.667085e-17   78
  5.859757e+00   5.477097e-16   1.077805e-03   6.333703e-17   60
  5.866288e+00   6.794251e-16   1.748374e-03   7.252995e-17   96
  5.873062e+00   4.854914e-16   2.121507e-03   3.215793e-17   168
  5.879428e+00   4.189651e-16   1.342407e-03   4.111828e-17   86
  5.886107e+00   4.126446e-16   1.199794e-03   3.888495e-17   120
  5.895681e+00   4.971505e-16   8.556122e-04   3.654401e-17   168
  5.900844e+00   4.907774e-16   0.000000e+00   6.449003e-17   48
  5.907798e+00   6.410021e-16   1.558833e-03   5.577821e-17   120
  5.911793e+00   5.207532e-16   1.137231e-03   4.256619e-17   126
  5.921548e+00   5.241241e-16   2.000073e-03   6.701355e-17   96
  5.927878e+00   4.405748e-16   5.767223e-04   3.474679e-17   96
  5.932871e+00   6.067114e-16   6.781684e-08   7.110819e-17   72
  5.943508e+00   4.008425e-16   7.193062e-08   5.572585e-17   24
  5.950147e+00   5.729047e-16   1.186881e-03   6.836882e-17   120
  5.955326e+00   5.184766e-16   1.731294e-03   4.357232e-17   126
  5.961084e+00   4.508311e-16   1.443268e-03   4.241640e-17   96
  5.967813e+00   3.533218e-16   2.494389e-03   3.931479e-17   72
  5.975306e+00   4.515352e-16   1.078907e-03   3.149239e-17   144
  5.981469e+00   4.638473e-16   6.222882e-04   8.377119e-17   72
  5.987626e+00   4.449310e-16   1.242932e-03   4.226898e-17   54
  5.993045e+00   4.270366e-16   1.095319e-03   5.473018e-17   108
  6.004306e+00   3.015216e-16   1.073696e-03   2.957308e-17   72
  6.007812e+00   4.159778e-16   6.195595e-04   5.129152e-17   72
  6.016129e+00   4.487891e-16   1.245875e-07   1.136673e-16   24
  6.023999e+00   3.212585e-16   1.310705e-03   3.928379e-17   48
  6.028777e+00   3.794108e-16   9.984188e-04   4.118109e-17   102
  6.035970e+00   4.028328e-16   2.258008e-03   3.002769e-17   168
  6.045369e+00   3.363784e-16   1.231465e-03   2.823966e-17   72
  6.048851e+00   4.415311e-16   0.000000e+00   6.997756e-17   48
  6.056156e+00   5.172965e-16   2.118194e-03   4.848870e-17   120
  6.065796e+00   4.318896e-16   1.301673e-03   4.041426e-17   96
  6.074901e+00   3.654256e-16   1.150890e-07   4.336142e-17   30
  6.085723e+00   4.659920e-16   6.115837e-04   5.457469e-17   72
  6.090478e+00   4.551840e-16   7.193062e-08   5.068847e-17   24
  6.096586e+00   3.505750e-16   9.065181e-04   3.694320e-17   56
  6.103428e+00   3.291573e-16   1.293647e-03   2.742683e-17   96
  6.111616e+00   2.945604e-16   1.428503e-03   2.724169e-17   144
  6.117928e+00   3.629625e-16   8.110480e-04   4.590269e-17   54
  6.127099e+00   3.044163e-16   1.215036e-03   2.741005e-17   108
  6.136327e+00   4.164001e-16   6.433558e-04   5.936656e-17   48
  6.145113e+00   4.898366e-16   2.422440e-03   5.351489e-17   72
  6.166195e+00   4.231720e-16   1.600514e-03   5.113545e-17   78
  6.172037e+00   3.979898e-16   1.206188e-03   3.834049e-17   72
  6.178856e+00   4.265498e-16   1.204690e-03   4.721260e-17   72
  6.185986e+00   4.472580e-16   2.907051e-03   5.038234e-17   96
  6.191621e+00   2.961166e-16   1.202207e-03   3.129258e-17   72
  6.198419e+00   2.822730e-16   0.000000e+00   4.509716e-17   24
  6.205208e+00   3.311867e-16   2.398986e-03   3.603073e-17   72
  6.220544e+00   4.157739e-16   1.523430e-03   4.859637e-17   30
  6.223843e+00   3.225581e-16   0.000000e+00   4.611354e-17   24
  6.241578e+00   2.795175e-16   1.265014e-03   3.740808e-17   48
  6.247142e+00   3.513895e-16   2.722309e-03   2.601088e-17   120
  6.254637e+00   4.209932e-16   1.190257e-03   4.942976e-17   72
  6.262206e+00   3.193846e-16   1.188818e-03   4.457850e-17   36
  6.267409e+00   2.955132e-16   2.349657e-03   2.702504e-17   78
  6.281928e+00   3.944421e-16   1.256888e-03   6.408623e-17   48
  6.300754e+00   2.786658e-16   1.017253e-07   6.288932e-17   24
  6.314166e+00   3.323548e-16   8.752715e-04   4.975779e-17   56
  6.320919e+00   2.708557e-16   1.346877e-03   2.709487e-17   102
  6.329510e+00   3.194417e-16   9.590750e-08   3.258063e-17   72
  6.334498e+00   3.521876e-16   7.193062e-08   5.177056e-17   24
  6.343217e+00   2.824509e-16   1.244744e-03   2.758626e-17   48
  6.359378e+00   5.612944e-16   0.000000e+00   1.593972e-16   24
  6.379213e+00   2.025266e-16   0.000000e+00   6.574509e-17   6
  6.385398e+00   3.968254e-16   0.000000e+00   5.964104e-17   24
  6.389518e+00   3.688840e-16   1.165127e-03   3.509300e-17   72
  6.397046e+00   3.137159e-16   2.173655e-03   2.750482e-17   84
  6.405152e+00   5.321359e-16   0.000000e+00   9.688901e-17   24
  6.407617e+00   4.074401e-16   1.017253e-07   8.347692e-17   24
  6.419927e+00   2.442899e-16   1.245875e-07   4.573713e-17   24
  6.437123e+00   4.092448e-16   0.000000e+00   1.185568e-16   6
  6.459163e+00   2.887797e-16   1.222400e-03   3.977539e-17   48
  6.464458e+00   3.757712e-16   2.302802e-03   3.988197e-17   72
  6.471376e+00   2.962949e-16   1.220094e-03   3.943105e-17   48
  6.482347e+00   3.969908e-16   0.000000e+00   7.502597e-17   24
  6.496947e+00   3.379127e-16   0.000000e+00   9.692223e-17   6
  6.529678e+00   5.674975e-16   0.000000e+00   1.759878e-16   8
  6.532096e+00   2.760193e-16   7.193062e-08   3.254497e-17   48
  6.537895e+00   2.179739e-16   1.183236e-03   3.567101e-17   60
  6.546585e+00   1.934568e-16   0.000000e+00   3.595193e-17   24
  6.558634e+00   1.353928e-16   0.000000e+00   4.251369e-17   6
  6.603027e+00   4.851672e-16   0.000000e+00   5.324326e-17   24
  6.606613e+00   3.813480e-16   1.195118e-03   3.539972e-17   48
  6.612586e+00   2.962957e-16   0.000000e+00   4.056424e-17   24
  6.622132e+00   1.296244e-16   0.000000e+00   2.401262e-17   6
  6.676359e+00   2.713780e-16   1.114931e-03   3.921909e-17   36
  6.680300e+00   4.345949e-16   0.000000e+00   7.482789e-17   24
  6.687387e+00   3.730516e-16   0.000000e+00   1.211179e-16   6
  6.749089e+00   4.539619e-16   1.013241e-03   8.028368e-17   32
  6.754351e+00   4.833785e-16   0.000000e+00   5.334768e-17   6
  6.820657e+00   1.886708e-16   0.000000e+00   3.641935e-17   12
  6.822972e+00   4.552456e-16   0.000000e+00   1.709053e-16   6
  6.893201e+00   3.953377e-16   0.000000e+00   8.529402e-17   6
