# power spectrum of phi
# redshift z=0.282734
# k              Pk             sigma(k)       sigma(Pk)      count
  1.256637e-01   3.309501e-11   0.000000e+00   1.330306e-11   6
  1.777153e-01   8.427481e-12   0.000000e+00   1.768140e-12   12
  2.176559e-01   3.421575e-12   2.384186e-09   9.348627e-13   8
  2.513274e-01   9.958928e-12   0.000000e+00   1.825327e-12   6
  2.809926e-01   5.406958e-12   4.495664e-09   1.516949e-12   24
  3.078120e-01   5.980069e-12   4.495664e-09   1.217427e-12   24
  3.554306e-01   1.959260e-12   0.000000e+00   3.736316e-13   12
  3.769911e-01   2.509202e-12   5.086263e-09   3.299536e-13   30
  3.973835e-01   1.782514e-12   0.000000e+00   2.623281e-13   24
  4.167794e-01   2.407028e-12   7.786718e-09   4.604302e-13   24
  4.353118e-01   6.942167e-13   4.768372e-09   1.604283e-13   8
  4.530869e-01   1.067900e-12   6.357829e-09   2.827621e-13   24
  4.701905e-01   1.620250e-12   0.000000e+00   3.110780e-13   48
  5.026548e-01   1.881738e-13   0.000000e+00   1.791264e-14   6
  5.181247e-01   1.263134e-12   6.357829e-09   1.694426e-13   48
  5.331460e-01   7.971049e-13   5.994218e-09   1.297265e-13   36
  5.477554e-01   1.200180e-12   6.357829e-09   2.102472e-13   24
  5.619852e-01   7.956967e-13   8.991328e-09   1.320451e-13   24
  5.758634e-01   1.111642e-12   0.000000e+00   1.866631e-13   48
  5.894150e-01   8.454547e-13   8.991328e-09   1.431755e-13   24
  6.156239e-01   5.917198e-13   8.991328e-09   1.482903e-13   24
  6.283185e-01   5.250677e-13   0.000000e+00   9.244177e-14   30
  6.407617e-01   7.478126e-13   0.000000e+00   6.667581e-14   72
  6.529678e-01   6.147499e-13   9.536743e-09   1.736863e-13   32
  6.767198e-01   5.635598e-13   0.000000e+00   6.225194e-14   72
  6.882885e-01   5.616700e-13   0.000000e+00   6.686523e-14   48
  7.108613e-01   3.032012e-13   0.000000e+00   7.388187e-14   12
  7.218830e-01   5.658833e-13   0.000000e+00   6.524364e-14   48
  7.327390e-01   3.974137e-13   0.000000e+00   7.395396e-14   48
  7.434365e-01   5.428485e-13   8.991328e-09   7.701625e-14   48
  7.539822e-01   6.887471e-13   1.017253e-08   1.034569e-13   30
  7.643825e-01   5.115366e-13   0.000000e+00   6.497487e-14   24
  7.746431e-01   4.579388e-13   1.895538e-08   5.455799e-14   72
  7.947671e-01   3.714926e-13   0.000000e+00   5.390021e-14   24
  8.046403e-01   3.520585e-13   0.000000e+00   3.523567e-14   96
  8.143939e-01   2.735064e-13   0.000000e+00   3.473922e-14   48
  8.240320e-01   3.706462e-13   1.557344e-08   5.572970e-14   24
  8.335587e-01   4.716548e-13   1.557344e-08   7.825221e-14   24
  8.429778e-01   3.823171e-13   0.000000e+00   4.104212e-14   72
  8.522927e-01   3.426172e-13   0.000000e+00   5.489448e-14   48
  8.706237e-01   1.899580e-13   9.536743e-09   2.803269e-14   8
  8.796459e-01   2.808920e-13   1.130281e-08   2.998681e-14   54
  8.885766e-01   2.996802e-13   0.000000e+00   2.799032e-14   84
  8.974184e-01   3.181697e-13   0.000000e+00   4.368477e-14   48
  9.061739e-01   2.129979e-13   1.271566e-08   2.401249e-14   24
  9.148456e-01   3.066306e-13   1.695421e-08   3.287560e-14   72
  9.234359e-01   2.958248e-13   0.000000e+00   2.728327e-14   96
  9.403811e-01   2.344908e-13   0.000000e+00   3.246631e-14   48
  9.487402e-01   3.045553e-13   0.000000e+00   3.445863e-14   48
  9.570263e-01   2.373843e-13   0.000000e+00   4.056956e-14   24
  9.652412e-01   2.711568e-13   0.000000e+00   3.349306e-14   72
  9.814649e-01   2.003709e-13   0.000000e+00   2.189784e-14   72
  9.894770e-01   2.435869e-13   0.000000e+00   2.369695e-14   96
  1.005310e+00   2.387963e-13   0.000000e+00   5.778938e-14   6
  1.013133e+00   2.490692e-13   0.000000e+00   2.088863e-14   96
  1.020897e+00   2.392028e-13   1.271566e-08   2.176527e-14   96
  1.028602e+00   1.391865e-13   0.000000e+00   2.528197e-14   24
  1.036249e+00   2.575576e-13   1.271566e-08   5.474836e-14   48
  1.043841e+00   1.554000e-13   0.000000e+00   1.738908e-14   96
  1.051378e+00   2.791444e-13   0.000000e+00   4.032184e-14   48
  1.066292e+00   2.070286e-13   1.198844e-08   3.085236e-14   36
  1.073671e+00   2.112383e-13   2.202416e-08   3.160993e-14   48
  1.081000e+00   2.125761e-13   2.491750e-08   2.101782e-14   120
  1.088280e+00   2.046141e-13   0.000000e+00   2.015545e-14   56
  1.095511e+00   1.605419e-13   1.271566e-08   3.286206e-14   24
  1.102695e+00   1.999052e-13   0.000000e+00   2.171185e-14   96
  1.109832e+00   2.022352e-13   0.000000e+00   2.780079e-14   48
  1.123970e+00   2.562224e-13   1.798266e-08   6.641755e-14   24
  1.130973e+00   2.095846e-13   0.000000e+00   2.201648e-14   102
  1.137933e+00   1.251606e-13   1.271566e-08   1.681620e-14   48
  1.144851e+00   1.843353e-13   0.000000e+00   2.080605e-14   72
  1.151727e+00   1.879143e-13   0.000000e+00   2.104303e-14   48
  1.158562e+00   1.720484e-13   0.000000e+00   2.615298e-14   48
  1.165357e+00   1.653579e-13   2.877225e-08   1.290800e-14   120
  1.178830e+00   1.029857e-13   1.798266e-08   1.752672e-14   24
  1.185509e+00   1.833831e-13   1.695421e-08   1.434268e-14   144
  1.192151e+00   1.533443e-13   2.034505e-08   1.279431e-14   120
  1.198755e+00   1.619515e-13   1.798266e-08   2.588173e-14   48
  1.211857e+00   1.732919e-13   1.798266e-08   1.697228e-14   48
  1.218355e+00   1.983511e-13   1.798266e-08   2.088301e-14   96
  1.235512e+00   1.780046e-13   3.015167e-03   2.162087e-14   72
  1.244007e+00   1.593576e-13   1.598458e-08   1.217562e-14   108
  1.250338e+00   1.951060e-13   0.000000e+00   1.973156e-14   72
  1.256637e+00   7.060204e-14   0.000000e+00   1.215794e-14   30
  1.262905e+00   1.332538e-13   0.000000e+00   1.174656e-14   168
  1.269141e+00   1.329030e-13   0.000000e+00   1.776993e-14   48
  1.281523e+00   1.483066e-13   0.000000e+00   1.417365e-14   72
  1.287670e+00   1.408274e-13   0.000000e+00   1.531597e-14   96
  1.293787e+00   1.481071e-13   3.390842e-08   1.588830e-14   72
  1.299875e+00   1.540857e-13   0.000000e+00   1.834279e-14   72
  1.310112e+00   1.037961e-13   2.784031e-03   9.488138e-15   104
  1.317972e+00   1.188577e-13   2.397687e-08   9.529330e-15   144
  1.335824e+00   9.691257e-14   4.021044e-08   1.103868e-14   96
  1.341721e+00   1.248543e-13   0.000000e+00   1.214064e-14   96
  1.351101e+00   1.410116e-13   2.864148e-03   1.708958e-14   120
  1.359261e+00   1.360837e-13   0.000000e+00   1.005508e-14   120
  1.365057e+00   1.407010e-13   0.000000e+00   1.547148e-14   72
  1.376577e+00   8.612337e-14   0.000000e+00   1.115815e-14   48
  1.382301e+00   1.111442e-13   3.130008e-08   1.211378e-14   78
  1.389623e+00   1.215134e-13   2.564571e-03   8.435152e-15   168
  1.404963e+00   1.085991e-13   2.936555e-08   8.316242e-15   144
  1.410572e+00   1.206364e-13   2.397687e-08   1.038217e-14   144
  1.426839e+00   1.067573e-13   1.476986e-03   8.620067e-15   156
  1.432787e+00   1.173876e-13   3.114687e-08   1.866559e-14   48
  1.438287e+00   1.119323e-13   2.034505e-08   1.039669e-14   120
  1.443766e+00   1.108228e-13   0.000000e+00   1.824288e-14   48
  1.453454e+00   9.118555e-14   2.260797e-03   5.650186e-15   216
  1.465478e+00   8.167072e-14   0.000000e+00   8.492110e-15   48
  1.470856e+00   1.079219e-13   1.798266e-08   9.782321e-15   96
  1.478502e+00   8.608131e-14   2.642094e-03   6.163768e-15   168
  1.486873e+00   9.231888e-14   1.798266e-08   1.369108e-14   48
  1.492174e+00   1.011536e-13   0.000000e+00   9.409235e-15   96
  1.497456e+00   9.487110e-14   0.000000e+00   1.978289e-14   48
  1.507964e+00   8.601846e-14   2.034505e-08   1.061822e-14   30
  1.513191e+00   1.005921e-13   0.000000e+00   1.056227e-14   96
  1.519439e+00   9.367078e-14   2.076451e-03   6.303737e-15   240
  1.527472e+00   1.013829e-13   2.240191e-03   2.019957e-14   32
  1.533921e+00   9.369004e-14   0.000000e+00   8.574961e-15   168
  1.539060e+00   8.897906e-14   0.000000e+00   8.813515e-15   120
  1.549286e+00   1.157509e-13   3.791077e-08   1.388233e-14   72
  1.554374e+00   9.501438e-14   1.695421e-08   6.441834e-15   144
  1.559446e+00   9.197896e-14   0.000000e+00   6.136647e-15   96
  1.564501e+00   7.619964e-14   0.000000e+00   8.144989e-15   96
  1.574562e+00   9.252219e-14   0.000000e+00   1.316345e-14   72
  1.579568e+00   9.268332e-14   2.543132e-08   7.697454e-15   96
  1.589534e+00   1.447592e-13   0.000000e+00   1.407316e-14   24
  1.594494e+00   8.524727e-14   0.000000e+00   5.597103e-15   192
  1.600334e+00   9.158740e-14   1.901066e-03   8.058741e-15   132
  1.609281e+00   6.397920e-14   0.000000e+00   6.097853e-15   96
  1.614180e+00   7.813954e-14   0.000000e+00   7.017445e-15   96
  1.619064e+00   6.841749e-14   2.034505e-08   6.629694e-15   120
  1.628788e+00   8.761134e-14   0.000000e+00   1.233557e-14   48
  1.636759e+00   8.218673e-14   2.303939e-03   5.908818e-15   222
  1.643266e+00   7.304186e-14   0.000000e+00   5.272435e-15   120
  1.648064e+00   3.811839e-14   3.114687e-08   8.886222e-15   24
  1.655050e+00   8.506977e-14   2.378000e-03   4.509427e-15   312
  1.670270e+00   6.887610e-14   2.229470e-03   7.840710e-15   72
  1.676563e+00   7.939246e-14   3.114687e-08   8.799676e-15   96
  1.683024e+00   7.397490e-14   2.270407e-03   4.284024e-15   192
  1.690632e+00   6.988287e-14   2.877225e-08   5.754936e-15   120
  1.695296e+00   8.543397e-14   0.000000e+00   6.831652e-15   144
  1.704585e+00   9.310357e-14   0.000000e+00   1.456563e-14   48
  1.711188e+00   6.970994e-14   2.282974e-03   3.498342e-15   336
  1.718425e+00   6.574081e-14   0.000000e+00   1.147089e-14   48
  1.727590e+00   6.859573e-14   0.000000e+00   5.044384e-15   192
  1.732155e+00   3.817345e-14   0.000000e+00   5.276587e-15   48
  1.745129e+00   6.324599e-14   1.584683e-03   1.079258e-14   56
  1.751580e+00   5.718748e-14   2.035272e-03   3.232439e-15   336
  1.759292e+00   7.540193e-14   2.260561e-08   1.037523e-14   54
  1.766010e+00   6.607677e-14   2.235459e-03   4.432237e-15   240
  1.779956e+00   6.275029e-14   2.140470e-03   4.024856e-15   228
  1.786017e+00   7.890667e-14   2.397687e-08   7.712411e-15   72
  1.791900e+00   6.214777e-14   2.076308e-03   4.745216e-15   144
  1.799230e+00   6.305609e-14   0.000000e+00   6.481281e-15   96
  1.803613e+00   5.807393e-14   2.877225e-08   3.272743e-15   240
  1.812348e+00   5.625496e-14   2.543132e-08   1.187880e-14   24
  1.817939e+00   5.839116e-14   1.961057e-03   2.977287e-15   336
  1.825371e+00   5.566684e-14   0.000000e+00   5.562340e-15   72
  1.832154e+00   5.377514e-14   2.133012e-03   3.899153e-15   168
  1.838302e+00   6.174289e-14   0.000000e+00   8.290490e-15   72
  1.846872e+00   5.303667e-14   0.000000e+00   4.893132e-15   96
  1.853509e+00   6.217696e-14   2.117011e-03   4.363884e-15   216
  1.859653e+00   6.733952e-14   0.000000e+00   7.775986e-15   96
  1.868125e+00   5.316440e-14   2.543132e-08   3.787508e-15   192
  1.872347e+00   6.032730e-14   2.397687e-08   5.080089e-15   144
  1.880762e+00   5.482464e-14   0.000000e+00   6.702109e-15   48
  1.886588e+00   4.948777e-14   2.041047e-03   3.200788e-15   246
  1.894505e+00   5.401174e-14   1.881878e-03   3.956556e-15   168
  1.901637e+00   4.428856e-14   4.983500e-08   3.956390e-15   120
  1.905784e+00   5.375553e-14   0.000000e+00   3.649259e-15   240
  1.914053e+00   5.572338e-14   0.000000e+00   8.932120e-15   24
  1.920640e+00   4.609633e-14   2.014384e-03   2.403759e-15   360
  1.928845e+00   5.806592e-14   2.005812e-03   5.297544e-15   120
  1.934568e+00   4.942587e-14   0.000000e+00   3.376176e-15   144
  1.938645e+00   5.033197e-14   0.000000e+00   3.860820e-15   96
  1.950825e+00   5.082351e-14   0.000000e+00   4.067354e-15   144
  1.954868e+00   5.213686e-14   0.000000e+00   4.719461e-15   132
  1.960551e+00   4.137487e-14   1.979707e-03   2.976656e-15   176
  1.968799e+00   5.049788e-14   1.999105e-03   3.007358e-15   312
  1.978954e+00   3.939102e-14   0.000000e+00   3.594698e-15   96
  1.982940e+00   3.875687e-14   0.000000e+00   2.491779e-15   144
  1.989055e+00   5.531685e-14   1.979053e-03   3.205224e-15   312
  1.998804e+00   5.065226e-14   0.000000e+00   7.235400e-15   48
  2.002750e+00   4.713045e-14   2.543132e-08   3.344053e-15   192
  2.010619e+00   8.112307e-14   0.000000e+00   3.560875e-15   6
  2.015848e+00   4.735536e-14   1.845802e-03   2.912284e-15   288
  2.024316e+00   4.416353e-14   1.950210e-03   3.142485e-15   192
  2.030159e+00   4.948131e-14   5.980883e-08   4.106727e-15   216
  2.034045e+00   4.284037e-14   0.000000e+00   4.362918e-15   72
  2.043725e+00   4.275984e-14   1.931689e-03   2.953621e-15   192
  2.050154e+00   4.437721e-14   1.434383e-03   2.426844e-15   288
  2.057204e+00   3.617003e-14   0.000000e+00   4.283399e-15   24
  2.062650e+00   3.743286e-14   1.889681e-03   1.657042e-15   456
  2.072499e+00   4.854105e-14   0.000000e+00   5.358867e-15   48
  2.078585e+00   4.334336e-14   1.861260e-03   2.666234e-15   240
  2.085579e+00   3.836205e-14   1.881013e-03   2.869594e-15   216
  2.091461e+00   4.178780e-14   0.000000e+00   5.514424e-15   72
  2.095233e+00   4.136132e-14   6.498988e-08   3.316541e-15   168
  2.105882e+00   4.327126e-14   1.398129e-03   2.479301e-15   288
  2.111855e+00   4.417164e-14   1.849965e-03   3.385821e-15   168
  2.121448e+00   3.367137e-14   0.000000e+00   2.066989e-15   192
  2.125166e+00   3.568287e-14   2.397687e-08   3.167914e-15   144
  2.132584e+00   4.676924e-14   2.397687e-08   8.189214e-15   36
  2.138874e+00   3.704844e-14   1.689411e-03   2.044912e-15   342
  2.144889e+00   3.684095e-14   1.734820e-03   2.943419e-15   144
  2.152621e+00   3.447434e-14   1.819392e-03   2.063737e-15   384
  2.162000e+00   3.562930e-14   4.983500e-08   3.244704e-15   120
  2.166643e+00   3.396904e-14   1.622368e-03   2.167060e-15   264
  2.172929e+00   3.947650e-14   8.042088e-08   3.166733e-15   192
  2.178848e+00   3.670997e-14   1.748412e-03   2.439154e-15   152
  2.183802e+00   3.820250e-14   4.795375e-08   3.424332e-15   144
  2.194222e+00   3.608955e-14   1.131589e-03   2.432956e-15   216
  2.199045e+00   3.933270e-14   1.512105e-03   2.101627e-15   312
  2.207535e+00   3.438885e-14   1.752500e-03   2.183709e-15   240
  2.212538e+00   2.991963e-14   2.543132e-08   2.921994e-15   96
  2.222033e+00   2.934693e-14   1.675517e-03   2.378559e-15   144
  2.227885e+00   3.543251e-14   1.646885e-03   1.884924e-15   456
  2.237379e+00   3.328464e-14   0.000000e+00   3.444186e-15   120
  2.240905e+00   3.497350e-14   0.000000e+00   3.159212e-15   144
  2.247941e+00   3.329548e-14   3.596531e-08   5.885648e-15   24
  2.252452e+00   2.900184e-14   1.583038e-03   1.468152e-15   336
  2.260253e+00   2.944900e-14   1.745876e-03   2.196105e-15   198
  2.267563e+00   3.530580e-14   1.697764e-03   1.616147e-15   432
  2.275867e+00   5.327433e-14   5.086263e-08   6.607667e-15   48
  2.280199e+00   3.258424e-14   1.498832e-03   1.646692e-15   384
  2.287976e+00   2.673370e-14   1.725473e-03   2.082740e-15   144
  2.295024e+00   2.770969e-14   1.713168e-03   1.736951e-15   264
  2.303454e+00   3.564582e-14   0.000000e+00   4.455661e-15   48
  2.309110e+00   3.449303e-14   1.628943e-03   1.898924e-15   276
  2.314567e+00   2.895806e-14   1.476593e-03   2.237039e-15   192
  2.321860e+00   2.695612e-14   1.659366e-03   1.126720e-15   552
  2.330715e+00   3.047160e-14   4.069010e-08   2.201727e-15   120
  2.335978e+00   2.687712e-14   1.679687e-03   1.921680e-15   216
  2.340855e+00   2.574322e-14   4.069010e-08   2.237669e-15   120
  2.349569e+00   3.248750e-14   1.654080e-03   1.676410e-15   408
  2.357660e+00   1.376918e-14   3.596531e-08   2.419626e-15   24
  2.362678e+00   3.203520e-14   1.670919e-03   1.653483e-15   384
  2.369685e+00   3.019969e-14   1.632547e-03   1.907293e-15   240
  2.375770e+00   2.998024e-14   1.644502e-03   2.478661e-15   168
  2.384301e+00   2.516217e-14   0.000000e+00   2.210356e-15   120
  2.389801e+00   2.975943e-14   1.714308e-03   1.751777e-15   350
  2.398744e+00   2.573306e-14   2.822081e-03   1.408597e-15   384
  2.404088e+00   2.801980e-14   0.000000e+00   2.768156e-15   144
  2.413921e+00   2.671737e-14   3.390842e-08   1.355429e-15   288
  2.419055e+00   2.900649e-14   1.615394e-03   1.658025e-15   336
  2.426039e+00   2.359589e-14   1.470682e-03   1.797847e-15   168
  2.430220e+00   2.743307e-14   9.639558e-08   1.409622e-15   336
  2.438868e+00   2.601753e-14   1.526480e-03   1.470136e-15   288
  2.444062e+00   2.379352e-14   1.438335e-03   1.608360e-15   264
  2.452858e+00   2.149057e-14   0.000000e+00   1.428190e-15   240
  2.456075e+00   2.287735e-14   0.000000e+00   2.611562e-15   96
  2.467620e+00   2.232858e-14   1.956039e-03   1.267274e-15   360
  2.473008e+00   2.060345e-14   1.441936e-03   1.594784e-15   168
  2.479816e+00   2.583355e-14   1.571860e-03   1.086721e-15   456
  2.488014e+00   2.519164e-14   4.521123e-08   1.878320e-15   108
  2.492626e+00   1.998239e-14   1.577159e-03   1.141320e-15   264
  2.498378e+00   1.995252e-14   1.407083e-03   1.392138e-15   264
  2.506256e+00   2.249765e-14   1.327788e-03   1.333672e-15   312
  2.516065e+00   2.124641e-14   9.866910e-04   1.248884e-15   270
  2.520176e+00   2.174458e-14   1.252729e-03   1.139392e-15   240
  2.527567e+00   2.379382e-14   1.549783e-03   1.277456e-15   384
  2.532054e+00   2.118996e-14   5.086263e-08   1.458642e-15   192
  2.540769e+00   2.511360e-14   1.243495e-03   1.493558e-15   240
  2.545825e+00   2.214236e-14   1.534673e-03   1.063286e-15   336
  2.555333e+00   1.975120e-14   1.544942e-03   9.314609e-16   480
  2.563047e+00   1.698058e-14   3.390842e-08   1.570427e-15   72
  2.567356e+00   2.174155e-14   1.506459e-03   1.330709e-15   240
  2.573216e+00   2.311374e-14   1.415865e-03   1.372940e-15   312
  2.579934e+00   2.295866e-14   1.530210e-03   1.470125e-15   240
  2.590086e+00   1.998246e-14   1.162564e-03   1.087508e-15   408
  2.594104e+00   1.949895e-14   1.064628e-03   1.103193e-15   336
  2.601958e+00   2.283905e-14   1.351816e-03   1.502844e-15   264
  2.605818e+00   2.109049e-14   0.000000e+00   1.449346e-15   144
  2.616557e+00   1.996801e-14   1.873697e-03   8.628506e-16   464
  2.622215e+00   2.167693e-14   1.489973e-03   1.561073e-15   168
  2.627801e+00   1.649328e-14   1.357041e-03   8.124636e-16   336
  2.637897e+00   1.969734e-14   1.425837e-03   1.043562e-15   414
  2.643588e+00   2.448085e-14   1.484211e-03   1.703468e-15   216
  2.650879e+00   1.891460e-14   3.596531e-08   1.943638e-15   96
  2.653856e+00   1.635240e-14   8.809666e-08   8.113820e-16   384
  2.664284e+00   1.808944e-14   1.481344e-03   8.539450e-16   492
  2.669873e+00   1.900360e-14   1.448627e-03   1.196747e-15   240
  2.676189e+00   1.942782e-14   1.470864e-03   1.290308e-15   312
  2.684913e+00   2.187375e-14   1.470380e-03   1.664585e-15   192
  2.690439e+00   1.859261e-14   1.424976e-03   7.746293e-16   504
  2.697770e+00   1.867795e-14   9.433586e-04   8.694414e-16   408
  2.703542e+00   1.930642e-14   2.890096e-03   1.677203e-15   168
  2.710765e+00   1.674066e-14   1.372821e-03   8.733455e-16   288
  2.716826e+00   1.658369e-14   1.432656e-03   9.449446e-16   288
  2.723035e+00   1.662008e-14   1.440903e-03   8.629553e-16   432
  2.732042e+00   1.778898e-14   1.362614e-03   1.194417e-15   216
  2.736854e+00   1.635231e-14   1.359739e-03   8.458128e-16   360
  2.745421e+00   1.698940e-14   1.327092e-03   1.140476e-15   312
  2.753154e+00   1.298653e-14   0.000000e+00   1.701127e-15   48
  2.757611e+00   1.429624e-14   1.422834e-03   7.582328e-16   432
  2.765594e+00   1.763032e-14   2.373302e-03   8.295988e-16   414
  2.770308e+00   1.570941e-14   5.421333e-08   8.912483e-16   312
  2.779102e+00   1.738308e-14   2.082441e-03   7.753876e-16   528
  2.785037e+00   1.489542e-14   1.093105e-03   9.213061e-16   264
  2.792167e+00   1.849474e-14   1.296122e-03   9.457289e-16   480
  2.801483e+00   1.428621e-14   0.000000e+00   7.777074e-16   288
  2.805506e+00   1.509090e-14   1.392643e-03   1.224212e-15   168
  2.812867e+00   1.561296e-14   2.204550e-03   7.088722e-16   504
  2.821143e+00   1.748552e-14   3.390842e-08   1.608430e-15   144
  2.826350e+00   1.513884e-14   1.415850e-03   7.172120e-16   464
  2.834173e+00   1.589290e-14   2.077839e-03   7.315935e-16   432
  2.837886e+00   1.329915e-14   3.596531e-08   1.038882e-15   192
  2.847481e+00   1.467427e-14   1.540373e-03   8.251980e-16   396
  2.853147e+00   1.321879e-14   1.383680e-03   7.621512e-16   288
  2.858874e+00   1.621755e-14   1.366839e-03   8.449513e-16   336
  2.868021e+00   1.341413e-14   8.655099e-04   6.423604e-16   432
  2.873827e+00   1.454788e-14   2.243281e-03   8.554526e-16   360
  2.880345e+00   1.440160e-14   1.326934e-03   7.928178e-16   384
  2.889603e+00   1.408857e-14   1.171274e-03   9.668328e-16   198
  2.894063e+00   1.304237e-14   1.331357e-03   5.622513e-16   552
  2.902381e+00   1.222960e-14   1.863809e-03   6.101794e-16   432
  2.909325e+00   1.257836e-14   7.119285e-08   8.360014e-16   168
  2.915153e+00   1.383303e-14   2.310442e-03   6.121325e-16   480
  2.922863e+00   1.449371e-14   0.000000e+00   1.306053e-15   120
  2.926334e+00   1.290748e-14   1.887069e-03   6.293092e-16   336
  2.934802e+00   1.370858e-14   1.331298e-03   5.211199e-16   672
  2.943175e+00   1.312807e-14   1.936554e-03   5.825805e-16   528
  2.947075e+00   1.370457e-14   5.812872e-08   1.066657e-15   168
  2.956085e+00   1.354246e-14   2.160213e-03   5.971388e-16   456
  2.961583e+00   1.209327e-14   1.319260e-03   7.972895e-16   168
  2.967291e+00   1.150736e-14   1.316892e-03   5.200878e-16   504
  2.976778e+00   1.196247e-14   1.694638e-03   6.374526e-16   336
  2.982515e+00   1.284620e-14   1.221633e-03   7.341118e-16   312
  2.988879e+00   1.228381e-14   1.193619e-03   5.248552e-16   504
  2.997254e+00   1.195960e-14   8.281656e-04   5.490797e-16   432
  3.001192e+00   1.280005e-14   1.279790e-03   8.267243e-16   312
  3.009377e+00   1.143416e-14   1.311847e-03   5.905010e-16   384
  3.017923e+00   1.269711e-14   1.114566e-03   1.062931e-15   126
  3.023199e+00   1.140075e-14   1.956913e-03   5.845555e-16   492
  3.029938e+00   1.166181e-14   1.253405e-03   5.449332e-16   528
  3.038360e+00   1.186015e-14   1.273190e-03   5.017254e-16   480
  3.043581e+00   1.197315e-14   1.758905e-03   6.187142e-16   432
  3.051137e+00   1.104228e-14   1.383146e-03   5.999538e-16   440
  3.059913e+00   1.218522e-14   6.878330e-04   7.942671e-16   312
  3.063206e+00   1.152078e-14   1.030775e-03   5.027862e-16   480
  3.069960e+00   1.151596e-14   2.018238e-03   6.418882e-16   408
  3.079829e+00   1.114586e-14   1.208696e-03   5.930466e-16   360
  3.083998e+00   1.095693e-14   1.166348e-03   5.519927e-16   408
  3.091725e+00   1.058587e-14   1.186907e-03   5.249457e-16   456
  3.100425e+00   1.038525e-14   1.134390e-03   7.131777e-16   264
  3.105254e+00   1.039006e-14   1.231098e-03   6.281721e-16   384
  3.112283e+00   1.037652e-14   2.072640e-03   4.160364e-16   672
  3.120409e+00   1.080621e-14   1.239707e-03   6.553380e-16   240
  3.125099e+00   1.020954e-14   1.257992e-03   6.139077e-16   264
  3.131717e+00   9.590515e-15   1.551526e-03   4.000798e-16   624
  3.141593e+00   8.097944e-15   0.000000e+00   6.427369e-16   150
  3.145109e+00   9.403108e-15   1.738607e-03   4.252443e-16   600
  3.152524e+00   1.061100e-14   1.199942e-03   4.225486e-16   672
  3.160921e+00   1.056663e-14   1.128630e-03   5.433765e-16   336
  3.165599e+00   1.106843e-14   1.227621e-03   5.522027e-16   408
  3.173072e+00   1.000680e-14   1.224729e-03   4.759661e-16   408
  3.181385e+00   1.182262e-14   6.192886e-04   6.928564e-16   360
  3.186510e+00   1.077074e-14   2.273829e-03   5.177286e-16   456
  3.192699e+00   9.993910e-15   1.236522e-03   5.374818e-16   384
  3.200577e+00   7.532936e-15   1.141466e-03   4.826567e-16   348
  3.204835e+00   9.454217e-15   1.407202e-03   4.382242e-16   576
  3.212832e+00   9.006812e-15   1.158646e-03   4.265215e-16   504
  3.221013e+00   9.959077e-15   1.634203e-03   4.721557e-16   432
  3.228154e+00   8.975332e-15   2.223325e-03   4.115781e-16   576
  3.233247e+00   9.429742e-15   0.000000e+00   6.929148e-16   264
  3.241325e+00   8.804561e-15   1.769212e-03   3.415992e-16   768
  3.248351e+00   7.780187e-15   2.381921e-03   5.456515e-16   240
  3.253937e+00   7.477367e-15   2.100629e-03   5.528812e-16   192
  3.262073e+00   8.977245e-15   1.546319e-03   3.852143e-16   504
  3.268108e+00   9.637966e-15   2.083724e-03   4.459604e-16   590
  3.273894e+00   9.828398e-15   2.334698e-03   5.259651e-16   384
  3.281151e+00   8.167839e-15   1.951120e-03   4.041432e-16   504
  3.289911e+00   9.099765e-15   1.877651e-03   3.469352e-16   648
  3.298409e+00   8.006283e-15   5.099453e-04   3.944776e-16   504
  3.301835e+00   7.670885e-15   1.163281e-03   5.201491e-16   312
  3.307884e+00   9.134483e-15   1.676002e-03   4.417026e-16   576
  3.316189e+00   9.813042e-15   1.166339e-03   7.964865e-16   240
  3.321030e+00   8.277810e-15   1.178530e-03   3.695828e-16   552
  3.327882e+00   7.733594e-15   1.106612e-03   2.979592e-16   600
  3.337643e+00   8.375156e-15   1.351639e-03   3.397431e-16   600
  3.343511e+00   8.262481e-15   2.164544e-03   5.457044e-16   312
  3.349356e+00   7.670361e-15   1.885103e-03   3.912955e-16   480
  3.356656e+00   6.966312e-15   1.176123e-03   3.224753e-16   576
  3.363084e+00   7.848958e-15   1.893814e-03   4.117756e-16   408
  3.368787e+00   5.527456e-15   2.209222e-03   3.989264e-16   216
  3.376156e+00   7.101737e-15   1.692015e-03   3.121769e-16   516
  3.384050e+00   7.626100e-15   1.614354e-03   3.113028e-16   744
  3.392194e+00   7.241697e-15   1.078246e-03   3.373994e-16   462
  3.396796e+00   6.415447e-15   1.095881e-03   3.653469e-16   432
  3.403934e+00   8.022039e-15   1.016670e-03   3.783492e-16   648
  3.412327e+00   7.191073e-15   1.487578e-03   3.408895e-16   528
  3.419069e+00   6.998758e-15   1.791415e-03   2.991894e-16   600
  3.425805e+00   8.405825e-15   2.258506e-03   5.343251e-16   240
  3.432329e+00   7.465186e-15   1.729994e-03   2.949300e-16   720
  3.439912e+00   6.619101e-15   1.368738e-03   2.745161e-16   720
  3.448318e+00   6.049488e-15   0.000000e+00   5.296223e-16   144
  3.452742e+00   7.514217e-15   1.764713e-03   2.840413e-16   720
  3.459035e+00   7.566121e-15   1.058157e-03   4.498092e-16   384
  3.466913e+00   6.586772e-15   1.173023e-03   2.508688e-16   672
  3.474387e+00   6.732857e-15   2.053834e-03   4.489378e-16   336
  3.477957e+00   5.697138e-15   0.000000e+00   3.224563e-16   288
  3.486699e+00   6.078884e-15   1.625472e-03   2.323821e-16   776
  3.494792e+00   5.607732e-15   1.390838e-03   2.290675e-16   720
  3.501588e+00   5.675531e-15   1.120422e-03   2.878519e-16   432
  3.507024e+00   7.025508e-15   1.597303e-03   3.371761e-16   504
  3.513071e+00   6.313547e-15   1.119137e-03   3.527763e-16   528
  3.521533e+00   6.676813e-15   1.524759e-03   3.786682e-16   438
  3.528495e+00   7.572044e-15   1.774680e-03   3.499339e-16   624
  3.533741e+00   6.076732e-15   2.173744e-03   3.808098e-16   312
  3.540952e+00   6.635666e-15   1.171159e-03   2.912642e-16   696
  3.548410e+00   6.575762e-15   1.059686e-03   4.103972e-16   552
  3.556166e+00   7.176737e-15   8.198436e-04   3.726613e-16   516
  3.560964e+00   7.076997e-15   1.637576e-03   3.495334e-16   528
  3.566805e+00   4.964614e-15   1.064960e-03   2.185118e-16   528
  3.575102e+00   6.049408e-15   1.404467e-03   2.449465e-16   864
  3.580734e+00   6.489121e-15   1.923830e-03   3.827295e-16   408
  3.586372e+00   7.488641e-15   1.906039e-03   5.992910e-16   192
  3.594362e+00   4.958826e-15   1.577339e-03   1.861660e-16   720
  3.601108e+00   5.629517e-15   1.454384e-03   2.457102e-16   696
  3.609123e+00   5.858230e-15   1.570748e-03   2.658064e-16   720
  3.616456e+00   6.306239e-15   2.128961e-03   3.925691e-16   432
  3.620733e+00   6.121906e-15   1.253189e-03   4.055691e-16   264
  3.628427e+00   5.667869e-15   1.730599e-03   2.430096e-16   672
  3.635310e+00   5.392323e-15   1.771868e-03   2.344329e-16   600
  3.643477e+00   4.526297e-15   1.037427e-03   3.287425e-16   270
  3.647594e+00   5.937756e-15   1.561617e-03   3.369792e-16   528
  3.654138e+00   5.700049e-15   1.069340e-03   2.221793e-16   840
  3.663112e+00   5.933690e-15   2.044769e-03   2.654296e-16   888
  3.671403e+00   5.469693e-15   1.523504e-03   2.187809e-16   744
  3.678411e+00   5.602999e-15   7.828584e-04   3.244599e-16   456
  3.681896e+00   7.365683e-15   1.069824e-03   4.393767e-16   360
  3.687860e+00   5.242609e-15   9.269427e-04   3.081293e-16   384
  3.697011e+00   5.302504e-15   1.486807e-03   2.210899e-16   816
  3.703877e+00   5.409328e-15   2.157150e-03   2.458049e-16   824
  3.712223e+00   4.923436e-15   1.002746e-03   2.988581e-16   360
  3.716692e+00   5.310827e-15   1.479676e-03   2.165643e-16   624
  3.722842e+00   5.553242e-15   9.998850e-04   3.186919e-16   360
  3.731036e+00   5.449543e-15   1.360137e-03   1.972380e-16   876
  3.738436e+00   4.577208e-15   1.615436e-03   1.878972e-16   696
  3.745899e+00   4.462657e-15   1.043143e-03   2.726207e-16   336
  3.749811e+00   5.468912e-15   1.041971e-03   2.901337e-16   504
  3.756273e+00   4.735020e-15   1.051000e-03   1.826883e-16   672
  3.765859e+00   4.520867e-15   2.092296e-03   1.792189e-16   720
  3.772508e+00   5.582520e-15   1.580506e-03   2.648236e-16   774
  3.779846e+00   5.506353e-15   9.046409e-04   3.606088e-16   384
  3.783690e+00   4.951472e-15   1.740917e-03   2.155263e-16   528
  3.789655e+00   5.506753e-15   1.659191e-03   2.922310e-16   744
  3.799249e+00   6.157015e-15   1.368481e-03   2.809247e-16   768
  3.805620e+00   4.935687e-15   1.536223e-03   3.125381e-16   552
  3.813568e+00   4.695620e-15   1.674309e-03   2.001208e-16   696
  3.819481e+00   5.780223e-15   2.034577e-03   3.512812e-16   408
  3.824174e+00   5.044766e-15   8.789532e-04   2.312905e-16   504
  3.831615e+00   4.891247e-15   1.579007e-03   1.963582e-16   888
  3.838937e+00   4.318568e-15   1.641044e-03   1.912105e-16   648
  3.846547e+00   4.870790e-15   1.626978e-03   2.494009e-16   648
  3.853707e+00   5.012810e-15   1.754281e-03   2.331991e-16   792
  3.861291e+00   4.401196e-15   2.566633e-03   2.134819e-16   600
  3.866880e+00   4.274405e-15   1.739428e-03   2.134191e-16   456
  3.872762e+00   5.212391e-15   8.477229e-04   2.653778e-16   648
  3.880317e+00   4.531646e-15   1.653183e-03   1.907864e-16   936
  3.888474e+00   5.187112e-15   1.015268e-03   3.157222e-16   384
  3.895575e+00   3.853612e-15   0.000000e+00   3.170993e-16   198
  3.901055e+00   4.709940e-15   2.575821e-03   1.938174e-16   1224
  3.906966e+00   5.668520e-15   1.875990e-03   3.273688e-16   420
  3.913957e+00   5.191486e-15   1.815566e-03   2.501426e-16   792
  3.920793e+00   4.475414e-15   1.501318e-03   2.336835e-16   680
  3.928594e+00   4.919267e-15   1.378581e-03   2.815946e-16   600
  3.934870e+00   4.654111e-15   1.999321e-03   2.329309e-16   840
  3.943251e+00   4.671517e-15   9.439865e-04   2.482999e-16   432
  3.946454e+00   5.696089e-15   8.846397e-04   3.167380e-16   720
  3.953417e+00   4.397909e-15   1.771778e-03   1.706705e-16   960
  3.962077e+00   4.799575e-15   1.579411e-03   3.635431e-16   528
  3.968405e+00   4.501791e-15   1.614459e-03   2.460835e-16   624
  3.975938e+00   4.465878e-15   1.268954e-03   1.769076e-16   816
  3.983415e+00   4.568392e-15   2.086821e-03   1.934019e-16   696
  3.991678e+00   5.024476e-15   1.150890e-07   3.331364e-16   240
  3.994784e+00   4.488483e-15   1.230648e-03   2.497708e-16   672
  4.001719e+00   4.150548e-15   2.199344e-03   1.800761e-16   864
  4.009498e+00   3.739459e-15   1.687640e-03   1.590408e-16   816
  4.016509e+00   4.113382e-15   9.659469e-04   1.964369e-16   648
  4.024060e+00   4.477956e-15   9.873737e-04   1.773967e-16   843
  4.030471e+00   4.191661e-15   1.776528e-03   1.937347e-16   780
  4.038111e+00   5.466312e-15   9.532520e-04   6.011642e-16   216
  4.042823e+00   4.463024e-15   2.298663e-03   1.810159e-16   1056
  4.050071e+00   4.249445e-15   1.880564e-03   4.149492e-16   228
  4.056781e+00   4.462538e-15   2.341349e-03   1.871119e-16   924
  4.063670e+00   4.457628e-15   8.685094e-04   2.166237e-16   696
  4.070964e+00   3.630866e-15   1.545698e-03   1.679410e-16   996
  4.078428e+00   3.237135e-15   9.125493e-04   1.714145e-16   576
  4.086192e+00   4.480877e-15   1.408459e-03   2.702643e-16   552
  4.091852e+00   4.644002e-15   1.681651e-03   2.876767e-16   516
  4.097596e+00   3.936024e-15   2.445470e-03   1.627739e-16   744
  4.104159e+00   2.947970e-15   1.199649e-03   1.406837e-16   576
  4.109868e+00   3.759518e-15   1.234742e-03   1.762411e-16   792
  4.117982e+00   4.124546e-15   1.411539e-03   1.931682e-16   792
  4.123927e+00   3.886677e-15   1.522330e-03   1.966830e-16   720
  4.131968e+00   3.718881e-15   1.735107e-03   1.635772e-16   656
  4.139503e+00   3.732064e-15   1.894646e-03   1.733252e-16   816
  4.147227e+00   2.834743e-15   1.021561e-03   1.891896e-16   492
  4.151618e+00   3.385295e-15   1.469588e-03   1.674216e-16   552
  4.159858e+00   3.256295e-15   2.555435e-03   1.428532e-16   780
  4.165209e+00   3.143691e-15   1.569773e-03   1.715676e-16   528
  4.170975e+00   3.128140e-15   1.832403e-03   1.859035e-16   600
  4.179472e+00   3.888540e-15   1.522872e-03   1.717143e-16   900
  4.185329e+00   3.798156e-15   8.430879e-04   2.200771e-16   696
  4.193388e+00   3.404704e-15   2.131780e-03   1.939522e-16   696
  4.201183e+00   2.974528e-15   8.648430e-04   1.332039e-16   552
  4.207739e+00   2.926386e-15   1.005732e-03   1.353660e-16   708
  4.214606e+00   3.049399e-15   1.660522e-03   1.273068e-16   876
  4.221752e+00   2.933075e-15   8.817041e-04   1.905241e-16   216
  4.226547e+00   3.297187e-15   2.411580e-03   1.220548e-16   1032
  4.233729e+00   2.765858e-15   2.685028e-03   1.404615e-16   600
  4.241182e+00   2.668418e-15   1.281196e-03   1.180512e-16   600
  4.246868e+00   3.555798e-15   2.262472e-03   2.074906e-16   528
  4.253589e+00   2.981491e-15   1.241998e-03   1.311179e-16   732
  4.260669e+00   2.757978e-15   9.171027e-04   1.675810e-16   336
  4.268820e+00   2.730131e-15   1.307053e-03   9.904523e-17   912
  4.274911e+00   2.491872e-15   1.311885e-03   1.089039e-16   624
  4.281565e+00   2.837889e-15   1.105498e-03   1.198274e-16   768
  4.289333e+00   2.813824e-15   1.994537e-03   1.069820e-16   792
  4.296957e+00   2.848744e-15   9.888090e-04   1.550623e-16   660
  4.302382e+00   2.846788e-15   1.457169e-03   1.835111e-16   504
  4.307992e+00   2.870865e-15   2.380735e-03   1.539797e-16   480
  4.316401e+00   2.307634e-15   2.201870e-03   8.258846e-17   912
  4.322985e+00   2.733182e-15   2.452123e-03   1.568052e-16   432
  4.329203e+00   2.712511e-15   1.456013e-03   1.326018e-16   564
  4.334724e+00   2.315074e-15   1.393605e-03   9.855237e-17   600
  4.342496e+00   2.797801e-15   1.942553e-03   1.190956e-16   876
  4.348334e+00   2.414203e-15   8.734307e-04   1.734808e-16   264
  4.356382e+00   2.117150e-15   1.694799e-03   1.046697e-16   560
  4.362850e+00   2.412011e-15   1.151652e-03   9.322432e-17   840
  4.370702e+00   2.216997e-15   1.775516e-03   8.580856e-17   1008
  4.377963e+00   2.027503e-15   7.942467e-04   1.016654e-16   456
  4.384595e+00   2.408448e-15   1.028834e-03   1.271981e-16   576
  4.390725e+00   2.580693e-15   1.580913e-03   1.384213e-16   612
  4.398809e+00   2.118700e-15   1.412012e-03   8.117332e-17   780
  4.405404e+00   2.387876e-15   1.618102e-03   1.035401e-16   648
  4.412155e+00   2.548955e-15   7.540562e-04   2.159792e-16   312
  4.416470e+00   1.863725e-15   1.915933e-03   7.781724e-17   528
  4.423945e+00   2.039980e-15   2.502113e-03   8.697229e-17   720
  4.431093e+00   2.238507e-15   2.509948e-03   1.183658e-16   576
  4.439759e+00   2.135565e-15   2.165154e-03   1.344340e-16   444
  4.445151e+00   2.214341e-15   2.123318e-03   8.988922e-17   996
  4.451759e+00   2.003825e-15   1.773610e-03   1.201740e-16   432
  4.458005e+00   2.368954e-15   1.941754e-03   1.111354e-16   504
  4.463400e+00   1.760724e-15   8.754449e-04   8.608540e-17   504
  4.471082e+00   2.000658e-15   1.722886e-03   7.405377e-17   876
  4.478033e+00   1.916301e-15   1.982878e-03   9.205156e-17   504
  4.485271e+00   1.807720e-15   1.264576e-03   7.988479e-17   696
  4.491253e+00   1.860682e-15   1.081079e-03   9.585586e-17   492
  4.499392e+00   1.985136e-15   1.547618e-03   1.234167e-16   432
  4.505420e+00   2.108380e-15   1.449174e-03   8.966246e-17   768
  4.512567e+00   1.995898e-15   1.805141e-03   9.145859e-17   648
  4.519390e+00   1.885253e-15   1.177661e-03   1.073336e-16   456
  4.527231e+00   1.828116e-15   1.619475e-03   9.296392e-17   552
  4.532676e+00   1.758146e-15   1.109989e-03   7.345486e-17   648
  4.540170e+00   1.512842e-15   1.809220e-03   5.574995e-17   840
  4.547491e+00   1.667247e-15   8.627791e-04   8.274709e-17   432
  4.554820e+00   1.627042e-15   1.056757e-03   8.303685e-17   600
  4.559917e+00   1.907153e-15   1.125905e-03   9.907535e-17   432
  4.568479e+00   1.894285e-15   1.120948e-03   8.832490e-17   560
  4.574277e+00   1.754489e-15   1.774344e-03   6.564265e-17   840
  4.581537e+00   1.733339e-15   1.050970e-03   9.950110e-17   504
  4.587303e+00   1.699633e-15   2.144966e-03   7.154305e-17   696
  4.595432e+00   1.669890e-15   1.171504e-03   9.078146e-17   384
  4.601763e+00   1.431974e-15   1.716116e-03   6.340265e-17   576
  4.609420e+00   1.913107e-15   1.059101e-03   1.022956e-16   360
  4.615593e+00   1.609407e-15   1.577258e-03   6.926529e-17   828
  4.622251e+00   1.485783e-15   1.404841e-03   7.921826e-17   372
  4.628352e+00   1.501245e-15   2.145462e-03   6.898377e-17   576
  4.636434e+00   1.687345e-15   8.985170e-04   7.210707e-17   636
  4.642192e+00   1.632013e-15   1.732109e-03   7.531039e-17   648
  4.649981e+00   1.414835e-15   1.408015e-03   6.892960e-17   576
  4.655573e+00   1.480418e-15   2.271277e-03   7.224077e-17   528
  4.663010e+00   1.682161e-15   9.710647e-04   9.405880e-17   360
  4.669165e+00   1.327166e-15   2.233813e-03   5.079383e-17   672
  4.677203e+00   1.624637e-15   1.144196e-03   6.478418e-17   804
  4.683893e+00   1.304226e-15   1.262185e-03   6.437963e-17   408
  4.691293e+00   1.526650e-15   7.801673e-04   8.944324e-17   384
  4.696276e+00   1.352323e-15   1.785323e-03   5.801689e-17   480
  4.703304e+00   1.465133e-15   1.153580e-03   7.977722e-17   432
  4.710045e+00   1.578486e-15   2.125802e-03   7.016106e-17   648
  4.718024e+00   1.492099e-15   1.319050e-03   6.607661e-17   624
  4.723861e+00   1.434185e-15   1.199787e-03   6.891511e-17   456
  4.731831e+00   1.491766e-15   1.639016e-03   6.341980e-17   588
  4.737172e+00   1.310739e-15   1.045685e-03   5.907317e-17   600
  4.744970e+00   1.294316e-15   1.631013e-03   4.826456e-17   708
  4.751130e+00   1.492323e-15   1.027507e-03   8.208410e-17   360
  4.757936e+00   1.411685e-15   1.181146e-03   6.052670e-17   552
  4.764461e+00   1.224988e-15   8.286020e-04   8.559010e-17   288
  4.771085e+00   1.318339e-15   1.557998e-03   6.535065e-17   528
  4.777309e+00   1.310439e-15   1.051098e-03   7.475083e-17   456
  4.784262e+00   1.303988e-15   1.863824e-03   6.544222e-17   608
  4.791256e+00   1.367788e-15   9.017389e-04   7.602877e-17   504
  4.798898e+00   1.121614e-15   1.935982e-03   5.144910e-17   540
  4.804891e+00   1.478970e-15   2.078222e-03   8.468135e-17   360
  4.811350e+00   1.317529e-15   9.411255e-04   5.791599e-17   540
  4.817063e+00   1.194846e-15   8.080679e-04   5.302743e-17   576
  4.825371e+00   1.349294e-15   1.873635e-03   6.241275e-17   588
  4.833270e+00   1.229155e-15   2.585051e-03   5.043265e-17   672
  4.840056e+00   1.301209e-15   1.975777e-03   5.889757e-17   552
  4.845526e+00   1.214970e-15   1.976776e-03   1.299643e-16   144
  4.852507e+00   1.225666e-15   1.679474e-03   5.168270e-17   600
  4.859125e+00   1.066508e-15   2.104747e-03   4.934138e-17   504
  4.866470e+00   1.034019e-15   2.162000e-03   6.725737e-17   336
  4.874196e+00   1.274903e-15   2.430098e-03   6.162251e-17   600
  4.881116e+00   1.110565e-15   1.568306e-03   4.397824e-17   636
  4.888585e+00   1.003216e-15   1.260932e-03   4.596997e-17   384
  4.893821e+00   1.309690e-15   1.758851e-03   5.901137e-17   504
  4.901368e+00   1.078752e-15   7.381651e-04   6.896255e-17   240
  4.907324e+00   1.136696e-15   1.734055e-03   5.029723e-17   744
  4.914470e+00   1.023190e-15   1.184096e-03   3.922485e-17   648
  4.920821e+00   1.528253e-15   7.860381e-04   1.898415e-16   120
  4.928265e+00   1.135463e-15   1.234764e-03   5.587748e-17   564
  4.933890e+00   1.276413e-15   1.939271e-03   6.392041e-17   432
  4.941396e+00   1.050332e-15   1.505258e-03   5.632535e-17   480
  4.947049e+00   9.625051e-16   1.107908e-03   5.397130e-17   456
  4.953721e+00   1.203396e-15   1.833424e-03   5.783991e-17   444
  4.961293e+00   9.762644e-16   2.805235e-03   5.166929e-17   528
  4.967944e+00   1.175963e-15   2.083390e-03   8.201291e-17   264
  4.974399e+00   1.050277e-15   2.135165e-03   5.266091e-17   444
  4.983082e+00   9.923777e-16   2.338759e-03   4.120507e-17   696
  4.990289e+00   1.064451e-15   1.250847e-03   4.975122e-17   384
  4.995560e+00   9.452501e-16   1.580550e-03   5.005094e-17   432
  5.003759e+00   1.033650e-15   1.092086e-03   5.386270e-17   488
  5.009082e+00   1.200154e-15   1.645909e-03   5.822114e-17   480
  5.016800e+00   9.362224e-16   1.835529e-03   4.440308e-17   480
  5.022777e+00   9.770061e-16   7.701318e-04   5.650222e-17   240
  5.029563e+00   1.014337e-15   1.798967e-03   4.297947e-17   600
  5.035964e+00   8.244373e-16   1.567616e-03   4.850970e-17   288
  5.042780e+00   1.002511e-15   1.507931e-03   4.532158e-17   480
  5.049682e+00   8.568275e-16   2.682341e-03   4.122379e-17   504
  5.056479e+00   1.071358e-15   1.150891e-03   8.425028e-17   216
  5.065146e+00   9.566514e-16   1.884192e-03   4.971899e-17   504
  5.071897e+00   9.579678e-16   1.515464e-03   4.899725e-17   456
  5.079286e+00   9.889624e-16   8.691442e-04   5.212264e-17   384
  5.084180e+00   9.541784e-16   1.764049e-03   4.332621e-17   480
  5.091134e+00   8.528313e-16   1.549032e-03   4.285525e-17   504
  5.097578e+00   7.794442e-16   9.826093e-04   4.198436e-17   312
  5.104521e+00   9.388088e-16   1.583441e-03   4.702177e-17   492
  5.110667e+00   9.329044e-16   1.484108e-03   5.129267e-17   312
  5.118579e+00   8.218563e-16   2.410815e-03   3.464631e-17   576
  5.125543e+00   8.883491e-16   2.225378e-03   5.553791e-17   336
  5.131328e+00   6.958032e-16   1.713438e-03   4.566825e-17   240
  5.139346e+00   8.057713e-16   2.271584e-03   3.962202e-17   468
  5.146270e+00   9.115442e-16   1.422340e-03   8.334421e-17   192
  5.153517e+00   6.539993e-16   1.426580e-03   3.723544e-17   324
  5.158828e+00   7.862110e-16   1.035388e-03   3.471176e-17   600
  5.166066e+00   8.733941e-16   1.679811e-03   4.336970e-17   456
  5.171442e+00   8.785329e-16   7.555789e-04   5.457319e-17   336
  5.180350e+00   8.631768e-16   2.262417e-03   3.729878e-17   612
  5.186832e+00   8.682890e-16   1.898719e-03   8.076530e-17   144
  5.192961e+00   9.445808e-16   2.216292e-03   4.212160e-17   552
  5.201296e+00   6.823096e-16   8.728032e-04   4.906207e-17   264
  5.206006e+00   8.872638e-16   2.020762e-03   5.263602e-17   336
  5.213435e+00   6.615271e-16   1.335250e-03   3.128323e-17   384
  5.219878e+00   6.561053e-16   7.516140e-04   4.287157e-17   216
  5.227010e+00   7.372362e-16   1.593577e-03   4.068874e-17   344
  5.233513e+00   7.386923e-16   2.377692e-03   4.167320e-17   408
  5.241438e+00   6.921261e-16   1.827101e-03   4.849806e-17   264
  5.248460e+00   7.742554e-16   2.547069e-03   3.204065e-17   612
  5.255476e+00   8.454083e-16   1.310917e-03   4.164957e-17   408
  5.262692e+00   7.357662e-16   1.312801e-03   3.399867e-17   444
  5.267993e+00   1.198264e-15   7.342396e-04   1.184608e-16   120
  5.275096e+00   9.279000e-16   2.028570e-03   5.367445e-17   336
  5.280368e+00   7.452971e-16   7.049199e-04   5.681119e-17   288
  5.287493e+00   7.408963e-16   2.193723e-03   3.939158e-17   552
  5.297288e+00   8.349265e-16   0.000000e+00   1.053476e-16   72
  5.302324e+00   7.172750e-16   2.178926e-03   3.628639e-17   504
  5.308207e+00   4.953634e-16   7.011571e-04   2.914405e-17   216
  5.315829e+00   6.019661e-16   1.251868e-03   3.723191e-17   312
  5.322672e+00   6.453335e-16   1.425448e-03   3.585580e-17   336
  5.329194e+00   6.725002e-16   1.975831e-03   4.956644e-17   204
  5.335689e+00   7.055193e-16   2.296216e-03   3.304288e-17   504
  5.342577e+00   8.295882e-16   2.186657e-03   4.792935e-17   396
  5.349201e+00   7.657815e-16   2.005279e-03   4.553227e-17   312
  5.357232e+00   8.458657e-16   1.225440e-03   5.826093e-17   216
  5.362890e+00   6.485162e-16   6.650698e-04   5.327479e-17   168
  5.369766e+00   6.408704e-16   1.679338e-03   3.055871e-17   588
  5.377613e+00   6.431842e-16   2.279505e-03   4.544054e-17   240
  5.383710e+00   5.138839e-16   2.013185e-03   3.337135e-17   264
  5.390860e+00   6.557857e-16   2.489717e-03   4.236784e-17   288
  5.397204e+00   5.604500e-16   1.243261e-03   3.160232e-17   288
  5.405244e+00   7.157967e-16   1.167620e-03   4.362493e-17   288
  5.410658e+00   5.485161e-16   1.352591e-03   3.832754e-17   192
  5.417469e+00   5.172799e-16   1.439292e-03   3.683154e-17   264
  5.423957e+00   6.874902e-16   2.367436e-03   4.014716e-17   372
  5.430940e+00   6.991560e-16   2.556933e-03   3.862080e-17   360
  5.439463e+00   6.306848e-16   1.082118e-03   6.616632e-17   144
  5.443868e+00   5.190224e-16   1.503015e-03   2.782150e-17   296
  5.450821e+00   5.981597e-16   1.619421e-03   3.438152e-17   288
  5.458782e+00   6.557239e-16   2.420184e-03   3.656421e-17   480
  5.465649e+00   5.757630e-16   2.010942e-03   4.397524e-17   192
  5.472326e+00   8.716809e-16   2.157009e-03   8.160685e-17   192
  5.478395e+00   4.537404e-16   1.374687e-03   3.006231e-17   288
  5.486835e+00   4.456125e-16   1.196646e-03   3.967642e-17   108
  5.491087e+00   8.219652e-16   1.150429e-03   5.053752e-17   240
  5.498595e+00   4.376660e-16   2.146152e-03   2.319224e-17   384
  5.506307e+00   5.385055e-16   2.618062e-03   5.222775e-17   108
  5.513127e+00   5.971415e-16   1.535018e-03   3.281177e-17   348
  5.520298e+00   5.180604e-16   1.602006e-03   3.512153e-17   312
  5.526703e+00   4.051124e-16   1.556684e-03   4.856541e-17   96
  5.532593e+00   5.748577e-16   2.072444e-03   2.791376e-17   384
  5.539190e+00   5.947628e-16   1.425422e-03   4.637993e-17   144
  5.545642e+00   6.004979e-16   2.190224e-03   3.023011e-17   408
  5.553663e+00   5.104661e-16   9.769946e-04   5.229140e-17   144
  5.561240e+00   5.633315e-16   1.878283e-03   3.826251e-17   192
  5.565734e+00   6.259631e-16   2.114042e-03   5.066655e-17   144
  5.573059e+00   4.181879e-16   1.718794e-03   3.824633e-17   144
  5.579969e+00   5.595198e-16   2.100644e-03   3.517686e-17   336
  5.588433e+00   3.705882e-16   1.554210e-03   2.242138e-17   240
  5.593800e+00   5.029390e-16   7.057532e-04   4.866162e-17   96
  5.601284e+00   6.439758e-16   2.069634e-03   4.570283e-17   372
  5.608856e+00   4.892367e-16   2.461786e-03   5.233798e-17   132
  5.615507e+00   4.467911e-16   1.523323e-03   3.003556e-17   264
  5.621457e+00   5.967288e-16   1.169843e-03   5.201935e-17   168
  5.627807e+00   4.604970e-16   1.870354e-03   3.575426e-17   216
  5.633417e+00   5.335040e-16   1.144306e-03   3.290396e-17   216
  5.641586e+00   3.315896e-16   2.099325e-03   3.681991e-17   96
  5.648999e+00   4.794125e-16   1.369618e-03   3.699103e-17   120
  5.655797e+00   4.336365e-16   1.741170e-03   2.941534e-17   216
  5.661397e+00   3.807801e-16   7.608972e-04   2.383277e-17   200
  5.668812e+00   4.562538e-16   1.969636e-03   3.078851e-17   288
  5.678322e+00   3.696897e-16   5.182495e-04   3.143447e-17   144
  5.682326e+00   4.742453e-16   1.612761e-03   3.507603e-17   168
  5.690504e+00   5.109564e-16   1.815012e-03   4.527728e-17   159
  5.696887e+00   4.215145e-16   1.904384e-03   3.408940e-17   174
  5.703065e+00   3.750762e-16   1.726829e-03   3.347615e-17   144
  5.711154e+00   4.500045e-16   9.971188e-04   3.580977e-17   222
  5.716564e+00   4.431401e-16   1.006181e-03   3.302936e-17   168
  5.725909e+00   2.875251e-16   2.206942e-03   4.217485e-17   30
  5.729769e+00   4.299749e-16   1.948567e-03   4.395143e-17   72
  5.737039e+00   3.603883e-16   1.739073e-03   2.861994e-17   258
  5.745032e+00   4.433736e-16   1.089226e-03   3.049637e-17   264
  5.749029e+00   3.612394e-16   1.174622e-07   4.544966e-17   72
  5.757357e+00   3.842538e-16   2.158892e-03   3.279580e-17   174
  5.764898e+00   3.819980e-16   2.298822e-03   3.713512e-17   168
  5.770961e+00   3.421382e-16   7.193062e-08   3.494466e-17   48
  5.777470e+00   3.532950e-16   1.298199e-03   4.808481e-17   150
  5.785016e+00   5.431015e-16   2.388130e-03   5.288384e-17   168
  5.792583e+00   2.789257e-16   1.454738e-03   2.288636e-17   144
  5.799541e+00   5.353125e-16   1.359056e-03   5.389975e-17   102
  5.804724e+00   2.935924e-16   2.011636e-03   4.543262e-17   96
  5.812948e+00   2.857335e-16   1.996414e-03   2.785456e-17   120
  5.819038e+00   2.983486e-16   2.141206e-03   3.046641e-17   168
  5.825625e+00   4.920225e-16   1.581111e-03   3.654921e-17   126
  5.831237e+00   3.847525e-16   1.192474e-03   3.256330e-17   168
  5.838969e+00   3.236900e-16   1.912134e-03   2.978565e-17   72
  5.845726e+00   3.408878e-16   2.394418e-03   2.362973e-17   168
  5.851646e+00   3.441277e-16   6.564276e-04   4.085106e-17   78
  5.859757e+00   2.279525e-16   1.077805e-03   2.401856e-17   60
  5.866288e+00   4.740835e-16   1.748374e-03   5.755448e-17   96
  5.873062e+00   3.238788e-16   2.121507e-03   2.867082e-17   168
  5.879428e+00   2.844870e-16   1.342407e-03   3.845049e-17   86
  5.886107e+00   2.927650e-16   1.199794e-03   2.441866e-17   120
  5.895681e+00   3.170861e-16   8.556122e-04   2.173757e-17   168
  5.900844e+00   2.404660e-16   0.000000e+00   2.305970e-17   48
  5.907798e+00   3.670333e-16   1.558833e-03   3.786714e-17   120
  5.911793e+00   3.463117e-16   1.137231e-03   3.198604e-17   126
  5.921548e+00   2.667050e-16   2.000073e-03   2.061049e-17   96
  5.927878e+00   3.784960e-16   5.767223e-04   4.174755e-17   96
  5.932871e+00   2.002034e-16   6.781684e-08   2.464173e-17   72
  5.943508e+00   1.772559e-16   7.193062e-08   4.041415e-17   24
  5.950147e+00   3.340772e-16   1.186881e-03   3.369837e-17   120
  5.955326e+00   3.279445e-16   1.731294e-03   3.131117e-17   126
  5.961084e+00   3.095828e-16   1.443268e-03   3.945370e-17   96
  5.967813e+00   2.717290e-16   2.494389e-03   3.582060e-17   72
  5.975306e+00   2.555596e-16   1.078907e-03   2.356839e-17   144
  5.981469e+00   3.311380e-16   6.222882e-04   4.137986e-17   72
  5.987626e+00   2.695114e-16   1.242932e-03   3.696686e-17   54
  5.993045e+00   2.823940e-16   1.095319e-03   2.797566e-17   108
  6.004306e+00   2.935364e-16   1.073696e-03   3.065812e-17   72
  6.007812e+00   2.798007e-16   6.195595e-04   2.856696e-17   72
  6.016129e+00   2.606545e-16   1.245875e-07   4.018785e-17   24
  6.023999e+00   2.360951e-16   1.310705e-03   2.634394e-17   48
  6.028777e+00   2.770857e-16   9.984188e-04   2.380261e-17   102
  6.035970e+00   2.818312e-16   2.258008e-03   2.538849e-17   168
  6.045369e+00   3.538962e-16   1.231465e-03   3.622272e-17   72
  6.048851e+00   2.981944e-16   0.000000e+00   3.178169e-17   48
  6.056156e+00   2.596127e-16   2.118194e-03   2.423772e-17   120
  6.065796e+00   2.189154e-16   1.301673e-03   2.233175e-17   96
  6.074901e+00   4.322820e-16   1.150890e-07   6.556271e-17   30
  6.085723e+00   3.623995e-16   6.115837e-04   4.338681e-17   72
  6.090478e+00   4.225757e-16   7.193062e-08   6.236126e-17   24
  6.096586e+00   1.595092e-16   9.065181e-04   1.950085e-17   56
  6.103428e+00   2.519158e-16   1.293647e-03   2.842187e-17   96
  6.111616e+00   2.761594e-16   1.428503e-03   1.858524e-17   144
  6.117928e+00   1.887206e-16   8.110480e-04   1.982964e-17   54
  6.127099e+00   2.021187e-16   1.215036e-03   2.144201e-17   108
  6.136327e+00   3.010371e-16   6.433558e-04   5.197213e-17   48
  6.145113e+00   2.545153e-16   2.422440e-03   2.830682e-17   72
  6.166195e+00   2.487061e-16   1.600514e-03   2.157312e-17   78
  6.172037e+00   1.506725e-16   1.206188e-03   1.767523e-17   72
  6.178856e+00   2.568286e-16   1.204690e-03   2.844205e-17   72
  6.185986e+00   2.123390e-16   2.907051e-03   2.010955e-17   96
  6.191621e+00   2.079369e-16   1.202207e-03   3.720840e-17   72
  6.198419e+00   3.127290e-16   0.000000e+00   4.842404e-17   24
  6.205208e+00   2.754032e-16   2.398986e-03   3.619530e-17   72
  6.220544e+00   2.632623e-16   1.523430e-03   4.455484e-17   30
  6.223843e+00   2.225999e-16   0.000000e+00   3.483186e-17   24
  6.241578e+00   2.697575e-16   1.265014e-03   2.462560e-17   48
  6.247142e+00   2.782708e-16   2.722309e-03   2.044678e-17   120
  6.254637e+00   2.526389e-16   1.190257e-03   2.120480e-17   72
  6.262206e+00   1.797824e-16   1.188818e-03   2.447538e-17   36
  6.267409e+00   2.115410e-16   2.349657e-03   3.269682e-17   78
  6.281928e+00   2.275253e-16   1.256888e-03   2.725462e-17   48
  6.300754e+00   4.808006e-16   1.017253e-07   6.869159e-17   24
  6.314166e+00   1.413460e-16   8.752715e-04   1.827378e-17   56
  6.320919e+00   3.071076e-16   1.346877e-03   2.884013e-17   102
  6.329510e+00   2.241669e-16   9.590750e-08   2.411742e-17   72
  6.334498e+00   2.498055e-16   7.193062e-08   3.722438e-17   24
  6.343217e+00   2.203562e-16   1.244744e-03   2.675721e-17   48
  6.359378e+00   2.881606e-16   0.000000e+00   1.038036e-16   24
  6.379213e+00   1.703247e-16   0.000000e+00   5.142665e-17   6
  6.385398e+00   1.812185e-16   0.000000e+00   4.021258e-17   24
  6.389518e+00   2.510175e-16   1.165127e-03   2.793432e-17   72
  6.397046e+00   2.110353e-16   2.173655e-03   2.107290e-17   84
  6.405152e+00   2.538017e-16   0.000000e+00   4.319661e-17   24
  6.407617e+00   2.378100e-16   1.017253e-07   4.873815e-17   24
  6.419927e+00   1.912813e-16   1.245875e-07   3.726580e-17   24
  6.437123e+00   4.830443e-16   0.000000e+00   7.919342e-17   6
  6.459163e+00   1.688448e-16   1.222400e-03   2.311567e-17   48
  6.464458e+00   1.883944e-16   2.302802e-03   2.041756e-17   72
  6.471376e+00   1.676532e-16   1.220094e-03   1.763323e-17   48
  6.482347e+00   2.701459e-16   0.000000e+00   3.366399e-17   24
  6.496947e+00   3.218622e-16   0.000000e+00   1.509592e-16   6
  6.529678e+00   1.087247e-16   0.000000e+00   2.917501e-17   8
  6.532096e+00   1.523593e-16   7.193062e-08   1.868988e-17   48
  6.537895e+00   1.806885e-16   1.183236e-03   2.607974e-17   60
  6.546585e+00   3.252932e-16   0.000000e+00   5.770017e-17   24
  6.558634e+00   4.570174e-16   0.000000e+00   1.122572e-16   6
  6.603027e+00   1.543343e-16   0.000000e+00   2.773351e-17   24
  6.606613e+00   2.265845e-16   1.195118e-03   2.367529e-17   48
  6.612586e+00   2.296945e-16   0.000000e+00   6.219155e-17   24
  6.622132e+00   1.711809e-16   0.000000e+00   1.155739e-17   6
  6.676359e+00   1.892405e-16   1.114931e-03   3.902057e-17   36
  6.680300e+00   2.110166e-16   0.000000e+00   4.071217e-17   24
  6.687387e+00   4.659386e-16   0.000000e+00   8.477642e-18   6
  6.749089e+00   1.680951e-16   1.013241e-03   2.726699e-17   32
  6.754351e+00   2.396059e-16   0.000000e+00   8.413108e-17   6
  6.820657e+00   2.546439e-16   0.000000e+00   4.244064e-17   12
  6.822972e+00   2.708858e-17   0.000000e+00   1.287141e-17   6
  6.893201e+00   1.431920e-16   0.000000e+00   1.966171e-17   6
