# power spectrum of zeta (dimensionless)
# redshift z=5.831586
# k              Pk             sigma(k)       sigma(Pk)      count
  1.256637e-01   6.866149e-15   0.000000e+00   1.222210e-15   6
  1.777153e-01   4.194049e-15   0.000000e+00   1.137447e-15   12
  2.176559e-01   4.615978e-15   2.384186e-09   1.146060e-15   8
  2.513274e-01   4.959786e-14   0.000000e+00   1.658786e-14   6
  2.809926e-01   1.903254e-14   4.495664e-09   4.877410e-15   24
  3.078120e-01   2.034620e-14   4.495664e-09   4.044460e-15   24
  3.554306e-01   3.302074e-14   0.000000e+00   6.491666e-15   12
  3.769911e-01   4.222629e-14   5.086263e-09   7.557455e-15   30
  3.973835e-01   3.468945e-14   0.000000e+00   6.514984e-15   24
  4.167794e-01   2.540337e-14   7.786718e-09   5.622447e-15   24
  4.353118e-01   4.106435e-14   4.768372e-09   4.481027e-15   8
  4.530869e-01   4.349096e-14   6.357829e-09   8.778799e-15   24
  4.701905e-01   3.709132e-14   0.000000e+00   5.006653e-15   48
  5.026548e-01   3.237261e-15   0.000000e+00   1.062329e-15   6
  5.181247e-01   3.197107e-14   6.357829e-09   4.257708e-15   48
  5.331460e-01   2.978845e-14   5.994218e-09   1.025888e-14   36
  5.477554e-01   1.949526e-14   6.357829e-09   3.415757e-15   24
  5.619852e-01   3.069154e-14   8.991328e-09   5.868471e-15   24
  5.758634e-01   3.384261e-14   0.000000e+00   4.427447e-15   48
  5.894150e-01   2.765631e-14   8.991328e-09   6.063063e-15   24
  6.156239e-01   3.200615e-14   8.991328e-09   5.596337e-15   24
  6.283185e-01   1.548994e-14   0.000000e+00   2.129223e-15   30
  6.407617e-01   2.793418e-14   0.000000e+00   2.715851e-15   72
  6.529678e-01   1.793703e-14   9.536743e-09   2.477274e-15   32
  6.767198e-01   2.350270e-14   0.000000e+00   2.702480e-15   72
  6.882885e-01   2.682382e-14   0.000000e+00   2.783107e-15   48
  7.108613e-01   2.348559e-14   0.000000e+00   2.034334e-15   12
  7.218830e-01   2.011205e-14   0.000000e+00   2.198088e-15   48
  7.327390e-01   2.314520e-14   0.000000e+00   3.221638e-15   48
  7.434365e-01   2.910521e-14   8.991328e-09   3.444566e-15   48
  7.539822e-01   3.773277e-14   1.017253e-08   8.914429e-15   30
  7.643825e-01   1.650388e-14   0.000000e+00   2.739456e-15   24
  7.746431e-01   2.882598e-14   1.895538e-08   3.990591e-15   72
  7.947671e-01   1.830192e-14   0.000000e+00   3.138965e-15   24
  8.046403e-01   1.903307e-14   0.000000e+00   2.059969e-15   96
  8.143939e-01   1.869862e-14   0.000000e+00   2.787401e-15   48
  8.240320e-01   2.962530e-14   1.557344e-08   4.789379e-15   24
  8.335587e-01   3.390858e-14   1.557344e-08   6.199867e-15   24
  8.429778e-01   2.284850e-14   0.000000e+00   3.055851e-15   72
  8.522927e-01   2.127634e-14   0.000000e+00   3.260958e-15   48
  8.706237e-01   3.550853e-14   9.536743e-09   7.450864e-15   8
  8.796459e-01   2.791745e-14   1.130281e-08   4.062523e-15   54
  8.885766e-01   2.574760e-14   0.000000e+00   2.784172e-15   84
  8.974184e-01   2.087072e-14   0.000000e+00   4.157122e-15   48
  9.061739e-01   1.515057e-14   1.271566e-08   2.432630e-15   24
  9.148456e-01   1.843320e-14   1.695421e-08   1.919131e-15   72
  9.234359e-01   1.897887e-14   0.000000e+00   1.583093e-15   96
  9.403811e-01   2.572929e-14   0.000000e+00   3.310480e-15   48
  9.487402e-01   1.346483e-14   0.000000e+00   1.889308e-15   48
  9.570263e-01   1.346588e-14   0.000000e+00   2.001735e-15   24
  9.652412e-01   1.526441e-14   0.000000e+00   1.659148e-15   72
  9.814649e-01   1.355460e-14   0.000000e+00   1.565456e-15   72
  9.894770e-01   1.828107e-14   0.000000e+00   1.820693e-15   96
  1.005310e+00   4.225777e-14   0.000000e+00   1.365311e-14   6
  1.013133e+00   1.323471e-14   0.000000e+00   1.303617e-15   96
  1.020897e+00   1.577183e-14   1.271566e-08   1.526257e-15   96
  1.028602e+00   2.675676e-14   0.000000e+00   5.807936e-15   24
  1.036249e+00   1.612348e-14   1.271566e-08   2.081961e-15   48
  1.043841e+00   1.433736e-14   0.000000e+00   1.619898e-15   96
  1.051378e+00   1.514689e-14   0.000000e+00   2.406960e-15   48
  1.066292e+00   1.239569e-14   1.198844e-08   1.744581e-15   36
  1.073671e+00   1.078095e-14   2.202416e-08   1.367167e-15   48
  1.081000e+00   1.265313e-14   2.491750e-08   1.193197e-15   120
  1.088280e+00   1.158494e-14   0.000000e+00   1.227057e-15   56
  1.095511e+00   8.945078e-15   1.271566e-08   1.795476e-15   24
  1.102695e+00   1.559481e-14   0.000000e+00   1.690144e-15   96
  1.109832e+00   9.943339e-15   0.000000e+00   1.613860e-15   48
  1.123970e+00   1.403935e-14   1.798266e-08   2.391952e-15   24
  1.130973e+00   1.140787e-14   0.000000e+00   1.188876e-15   102
  1.137933e+00   1.306798e-14   1.271566e-08   1.616204e-15   48
  1.144851e+00   1.627130e-14   0.000000e+00   2.229276e-15   72
  1.151727e+00   1.102770e-14   0.000000e+00   1.458795e-15   48
  1.158562e+00   1.433883e-14   0.000000e+00   1.519288e-15   48
  1.165357e+00   1.386786e-14   2.877225e-08   1.135217e-15   120
  1.178830e+00   1.526493e-14   1.798266e-08   3.555346e-15   24
  1.185509e+00   1.094538e-14   1.695421e-08   8.361368e-16   144
  1.192151e+00   1.262232e-14   2.034505e-08   1.445362e-15   120
  1.198755e+00   7.887519e-15   1.798266e-08   9.019156e-16   48
  1.211857e+00   1.058512e-14   1.798266e-08   1.140387e-15   48
  1.218355e+00   1.163190e-14   1.798266e-08   1.181190e-15   96
  1.235512e+00   1.460339e-14   3.015167e-03   1.706576e-15   72
  1.244007e+00   1.166446e-14   1.598458e-08   8.821522e-16   108
  1.250338e+00   1.135179e-14   0.000000e+00   1.195746e-15   72
  1.256637e+00   1.070718e-14   0.000000e+00   2.060761e-15   30
  1.262905e+00   1.147715e-14   0.000000e+00   9.298022e-16   168
  1.269141e+00   1.050322e-14   0.000000e+00   1.251267e-15   48
  1.281523e+00   1.146851e-14   0.000000e+00   1.258765e-15   72
  1.287670e+00   9.873821e-15   0.000000e+00   1.216862e-15   96
  1.293787e+00   1.035212e-14   3.390842e-08   1.219413e-15   72
  1.299875e+00   1.154096e-14   0.000000e+00   1.109572e-15   72
  1.310112e+00   1.112075e-14   2.784031e-03   9.494139e-16   104
  1.317972e+00   1.233846e-14   2.397687e-08   8.748823e-16   144
  1.335824e+00   9.409502e-15   4.021044e-08   8.822579e-16   96
  1.341721e+00   1.093715e-14   0.000000e+00   1.302620e-15   96
  1.351101e+00   1.125206e-14   2.864148e-03   9.221958e-16   120
  1.359261e+00   7.822056e-15   0.000000e+00   8.236529e-16   120
  1.365057e+00   8.061303e-15   0.000000e+00   9.735674e-16   72
  1.376577e+00   1.245344e-14   0.000000e+00   2.185835e-15   48
  1.382301e+00   1.193451e-14   3.130008e-08   1.865713e-15   78
  1.389623e+00   9.959058e-15   2.564571e-03   8.726289e-16   168
  1.404963e+00   9.882250e-15   2.936555e-08   8.884156e-16   144
  1.410572e+00   1.027431e-14   2.397687e-08   9.555547e-16   144
  1.426839e+00   8.106568e-15   1.476986e-03   5.698120e-16   156
  1.432787e+00   9.083549e-15   3.114687e-08   1.311178e-15   48
  1.438287e+00   7.288342e-15   2.034505e-08   6.812337e-16   120
  1.443766e+00   7.338196e-15   0.000000e+00   1.456214e-15   48
  1.453454e+00   9.355532e-15   2.260797e-03   7.195635e-16   216
  1.465478e+00   6.747627e-15   0.000000e+00   7.321147e-16   48
  1.470856e+00   1.021146e-14   1.798266e-08   9.291175e-16   96
  1.478502e+00   9.091604e-15   2.642094e-03   8.233866e-16   168
  1.486873e+00   9.383826e-15   1.798266e-08   1.122960e-15   48
  1.492174e+00   6.888631e-15   0.000000e+00   6.670697e-16   96
  1.497456e+00   8.433477e-15   0.000000e+00   1.061011e-15   48
  1.507964e+00   9.711659e-15   2.034505e-08   2.910852e-15   30
  1.513191e+00   5.614809e-15   0.000000e+00   5.390989e-16   96
  1.519439e+00   8.212256e-15   2.076451e-03   5.619815e-16   240
  1.527472e+00   8.339787e-15   2.240191e-03   9.858310e-16   32
  1.533921e+00   8.084467e-15   0.000000e+00   6.774902e-16   168
  1.539060e+00   8.667611e-15   0.000000e+00   8.047044e-16   120
  1.549286e+00   6.508548e-15   3.791077e-08   8.976097e-16   72
  1.554374e+00   8.627332e-15   1.695421e-08   9.179349e-16   144
  1.559446e+00   5.219206e-15   0.000000e+00   7.737288e-16   96
  1.564501e+00   7.148004e-15   0.000000e+00   8.240817e-16   96
  1.574562e+00   6.389859e-15   0.000000e+00   6.895503e-16   72
  1.579568e+00   7.623630e-15   2.543132e-08   6.868424e-16   96
  1.589534e+00   6.020599e-15   0.000000e+00   1.916573e-15   24
  1.594494e+00   8.178662e-15   0.000000e+00   6.848349e-16   192
  1.600334e+00   6.636327e-15   1.901066e-03   4.938018e-16   132
  1.609281e+00   8.674872e-15   0.000000e+00   1.065988e-15   96
  1.614180e+00   7.377701e-15   0.000000e+00   6.488729e-16   96
  1.619064e+00   7.643489e-15   2.034505e-08   6.067221e-16   120
  1.628788e+00   6.423084e-15   0.000000e+00   6.181312e-16   48
  1.636759e+00   5.558462e-15   2.303939e-03   3.583519e-16   222
  1.643266e+00   4.808674e-15   0.000000e+00   3.538060e-16   120
  1.648064e+00   8.228716e-15   3.114687e-08   1.341434e-15   24
  1.655050e+00   6.825043e-15   2.378000e-03   3.624706e-16   312
  1.670270e+00   6.277876e-15   2.229470e-03   7.561998e-16   72
  1.676563e+00   6.301418e-15   3.114687e-08   7.587639e-16   96
  1.683024e+00   7.477554e-15   2.270407e-03   7.202413e-16   192
  1.690632e+00   5.032440e-15   2.877225e-08   3.813016e-16   120
  1.695296e+00   6.199848e-15   0.000000e+00   5.962407e-16   144
  1.704585e+00   4.972927e-15   0.000000e+00   7.433616e-16   48
  1.711188e+00   6.187230e-15   2.282974e-03   3.237529e-16   336
  1.718425e+00   8.090868e-15   0.000000e+00   1.213235e-15   48
  1.727590e+00   5.808215e-15   0.000000e+00   4.410985e-16   192
  1.732155e+00   6.161914e-15   0.000000e+00   1.122617e-15   48
  1.745129e+00   5.555608e-15   1.584683e-03   6.252834e-16   56
  1.751580e+00   6.029463e-15   2.035272e-03   3.421398e-16   336
  1.759292e+00   7.185696e-15   2.260561e-08   1.046550e-15   54
  1.766010e+00   6.096778e-15   2.235459e-03   3.764592e-16   240
  1.779956e+00   5.547533e-15   2.140470e-03   4.553289e-16   228
  1.786017e+00   6.246905e-15   2.397687e-08   7.073163e-16   72
  1.791900e+00   5.428219e-15   2.076308e-03   3.861185e-16   144
  1.799230e+00   5.559393e-15   0.000000e+00   4.386127e-16   96
  1.803613e+00   6.110730e-15   2.877225e-08   4.205463e-16   240
  1.812348e+00   4.176596e-15   2.543132e-08   6.809332e-16   24
  1.817939e+00   5.528717e-15   1.961057e-03   2.990442e-16   336
  1.825371e+00   5.342566e-15   0.000000e+00   6.528463e-16   72
  1.832154e+00   5.756400e-15   2.133012e-03   3.770128e-16   168
  1.838302e+00   4.840413e-15   0.000000e+00   5.534033e-16   72
  1.846872e+00   4.462032e-15   0.000000e+00   4.190792e-16   96
  1.853509e+00   4.535316e-15   2.117011e-03   2.621031e-16   216
  1.859653e+00   3.747453e-15   0.000000e+00   4.468446e-16   96
  1.868125e+00   4.741339e-15   2.543132e-08   3.604365e-16   192
  1.872347e+00   5.530611e-15   2.397687e-08   3.952036e-16   144
  1.880762e+00   6.090491e-15   0.000000e+00   8.930661e-16   48
  1.886588e+00   3.903833e-15   2.041047e-03   2.439845e-16   246
  1.894505e+00   5.442509e-15   1.881878e-03   4.084479e-16   168
  1.901637e+00   5.175688e-15   4.983500e-08   4.494975e-16   120
  1.905784e+00   4.900601e-15   0.000000e+00   3.727072e-16   240
  1.914053e+00   3.416330e-15   0.000000e+00   5.434079e-16   24
  1.920640e+00   4.543955e-15   2.014384e-03   2.253913e-16   360
  1.928845e+00   4.995970e-15   2.005812e-03   5.476838e-16   120
  1.934568e+00   4.881867e-15   0.000000e+00   4.043492e-16   144
  1.938645e+00   5.767202e-15   0.000000e+00   4.713537e-16   96
  1.950825e+00   4.523740e-15   0.000000e+00   3.494718e-16   144
  1.954868e+00   3.955711e-15   0.000000e+00   2.940323e-16   132
  1.960551e+00   3.916304e-15   1.979707e-03   2.669531e-16   176
  1.968799e+00   4.107507e-15   1.999105e-03   2.295911e-16   312
  1.978954e+00   6.193508e-15   0.000000e+00   4.826193e-16   96
  1.982940e+00   4.556310e-15   0.000000e+00   3.308385e-16   144
  1.989055e+00   3.875893e-15   1.979053e-03   2.142573e-16   312
  1.998804e+00   6.639433e-15   0.000000e+00   8.863473e-16   48
  2.002750e+00   4.064094e-15   2.543132e-08   2.911184e-16   192
  2.010619e+00   1.074216e-15   0.000000e+00   2.586281e-16   6
  2.015848e+00   3.556174e-15   1.845802e-03   1.992066e-16   288
  2.024316e+00   3.925281e-15   1.950210e-03   2.635048e-16   192
  2.030159e+00   3.508156e-15   5.980883e-08   2.173690e-16   216
  2.034045e+00   4.625856e-15   0.000000e+00   6.616890e-16   72
  2.043725e+00   3.902620e-15   1.931689e-03   2.597141e-16   192
  2.050154e+00   4.509307e-15   1.434383e-03   2.607208e-16   288
  2.057204e+00   5.381332e-15   0.000000e+00   1.118038e-15   24
  2.062650e+00   4.182442e-15   1.889681e-03   1.758523e-16   456
  2.072499e+00   3.538553e-15   0.000000e+00   4.476872e-16   48
  2.078585e+00   3.647116e-15   1.861260e-03   2.331616e-16   240
  2.085579e+00   3.583122e-15   1.881013e-03   2.584388e-16   216
  2.091461e+00   3.790850e-15   0.000000e+00   5.422767e-16   72
  2.095233e+00   4.020665e-15   6.498988e-08   2.871018e-16   168
  2.105882e+00   4.028895e-15   1.398129e-03   2.302524e-16   288
  2.111855e+00   3.904792e-15   1.849965e-03   2.911102e-16   168
  2.121448e+00   3.883101e-15   0.000000e+00   2.373905e-16   192
  2.125166e+00   3.283197e-15   2.397687e-08   2.903380e-16   144
  2.132584e+00   3.455021e-15   2.397687e-08   6.804035e-16   36
  2.138874e+00   3.423895e-15   1.689411e-03   1.834126e-16   342
  2.144889e+00   3.785796e-15   1.734820e-03   2.916123e-16   144
  2.152621e+00   3.115776e-15   1.819392e-03   1.480405e-16   384
  2.162000e+00   3.255476e-15   4.983500e-08   3.317122e-16   120
  2.166643e+00   3.514381e-15   1.622368e-03   2.232875e-16   264
  2.172929e+00   3.555251e-15   8.042088e-08   2.428986e-16   192
  2.178848e+00   3.700142e-15   1.748412e-03   2.861227e-16   152
  2.183802e+00   3.502568e-15   4.795375e-08   3.827017e-16   144
  2.194222e+00   2.938125e-15   1.131589e-03   2.346644e-16   216
  2.199045e+00   3.055283e-15   1.512105e-03   1.890994e-16   312
  2.207535e+00   3.603473e-15   1.752500e-03   2.259401e-16   240
  2.212538e+00   2.497598e-15   2.543132e-08   2.119551e-16   96
  2.222033e+00   3.289853e-15   1.675517e-03   2.742832e-16   144
  2.227885e+00   3.219983e-15   1.646885e-03   1.424948e-16   456
  2.237379e+00   2.844189e-15   0.000000e+00   2.649716e-16   120
  2.240905e+00   2.839597e-15   0.000000e+00   2.164446e-16   144
  2.247941e+00   2.039718e-15   3.596531e-08   4.145496e-16   24
  2.252452e+00   3.259877e-15   1.583038e-03   1.725276e-16   336
  2.260253e+00   2.923540e-15   1.745876e-03   2.777316e-16   198
  2.267563e+00   3.103298e-15   1.697764e-03   1.436263e-16   432
  2.275867e+00   3.122161e-15   5.086263e-08   3.266934e-16   48
  2.280199e+00   3.328257e-15   1.498832e-03   1.654778e-16   384
  2.287976e+00   3.101488e-15   1.725473e-03   2.724355e-16   144
  2.295024e+00   2.734892e-15   1.713168e-03   1.719745e-16   264
  2.303454e+00   2.500404e-15   0.000000e+00   3.336199e-16   48
  2.309110e+00   3.228200e-15   1.628943e-03   2.164529e-16   276
  2.314567e+00   2.811167e-15   1.476593e-03   2.054148e-16   192
  2.321860e+00   2.740490e-15   1.659366e-03   1.245043e-16   552
  2.330715e+00   2.729892e-15   4.069010e-08   2.169661e-16   120
  2.335978e+00   3.016624e-15   1.679687e-03   2.284822e-16   216
  2.340855e+00   2.458839e-15   4.069010e-08   1.775715e-16   120
  2.349569e+00   2.680993e-15   1.654080e-03   1.338137e-16   408
  2.357660e+00   2.673773e-15   3.596531e-08   6.454431e-16   24
  2.362678e+00   2.942448e-15   1.670919e-03   1.443905e-16   384
  2.369685e+00   2.308617e-15   1.632547e-03   1.272909e-16   240
  2.375770e+00   2.069655e-15   1.644502e-03   1.582580e-16   168
  2.384301e+00   1.980970e-15   0.000000e+00   1.479962e-16   120
  2.389801e+00   2.279764e-15   1.714308e-03   1.183570e-16   350
  2.398744e+00   2.348428e-15   2.822081e-03   1.344718e-16   384
  2.404088e+00   1.910063e-15   0.000000e+00   1.590361e-16   144
  2.413921e+00   2.684104e-15   3.390842e-08   1.714126e-16   288
  2.419055e+00   2.128032e-15   1.615394e-03   1.059328e-16   336
  2.426039e+00   1.797234e-15   1.470682e-03   1.217845e-16   168
  2.430220e+00   2.144550e-15   9.639558e-08   1.156948e-16   336
  2.438868e+00   2.416670e-15   1.526480e-03   1.527199e-16   288
  2.444062e+00   2.131194e-15   1.438335e-03   1.267933e-16   264
  2.452858e+00   2.333592e-15   0.000000e+00   1.473924e-16   240
  2.456075e+00   1.835754e-15   0.000000e+00   2.220020e-16   96
  2.467620e+00   2.097419e-15   1.956039e-03   1.128257e-16   360
  2.473008e+00   2.077292e-15   1.441936e-03   1.799618e-16   168
  2.479816e+00   2.355620e-15   1.571860e-03   1.168796e-16   456
  2.488014e+00   2.174854e-15   4.521123e-08   2.129299e-16   108
  2.492626e+00   2.098980e-15   1.577159e-03   1.196584e-16   264
  2.498378e+00   2.295741e-15   1.407083e-03   1.379030e-16   264
  2.506256e+00   2.001935e-15   1.327788e-03   1.166317e-16   312
  2.516065e+00   2.088251e-15   9.866910e-04   1.350603e-16   270
  2.520176e+00   2.332503e-15   1.252729e-03   1.483108e-16   240
  2.527567e+00   1.872338e-15   1.549783e-03   9.385059e-17   384
  2.532054e+00   2.227815e-15   5.086263e-08   2.115797e-16   192
  2.540769e+00   2.039337e-15   1.243495e-03   1.411220e-16   240
  2.545825e+00   2.013358e-15   1.534673e-03   1.033174e-16   336
  2.555333e+00   1.883538e-15   1.544942e-03   8.295190e-17   480
  2.563047e+00   1.785970e-15   3.390842e-08   2.080452e-16   72
  2.567356e+00   2.097385e-15   1.506459e-03   1.253183e-16   240
  2.573216e+00   1.765594e-15   1.415865e-03   1.009330e-16   312
  2.579934e+00   1.748041e-15   1.530210e-03   1.137816e-16   240
  2.590086e+00   1.736031e-15   1.162564e-03   8.918988e-17   408
  2.594104e+00   1.696483e-15   1.064628e-03   9.734484e-17   336
  2.601958e+00   1.970905e-15   1.351816e-03   1.089103e-16   264
  2.605818e+00   1.931533e-15   0.000000e+00   1.526168e-16   144
  2.616557e+00   1.953683e-15   1.873697e-03   8.294284e-17   464
  2.622215e+00   2.000369e-15   1.489973e-03   1.442198e-16   168
  2.627801e+00   1.836047e-15   1.357041e-03   9.074995e-17   336
  2.637897e+00   1.880683e-15   1.425837e-03   8.821691e-17   414
  2.643588e+00   1.663672e-15   1.484211e-03   1.164513e-16   216
  2.650879e+00   1.954743e-15   3.596531e-08   2.099333e-16   96
  2.653856e+00   1.904506e-15   8.809666e-08   1.125939e-16   384
  2.664284e+00   1.675949e-15   1.481344e-03   7.792436e-17   492
  2.669873e+00   1.476906e-15   1.448627e-03   9.275155e-17   240
  2.676189e+00   1.556653e-15   1.470864e-03   8.407128e-17   312
  2.684913e+00   1.858860e-15   1.470380e-03   1.364804e-16   192
  2.690439e+00   1.721965e-15   1.424976e-03   7.475027e-17   504
  2.697770e+00   1.671221e-15   9.433586e-04   8.722587e-17   408
  2.703542e+00   1.538489e-15   2.890096e-03   9.870656e-17   168
  2.710765e+00   1.479018e-15   1.372821e-03   9.281678e-17   288
  2.716826e+00   1.536875e-15   1.432656e-03   8.863889e-17   288
  2.723035e+00   1.502363e-15   1.440903e-03   6.613609e-17   432
  2.732042e+00   1.343811e-15   1.362614e-03   1.018052e-16   216
  2.736854e+00   1.450139e-15   1.359739e-03   7.229416e-17   360
  2.745421e+00   1.614203e-15   1.327092e-03   8.366578e-17   312
  2.753154e+00   1.161304e-15   0.000000e+00   1.410476e-16   48
  2.757611e+00   1.494909e-15   1.422834e-03   7.280462e-17   432
  2.765594e+00   1.412081e-15   2.373302e-03   7.605846e-17   414
  2.770308e+00   1.458914e-15   5.421333e-08   8.291620e-17   312
  2.779102e+00   1.489584e-15   2.082441e-03   6.483556e-17   528
  2.785037e+00   1.509604e-15   1.093105e-03   9.629600e-17   264
  2.792167e+00   1.320143e-15   1.296122e-03   5.529161e-17   480
  2.801483e+00   1.286619e-15   0.000000e+00   8.430745e-17   288
  2.805506e+00   1.290474e-15   1.392643e-03   8.611009e-17   168
  2.812867e+00   1.391154e-15   2.204550e-03   6.097488e-17   504
  2.821143e+00   1.451551e-15   3.390842e-08   1.407147e-16   144
  2.826350e+00   1.319259e-15   1.415850e-03   6.150907e-17   464
  2.834173e+00   1.363393e-15   2.077839e-03   6.893948e-17   432
  2.837886e+00   1.478572e-15   3.596531e-08   1.017090e-16   192
  2.847481e+00   1.077375e-15   1.540373e-03   5.447101e-17   396
  2.853147e+00   1.261755e-15   1.383680e-03   8.192612e-17   288
  2.858874e+00   1.284866e-15   1.366839e-03   7.131221e-17   336
  2.868021e+00   1.022420e-15   8.655099e-04   4.527850e-17   432
  2.873827e+00   1.369517e-15   2.243281e-03   7.273363e-17   360
  2.880345e+00   1.189228e-15   1.326934e-03   5.748168e-17   384
  2.889603e+00   1.139502e-15   1.171274e-03   8.124057e-17   198
  2.894063e+00   1.152197e-15   1.331357e-03   4.997784e-17   552
  2.902381e+00   1.011604e-15   1.863809e-03   5.264820e-17   432
  2.909325e+00   1.091778e-15   7.119285e-08   8.143995e-17   168
  2.915153e+00   1.040769e-15   2.310442e-03   4.975722e-17   480
  2.922863e+00   9.774447e-16   0.000000e+00   8.717349e-17   120
  2.926334e+00   1.133425e-15   1.887069e-03   6.012069e-17   336
  2.934802e+00   1.182399e-15   1.331298e-03   4.966429e-17   672
  2.943175e+00   1.022132e-15   1.936554e-03   4.273457e-17   528
  2.947075e+00   1.374968e-15   5.812872e-08   8.997837e-17   168
  2.956085e+00   1.133774e-15   2.160213e-03   6.246537e-17   456
  2.961583e+00   1.097617e-15   1.319260e-03   8.302286e-17   168
  2.967291e+00   1.049853e-15   1.316892e-03   4.817480e-17   504
  2.976778e+00   1.078403e-15   1.694638e-03   5.712264e-17   336
  2.982515e+00   1.168472e-15   1.221633e-03   6.704586e-17   312
  2.988879e+00   1.096205e-15   1.193619e-03   4.727421e-17   504
  2.997254e+00   9.942033e-16   8.281656e-04   4.611074e-17   432
  3.001192e+00   1.069947e-15   1.279790e-03   6.327720e-17   312
  3.009377e+00   1.036782e-15   1.311847e-03   5.036282e-17   384
  3.017923e+00   8.948327e-16   1.114566e-03   9.044375e-17   126
  3.023199e+00   9.190796e-16   1.956913e-03   4.111551e-17   492
  3.029938e+00   8.828824e-16   1.253405e-03   3.566793e-17   528
  3.038360e+00   1.043971e-15   1.273190e-03   5.091453e-17   480
  3.043581e+00   8.655634e-16   1.758905e-03   4.304352e-17   432
  3.051137e+00   9.664496e-16   1.383146e-03   5.167888e-17   440
  3.059913e+00   9.202351e-16   6.878330e-04   4.903815e-17   312
  3.063206e+00   1.010561e-15   1.030775e-03   4.548242e-17   480
  3.069960e+00   8.542479e-16   2.018238e-03   4.210482e-17   408
  3.079829e+00   8.333083e-16   1.208696e-03   4.225572e-17   360
  3.083998e+00   9.846423e-16   1.166348e-03   4.820539e-17   408
  3.091725e+00   8.527815e-16   1.186907e-03   3.696035e-17   456
  3.100425e+00   8.381906e-16   1.134390e-03   4.704397e-17   264
  3.105254e+00   9.280791e-16   1.231098e-03   5.916758e-17   384
  3.112283e+00   8.359044e-16   2.072640e-03   3.372800e-17   672
  3.120409e+00   8.163321e-16   1.239707e-03   5.327336e-17   240
  3.125099e+00   8.245191e-16   1.257992e-03   4.689453e-17   264
  3.131717e+00   8.896397e-16   1.551526e-03   3.509943e-17   624
  3.141593e+00   9.343966e-16   0.000000e+00   7.335295e-17   150
  3.145109e+00   7.742999e-16   1.738607e-03   3.718255e-17   600
  3.152524e+00   7.292651e-16   1.199942e-03   2.675732e-17   672
  3.160921e+00   8.490467e-16   1.128630e-03   4.618072e-17   336
  3.165599e+00   7.397589e-16   1.227621e-03   3.812248e-17   408
  3.173072e+00   7.784992e-16   1.224729e-03   4.481185e-17   408
  3.181385e+00   7.255700e-16   6.192886e-04   3.951256e-17   360
  3.186510e+00   7.324352e-16   2.273829e-03   3.353059e-17   456
  3.192699e+00   8.325070e-16   1.236522e-03   4.276729e-17   384
  3.200577e+00   7.309571e-16   1.141466e-03   4.145218e-17   348
  3.204835e+00   7.262777e-16   1.407202e-03   2.869557e-17   576
  3.212832e+00   7.675308e-16   1.158646e-03   3.273162e-17   504
  3.221013e+00   7.951581e-16   1.634203e-03   4.274485e-17   432
  3.228154e+00   6.629651e-16   2.223325e-03   2.762735e-17   576
  3.233247e+00   7.871605e-16   0.000000e+00   4.899608e-17   264
  3.241325e+00   6.994983e-16   1.769212e-03   2.386703e-17   768
  3.248351e+00   9.255183e-16   2.381921e-03   5.784300e-17   240
  3.253937e+00   7.949106e-16   2.100629e-03   7.792093e-17   192
  3.262073e+00   6.425932e-16   1.546319e-03   3.018094e-17   504
  3.268108e+00   6.987115e-16   2.083724e-03   2.617915e-17   590
  3.273894e+00   5.995197e-16   2.334698e-03   3.231399e-17   384
  3.281151e+00   7.263793e-16   1.951120e-03   3.525014e-17   504
  3.289911e+00   6.357945e-16   1.877651e-03   2.472090e-17   648
  3.298409e+00   7.096120e-16   5.099453e-04   3.481799e-17   504
  3.301835e+00   6.118612e-16   1.163281e-03   4.228629e-17   312
  3.307884e+00   5.862974e-16   1.676002e-03   2.666078e-17   576
  3.316189e+00   7.285115e-16   1.166339e-03   4.439779e-17   240
  3.321030e+00   5.705035e-16   1.178530e-03   2.651027e-17   552
  3.327882e+00   5.791215e-16   1.106612e-03   2.274674e-17   600
  3.337643e+00   5.640864e-16   1.351639e-03   2.398958e-17   600
  3.343511e+00   6.092774e-16   2.164544e-03   3.696919e-17   312
  3.349356e+00   6.392424e-16   1.885103e-03   3.117139e-17   480
  3.356656e+00   6.016581e-16   1.176123e-03   2.678888e-17   576
  3.363084e+00   5.973242e-16   1.893814e-03   3.173160e-17   408
  3.368787e+00   6.620076e-16   2.209222e-03   4.303195e-17   216
  3.376156e+00   5.451420e-16   1.692015e-03   2.366513e-17   516
  3.384050e+00   5.466368e-16   1.614354e-03   1.910162e-17   744
  3.392194e+00   5.919744e-16   1.078246e-03   2.506666e-17   462
  3.396796e+00   6.438937e-16   1.095881e-03   3.404984e-17   432
  3.403934e+00   5.484543e-16   1.016670e-03   2.132976e-17   648
  3.412327e+00   5.865121e-16   1.487578e-03   2.643230e-17   528
  3.419069e+00   5.564687e-16   1.791415e-03   2.354006e-17   600
  3.425805e+00   5.115792e-16   2.258506e-03   3.489732e-17   240
  3.432329e+00   5.168344e-16   1.729994e-03   2.051589e-17   720
  3.439912e+00   5.367709e-16   1.368738e-03   1.982604e-17   720
  3.448318e+00   5.559564e-16   0.000000e+00   4.155312e-17   144
  3.452742e+00   5.057959e-16   1.764713e-03   1.871044e-17   720
  3.459035e+00   5.974990e-16   1.058157e-03   3.077771e-17   384
  3.466913e+00   4.863791e-16   1.173023e-03   2.152975e-17   672
  3.474387e+00   5.149568e-16   2.053834e-03   2.821636e-17   336
  3.477957e+00   4.955784e-16   0.000000e+00   2.982171e-17   288
  3.486699e+00   5.406414e-16   1.625472e-03   2.026174e-17   776
  3.494792e+00   4.807222e-16   1.390838e-03   1.799479e-17   720
  3.501588e+00   4.665385e-16   1.120422e-03   2.290085e-17   432
  3.507024e+00   4.563171e-16   1.597303e-03   2.049660e-17   504
  3.513071e+00   4.880072e-16   1.119137e-03   2.010667e-17   528
  3.521533e+00   4.808556e-16   1.524759e-03   2.363816e-17   438
  3.528495e+00   4.639523e-16   1.774680e-03   2.143796e-17   624
  3.533741e+00   4.794505e-16   2.173744e-03   2.835793e-17   312
  3.540952e+00   4.314772e-16   1.171159e-03   1.645593e-17   696
  3.548410e+00   4.126596e-16   1.059686e-03   1.879238e-17   552
  3.556166e+00   4.035068e-16   8.198436e-04   1.834845e-17   516
  3.560964e+00   4.139343e-16   1.637576e-03   1.836138e-17   528
  3.566805e+00   4.971083e-16   1.064960e-03   2.192556e-17   528
  3.575102e+00   4.128964e-16   1.404467e-03   1.342988e-17   864
  3.580734e+00   4.388115e-16   1.923830e-03   2.138710e-17   408
  3.586372e+00   4.022772e-16   1.906039e-03   2.835460e-17   192
  3.594362e+00   4.188039e-16   1.577339e-03   1.675417e-17   720
  3.601108e+00   4.049126e-16   1.454384e-03   1.680622e-17   696
  3.609123e+00   4.266033e-16   1.570748e-03   1.514733e-17   720
  3.616456e+00   4.040052e-16   2.128961e-03   2.103060e-17   432
  3.620733e+00   4.182075e-16   1.253189e-03   2.323078e-17   264
  3.628427e+00   3.313913e-16   1.730599e-03   1.226565e-17   672
  3.635310e+00   3.884008e-16   1.771868e-03   1.627142e-17   600
  3.643477e+00   3.845839e-16   1.037427e-03   2.850314e-17   270
  3.647594e+00   3.847103e-16   1.561617e-03   1.727347e-17   528
  3.654138e+00   3.503501e-16   1.069340e-03   1.333136e-17   840
  3.663112e+00   3.554114e-16   2.044769e-03   1.228933e-17   888
  3.671403e+00   3.895150e-16   1.523504e-03   1.431464e-17   744
  3.678411e+00   3.746521e-16   7.828584e-04   1.611718e-17   456
  3.681896e+00   3.184559e-16   1.069824e-03   1.586096e-17   360
  3.687860e+00   3.878260e-16   9.269427e-04   2.135977e-17   384
  3.697011e+00   3.820180e-16   1.486807e-03   1.396403e-17   816
  3.703877e+00   3.277439e-16   2.157150e-03   1.168587e-17   824
  3.712223e+00   3.775726e-16   1.002746e-03   1.885815e-17   360
  3.716692e+00   3.724104e-16   1.479676e-03   1.531812e-17   624
  3.722842e+00   3.026673e-16   9.998850e-04   1.695684e-17   360
  3.731036e+00   3.499113e-16   1.360137e-03   1.193434e-17   876
  3.738436e+00   3.391858e-16   1.615436e-03   1.267652e-17   696
  3.745899e+00   2.996857e-16   1.043143e-03   1.858229e-17   336
  3.749811e+00   3.233704e-16   1.041971e-03   1.538533e-17   504
  3.756273e+00   3.041225e-16   1.051000e-03   1.212251e-17   672
  3.765859e+00   3.499958e-16   2.092296e-03   1.289749e-17   720
  3.772508e+00   3.180942e-16   1.580506e-03   1.117976e-17   774
  3.779846e+00   2.677849e-16   9.046409e-04   1.339529e-17   384
  3.783690e+00   2.810494e-16   1.740917e-03   1.244191e-17   528
  3.789655e+00   2.985687e-16   1.659191e-03   1.160455e-17   744
  3.799249e+00   3.090849e-16   1.368481e-03   1.199480e-17   768
  3.805620e+00   2.943491e-16   1.536223e-03   1.348294e-17   552
  3.813568e+00   2.711344e-16   1.674309e-03   1.097071e-17   696
  3.819481e+00   2.787801e-16   2.034577e-03   1.438252e-17   408
  3.824174e+00   2.520821e-16   8.789532e-04   1.068595e-17   504
  3.831615e+00   2.776002e-16   1.579007e-03   8.917247e-18   888
  3.838937e+00   2.820928e-16   1.641044e-03   1.067008e-17   648
  3.846547e+00   2.675527e-16   1.626978e-03   1.237185e-17   648
  3.853707e+00   2.814611e-16   1.754281e-03   1.160282e-17   792
  3.861291e+00   2.874572e-16   2.566633e-03   1.172456e-17   600
  3.866880e+00   3.019692e-16   1.739428e-03   1.503254e-17   456
  3.872762e+00   2.679949e-16   8.477229e-04   1.191702e-17   648
  3.880317e+00   2.566631e-16   1.653183e-03   8.929306e-18   936
  3.888474e+00   2.623332e-16   1.015268e-03   1.215304e-17   384
  3.895575e+00   2.109875e-16   0.000000e+00   1.576384e-17   198
  3.901055e+00   2.172606e-16   2.575821e-03   6.751841e-18   1224
  3.906966e+00   1.999620e-16   1.875990e-03   1.026239e-17   420
  3.913957e+00   2.188268e-16   1.815566e-03   7.703677e-18   792
  3.920793e+00   2.029786e-16   1.501318e-03   7.603058e-18   680
  3.928594e+00   1.749844e-16   1.378581e-03   6.707741e-18   600
  3.934870e+00   1.927274e-16   1.999321e-03   7.324399e-18   840
  3.943251e+00   1.770771e-16   9.439865e-04   1.061477e-17   432
  3.946454e+00   2.097012e-16   8.846397e-04   7.878565e-18   720
  3.953417e+00   2.002470e-16   1.771778e-03   6.238104e-18   960
  3.962077e+00   1.802051e-16   1.579411e-03   8.739787e-18   528
  3.968405e+00   2.123833e-16   1.614459e-03   8.670885e-18   624
  3.975938e+00   1.712858e-16   1.268954e-03   6.274751e-18   816
  3.983415e+00   1.784721e-16   2.086821e-03   7.115425e-18   696
  3.991678e+00   1.923572e-16   1.150890e-07   1.237250e-17   240
  3.994784e+00   1.760199e-16   1.230648e-03   7.511230e-18   672
  4.001719e+00   1.913952e-16   2.199344e-03   7.263402e-18   864
  4.009498e+00   1.975993e-16   1.687640e-03   7.063442e-18   816
  4.016509e+00   1.848604e-16   9.659469e-04   7.586754e-18   648
  4.024060e+00   1.712653e-16   9.873737e-04   6.380439e-18   843
  4.030471e+00   1.694063e-16   1.776528e-03   6.540063e-18   780
  4.038111e+00   1.856191e-16   9.532520e-04   1.317541e-17   216
  4.042823e+00   1.687233e-16   2.298663e-03   5.417128e-18   1056
  4.050071e+00   1.623049e-16   1.880564e-03   8.836629e-18   228
  4.056781e+00   1.507351e-16   2.341349e-03   5.218683e-18   924
  4.063670e+00   1.561537e-16   8.685094e-04   5.768577e-18   696
  4.070964e+00   1.797576e-16   1.545698e-03   5.985680e-18   996
  4.078428e+00   1.805744e-16   9.125493e-04   7.764919e-18   576
  4.086192e+00   1.796165e-16   1.408459e-03   8.097719e-18   552
  4.091852e+00   1.433120e-16   1.681651e-03   7.140190e-18   516
  4.097596e+00   1.428145e-16   2.445470e-03   5.129127e-18   744
  4.104159e+00   1.415802e-16   1.199649e-03   5.550598e-18   576
  4.109868e+00   1.502330e-16   1.234742e-03   5.454252e-18   792
  4.117982e+00   1.567047e-16   1.411539e-03   5.734507e-18   792
  4.123927e+00   1.516030e-16   1.522330e-03   5.853543e-18   720
  4.131968e+00   1.382218e-16   1.735107e-03   5.551789e-18   656
  4.139503e+00   1.392958e-16   1.894646e-03   4.961446e-18   816
  4.147227e+00   1.485893e-16   1.021561e-03   6.992673e-18   492
  4.151618e+00   1.478853e-16   1.469588e-03   6.757441e-18   552
  4.159858e+00   1.467453e-16   2.555435e-03   5.496138e-18   780
  4.165209e+00   1.291173e-16   1.569773e-03   6.118427e-18   528
  4.170975e+00   1.259481e-16   1.832403e-03   5.806721e-18   600
  4.179472e+00   1.252072e-16   1.522872e-03   4.156353e-18   900
  4.185329e+00   1.458510e-16   8.430879e-04   5.796567e-18   696
  4.193388e+00   1.295106e-16   2.131780e-03   4.878149e-18   696
  4.201183e+00   1.339476e-16   8.648430e-04   5.923756e-18   552
  4.207739e+00   1.261686e-16   1.005732e-03   4.576296e-18   708
  4.214606e+00   1.280506e-16   1.660522e-03   4.790761e-18   876
  4.221752e+00   1.271240e-16   8.817041e-04   1.015901e-17   216
  4.226547e+00   1.254818e-16   2.411580e-03   3.859098e-18   1032
  4.233729e+00   1.460394e-16   2.685028e-03   6.893948e-18   600
  4.241182e+00   1.335825e-16   1.281196e-03   5.404566e-18   600
  4.246868e+00   1.286354e-16   2.262472e-03   5.557528e-18   528
  4.253589e+00   1.141971e-16   1.241998e-03   4.164094e-18   732
  4.260669e+00   1.163296e-16   9.171027e-04   6.902880e-18   336
  4.268820e+00   1.118604e-16   1.307053e-03   4.193888e-18   912
  4.274911e+00   1.182174e-16   1.311885e-03   4.693546e-18   624
  4.281565e+00   1.205776e-16   1.105498e-03   4.431101e-18   768
  4.289333e+00   1.205737e-16   1.994537e-03   4.207500e-18   792
  4.296957e+00   1.177708e-16   9.888090e-04   4.608245e-18   660
  4.302382e+00   1.178348e-16   1.457169e-03   5.454697e-18   504
  4.307992e+00   1.017633e-16   2.380735e-03   5.541954e-18   480
  4.316401e+00   1.149004e-16   2.201870e-03   3.325088e-18   912
  4.322985e+00   1.140374e-16   2.452123e-03   5.635233e-18   432
  4.329203e+00   1.083212e-16   1.456013e-03   4.795346e-18   564
  4.334724e+00   1.018093e-16   1.393605e-03   3.829853e-18   600
  4.342496e+00   9.831456e-17   1.942553e-03   3.509451e-18   876
  4.348334e+00   1.079990e-16   8.734307e-04   7.507339e-18   264
  4.356382e+00   1.002879e-16   1.694799e-03   4.249794e-18   560
  4.362850e+00   1.071020e-16   1.151652e-03   3.653663e-18   840
  4.370702e+00   1.074547e-16   1.775516e-03   3.615778e-18   1008
  4.377963e+00   9.930270e-17   7.942467e-04   5.063065e-18   456
  4.384595e+00   1.030340e-16   1.028834e-03   4.319660e-18   576
  4.390725e+00   9.857212e-17   1.580913e-03   4.298450e-18   612
  4.398809e+00   9.362819e-17   1.412012e-03   3.432116e-18   780
  4.405404e+00   9.805939e-17   1.618102e-03   3.966285e-18   648
  4.412155e+00   9.653823e-17   7.540562e-04   7.148771e-18   312
  4.416470e+00   9.512843e-17   1.915933e-03   4.515053e-18   528
  4.423945e+00   9.173403e-17   2.502113e-03   3.423256e-18   720
  4.431093e+00   1.055144e-16   2.509948e-03   4.560114e-18   576
  4.439759e+00   1.046220e-16   2.165154e-03   4.834345e-18   444
  4.445151e+00   9.401141e-17   2.123318e-03   3.212173e-18   996
  4.451759e+00   9.430182e-17   1.773610e-03   4.726082e-18   432
  4.458005e+00   8.480609e-17   1.941754e-03   3.405446e-18   504
  4.463400e+00   8.648973e-17   8.754449e-04   4.395909e-18   504
  4.471082e+00   8.183237e-17   1.722886e-03   2.487745e-18   876
  4.478033e+00   8.176536e-17   1.982878e-03   3.496265e-18   504
  4.485271e+00   9.862322e-17   1.264576e-03   3.847610e-18   696
  4.491253e+00   8.519557e-17   1.081079e-03   3.777133e-18   492
  4.499392e+00   9.401329e-17   1.547618e-03   4.697641e-18   432
  4.505420e+00   8.715191e-17   1.449174e-03   3.391387e-18   768
  4.512567e+00   8.357592e-17   1.805141e-03   3.421665e-18   648
  4.519390e+00   7.853600e-17   1.177661e-03   4.344652e-18   456
  4.527231e+00   8.571624e-17   1.619475e-03   4.109579e-18   552
  4.532676e+00   7.581532e-17   1.109989e-03   3.231893e-18   648
  4.540170e+00   7.324508e-17   1.809220e-03   2.464835e-18   840
  4.547491e+00   7.314478e-17   8.627791e-04   3.422579e-18   432
  4.554820e+00   7.941964e-17   1.056757e-03   3.149739e-18   600
  4.559917e+00   7.228618e-17   1.125905e-03   3.630320e-18   432
  4.568479e+00   7.214223e-17   1.120948e-03   3.210597e-18   560
  4.574277e+00   7.423999e-17   1.774344e-03   2.822995e-18   840
  4.581537e+00   7.814764e-17   1.050970e-03   3.885860e-18   504
  4.587303e+00   8.365291e-17   2.144966e-03   3.565018e-18   696
  4.595432e+00   7.167306e-17   1.171504e-03   3.709452e-18   384
  4.601763e+00   7.356362e-17   1.716116e-03   2.798578e-18   576
  4.609420e+00   7.836207e-17   1.059101e-03   4.877558e-18   360
  4.615593e+00   7.146141e-17   1.577258e-03   2.639984e-18   828
  4.622251e+00   7.284799e-17   1.404841e-03   3.907123e-18   372
  4.628352e+00   6.505895e-17   2.145462e-03   3.054518e-18   576
  4.636434e+00   6.918857e-17   8.985170e-04   2.831112e-18   636
  4.642192e+00   6.186988e-17   1.732109e-03   2.399331e-18   648
  4.649981e+00   6.417068e-17   1.408015e-03   2.612692e-18   576
  4.655573e+00   7.190710e-17   2.271277e-03   3.613925e-18   528
  4.663010e+00   6.111826e-17   9.710647e-04   3.122115e-18   360
  4.669165e+00   6.979313e-17   2.233813e-03   3.007704e-18   672
  4.677203e+00   6.401381e-17   1.144196e-03   2.388197e-18   804
  4.683893e+00   5.944195e-17   1.262185e-03   3.057538e-18   408
  4.691293e+00   6.835798e-17   7.801673e-04   3.114404e-18   384
  4.696276e+00   6.398592e-17   1.785323e-03   2.868483e-18   480
  4.703304e+00   7.606810e-17   1.153580e-03   3.501500e-18   432
  4.710045e+00   6.044125e-17   2.125802e-03   2.361556e-18   648
  4.718024e+00   5.294937e-17   1.319050e-03   2.176270e-18   624
  4.723861e+00   6.332107e-17   1.199787e-03   2.982014e-18   456
  4.731831e+00   5.856698e-17   1.639016e-03   2.380517e-18   588
  4.737172e+00   6.203779e-17   1.045685e-03   2.622929e-18   600
  4.744970e+00   5.562078e-17   1.631013e-03   2.146226e-18   708
  4.751130e+00   6.283424e-17   1.027507e-03   3.997023e-18   360
  4.757936e+00   5.402493e-17   1.181146e-03   2.084651e-18   552
  4.764461e+00   6.185143e-17   8.286020e-04   3.568618e-18   288
  4.771085e+00   6.241770e-17   1.557998e-03   3.003007e-18   528
  4.777309e+00   5.596811e-17   1.051098e-03   2.978959e-18   456
  4.784262e+00   5.995949e-17   1.863824e-03   2.394466e-18   608
  4.791256e+00   6.008071e-17   9.017389e-04   2.782749e-18   504
  4.798898e+00   5.661093e-17   1.935982e-03   2.483293e-18   540
  4.804891e+00   5.366202e-17   2.078222e-03   2.924206e-18   360
  4.811350e+00   5.393881e-17   9.411255e-04   2.418705e-18   540
  4.817063e+00   4.131840e-17   8.080679e-04   1.919790e-18   576
  4.825371e+00   5.498300e-17   1.873635e-03   2.543313e-18   588
  4.833270e+00   5.176876e-17   2.585051e-03   2.186751e-18   672
  4.840056e+00   4.585045e-17   1.975777e-03   2.258850e-18   552
  4.845526e+00   4.572079e-17   1.976776e-03   3.440209e-18   144
  4.852507e+00   5.469567e-17   1.679474e-03   2.209173e-18   600
  4.859125e+00   4.783484e-17   2.104747e-03   2.283443e-18   504
  4.866470e+00   4.873824e-17   2.162000e-03   2.677321e-18   336
  4.874196e+00   5.027338e-17   2.430098e-03   2.054791e-18   600
  4.881116e+00   5.181607e-17   1.568306e-03   2.368620e-18   636
  4.888585e+00   5.103364e-17   1.260932e-03   2.902137e-18   384
  4.893821e+00   4.499695e-17   1.758851e-03   2.078783e-18   504
  4.901368e+00   4.381029e-17   7.381651e-04   3.165949e-18   240
  4.907324e+00   4.316439e-17   1.734055e-03   1.541176e-18   744
  4.914470e+00   4.456922e-17   1.184096e-03   1.738432e-18   648
  4.920821e+00   3.190260e-17   7.860381e-04   2.875102e-18   120
  4.928265e+00   4.904354e-17   1.234764e-03   1.937980e-18   564
  4.933890e+00   4.158279e-17   1.939271e-03   1.783617e-18   432
  4.941396e+00   4.712936e-17   1.505258e-03   2.112379e-18   480
  4.947049e+00   4.490808e-17   1.107908e-03   1.904337e-18   456
  4.953721e+00   4.441134e-17   1.833424e-03   2.330688e-18   444
  4.961293e+00   4.098699e-17   2.805235e-03   1.873497e-18   528
  4.967944e+00   4.411758e-17   2.083390e-03   2.734309e-18   264
  4.974399e+00   4.009566e-17   2.135165e-03   1.717266e-18   444
  4.983082e+00   4.207786e-17   2.338759e-03   1.652641e-18   696
  4.990289e+00   4.146417e-17   1.250847e-03   2.568849e-18   384
  4.995560e+00   4.225916e-17   1.580550e-03   2.067447e-18   432
  5.003759e+00   3.988895e-17   1.092086e-03   1.931625e-18   488
  5.009082e+00   3.239419e-17   1.645909e-03   1.460867e-18   480
  5.016800e+00   3.100287e-17   1.835529e-03   1.459093e-18   480
  5.022777e+00   4.177570e-17   7.701318e-04   2.920894e-18   240
  5.029563e+00   3.416482e-17   1.798967e-03   1.366915e-18   600
  5.035964e+00   4.058900e-17   1.567616e-03   2.193749e-18   288
  5.042780e+00   3.998885e-17   1.507931e-03   1.788010e-18   480
  5.049682e+00   4.318174e-17   2.682341e-03   2.151146e-18   504
  5.056479e+00   3.988122e-17   1.150891e-03   2.797399e-18   216
  5.065146e+00   3.685231e-17   1.884192e-03   1.654091e-18   504
  5.071897e+00   3.646444e-17   1.515464e-03   1.889935e-18   456
  5.079286e+00   3.000408e-17   8.691442e-04   1.518845e-18   384
  5.084180e+00   3.758208e-17   1.764049e-03   1.982239e-18   480
  5.091134e+00   3.490482e-17   1.549032e-03   1.643901e-18   504
  5.097578e+00   3.309892e-17   9.826093e-04   1.979220e-18   312
  5.104521e+00   3.880657e-17   1.583441e-03   2.128881e-18   492
  5.110667e+00   3.368885e-17   1.484108e-03   1.977474e-18   312
  5.118579e+00   3.491828e-17   2.410815e-03   1.462321e-18   576
  5.125543e+00   3.530521e-17   2.225378e-03   2.131708e-18   336
  5.131328e+00   3.388745e-17   1.713438e-03   2.074326e-18   240
  5.139346e+00   3.460360e-17   2.271584e-03   1.554586e-18   468
  5.146270e+00   2.690130e-17   1.422340e-03   1.804279e-18   192
  5.153517e+00   3.718490e-17   1.426580e-03   2.174783e-18   324
  5.158828e+00   3.264096e-17   1.035388e-03   1.449973e-18   600
  5.166066e+00   2.842722e-17   1.679811e-03   1.490346e-18   456
  5.171442e+00   2.990105e-17   7.555789e-04   1.586871e-18   336
  5.180350e+00   3.191059e-17   2.262417e-03   1.402374e-18   612
  5.186832e+00   3.563319e-17   1.898719e-03   4.099555e-18   144
  5.192961e+00   2.937464e-17   2.216292e-03   1.460948e-18   552
  5.201296e+00   3.133983e-17   8.728032e-04   2.212905e-18   264
  5.206006e+00   3.001846e-17   2.020762e-03   1.608529e-18   336
  5.213435e+00   3.412382e-17   1.335250e-03   1.951050e-18   384
  5.219878e+00   2.670209e-17   7.516140e-04   1.769724e-18   216
  5.227010e+00   3.404707e-17   1.593577e-03   1.753842e-18   344
  5.233513e+00   3.254276e-17   2.377692e-03   1.861138e-18   408
  5.241438e+00   2.668441e-17   1.827101e-03   1.721964e-18   264
  5.248460e+00   2.682526e-17   2.547069e-03   1.062773e-18   612
  5.255476e+00   2.966568e-17   1.310917e-03   1.538340e-18   408
  5.262692e+00   2.809229e-17   1.312801e-03   1.306419e-18   444
  5.267993e+00   2.327182e-17   7.342396e-04   2.105282e-18   120
  5.275096e+00   3.044374e-17   2.028570e-03   1.857163e-18   336
  5.280368e+00   3.050422e-17   7.049199e-04   1.802873e-18   288
  5.287493e+00   2.714258e-17   2.193723e-03   1.158327e-18   552
  5.297288e+00   2.013816e-17   0.000000e+00   1.762962e-18   72
  5.302324e+00   2.525136e-17   2.178926e-03   1.000043e-18   504
  5.308207e+00   3.481167e-17   7.011571e-04   2.180607e-18   216
  5.315829e+00   2.975571e-17   1.251868e-03   2.162151e-18   312
  5.322672e+00   2.784362e-17   1.425448e-03   1.308842e-18   336
  5.329194e+00   2.885594e-17   1.975831e-03   2.302910e-18   204
  5.335689e+00   2.244250e-17   2.296216e-03   9.552268e-19   504
  5.342577e+00   2.209970e-17   2.186657e-03   1.312246e-18   396
  5.349201e+00   2.423582e-17   2.005279e-03   1.500887e-18   312
  5.357232e+00   2.574827e-17   1.225440e-03   1.902563e-18   216
  5.362890e+00   2.607613e-17   6.650698e-04   2.469719e-18   168
  5.369766e+00   2.803178e-17   1.679338e-03   1.204830e-18   588
  5.377613e+00   2.614643e-17   2.279505e-03   1.696113e-18   240
  5.383710e+00   2.573399e-17   2.013185e-03   1.652473e-18   264
  5.390860e+00   2.669616e-17   2.489717e-03   1.503282e-18   288
  5.397204e+00   2.817558e-17   1.243261e-03   1.472293e-18   288
  5.405244e+00   2.516370e-17   1.167620e-03   1.566799e-18   288
  5.410658e+00   2.426163e-17   1.352591e-03   1.950152e-18   192
  5.417469e+00   2.548125e-17   1.439292e-03   1.551907e-18   264
  5.423957e+00   2.314635e-17   2.367436e-03   1.366877e-18   372
  5.430940e+00   2.094733e-17   2.556933e-03   1.192266e-18   360
  5.439463e+00   2.382086e-17   1.082118e-03   2.013170e-18   144
  5.443868e+00   2.225871e-17   1.503015e-03   1.778000e-18   296
  5.450821e+00   1.976959e-17   1.619421e-03   1.049953e-18   288
  5.458782e+00   2.329085e-17   2.420184e-03   1.211215e-18   480
  5.465649e+00   2.177084e-17   2.010942e-03   1.660005e-18   192
  5.472326e+00   2.173399e-17   2.157009e-03   1.501903e-18   192
  5.478395e+00   2.071453e-17   1.374687e-03   1.119382e-18   288
  5.486835e+00   2.001746e-17   1.196646e-03   1.971847e-18   108
  5.491087e+00   1.931336e-17   1.150429e-03   1.193967e-18   240
  5.498595e+00   2.271041e-17   2.146152e-03   1.324569e-18   384
  5.506307e+00   1.918570e-17   2.618062e-03   2.032491e-18   108
  5.513127e+00   2.043812e-17   1.535018e-03   1.192929e-18   348
  5.520298e+00   2.028389e-17   1.602006e-03   1.122316e-18   312
  5.526703e+00   1.870962e-17   1.556684e-03   2.100060e-18   96
  5.532593e+00   2.302939e-17   2.072444e-03   1.386697e-18   384
  5.539190e+00   1.886924e-17   1.425422e-03   1.534499e-18   144
  5.545642e+00   1.756760e-17   2.190224e-03   9.291192e-19   408
  5.553663e+00   1.915966e-17   9.769946e-04   1.369781e-18   144
  5.561240e+00   2.032978e-17   1.878283e-03   1.928518e-18   192
  5.565734e+00   2.027865e-17   2.114042e-03   1.499420e-18   144
  5.573059e+00   1.743219e-17   1.718794e-03   1.382737e-18   144
  5.579969e+00   1.999959e-17   2.100644e-03   9.358251e-19   336
  5.588433e+00   1.911518e-17   1.554210e-03   1.300818e-18   240
  5.593800e+00   1.130849e-17   7.057532e-04   9.802967e-19   96
  5.601284e+00   1.744588e-17   2.069634e-03   9.275107e-19   372
  5.608856e+00   2.491964e-17   2.461786e-03   2.070081e-18   132
  5.615507e+00   1.820561e-17   1.523323e-03   1.089006e-18   264
  5.621457e+00   1.479787e-17   1.169843e-03   1.024473e-18   168
  5.627807e+00   1.672013e-17   1.870354e-03   9.230515e-19   216
  5.633417e+00   1.686595e-17   1.144306e-03   1.189467e-18   216
  5.641586e+00   1.506301e-17   2.099325e-03   1.358087e-18   96
  5.648999e+00   2.101740e-17   1.369618e-03   1.840257e-18   120
  5.655797e+00   1.799199e-17   1.741170e-03   1.252236e-18   216
  5.661397e+00   1.922879e-17   7.608972e-04   1.362154e-18   200
  5.668812e+00   1.876496e-17   1.969636e-03   1.096877e-18   288
  5.678322e+00   1.720834e-17   5.182495e-04   1.591505e-18   144
  5.682326e+00   1.912785e-17   1.612761e-03   1.575600e-18   168
  5.690504e+00   1.621676e-17   1.815012e-03   1.238308e-18   159
  5.696887e+00   1.545297e-17   1.904384e-03   9.678172e-19   174
  5.703065e+00   1.353714e-17   1.726829e-03   1.417573e-18   144
  5.711154e+00   1.501413e-17   9.971188e-04   9.348133e-19   222
  5.716564e+00   1.774124e-17   1.006181e-03   1.187155e-18   168
  5.725909e+00   2.751497e-17   2.206942e-03   5.814811e-18   30
  5.729769e+00   1.525292e-17   1.948567e-03   2.134590e-18   72
  5.737039e+00   1.635708e-17   1.739073e-03   1.073994e-18   258
  5.745032e+00   2.092939e-17   1.089226e-03   1.221441e-18   264
  5.749029e+00   2.086093e-17   1.174622e-07   2.399788e-18   72
  5.757357e+00   1.365513e-17   2.158892e-03   9.038926e-19   174
  5.764898e+00   1.487839e-17   2.298822e-03   1.264232e-18   168
  5.770961e+00   1.331339e-17   7.193062e-08   1.839041e-18   48
  5.777470e+00   1.428551e-17   1.298199e-03   1.293934e-18   150
  5.785016e+00   1.480150e-17   2.388130e-03   1.076743e-18   168
  5.792583e+00   1.582735e-17   1.454738e-03   1.446499e-18   144
  5.799541e+00   1.504688e-17   1.359056e-03   1.363760e-18   102
  5.804724e+00   1.597590e-17   2.011636e-03   1.665040e-18   96
  5.812948e+00   1.124017e-17   1.996414e-03   1.102967e-18   120
  5.819038e+00   1.240872e-17   2.141206e-03   1.056316e-18   168
  5.825625e+00   1.628240e-17   1.581111e-03   1.426600e-18   126
  5.831237e+00   1.481000e-17   1.192474e-03   9.925034e-19   168
  5.838969e+00   9.002245e-18   1.912134e-03   9.854725e-19   72
  5.845726e+00   1.741360e-17   2.394418e-03   1.291922e-18   168
  5.851646e+00   1.328934e-17   6.564276e-04   1.596650e-18   78
  5.859757e+00   1.260991e-17   1.077805e-03   1.546099e-18   60
  5.866288e+00   1.926363e-17   1.748374e-03   1.894617e-18   96
  5.873062e+00   1.394353e-17   2.121507e-03   1.137202e-18   168
  5.879428e+00   1.083377e-17   1.342407e-03   1.104578e-18   86
  5.886107e+00   1.293786e-17   1.199794e-03   1.325268e-18   120
  5.895681e+00   1.417625e-17   8.556122e-04   1.052421e-18   168
  5.900844e+00   1.207883e-17   0.000000e+00   1.653962e-18   48
  5.907798e+00   1.258329e-17   1.558833e-03   1.200894e-18   120
  5.911793e+00   1.296406e-17   1.137231e-03   1.237288e-18   126
  5.921548e+00   1.597838e-17   2.000073e-03   1.585420e-18   96
  5.927878e+00   1.460175e-17   5.767223e-04   1.401703e-18   96
  5.932871e+00   1.471372e-17   6.781684e-08   2.161067e-18   72
  5.943508e+00   9.192852e-18   7.193062e-08   1.619004e-18   24
  5.950147e+00   9.682112e-18   1.186881e-03   9.166185e-19   120
  5.955326e+00   1.248823e-17   1.731294e-03   1.131084e-18   126
  5.961084e+00   1.074315e-17   1.443268e-03   1.109442e-18   96
  5.967813e+00   1.126693e-17   2.494389e-03   1.582789e-18   72
  5.975306e+00   1.235686e-17   1.078907e-03   1.086161e-18   144
  5.981469e+00   1.223445e-17   6.222882e-04   1.410579e-18   72
  5.987626e+00   9.412016e-18   1.242932e-03   1.167006e-18   54
  5.993045e+00   1.270930e-17   1.095319e-03   1.232008e-18   108
  6.004306e+00   1.299500e-17   1.073696e-03   1.102911e-18   72
  6.007812e+00   1.440949e-17   6.195595e-04   1.507328e-18   72
  6.016129e+00   1.882838e-17   1.245875e-07   3.100249e-18   24
  6.023999e+00   8.359104e-18   1.310705e-03   9.415132e-19   48
  6.028777e+00   1.267807e-17   9.984188e-04   9.445948e-19   102
  6.035970e+00   1.330241e-17   2.258008e-03   1.016848e-18   168
  6.045369e+00   9.317301e-18   1.231465e-03   1.160759e-18   72
  6.048851e+00   7.643899e-18   0.000000e+00   9.954534e-19   48
  6.056156e+00   1.110732e-17   2.118194e-03   9.499776e-19   120
  6.065796e+00   1.222966e-17   1.301673e-03   1.538231e-18   96
  6.074901e+00   1.396906e-17   1.150890e-07   1.992245e-18   30
  6.085723e+00   1.645683e-17   6.115837e-04   2.263096e-18   72
  6.090478e+00   1.360675e-17   7.193062e-08   4.244693e-18   24
  6.096586e+00   7.090304e-18   9.065181e-04   7.291558e-19   56
  6.103428e+00   8.692813e-18   1.293647e-03   6.969592e-19   96
  6.111616e+00   8.981366e-18   1.428503e-03   8.268101e-19   144
  6.117928e+00   1.120383e-17   8.110480e-04   1.624754e-18   54
  6.127099e+00   1.310516e-17   1.215036e-03   1.193281e-18   108
  6.136327e+00   1.125380e-17   6.433558e-04   1.446132e-18   48
  6.145113e+00   1.028305e-17   2.422440e-03   1.307776e-18   72
  6.166195e+00   9.799443e-18   1.600514e-03   1.000974e-18   78
  6.172037e+00   9.547152e-18   1.206188e-03   9.801567e-19   72
  6.178856e+00   9.014318e-18   1.204690e-03   8.928609e-19   72
  6.185986e+00   7.893801e-18   2.907051e-03   7.230111e-19   96
  6.191621e+00   8.342986e-18   1.202207e-03   7.938137e-19   72
  6.198419e+00   9.797729e-18   0.000000e+00   1.669407e-18   24
  6.205208e+00   1.185566e-17   2.398986e-03   1.194357e-18   72
  6.220544e+00   6.596171e-18   1.523430e-03   1.299404e-18   30
  6.223843e+00   1.112622e-17   0.000000e+00   1.423158e-18   24
  6.241578e+00   6.559987e-18   1.265014e-03   7.813008e-19   48
  6.247142e+00   8.043388e-18   2.722309e-03   7.689233e-19   120
  6.254637e+00   7.413042e-18   1.190257e-03   7.612876e-19   72
  6.262206e+00   7.080362e-18   1.188818e-03   1.029539e-18   36
  6.267409e+00   8.911695e-18   2.349657e-03   9.731090e-19   78
  6.281928e+00   8.791894e-18   1.256888e-03   1.098626e-18   48
  6.300754e+00   1.299174e-17   1.017253e-07   2.553468e-18   24
  6.314166e+00   8.291243e-18   8.752715e-04   1.073583e-18   56
  6.320919e+00   6.314152e-18   1.346877e-03   5.679190e-19   102
  6.329510e+00   9.640638e-18   9.590750e-08   1.061994e-18   72
  6.334498e+00   1.027299e-17   7.193062e-08   2.614839e-18   24
  6.343217e+00   5.547406e-18   1.244744e-03   6.444914e-19   48
  6.359378e+00   1.201176e-17   0.000000e+00   2.448561e-18   24
  6.379213e+00   8.106017e-18   0.000000e+00   2.203058e-18   6
  6.385398e+00   9.556647e-18   0.000000e+00   1.486792e-18   24
  6.389518e+00   5.066194e-18   1.165127e-03   5.447799e-19   72
  6.397046e+00   8.456563e-18   2.173655e-03   1.074988e-18   84
  6.405152e+00   4.443582e-18   0.000000e+00   7.279524e-19   24
  6.407617e+00   8.586154e-18   1.017253e-07   1.101791e-18   24
  6.419927e+00   7.786678e-18   1.245875e-07   1.175838e-18   24
  6.437123e+00   4.302189e-18   0.000000e+00   1.637593e-18   6
  6.459163e+00   3.735027e-18   1.222400e-03   4.568988e-19   48
  6.464458e+00   8.139602e-18   2.302802e-03   1.015824e-18   72
  6.471376e+00   5.230796e-18   1.220094e-03   6.297927e-19   48
  6.482347e+00   9.370760e-18   0.000000e+00   1.723442e-18   24
  6.496947e+00   1.805085e-18   0.000000e+00   1.199549e-19   6
  6.529678e+00   4.465170e-18   0.000000e+00   1.153956e-18   8
  6.532096e+00   5.619195e-18   7.193062e-08   7.655832e-19   48
  6.537895e+00   6.753996e-18   1.183236e-03   6.783146e-19   60
  6.546585e+00   8.254599e-18   0.000000e+00   1.386066e-18   24
  6.558634e+00   7.080241e-18   0.000000e+00   8.366852e-19   6
  6.603027e+00   8.460044e-18   0.000000e+00   1.247625e-18   24
  6.606613e+00   6.793269e-18   1.195118e-03   1.021689e-18   48
  6.612586e+00   5.936522e-18   0.000000e+00   1.540126e-18   24
  6.622132e+00   9.254934e-18   0.000000e+00   7.769178e-19   6
  6.676359e+00   9.635261e-18   1.114931e-03   1.333171e-18   36
  6.680300e+00   8.854519e-18   0.000000e+00   1.266190e-18   24
  6.687387e+00   1.217295e-17   0.000000e+00   4.865455e-18   6
  6.749089e+00   7.310797e-18   1.013241e-03   1.513442e-18   32
  6.754351e+00   1.187214e-17   0.000000e+00   2.438130e-18   6
  6.820657e+00   4.658483e-18   0.000000e+00   1.054223e-18   12
  6.822972e+00   5.846095e-18   0.000000e+00   1.958199e-18   6
  6.893201e+00   8.607008e-18   0.000000e+00   6.863392e-19   6
