# power spectrum of zeta (dimensionless)
# redshift z=0.894217
# k              Pk             sigma(k)       sigma(Pk)      count
  1.256637e-01   2.111720e-13   0.000000e+00   5.279498e-14   6
  1.777153e-01   1.115635e-13   0.000000e+00   2.605277e-14   12
  2.176559e-01   1.949479e-13   2.384186e-09   4.663817e-14   8
  2.513274e-01   1.141006e-12   0.000000e+00   3.081152e-13   6
  2.809926e-01   6.695030e-13   4.495664e-09   1.980795e-13   24
  3.078120e-01   7.741313e-13   4.495664e-09   1.407195e-13   24
  3.554306e-01   7.620944e-13   0.000000e+00   2.045694e-13   12
  3.769911e-01   8.763883e-13   5.086263e-09   1.439227e-13   30
  3.973835e-01   1.048069e-12   0.000000e+00   2.066880e-13   24
  4.167794e-01   6.790298e-13   7.786718e-09   1.545139e-13   24
  4.353118e-01   7.867134e-13   4.768372e-09   2.207510e-14   8
  4.530869e-01   6.069056e-13   6.357829e-09   1.120883e-13   24
  4.701905e-01   9.744466e-13   0.000000e+00   1.348337e-13   48
  5.026548e-01   6.075461e-13   0.000000e+00   1.093762e-13   6
  5.181247e-01   7.079088e-13   6.357829e-09   1.232426e-13   48
  5.331460e-01   9.251999e-13   5.994218e-09   1.624405e-13   36
  5.477554e-01   1.123047e-12   6.357829e-09   2.372992e-13   24
  5.619852e-01   1.134063e-12   8.991328e-09   2.334927e-13   24
  5.758634e-01   1.185512e-12   0.000000e+00   1.414890e-13   48
  5.894150e-01   1.050390e-12   8.991328e-09   1.963078e-13   24
  6.156239e-01   1.366011e-12   8.991328e-09   1.774106e-13   24
  6.283185e-01   7.142034e-13   0.000000e+00   1.157601e-13   30
  6.407617e-01   1.036205e-12   0.000000e+00   1.002809e-13   72
  6.529678e-01   1.063116e-12   9.536743e-09   3.223484e-13   32
  6.767198e-01   1.262847e-12   0.000000e+00   1.597319e-13   72
  6.882885e-01   7.246340e-13   0.000000e+00   1.581237e-13   48
  7.108613e-01   4.844271e-13   0.000000e+00   9.917595e-14   12
  7.218830e-01   9.939679e-13   0.000000e+00   1.324705e-13   48
  7.327390e-01   1.064773e-12   0.000000e+00   1.182903e-13   48
  7.434365e-01   6.880410e-13   8.991328e-09   9.264099e-14   48
  7.539822e-01   1.135053e-12   1.017253e-08   2.146982e-13   30
  7.643825e-01   1.377177e-12   0.000000e+00   1.399308e-13   24
  7.746431e-01   1.311946e-12   1.895538e-08   1.387856e-13   72
  7.947671e-01   9.604024e-13   0.000000e+00   1.982064e-13   24
  8.046403e-01   1.074252e-12   0.000000e+00   1.122096e-13   96
  8.143939e-01   1.005827e-12   0.000000e+00   1.312179e-13   48
  8.240320e-01   7.553918e-13   1.557344e-08   2.026409e-13   24
  8.335587e-01   1.041384e-12   1.557344e-08   1.768089e-13   24
  8.429778e-01   9.954028e-13   0.000000e+00   1.004396e-13   72
  8.522927e-01   1.040429e-12   0.000000e+00   1.142900e-13   48
  8.706237e-01   1.358117e-12   9.536743e-09   1.554852e-13   8
  8.796459e-01   1.232469e-12   1.130281e-08   1.536296e-13   54
  8.885766e-01   1.130254e-12   0.000000e+00   8.901393e-14   84
  8.974184e-01   1.450905e-12   0.000000e+00   1.836469e-13   48
  9.061739e-01   1.470487e-12   1.271566e-08   2.468774e-13   24
  9.148456e-01   1.088658e-12   1.695421e-08   9.593096e-14   72
  9.234359e-01   9.914033e-13   0.000000e+00   9.574011e-14   96
  9.403811e-01   1.291397e-12   0.000000e+00   2.918769e-13   48
  9.487402e-01   1.265172e-12   0.000000e+00   1.684876e-13   48
  9.570263e-01   1.355117e-12   0.000000e+00   1.129171e-13   24
  9.652412e-01   9.834895e-13   0.000000e+00   7.768788e-14   72
  9.814649e-01   1.406493e-12   0.000000e+00   1.381455e-13   72
  9.894770e-01   1.183378e-12   0.000000e+00   1.158587e-13   96
  1.005310e+00   4.577206e-13   0.000000e+00   8.968004e-14   6
  1.013133e+00   1.069197e-12   0.000000e+00   9.682992e-14   96
  1.020897e+00   1.162324e-12   1.271566e-08   1.116990e-13   96
  1.028602e+00   1.627785e-12   0.000000e+00   2.209940e-13   24
  1.036249e+00   1.419920e-12   1.271566e-08   1.547743e-13   48
  1.043841e+00   1.358272e-12   0.000000e+00   1.355733e-13   96
  1.051378e+00   1.571162e-12   0.000000e+00   2.050154e-13   48
  1.066292e+00   1.438234e-12   1.198844e-08   2.106233e-13   36
  1.073671e+00   1.326818e-12   2.202416e-08   1.716302e-13   48
  1.081000e+00   1.161374e-12   2.491750e-08   8.456183e-14   120
  1.088280e+00   1.151066e-12   0.000000e+00   1.433203e-13   56
  1.095511e+00   1.159757e-12   1.271566e-08   1.993562e-13   24
  1.102695e+00   1.716406e-12   0.000000e+00   1.322227e-13   96
  1.109832e+00   1.513707e-12   0.000000e+00   1.819948e-13   48
  1.123970e+00   9.364491e-13   1.798266e-08   2.155685e-13   24
  1.130973e+00   1.443836e-12   0.000000e+00   1.407699e-13   102
  1.137933e+00   1.583948e-12   1.271566e-08   1.959161e-13   48
  1.144851e+00   1.504015e-12   0.000000e+00   1.857913e-13   72
  1.151727e+00   1.704420e-12   0.000000e+00   2.087574e-13   48
  1.158562e+00   1.636010e-12   0.000000e+00   1.759146e-13   48
  1.165357e+00   1.693880e-12   2.877225e-08   1.394179e-13   120
  1.178830e+00   1.189829e-12   1.798266e-08   1.656637e-13   24
  1.185509e+00   1.597156e-12   1.695421e-08   1.183172e-13   144
  1.192151e+00   1.480398e-12   2.034505e-08   1.034995e-13   120
  1.198755e+00   1.789906e-12   1.798266e-08   2.052317e-13   48
  1.211857e+00   1.538570e-12   1.798266e-08   1.721595e-13   48
  1.218355e+00   1.636116e-12   1.798266e-08   1.435175e-13   96
  1.235512e+00   2.265457e-12   3.015167e-03   2.587831e-13   72
  1.244007e+00   1.470452e-12   1.598458e-08   1.417189e-13   108
  1.250338e+00   1.791099e-12   0.000000e+00   1.615308e-13   72
  1.256637e+00   1.171721e-12   0.000000e+00   1.588195e-13   30
  1.262905e+00   1.560730e-12   0.000000e+00   9.907938e-14   168
  1.269141e+00   1.137673e-12   0.000000e+00   1.352656e-13   48
  1.281523e+00   1.427821e-12   0.000000e+00   1.480424e-13   72
  1.287670e+00   1.563071e-12   0.000000e+00   1.406536e-13   96
  1.293787e+00   1.746955e-12   3.390842e-08   1.928207e-13   72
  1.299875e+00   1.597955e-12   0.000000e+00   2.506924e-13   72
  1.310112e+00   1.584768e-12   2.784031e-03   1.211935e-13   104
  1.317972e+00   1.547850e-12   2.397687e-08   1.099713e-13   144
  1.335824e+00   1.429952e-12   4.021044e-08   1.433117e-13   96
  1.341721e+00   1.654722e-12   0.000000e+00   1.696184e-13   96
  1.351101e+00   1.825506e-12   2.864148e-03   1.666708e-13   120
  1.359261e+00   1.567066e-12   0.000000e+00   1.091013e-13   120
  1.365057e+00   1.642923e-12   0.000000e+00   1.578162e-13   72
  1.376577e+00   1.419908e-12   0.000000e+00   1.428812e-13   48
  1.382301e+00   1.977386e-12   3.130008e-08   1.955210e-13   78
  1.389623e+00   1.784252e-12   2.564571e-03   1.267831e-13   168
  1.404963e+00   1.823080e-12   2.936555e-08   1.585465e-13   144
  1.410572e+00   1.555095e-12   2.397687e-08   1.360834e-13   144
  1.426839e+00   1.581181e-12   1.476986e-03   1.103420e-13   156
  1.432787e+00   1.536168e-12   3.114687e-08   1.942425e-13   48
  1.438287e+00   1.390951e-12   2.034505e-08   1.205830e-13   120
  1.443766e+00   1.455897e-12   0.000000e+00   2.212656e-13   48
  1.453454e+00   1.640836e-12   2.260797e-03   9.543412e-14   216
  1.465478e+00   1.586566e-12   0.000000e+00   1.452772e-13   48
  1.470856e+00   2.108877e-12   1.798266e-08   1.621163e-13   96
  1.478502e+00   1.855649e-12   2.642094e-03   1.518743e-13   168
  1.486873e+00   1.517321e-12   1.798266e-08   1.763447e-13   48
  1.492174e+00   1.449422e-12   0.000000e+00   1.248461e-13   96
  1.497456e+00   1.933827e-12   0.000000e+00   1.604474e-13   48
  1.507964e+00   1.651923e-12   2.034505e-08   2.278724e-13   30
  1.513191e+00   1.393484e-12   0.000000e+00   1.119794e-13   96
  1.519439e+00   1.580340e-12   2.076451e-03   9.362023e-14   240
  1.527472e+00   1.179636e-12   2.240191e-03   1.933843e-13   32
  1.533921e+00   1.868751e-12   0.000000e+00   1.163916e-13   168
  1.539060e+00   1.831968e-12   0.000000e+00   1.713375e-13   120
  1.549286e+00   1.917447e-12   3.791077e-08   2.084677e-13   72
  1.554374e+00   1.786016e-12   1.695421e-08   1.257191e-13   144
  1.559446e+00   1.668259e-12   0.000000e+00   1.463791e-13   96
  1.564501e+00   2.028232e-12   0.000000e+00   1.721583e-13   96
  1.574562e+00   1.113586e-12   0.000000e+00   1.327317e-13   72
  1.579568e+00   1.523197e-12   2.543132e-08   1.379407e-13   96
  1.589534e+00   1.706364e-12   0.000000e+00   2.859890e-13   24
  1.594494e+00   1.744496e-12   0.000000e+00   1.081372e-13   192
  1.600334e+00   1.877616e-12   1.901066e-03   1.515753e-13   132
  1.609281e+00   1.475837e-12   0.000000e+00   1.137124e-13   96
  1.614180e+00   1.677957e-12   0.000000e+00   1.537026e-13   96
  1.619064e+00   1.721995e-12   2.034505e-08   1.272575e-13   120
  1.628788e+00   1.321918e-12   0.000000e+00   1.459665e-13   48
  1.636759e+00   1.591923e-12   2.303939e-03   1.102864e-13   222
  1.643266e+00   1.633193e-12   0.000000e+00   1.485072e-13   120
  1.648064e+00   1.958918e-12   3.114687e-08   2.141355e-13   24
  1.655050e+00   1.782325e-12   2.378000e-03   7.906209e-14   312
  1.670270e+00   1.910437e-12   2.229470e-03   2.070423e-13   72
  1.676563e+00   2.136830e-12   3.114687e-08   2.024148e-13   96
  1.683024e+00   1.731664e-12   2.270407e-03   1.096955e-13   192
  1.690632e+00   1.776431e-12   2.877225e-08   1.365770e-13   120
  1.695296e+00   1.781996e-12   0.000000e+00   1.396995e-13   144
  1.704585e+00   1.744848e-12   0.000000e+00   1.826862e-13   48
  1.711188e+00   1.826917e-12   2.282974e-03   8.984439e-14   336
  1.718425e+00   1.801400e-12   0.000000e+00   2.497356e-13   48
  1.727590e+00   1.720725e-12   0.000000e+00   1.114072e-13   192
  1.732155e+00   1.668076e-12   0.000000e+00   3.272390e-13   48
  1.745129e+00   2.114453e-12   1.584683e-03   2.353354e-13   56
  1.751580e+00   1.781816e-12   2.035272e-03   7.957081e-14   336
  1.759292e+00   1.829335e-12   2.260561e-08   2.514789e-13   54
  1.766010e+00   1.758311e-12   2.235459e-03   9.750081e-14   240
  1.779956e+00   1.790476e-12   2.140470e-03   1.000698e-13   228
  1.786017e+00   1.698035e-12   2.397687e-08   2.094911e-13   72
  1.791900e+00   1.801024e-12   2.076308e-03   1.314192e-13   144
  1.799230e+00   1.537146e-12   0.000000e+00   1.824784e-13   96
  1.803613e+00   1.943967e-12   2.877225e-08   1.253142e-13   240
  1.812348e+00   1.584982e-12   2.543132e-08   2.919546e-13   24
  1.817939e+00   1.785226e-12   1.961057e-03   9.140226e-14   336
  1.825371e+00   1.570382e-12   0.000000e+00   1.861672e-13   72
  1.832154e+00   1.713583e-12   2.133012e-03   1.122013e-13   168
  1.838302e+00   2.052806e-12   0.000000e+00   2.255434e-13   72
  1.846872e+00   1.639656e-12   0.000000e+00   1.835119e-13   96
  1.853509e+00   1.901668e-12   2.117011e-03   1.166092e-13   216
  1.859653e+00   1.559047e-12   0.000000e+00   1.447926e-13   96
  1.868125e+00   1.519967e-12   2.543132e-08   9.299557e-14   192
  1.872347e+00   1.565379e-12   2.397687e-08   9.868399e-14   144
  1.880762e+00   1.162410e-12   0.000000e+00   1.489874e-13   48
  1.886588e+00   1.662688e-12   2.041047e-03   8.672568e-14   246
  1.894505e+00   1.625350e-12   1.881878e-03   1.303340e-13   168
  1.901637e+00   1.795665e-12   4.983500e-08   1.694699e-13   120
  1.905784e+00   2.003347e-12   0.000000e+00   1.234905e-13   240
  1.914053e+00   7.511806e-13   0.000000e+00   2.208051e-13   24
  1.920640e+00   1.485881e-12   2.014384e-03   6.941627e-14   360
  1.928845e+00   1.852994e-12   2.005812e-03   1.635217e-13   120
  1.934568e+00   1.631943e-12   0.000000e+00   1.144979e-13   144
  1.938645e+00   1.567607e-12   0.000000e+00   1.675203e-13   96
  1.950825e+00   1.729804e-12   0.000000e+00   1.221778e-13   144
  1.954868e+00   1.360880e-12   0.000000e+00   1.101375e-13   132
  1.960551e+00   1.669446e-12   1.979707e-03   1.123533e-13   176
  1.968799e+00   1.692650e-12   1.999105e-03   8.799402e-14   312
  1.978954e+00   1.511605e-12   0.000000e+00   1.381403e-13   96
  1.982940e+00   1.726108e-12   0.000000e+00   1.399889e-13   144
  1.989055e+00   1.615043e-12   1.979053e-03   9.094059e-14   312
  1.998804e+00   2.245834e-12   0.000000e+00   3.225136e-13   48
  2.002750e+00   1.448677e-12   2.543132e-08   1.093986e-13   192
  2.010619e+00   1.701200e-12   0.000000e+00   4.533167e-13   6
  2.015848e+00   1.538166e-12   1.845802e-03   8.113122e-14   288
  2.024316e+00   1.582758e-12   1.950210e-03   1.014779e-13   192
  2.030159e+00   1.535888e-12   5.980883e-08   9.988788e-14   216
  2.034045e+00   1.583204e-12   0.000000e+00   1.839018e-13   72
  2.043725e+00   1.420727e-12   1.931689e-03   9.157397e-14   192
  2.050154e+00   1.748850e-12   1.434383e-03   1.072362e-13   288
  2.057204e+00   2.009564e-12   0.000000e+00   3.923443e-13   24
  2.062650e+00   1.724789e-12   1.889681e-03   7.828746e-14   456
  2.072499e+00   1.905695e-12   0.000000e+00   3.246684e-13   48
  2.078585e+00   1.630268e-12   1.861260e-03   1.061096e-13   240
  2.085579e+00   1.537920e-12   1.881013e-03   9.528613e-14   216
  2.091461e+00   1.534771e-12   0.000000e+00   1.691703e-13   72
  2.095233e+00   1.826838e-12   6.498988e-08   1.225760e-13   168
  2.105882e+00   1.503779e-12   1.398129e-03   7.649436e-14   288
  2.111855e+00   1.552851e-12   1.849965e-03   1.288612e-13   168
  2.121448e+00   1.481573e-12   0.000000e+00   1.083621e-13   192
  2.125166e+00   1.845991e-12   2.397687e-08   1.512758e-13   144
  2.132584e+00   1.491461e-12   2.397687e-08   2.165937e-13   36
  2.138874e+00   1.524835e-12   1.689411e-03   7.806892e-14   342
  2.144889e+00   1.541315e-12   1.734820e-03   1.364404e-13   144
  2.152621e+00   1.549370e-12   1.819392e-03   6.971172e-14   384
  2.162000e+00   1.479944e-12   4.983500e-08   1.019392e-13   120
  2.166643e+00   1.360935e-12   1.622368e-03   8.187253e-14   264
  2.172929e+00   1.532563e-12   8.042088e-08   1.028831e-13   192
  2.178848e+00   1.716843e-12   1.748412e-03   1.585735e-13   152
  2.183802e+00   1.580152e-12   4.795375e-08   1.402839e-13   144
  2.194222e+00   1.470086e-12   1.131589e-03   8.823515e-14   216
  2.199045e+00   1.313364e-12   1.512105e-03   7.954437e-14   312
  2.207535e+00   1.427179e-12   1.752500e-03   9.735205e-14   240
  2.212538e+00   1.274611e-12   2.543132e-08   9.065771e-14   96
  2.222033e+00   1.555456e-12   1.675517e-03   1.278823e-13   144
  2.227885e+00   1.408769e-12   1.646885e-03   7.594071e-14   456
  2.237379e+00   1.458076e-12   0.000000e+00   1.240415e-13   120
  2.240905e+00   1.404177e-12   0.000000e+00   1.030665e-13   144
  2.247941e+00   1.249312e-12   3.596531e-08   2.351114e-13   24
  2.252452e+00   1.555288e-12   1.583038e-03   7.618434e-14   336
  2.260253e+00   1.675292e-12   1.745876e-03   1.203014e-13   198
  2.267563e+00   1.595279e-12   1.697764e-03   7.597212e-14   432
  2.275867e+00   1.109184e-12   5.086263e-08   1.454077e-13   48
  2.280199e+00   1.375754e-12   1.498832e-03   6.733240e-14   384
  2.287976e+00   1.502756e-12   1.725473e-03   1.187966e-13   144
  2.295024e+00   1.601704e-12   1.713168e-03   1.002228e-13   264
  2.303454e+00   1.114367e-12   0.000000e+00   1.214122e-13   48
  2.309110e+00   1.387799e-12   1.628943e-03   8.557048e-14   276
  2.314567e+00   1.446711e-12   1.476593e-03   1.198524e-13   192
  2.321860e+00   1.367742e-12   1.659366e-03   6.405964e-14   552
  2.330715e+00   1.493542e-12   4.069010e-08   1.345932e-13   120
  2.335978e+00   1.460923e-12   1.679687e-03   1.090753e-13   216
  2.340855e+00   1.273626e-12   4.069010e-08   1.091806e-13   120
  2.349569e+00   1.343062e-12   1.654080e-03   7.428248e-14   408
  2.357660e+00   1.375883e-12   3.596531e-08   3.328515e-13   24
  2.362678e+00   1.487027e-12   1.670919e-03   8.315204e-14   384
  2.369685e+00   1.488873e-12   1.632547e-03   9.303093e-14   240
  2.375770e+00   1.087337e-12   1.644502e-03   7.773516e-14   168
  2.384301e+00   1.265321e-12   0.000000e+00   1.308126e-13   120
  2.389801e+00   1.220474e-12   1.714308e-03   6.482604e-14   350
  2.398744e+00   1.268352e-12   2.822081e-03   7.023794e-14   384
  2.404088e+00   1.502495e-12   0.000000e+00   1.184818e-13   144
  2.413921e+00   1.301900e-12   3.390842e-08   8.343102e-14   288
  2.419055e+00   1.369982e-12   1.615394e-03   9.054827e-14   336
  2.426039e+00   1.307911e-12   1.470682e-03   1.000832e-13   168
  2.430220e+00   1.076229e-12   9.639558e-08   5.989269e-14   336
  2.438868e+00   1.488641e-12   1.526480e-03   9.572097e-14   288
  2.444062e+00   1.183321e-12   1.438335e-03   7.931015e-14   264
  2.452858e+00   1.474794e-12   0.000000e+00   1.139453e-13   240
  2.456075e+00   1.159473e-12   0.000000e+00   1.226480e-13   96
  2.467620e+00   1.298504e-12   1.956039e-03   7.582844e-14   360
  2.473008e+00   1.398293e-12   1.441936e-03   1.094471e-13   168
  2.479816e+00   1.276061e-12   1.571860e-03   6.144239e-14   456
  2.488014e+00   9.958977e-13   4.521123e-08   1.005603e-13   108
  2.492626e+00   1.216641e-12   1.577159e-03   7.232080e-14   264
  2.498378e+00   1.310077e-12   1.407083e-03   7.959158e-14   264
  2.506256e+00   1.210105e-12   1.327788e-03   6.801128e-14   312
  2.516065e+00   1.226092e-12   9.866910e-04   7.601578e-14   270
  2.520176e+00   1.207170e-12   1.252729e-03   7.629696e-14   240
  2.527567e+00   1.271818e-12   1.549783e-03   7.447016e-14   384
  2.532054e+00   1.207306e-12   5.086263e-08   8.878276e-14   192
  2.540769e+00   1.121118e-12   1.243495e-03   6.876847e-14   240
  2.545825e+00   1.169200e-12   1.534673e-03   6.736559e-14   336
  2.555333e+00   1.274529e-12   1.544942e-03   6.196460e-14   480
  2.563047e+00   1.127441e-12   3.390842e-08   1.171531e-13   72
  2.567356e+00   1.249152e-12   1.506459e-03   8.672666e-14   240
  2.573216e+00   1.167143e-12   1.415865e-03   7.725795e-14   312
  2.579934e+00   9.501070e-13   1.530210e-03   9.500430e-14   240
  2.590086e+00   1.175801e-12   1.162564e-03   5.965895e-14   408
  2.594104e+00   1.052405e-12   1.064628e-03   6.834711e-14   336
  2.601958e+00   1.220222e-12   1.351816e-03   7.803686e-14   264
  2.605818e+00   1.247231e-12   0.000000e+00   1.204694e-13   144
  2.616557e+00   1.004397e-12   1.873697e-03   4.824901e-14   464
  2.622215e+00   9.791361e-13   1.489973e-03   7.993000e-14   168
  2.627801e+00   1.220187e-12   1.357041e-03   7.597672e-14   336
  2.637897e+00   1.100721e-12   1.425837e-03   6.060401e-14   414
  2.643588e+00   1.085107e-12   1.484211e-03   8.650287e-14   216
  2.650879e+00   8.467588e-13   3.596531e-08   7.796603e-14   96
  2.653856e+00   1.134899e-12   8.809666e-08   7.184865e-14   384
  2.664284e+00   1.060009e-12   1.481344e-03   5.765400e-14   492
  2.669873e+00   9.331317e-13   1.448627e-03   7.211571e-14   240
  2.676189e+00   9.677876e-13   1.470864e-03   6.577972e-14   312
  2.684913e+00   1.278699e-12   1.470380e-03   9.526536e-14   192
  2.690439e+00   1.026038e-12   1.424976e-03   5.666730e-14   504
  2.697770e+00   9.770698e-13   9.433586e-04   5.441918e-14   408
  2.703542e+00   9.320274e-13   2.890096e-03   7.215734e-14   168
  2.710765e+00   9.615680e-13   1.372821e-03   6.316191e-14   288
  2.716826e+00   8.697406e-13   1.432656e-03   5.590398e-14   288
  2.723035e+00   9.854703e-13   1.440903e-03   5.647329e-14   432
  2.732042e+00   8.663839e-13   1.362614e-03   6.131175e-14   216
  2.736854e+00   1.182434e-12   1.359739e-03   8.793169e-14   360
  2.745421e+00   1.059671e-12   1.327092e-03   7.942470e-14   312
  2.753154e+00   8.103235e-13   0.000000e+00   1.282956e-13   48
  2.757611e+00   9.787927e-13   1.422834e-03   5.323311e-14   432
  2.765594e+00   9.477014e-13   2.373302e-03   5.759962e-14   414
  2.770308e+00   9.987863e-13   5.421333e-08   6.898724e-14   312
  2.779102e+00   9.700779e-13   2.082441e-03   5.410654e-14   528
  2.785037e+00   1.014965e-12   1.093105e-03   6.958084e-14   264
  2.792167e+00   9.330037e-13   1.296122e-03   5.459138e-14   480
  2.801483e+00   9.427357e-13   0.000000e+00   5.435275e-14   288
  2.805506e+00   1.080980e-12   1.392643e-03   9.270651e-14   168
  2.812867e+00   9.015186e-13   2.204550e-03   5.022279e-14   504
  2.821143e+00   8.205962e-13   3.390842e-08   8.562738e-14   144
  2.826350e+00   8.892757e-13   1.415850e-03   5.294033e-14   464
  2.834173e+00   1.017762e-12   2.077839e-03   6.194463e-14   432
  2.837886e+00   1.137497e-12   3.596531e-08   9.274270e-14   192
  2.847481e+00   7.866019e-13   1.540373e-03   4.532721e-14   396
  2.853147e+00   1.026339e-12   1.383680e-03   7.408397e-14   288
  2.858874e+00   8.649332e-13   1.366839e-03   5.550160e-14   336
  2.868021e+00   8.795309e-13   8.655099e-04   5.256556e-14   432
  2.873827e+00   8.671696e-13   2.243281e-03   5.549960e-14   360
  2.880345e+00   9.758047e-13   1.326934e-03   7.220369e-14   384
  2.889603e+00   8.831319e-13   1.171274e-03   7.411173e-14   198
  2.894063e+00   8.676788e-13   1.331357e-03   4.231898e-14   552
  2.902381e+00   9.942188e-13   1.863809e-03   5.938601e-14   432
  2.909325e+00   8.079224e-13   7.119285e-08   7.716653e-14   168
  2.915153e+00   6.658899e-13   2.310442e-03   3.226404e-14   480
  2.922863e+00   8.220803e-13   0.000000e+00   7.526281e-14   120
  2.926334e+00   8.659050e-13   1.887069e-03   6.176691e-14   336
  2.934802e+00   7.574772e-13   1.331298e-03   3.722841e-14   672
  2.943175e+00   7.209161e-13   1.936554e-03   3.481735e-14   528
  2.947075e+00   9.766722e-13   5.812872e-08   1.003912e-13   168
  2.956085e+00   8.540353e-13   2.160213e-03   4.927930e-14   456
  2.961583e+00   8.933187e-13   1.319260e-03   9.231113e-14   168
  2.967291e+00   7.667382e-13   1.316892e-03   5.038632e-14   504
  2.976778e+00   7.393544e-13   1.694638e-03   5.156625e-14   336
  2.982515e+00   8.991847e-13   1.221633e-03   6.884374e-14   312
  2.988879e+00   7.891567e-13   1.193619e-03   4.660582e-14   504
  2.997254e+00   8.413714e-13   8.281656e-04   5.453989e-14   432
  3.001192e+00   7.294849e-13   1.279790e-03   6.245377e-14   312
  3.009377e+00   8.158622e-13   1.311847e-03   5.241788e-14   384
  3.017923e+00   8.678927e-13   1.114566e-03   1.360181e-13   126
  3.023199e+00   7.975005e-13   1.956913e-03   4.772369e-14   492
  3.029938e+00   7.203640e-13   1.253405e-03   3.784199e-14   528
  3.038360e+00   7.485518e-13   1.273190e-03   4.642752e-14   480
  3.043581e+00   6.226504e-13   1.758905e-03   3.503682e-14   432
  3.051137e+00   7.934795e-13   1.383146e-03   4.754099e-14   440
  3.059913e+00   7.004996e-13   6.878330e-04   5.161255e-14   312
  3.063206e+00   7.643795e-13   1.030775e-03   4.050978e-14   480
  3.069960e+00   6.833036e-13   2.018238e-03   4.124022e-14   408
  3.079829e+00   6.743147e-13   1.208696e-03   5.362826e-14   360
  3.083998e+00   8.093887e-13   1.166348e-03   5.377513e-14   408
  3.091725e+00   6.960404e-13   1.186907e-03   4.167227e-14   456
  3.100425e+00   6.535870e-13   1.134390e-03   4.466383e-14   264
  3.105254e+00   6.728458e-13   1.231098e-03   4.204353e-14   384
  3.112283e+00   7.568698e-13   2.072640e-03   4.139215e-14   672
  3.120409e+00   7.204271e-13   1.239707e-03   5.557081e-14   240
  3.125099e+00   6.405298e-13   1.257992e-03   4.716947e-14   264
  3.131717e+00   8.744915e-13   1.551526e-03   4.442225e-14   624
  3.141593e+00   1.067770e-12   0.000000e+00   1.157928e-13   150
  3.145109e+00   5.765654e-13   1.738607e-03   2.868938e-14   600
  3.152524e+00   6.601712e-13   1.199942e-03   3.298687e-14   672
  3.160921e+00   6.256742e-13   1.128630e-03   4.933038e-14   336
  3.165599e+00   5.761078e-13   1.227621e-03   4.076475e-14   408
  3.173072e+00   6.844478e-13   1.224729e-03   4.650475e-14   408
  3.181385e+00   6.312500e-13   6.192886e-04   4.906399e-14   360
  3.186510e+00   6.187136e-13   2.273829e-03   3.802374e-14   456
  3.192699e+00   6.072436e-13   1.236522e-03   4.263600e-14   384
  3.200577e+00   7.284389e-13   1.141466e-03   5.712964e-14   348
  3.204835e+00   6.564294e-13   1.407202e-03   4.035098e-14   576
  3.212832e+00   6.309465e-13   1.158646e-03   3.908063e-14   504
  3.221013e+00   7.299029e-13   1.634203e-03   5.739576e-14   432
  3.228154e+00   5.761759e-13   2.223325e-03   3.121129e-14   576
  3.233247e+00   5.865074e-13   0.000000e+00   4.204652e-14   264
  3.241325e+00   6.212768e-13   1.769212e-03   2.995231e-14   768
  3.248351e+00   7.156889e-13   2.381921e-03   5.225666e-14   240
  3.253937e+00   7.454371e-13   2.100629e-03   6.694423e-14   192
  3.262073e+00   5.655719e-13   1.546319e-03   3.472491e-14   504
  3.268108e+00   5.587298e-13   2.083724e-03   2.666339e-14   590
  3.273894e+00   6.027517e-13   2.334698e-03   4.541869e-14   384
  3.281151e+00   7.144821e-13   1.951120e-03   4.538672e-14   504
  3.289911e+00   5.712299e-13   1.877651e-03   2.735805e-14   648
  3.298409e+00   6.228258e-13   5.099453e-04   3.908334e-14   504
  3.301835e+00   5.994739e-13   1.163281e-03   4.535284e-14   312
  3.307884e+00   5.089374e-13   1.676002e-03   2.695580e-14   576
  3.316189e+00   6.766217e-13   1.166339e-03   5.718541e-14   240
  3.321030e+00   5.358106e-13   1.178530e-03   2.657571e-14   552
  3.327882e+00   5.896240e-13   1.106612e-03   3.415895e-14   600
  3.337643e+00   5.947118e-13   1.351639e-03   3.427241e-14   600
  3.343511e+00   6.930311e-13   2.164544e-03   6.616513e-14   312
  3.349356e+00   5.358886e-13   1.885103e-03   3.407661e-14   480
  3.356656e+00   6.181811e-13   1.176123e-03   3.454503e-14   576
  3.363084e+00   6.143642e-13   1.893814e-03   4.465316e-14   408
  3.368787e+00   6.826007e-13   2.209222e-03   5.307744e-14   216
  3.376156e+00   4.900359e-13   1.692015e-03   3.019529e-14   516
  3.384050e+00   5.656084e-13   1.614354e-03   2.747091e-14   744
  3.392194e+00   4.566009e-13   1.078246e-03   2.599525e-14   462
  3.396796e+00   5.728860e-13   1.095881e-03   4.317725e-14   432
  3.403934e+00   5.270529e-13   1.016670e-03   2.544329e-14   648
  3.412327e+00   6.816281e-13   1.487578e-03   4.111345e-14   528
  3.419069e+00   5.580841e-13   1.791415e-03   3.410019e-14   600
  3.425805e+00   3.975678e-13   2.258506e-03   3.817091e-14   240
  3.432329e+00   5.794506e-13   1.729994e-03   3.281167e-14   720
  3.439912e+00   5.421241e-13   1.368738e-03   3.084219e-14   720
  3.448318e+00   7.605015e-13   0.000000e+00   8.111144e-14   144
  3.452742e+00   5.201849e-13   1.764713e-03   2.748660e-14   720
  3.459035e+00   5.851987e-13   1.058157e-03   3.948999e-14   384
  3.466913e+00   4.951285e-13   1.173023e-03   2.436279e-14   672
  3.474387e+00   4.957122e-13   2.053834e-03   3.788807e-14   336
  3.477957e+00   5.546637e-13   0.000000e+00   4.174085e-14   288
  3.486699e+00   5.935295e-13   1.625472e-03   3.402669e-14   776
  3.494792e+00   4.967492e-13   1.390838e-03   2.546565e-14   720
  3.501588e+00   5.458111e-13   1.120422e-03   4.074788e-14   432
  3.507024e+00   5.363680e-13   1.597303e-03   3.491178e-14   504
  3.513071e+00   5.510825e-13   1.119137e-03   3.447755e-14   528
  3.521533e+00   5.631096e-13   1.524759e-03   3.947207e-14   438
  3.528495e+00   5.007400e-13   1.774680e-03   2.799140e-14   624
  3.533741e+00   4.686638e-13   2.173744e-03   4.298540e-14   312
  3.540952e+00   4.782125e-13   1.171159e-03   2.778704e-14   696
  3.548410e+00   5.049654e-13   1.059686e-03   3.204853e-14   552
  3.556166e+00   4.968574e-13   8.198436e-04   2.899484e-14   516
  3.560964e+00   4.599084e-13   1.637576e-03   2.690919e-14   528
  3.566805e+00   5.797988e-13   1.064960e-03   3.821953e-14   528
  3.575102e+00   5.486337e-13   1.404467e-03   2.777729e-14   864
  3.580734e+00   5.268491e-13   1.923830e-03   4.299553e-14   408
  3.586372e+00   3.929227e-13   1.906039e-03   3.924118e-14   192
  3.594362e+00   5.570195e-13   1.577339e-03   3.073587e-14   720
  3.601108e+00   4.789955e-13   1.454384e-03   2.801308e-14   696
  3.609123e+00   5.023951e-13   1.570748e-03   2.889872e-14   720
  3.616456e+00   4.893380e-13   2.128961e-03   2.983826e-14   432
  3.620733e+00   5.349999e-13   1.253189e-03   4.586247e-14   264
  3.628427e+00   5.204965e-13   1.730599e-03   3.376253e-14   672
  3.635310e+00   4.754047e-13   1.771868e-03   2.940259e-14   600
  3.643477e+00   6.386639e-13   1.037427e-03   5.848911e-14   270
  3.647594e+00   5.549045e-13   1.561617e-03   3.721562e-14   528
  3.654138e+00   4.486773e-13   1.069340e-03   2.290065e-14   840
  3.663112e+00   4.562689e-13   2.044769e-03   2.143625e-14   888
  3.671403e+00   5.126776e-13   1.523504e-03   2.529311e-14   744
  3.678411e+00   4.267718e-13   7.828584e-04   2.291361e-14   456
  3.681896e+00   4.145568e-13   1.069824e-03   3.308934e-14   360
  3.687860e+00   5.667247e-13   9.269427e-04   4.075615e-14   384
  3.697011e+00   5.031166e-13   1.486807e-03   2.285542e-14   816
  3.703877e+00   4.911851e-13   2.157150e-03   2.635690e-14   824
  3.712223e+00   5.530650e-13   1.002746e-03   5.036837e-14   360
  3.716692e+00   4.844654e-13   1.479676e-03   2.965779e-14   624
  3.722842e+00   4.852388e-13   9.998850e-04   4.176978e-14   360
  3.731036e+00   5.188834e-13   1.360137e-03   2.508560e-14   876
  3.738436e+00   5.406485e-13   1.615436e-03   3.426954e-14   696
  3.745899e+00   4.858170e-13   1.043143e-03   3.811446e-14   336
  3.749811e+00   4.257029e-13   1.041971e-03   2.703747e-14   504
  3.756273e+00   5.669698e-13   1.051000e-03   3.579110e-14   672
  3.765859e+00   4.932519e-13   2.092296e-03   2.619030e-14   720
  3.772508e+00   4.951478e-13   1.580506e-03   2.428759e-14   774
  3.779846e+00   5.846721e-13   9.046409e-04   4.575071e-14   384
  3.783690e+00   4.655637e-13   1.740917e-03   2.745001e-14   528
  3.789655e+00   4.954789e-13   1.659191e-03   2.575606e-14   744
  3.799249e+00   4.426912e-13   1.368481e-03   2.231143e-14   768
  3.805620e+00   5.521669e-13   1.536223e-03   3.130881e-14   552
  3.813568e+00   4.911048e-13   1.674309e-03   2.666809e-14   696
  3.819481e+00   4.327322e-13   2.034577e-03   3.397078e-14   408
  3.824174e+00   4.571988e-13   8.789532e-04   2.991528e-14   504
  3.831615e+00   4.324039e-13   1.579007e-03   1.883545e-14   888
  3.838937e+00   5.097029e-13   1.641044e-03   2.926488e-14   648
  3.846547e+00   4.719206e-13   1.626978e-03   2.506429e-14   648
  3.853707e+00   4.996422e-13   1.754281e-03   2.428312e-14   792
  3.861291e+00   5.704367e-13   2.566633e-03   3.540506e-14   600
  3.866880e+00   4.733520e-13   1.739428e-03   2.776938e-14   456
  3.872762e+00   4.938511e-13   8.477229e-04   3.459424e-14   648
  3.880317e+00   5.287908e-13   1.653183e-03   2.778899e-14   936
  3.888474e+00   3.984676e-13   1.015268e-03   3.265600e-14   384
  3.895575e+00   5.560469e-13   0.000000e+00   4.658600e-14   198
  3.901055e+00   4.673434e-13   2.575821e-03   1.750580e-14   1224
  3.906966e+00   3.788961e-13   1.875990e-03   2.421168e-14   420
  3.913957e+00   5.008635e-13   1.815566e-03   2.574210e-14   792
  3.920793e+00   4.550519e-13   1.501318e-03   2.250195e-14   680
  3.928594e+00   5.010544e-13   1.378581e-03   2.794766e-14   600
  3.934870e+00   4.782861e-13   1.999321e-03   2.461446e-14   840
  3.943251e+00   4.500947e-13   9.439865e-04   2.892853e-14   432
  3.946454e+00   5.289994e-13   8.846397e-04   2.849199e-14   720
  3.953417e+00   4.377436e-13   1.771778e-03   1.985455e-14   960
  3.962077e+00   4.873871e-13   1.579411e-03   2.695646e-14   528
  3.968405e+00   6.329675e-13   1.614459e-03   3.877944e-14   624
  3.975938e+00   4.155342e-13   1.268954e-03   2.175162e-14   816
  3.983415e+00   4.625005e-13   2.086821e-03   2.434250e-14   696
  3.991678e+00   5.115757e-13   1.150890e-07   4.954827e-14   240
  3.994784e+00   4.684835e-13   1.230648e-03   2.705867e-14   672
  4.001719e+00   5.024859e-13   2.199344e-03   2.602071e-14   864
  4.009498e+00   4.682429e-13   1.687640e-03   2.208624e-14   816
  4.016509e+00   5.056254e-13   9.659469e-04   2.684189e-14   648
  4.024060e+00   4.490682e-13   9.873737e-04   2.245327e-14   843
  4.030471e+00   5.392899e-13   1.776528e-03   2.524333e-14   780
  4.038111e+00   5.461322e-13   9.532520e-04   5.483148e-14   216
  4.042823e+00   4.617554e-13   2.298663e-03   1.981601e-14   1056
  4.050071e+00   4.698186e-13   1.880564e-03   4.054468e-14   228
  4.056781e+00   4.814646e-13   2.341349e-03   2.312045e-14   924
  4.063670e+00   4.087504e-13   8.685094e-04   2.034290e-14   696
  4.070964e+00   5.544322e-13   1.545698e-03   2.271574e-14   996
  4.078428e+00   5.906925e-13   9.125493e-04   4.032918e-14   576
  4.086192e+00   6.158816e-13   1.408459e-03   4.494113e-14   552
  4.091852e+00   4.581384e-13   1.681651e-03   3.448480e-14   516
  4.097596e+00   4.637676e-13   2.445470e-03   2.408903e-14   744
  4.104159e+00   5.048044e-13   1.199649e-03   2.858334e-14   576
  4.109868e+00   5.431595e-13   1.234742e-03   2.951693e-14   792
  4.117982e+00   4.891677e-13   1.411539e-03   2.411365e-14   792
  4.123927e+00   5.214131e-13   1.522330e-03   2.501647e-14   720
  4.131968e+00   5.603675e-13   1.735107e-03   3.064387e-14   656
  4.139503e+00   5.011136e-13   1.894646e-03   2.431244e-14   816
  4.147227e+00   5.828955e-13   1.021561e-03   3.598872e-14   492
  4.151618e+00   4.968040e-13   1.469588e-03   2.963981e-14   552
  4.159858e+00   6.139194e-13   2.555435e-03   3.092812e-14   780
  4.165209e+00   5.303627e-13   1.569773e-03   3.014376e-14   528
  4.170975e+00   5.314687e-13   1.832403e-03   2.811112e-14   600
  4.179472e+00   4.774999e-13   1.522872e-03   2.300308e-14   900
  4.185329e+00   5.742210e-13   8.430879e-04   3.055795e-14   696
  4.193388e+00   5.269341e-13   2.131780e-03   2.786082e-14   696
  4.201183e+00   5.473489e-13   8.648430e-04   3.120544e-14   552
  4.207739e+00   5.563402e-13   1.005732e-03   2.863292e-14   708
  4.214606e+00   5.716616e-13   1.660522e-03   2.752282e-14   876
  4.221752e+00   5.619023e-13   8.817041e-04   4.772066e-14   216
  4.226547e+00   5.070440e-13   2.411580e-03   2.416706e-14   1032
  4.233729e+00   6.452666e-13   2.685028e-03   3.946517e-14   600
  4.241182e+00   6.832679e-13   1.281196e-03   3.870276e-14   600
  4.246868e+00   5.435227e-13   2.262472e-03   3.379939e-14   528
  4.253589e+00   5.838692e-13   1.241998e-03   2.816090e-14   732
  4.260669e+00   4.770160e-13   9.171027e-04   3.162049e-14   336
  4.268820e+00   5.556442e-13   1.307053e-03   2.306864e-14   912
  4.274911e+00   6.394918e-13   1.311885e-03   2.991904e-14   624
  4.281565e+00   5.525216e-13   1.105498e-03   2.669938e-14   768
  4.289333e+00   5.658968e-13   1.994537e-03   2.476571e-14   792
  4.296957e+00   5.990276e-13   9.888090e-04   3.161349e-14   660
  4.302382e+00   5.836493e-13   1.457169e-03   3.393308e-14   504
  4.307992e+00   6.288991e-13   2.380735e-03   3.907691e-14   480
  4.316401e+00   6.496287e-13   2.201870e-03   2.654647e-14   912
  4.322985e+00   6.042498e-13   2.452123e-03   3.160864e-14   432
  4.329203e+00   6.266944e-13   1.456013e-03   3.956926e-14   564
  4.334724e+00   6.238239e-13   1.393605e-03   3.339190e-14   600
  4.342496e+00   5.917501e-13   1.942553e-03   2.975846e-14   876
  4.348334e+00   6.788621e-13   8.734307e-04   5.577446e-14   264
  4.356382e+00   6.095946e-13   1.694799e-03   3.792308e-14   560
  4.362850e+00   5.956746e-13   1.151652e-03   2.661056e-14   840
  4.370702e+00   6.956786e-13   1.775516e-03   2.754502e-14   1008
  4.377963e+00   7.045474e-13   7.942467e-04   3.849023e-14   456
  4.384595e+00   6.236977e-13   1.028834e-03   3.184071e-14   576
  4.390725e+00   6.272500e-13   1.580913e-03   3.275444e-14   612
  4.398809e+00   6.145105e-13   1.412012e-03   2.976013e-14   780
  4.405404e+00   5.470448e-13   1.618102e-03   2.623928e-14   648
  4.412155e+00   6.694771e-13   7.540562e-04   5.142194e-14   312
  4.416470e+00   6.850671e-13   1.915933e-03   3.602406e-14   528
  4.423945e+00   6.129059e-13   2.502113e-03   2.800873e-14   720
  4.431093e+00   7.756321e-13   2.509948e-03   4.801399e-14   576
  4.439759e+00   7.422747e-13   2.165154e-03   5.079025e-14   444
  4.445151e+00   6.897279e-13   2.123318e-03   2.806018e-14   996
  4.451759e+00   7.352444e-13   1.773610e-03   4.831409e-14   432
  4.458005e+00   6.430764e-13   1.941754e-03   3.546706e-14   504
  4.463400e+00   7.607339e-13   8.754449e-04   4.809845e-14   504
  4.471082e+00   5.880680e-13   1.722886e-03   2.336932e-14   876
  4.478033e+00   6.951747e-13   1.982878e-03   3.977274e-14   504
  4.485271e+00   7.848627e-13   1.264576e-03   3.419979e-14   696
  4.491253e+00   6.406683e-13   1.081079e-03   3.340792e-14   492
  4.499392e+00   7.065715e-13   1.547618e-03   3.994684e-14   432
  4.505420e+00   6.927409e-13   1.449174e-03   3.382936e-14   768
  4.512567e+00   7.128262e-13   1.805141e-03   3.783068e-14   648
  4.519390e+00   8.014731e-13   1.177661e-03   4.272851e-14   456
  4.527231e+00   6.973815e-13   1.619475e-03   3.520396e-14   552
  4.532676e+00   7.098182e-13   1.109989e-03   3.409236e-14   648
  4.540170e+00   7.229027e-13   1.809220e-03   2.981460e-14   840
  4.547491e+00   6.743729e-13   8.627791e-04   4.015910e-14   432
  4.554820e+00   7.575391e-13   1.056757e-03   3.801750e-14   600
  4.559917e+00   5.968461e-13   1.125905e-03   3.876164e-14   432
  4.568479e+00   7.349385e-13   1.120948e-03   3.553102e-14   560
  4.574277e+00   7.247389e-13   1.774344e-03   3.083376e-14   840
  4.581537e+00   7.492978e-13   1.050970e-03   3.907091e-14   504
  4.587303e+00   7.942579e-13   2.144966e-03   3.635690e-14   696
  4.595432e+00   6.896925e-13   1.171504e-03   4.742435e-14   384
  4.601763e+00   8.163105e-13   1.716116e-03   4.146733e-14   576
  4.609420e+00   7.150694e-13   1.059101e-03   4.620853e-14   360
  4.615593e+00   7.629328e-13   1.577258e-03   3.207439e-14   828
  4.622251e+00   7.077097e-13   1.404841e-03   4.057019e-14   372
  4.628352e+00   7.291517e-13   2.145462e-03   3.589990e-14   576
  4.636434e+00   7.347847e-13   8.985170e-04   3.393895e-14   636
  4.642192e+00   7.854798e-13   1.732109e-03   3.984180e-14   648
  4.649981e+00   7.750087e-13   1.408015e-03   4.059282e-14   576
  4.655573e+00   8.429814e-13   2.271277e-03   4.670513e-14   528
  4.663010e+00   7.289413e-13   9.710647e-04   4.393222e-14   360
  4.669165e+00   8.588788e-13   2.233813e-03   4.024959e-14   672
  4.677203e+00   7.927707e-13   1.144196e-03   3.533443e-14   804
  4.683893e+00   7.424157e-13   1.262185e-03   4.458038e-14   408
  4.691293e+00   8.376925e-13   7.801673e-04   4.795472e-14   384
  4.696276e+00   8.179807e-13   1.785323e-03   4.614968e-14   480
  4.703304e+00   8.988832e-13   1.153580e-03   5.423657e-14   432
  4.710045e+00   7.036918e-13   2.125802e-03   3.242069e-14   648
  4.718024e+00   7.206992e-13   1.319050e-03   3.461819e-14   624
  4.723861e+00   9.032627e-13   1.199787e-03   5.025463e-14   456
  4.731831e+00   8.775820e-13   1.639016e-03   4.214608e-14   588
  4.737172e+00   8.977991e-13   1.045685e-03   4.547464e-14   600
  4.744970e+00   8.464493e-13   1.631013e-03   3.745011e-14   708
  4.751130e+00   8.996654e-13   1.027507e-03   5.579082e-14   360
  4.757936e+00   7.768905e-13   1.181146e-03   4.420046e-14   552
  4.764461e+00   9.742318e-13   8.286020e-04   7.292416e-14   288
  4.771085e+00   9.121091e-13   1.557998e-03   4.683170e-14   528
  4.777309e+00   7.570566e-13   1.051098e-03   4.314785e-14   456
  4.784262e+00   9.242542e-13   1.863824e-03   4.160553e-14   608
  4.791256e+00   9.320582e-13   9.017389e-04   4.739518e-14   504
  4.798898e+00   9.397291e-13   1.935982e-03   4.721919e-14   540
  4.804891e+00   6.794546e-13   2.078222e-03   3.859805e-14   360
  4.811350e+00   8.510296e-13   9.411255e-04   4.684709e-14   540
  4.817063e+00   8.758991e-13   8.080679e-04   4.398266e-14   576
  4.825371e+00   9.450315e-13   1.873635e-03   5.112340e-14   588
  4.833270e+00   9.144156e-13   2.585051e-03   4.068736e-14   672
  4.840056e+00   8.252374e-13   1.975777e-03   4.037301e-14   552
  4.845526e+00   8.741239e-13   1.976776e-03   7.937246e-14   144
  4.852507e+00   9.150292e-13   1.679474e-03   4.668082e-14   600
  4.859125e+00   9.151043e-13   2.104747e-03   4.653363e-14   504
  4.866470e+00   9.385095e-13   2.162000e-03   6.463817e-14   336
  4.874196e+00   9.301264e-13   2.430098e-03   4.564627e-14   600
  4.881116e+00   1.014192e-12   1.568306e-03   4.436305e-14   636
  4.888585e+00   8.727737e-13   1.260932e-03   4.990918e-14   384
  4.893821e+00   8.584627e-13   1.758851e-03   4.400317e-14   504
  4.901368e+00   7.486321e-13   7.381651e-04   5.988214e-14   240
  4.907324e+00   9.098455e-13   1.734055e-03   3.774839e-14   744
  4.914470e+00   9.565710e-13   1.184096e-03   4.480172e-14   648
  4.920821e+00   5.520324e-13   7.860381e-04   4.946333e-14   120
  4.928265e+00   9.645485e-13   1.234764e-03   4.684966e-14   564
  4.933890e+00   8.841647e-13   1.939271e-03   4.591868e-14   432
  4.941396e+00   1.018166e-12   1.505258e-03   5.343779e-14   480
  4.947049e+00   1.126401e-12   1.107908e-03   6.307389e-14   456
  4.953721e+00   9.283884e-13   1.833424e-03   4.992434e-14   444
  4.961293e+00   9.762699e-13   2.805235e-03   4.803573e-14   528
  4.967944e+00   9.719836e-13   2.083390e-03   7.089297e-14   264
  4.974399e+00   8.896132e-13   2.135165e-03   5.331460e-14   444
  4.983082e+00   9.127530e-13   2.338759e-03   4.529259e-14   696
  4.990289e+00   8.022651e-13   1.250847e-03   5.193303e-14   384
  4.995560e+00   9.616430e-13   1.580550e-03   5.657053e-14   432
  5.003759e+00   1.053516e-12   1.092086e-03   5.943020e-14   488
  5.009082e+00   9.096486e-13   1.645909e-03   4.473298e-14   480
  5.016800e+00   1.034535e-12   1.835529e-03   5.752311e-14   480
  5.022777e+00   1.000740e-12   7.701318e-04   6.929412e-14   240
  5.029563e+00   9.228045e-13   1.798967e-03   4.013901e-14   600
  5.035964e+00   1.083447e-12   1.567616e-03   7.016750e-14   288
  5.042780e+00   9.743735e-13   1.507931e-03   4.661243e-14   480
  5.049682e+00   1.085730e-12   2.682341e-03   5.417874e-14   504
  5.056479e+00   9.488294e-13   1.150891e-03   7.935340e-14   216
  5.065146e+00   1.012196e-12   1.884192e-03   5.253031e-14   504
  5.071897e+00   1.001540e-12   1.515464e-03   5.028190e-14   456
  5.079286e+00   7.634949e-13   8.691442e-04   4.452217e-14   384
  5.084180e+00   1.011672e-12   1.764049e-03   5.265020e-14   480
  5.091134e+00   1.080369e-12   1.549032e-03   6.143618e-14   504
  5.097578e+00   1.024968e-12   9.826093e-04   6.633018e-14   312
  5.104521e+00   9.682623e-13   1.583441e-03   5.141922e-14   492
  5.110667e+00   8.802130e-13   1.484108e-03   5.434645e-14   312
  5.118579e+00   9.943395e-13   2.410815e-03   4.842243e-14   576
  5.125543e+00   1.047395e-12   2.225378e-03   6.088973e-14   336
  5.131328e+00   1.313910e-12   1.713438e-03   9.548504e-14   240
  5.139346e+00   9.895673e-13   2.271584e-03   4.920881e-14   468
  5.146270e+00   1.005989e-12   1.422340e-03   8.704914e-14   192
  5.153517e+00   1.278390e-12   1.426580e-03   7.916689e-14   324
  5.158828e+00   1.039299e-12   1.035388e-03   4.505943e-14   600
  5.166066e+00   9.547642e-13   1.679811e-03   5.226164e-14   456
  5.171442e+00   1.012167e-12   7.555789e-04   6.604473e-14   336
  5.180350e+00   1.007949e-12   2.262417e-03   4.549718e-14   612
  5.186832e+00   1.277081e-12   1.898719e-03   1.284642e-13   144
  5.192961e+00   1.041480e-12   2.216292e-03   4.797462e-14   552
  5.201296e+00   1.189524e-12   8.728032e-04   8.003533e-14   264
  5.206006e+00   9.348267e-13   2.020762e-03   5.022906e-14   336
  5.213435e+00   1.231846e-12   1.335250e-03   7.626574e-14   384
  5.219878e+00   1.103918e-12   7.516140e-04   7.924426e-14   216
  5.227010e+00   1.209790e-12   1.593577e-03   7.505018e-14   344
  5.233513e+00   1.271746e-12   2.377692e-03   6.708826e-14   408
  5.241438e+00   1.268946e-12   1.827101e-03   7.976869e-14   264
  5.248460e+00   1.101406e-12   2.547069e-03   5.306354e-14   612
  5.255476e+00   9.235770e-13   1.310917e-03   4.703525e-14   408
  5.262692e+00   1.242105e-12   1.312801e-03   6.464026e-14   444
  5.267993e+00   7.881115e-13   7.342396e-04   6.830972e-14   120
  5.275096e+00   1.171267e-12   2.028570e-03   6.853126e-14   336
  5.280368e+00   1.049085e-12   7.049199e-04   6.993446e-14   288
  5.287493e+00   1.080985e-12   2.193723e-03   4.369155e-14   552
  5.297288e+00   8.512690e-13   0.000000e+00   1.187942e-13   72
  5.302324e+00   1.286975e-12   2.178926e-03   5.607402e-14   504
  5.308207e+00   1.430389e-12   7.011571e-04   1.010439e-13   216
  5.315829e+00   1.258364e-12   1.251868e-03   8.119438e-14   312
  5.322672e+00   1.361586e-12   1.425448e-03   8.313514e-14   336
  5.329194e+00   1.062877e-12   1.975831e-03   8.193264e-14   204
  5.335689e+00   1.086849e-12   2.296216e-03   5.864329e-14   504
  5.342577e+00   1.012104e-12   2.186657e-03   5.691864e-14   396
  5.349201e+00   1.345098e-12   2.005279e-03   9.416668e-14   312
  5.357232e+00   1.017430e-12   1.225440e-03   7.654932e-14   216
  5.362890e+00   1.142702e-12   6.650698e-04   8.804244e-14   168
  5.369766e+00   1.123697e-12   1.679338e-03   4.908923e-14   588
  5.377613e+00   1.258458e-12   2.279505e-03   8.776336e-14   240
  5.383710e+00   1.294905e-12   2.013185e-03   7.464669e-14   264
  5.390860e+00   1.129663e-12   2.489717e-03   7.608458e-14   288
  5.397204e+00   1.353946e-12   1.243261e-03   8.475721e-14   288
  5.405244e+00   1.196878e-12   1.167620e-03   7.434389e-14   288
  5.410658e+00   1.254422e-12   1.352591e-03   9.324118e-14   192
  5.417469e+00   1.355473e-12   1.439292e-03   1.199823e-13   264
  5.423957e+00   1.052021e-12   2.367436e-03   5.740581e-14   372
  5.430940e+00   1.191564e-12   2.556933e-03   7.414017e-14   360
  5.439463e+00   1.121807e-12   1.082118e-03   9.869820e-14   144
  5.443868e+00   1.388034e-12   1.503015e-03   8.935545e-14   296
  5.450821e+00   1.273018e-12   1.619421e-03   7.824514e-14   288
  5.458782e+00   1.279678e-12   2.420184e-03   6.681196e-14   480
  5.465649e+00   1.588724e-12   2.010942e-03   1.086529e-13   192
  5.472326e+00   1.178578e-12   2.157009e-03   8.778799e-14   192
  5.478395e+00   1.399371e-12   1.374687e-03   8.074486e-14   288
  5.486835e+00   1.520356e-12   1.196646e-03   1.345854e-13   108
  5.491087e+00   9.465977e-13   1.150429e-03   5.993696e-14   240
  5.498595e+00   1.359597e-12   2.146152e-03   7.006188e-14   384
  5.506307e+00   1.180888e-12   2.618062e-03   9.427479e-14   108
  5.513127e+00   1.198380e-12   1.535018e-03   6.590866e-14   348
  5.520298e+00   1.480757e-12   1.602006e-03   8.605800e-14   312
  5.526703e+00   1.658842e-12   1.556684e-03   1.669043e-13   96
  5.532593e+00   1.412650e-12   2.072444e-03   6.440624e-14   384
  5.539190e+00   1.130035e-12   1.425422e-03   9.586887e-14   144
  5.545642e+00   1.326845e-12   2.190224e-03   7.367204e-14   408
  5.553663e+00   1.736378e-12   9.769946e-04   1.573111e-13   144
  5.561240e+00   1.232101e-12   1.878283e-03   9.265909e-14   192
  5.565734e+00   1.349368e-12   2.114042e-03   1.366640e-13   144
  5.573059e+00   1.411095e-12   1.718794e-03   1.292775e-13   144
  5.579969e+00   1.270408e-12   2.100644e-03   6.663787e-14   336
  5.588433e+00   1.602199e-12   1.554210e-03   1.058116e-13   240
  5.593800e+00   1.222549e-12   7.057532e-04   1.008941e-13   96
  5.601284e+00   1.403145e-12   2.069634e-03   8.158227e-14   372
  5.608856e+00   1.634405e-12   2.461786e-03   1.730853e-13   132
  5.615507e+00   1.463209e-12   1.523323e-03   9.028307e-14   264
  5.621457e+00   1.329022e-12   1.169843e-03   1.040747e-13   168
  5.627807e+00   1.312531e-12   1.870354e-03   1.087196e-13   216
  5.633417e+00   1.433341e-12   1.144306e-03   8.013931e-14   216
  5.641586e+00   1.757554e-12   2.099325e-03   1.590523e-13   96
  5.648999e+00   1.629902e-12   1.369618e-03   1.821894e-13   120
  5.655797e+00   1.642934e-12   1.741170e-03   1.031525e-13   216
  5.661397e+00   1.394686e-12   7.608972e-04   1.004900e-13   200
  5.668812e+00   1.473545e-12   1.969636e-03   8.907087e-14   288
  5.678322e+00   1.783310e-12   5.182495e-04   1.610559e-13   144
  5.682326e+00   1.479989e-12   1.612761e-03   1.083982e-13   168
  5.690504e+00   1.313459e-12   1.815012e-03   1.093612e-13   159
  5.696887e+00   1.652955e-12   1.904384e-03   1.343364e-13   174
  5.703065e+00   1.695837e-12   1.726829e-03   1.197939e-13   144
  5.711154e+00   1.381883e-12   9.971188e-04   8.711084e-14   222
  5.716564e+00   1.671507e-12   1.006181e-03   1.376818e-13   168
  5.725909e+00   1.504625e-12   2.206942e-03   2.572359e-13   30
  5.729769e+00   1.939115e-12   1.948567e-03   2.544953e-13   72
  5.737039e+00   1.690261e-12   1.739073e-03   9.811234e-14   258
  5.745032e+00   1.645572e-12   1.089226e-03   9.636160e-14   264
  5.749029e+00   1.703814e-12   1.174622e-07   2.672021e-13   72
  5.757357e+00   1.696173e-12   2.158892e-03   1.315661e-13   174
  5.764898e+00   1.735067e-12   2.298822e-03   1.318441e-13   168
  5.770961e+00   1.359965e-12   7.193062e-08   1.746127e-13   48
  5.777470e+00   1.927791e-12   1.298199e-03   1.491221e-13   150
  5.785016e+00   1.306892e-12   2.388130e-03   7.821186e-14   168
  5.792583e+00   1.726402e-12   1.454738e-03   1.391501e-13   144
  5.799541e+00   1.272641e-12   1.359056e-03   1.278955e-13   102
  5.804724e+00   2.244804e-12   2.011636e-03   1.976408e-13   96
  5.812948e+00   2.095418e-12   1.996414e-03   1.854276e-13   120
  5.819038e+00   1.657142e-12   2.141206e-03   1.048557e-13   168
  5.825625e+00   1.409251e-12   1.581111e-03   1.133862e-13   126
  5.831237e+00   1.677711e-12   1.192474e-03   1.091650e-13   168
  5.838969e+00   1.615456e-12   1.912134e-03   1.957206e-13   72
  5.845726e+00   2.033223e-12   2.394418e-03   1.492741e-13   168
  5.851646e+00   1.830641e-12   6.564276e-04   1.481371e-13   78
  5.859757e+00   1.804926e-12   1.077805e-03   1.853958e-13   60
  5.866288e+00   1.498260e-12   1.748374e-03   1.286447e-13   96
  5.873062e+00   1.646392e-12   2.121507e-03   1.143848e-13   168
  5.879428e+00   1.622531e-12   1.342407e-03   1.306958e-13   86
  5.886107e+00   1.942383e-12   1.199794e-03   1.701895e-13   120
  5.895681e+00   1.942450e-12   8.556122e-04   1.363896e-13   168
  5.900844e+00   1.813662e-12   0.000000e+00   2.649327e-13   48
  5.907798e+00   1.507872e-12   1.558833e-03   1.341030e-13   120
  5.911793e+00   1.561020e-12   1.137231e-03   1.660705e-13   126
  5.921548e+00   1.840053e-12   2.000073e-03   2.133448e-13   96
  5.927878e+00   2.083928e-12   5.767223e-04   1.745179e-13   96
  5.932871e+00   2.061815e-12   6.781684e-08   2.222881e-13   72
  5.943508e+00   1.569361e-12   7.193062e-08   2.496684e-13   24
  5.950147e+00   1.696043e-12   1.186881e-03   1.654258e-13   120
  5.955326e+00   1.922454e-12   1.731294e-03   1.592282e-13   126
  5.961084e+00   1.966061e-12   1.443268e-03   1.975464e-13   96
  5.967813e+00   1.561291e-12   2.494389e-03   1.824762e-13   72
  5.975306e+00   1.812098e-12   1.078907e-03   1.246913e-13   144
  5.981469e+00   1.830235e-12   6.222882e-04   1.700044e-13   72
  5.987626e+00   1.669255e-12   1.242932e-03   2.159255e-13   54
  5.993045e+00   1.936022e-12   1.095319e-03   1.868869e-13   108
  6.004306e+00   2.215872e-12   1.073696e-03   2.637088e-13   72
  6.007812e+00   2.058244e-12   6.195595e-04   2.905413e-13   72
  6.016129e+00   1.799387e-12   1.245875e-07   3.401432e-13   24
  6.023999e+00   1.830326e-12   1.310705e-03   2.139747e-13   48
  6.028777e+00   1.960177e-12   9.984188e-04   1.562251e-13   102
  6.035970e+00   1.965413e-12   2.258008e-03   1.253868e-13   168
  6.045369e+00   2.198830e-12   1.231465e-03   3.262705e-13   72
  6.048851e+00   1.587694e-12   0.000000e+00   2.547020e-13   48
  6.056156e+00   2.007928e-12   2.118194e-03   1.583138e-13   120
  6.065796e+00   1.892206e-12   1.301673e-03   1.605952e-13   96
  6.074901e+00   1.693020e-12   1.150890e-07   2.435291e-13   30
  6.085723e+00   1.948166e-12   6.115837e-04   1.644859e-13   72
  6.090478e+00   1.359043e-12   7.193062e-08   1.518999e-13   24
  6.096586e+00   2.187618e-12   9.065181e-04   2.396609e-13   56
  6.103428e+00   2.353237e-12   1.293647e-03   2.111331e-13   96
  6.111616e+00   2.112142e-12   1.428503e-03   1.661493e-13   144
  6.117928e+00   2.285807e-12   8.110480e-04   2.369382e-13   54
  6.127099e+00   1.804895e-12   1.215036e-03   1.492888e-13   108
  6.136327e+00   1.540367e-12   6.433558e-04   1.782658e-13   48
  6.145113e+00   2.180022e-12   2.422440e-03   2.930804e-13   72
  6.166195e+00   2.052635e-12   1.600514e-03   2.000567e-13   78
  6.172037e+00   2.213004e-12   1.206188e-03   2.410903e-13   72
  6.178856e+00   2.172981e-12   1.204690e-03   1.761124e-13   72
  6.185986e+00   2.154525e-12   2.907051e-03   1.881469e-13   96
  6.191621e+00   2.486606e-12   1.202207e-03   2.816694e-13   72
  6.198419e+00   2.580454e-12   0.000000e+00   3.661289e-13   24
  6.205208e+00   2.146695e-12   2.398986e-03   2.291646e-13   72
  6.220544e+00   2.553976e-12   1.523430e-03   4.295876e-13   30
  6.223843e+00   1.883719e-12   0.000000e+00   3.086450e-13   24
  6.241578e+00   2.509197e-12   1.265014e-03   3.164302e-13   48
  6.247142e+00   2.143859e-12   2.722309e-03   1.578618e-13   120
  6.254637e+00   2.186407e-12   1.190257e-03   2.270873e-13   72
  6.262206e+00   2.621614e-12   1.188818e-03   4.529476e-13   36
  6.267409e+00   2.438599e-12   2.349657e-03   2.963901e-13   78
  6.281928e+00   2.121265e-12   1.256888e-03   2.941921e-13   48
  6.300754e+00   2.771461e-12   1.017253e-07   4.220982e-13   24
  6.314166e+00   2.471557e-12   8.752715e-04   2.957308e-13   56
  6.320919e+00   2.827190e-12   1.346877e-03   2.883701e-13   102
  6.329510e+00   2.272345e-12   9.590750e-08   2.612758e-13   72
  6.334498e+00   1.872441e-12   7.193062e-08   2.801763e-13   24
  6.343217e+00   2.926218e-12   1.244744e-03   4.241655e-13   48
  6.359378e+00   2.455453e-12   0.000000e+00   3.715830e-13   24
  6.379213e+00   5.491922e-12   0.000000e+00   7.925856e-13   6
  6.385398e+00   1.993283e-12   0.000000e+00   3.780004e-13   24
  6.389518e+00   2.332188e-12   1.165127e-03   2.132889e-13   72
  6.397046e+00   2.103449e-12   2.173655e-03   1.952998e-13   84
  6.405152e+00   1.565950e-12   0.000000e+00   2.543857e-13   24
  6.407617e+00   2.715597e-12   1.017253e-07   5.007092e-13   24
  6.419927e+00   3.148166e-12   1.245875e-07   5.056721e-13   24
  6.437123e+00   5.619681e-12   0.000000e+00   1.234844e-12   6
  6.459163e+00   1.974918e-12   1.222400e-03   2.596535e-13   48
  6.464458e+00   2.481368e-12   2.302802e-03   2.228561e-13   72
  6.471376e+00   2.201940e-12   1.220094e-03   2.608738e-13   48
  6.482347e+00   1.967919e-12   0.000000e+00   3.090058e-13   24
  6.496947e+00   4.774603e-12   0.000000e+00   1.115230e-12   6
  6.529678e+00   3.126836e-12   0.000000e+00   5.084022e-13   8
  6.532096e+00   2.163979e-12   7.193062e-08   3.015714e-13   48
  6.537895e+00   2.527200e-12   1.183236e-03   2.410650e-13   60
  6.546585e+00   2.100827e-12   0.000000e+00   3.715040e-13   24
  6.558634e+00   2.001619e-12   0.000000e+00   5.573384e-13   6
  6.603027e+00   3.843447e-12   0.000000e+00   6.235422e-13   24
  6.606613e+00   1.895363e-12   1.195118e-03   2.656379e-13   48
  6.612586e+00   2.987141e-12   0.000000e+00   5.226326e-13   24
  6.622132e+00   1.145926e-12   0.000000e+00   3.173367e-13   6
  6.676359e+00   3.097643e-12   1.114931e-03   4.136181e-13   36
  6.680300e+00   2.110354e-12   0.000000e+00   3.906370e-13   24
  6.687387e+00   4.339302e-12   0.000000e+00   1.254908e-12   6
  6.749089e+00   3.761723e-12   1.013241e-03   4.309889e-13   32
  6.754351e+00   3.154825e-12   0.000000e+00   4.999311e-13   6
  6.820657e+00   2.367316e-12   0.000000e+00   2.302005e-13   12
  6.822972e+00   3.572912e-12   0.000000e+00   8.994490e-13   6
  6.893201e+00   1.525616e-12   0.000000e+00   4.154814e-13   6
