# power spectrum of phi
# redshift z=0.685035
# k              Pk             sigma(k)       sigma(Pk)      count
  1.256637e-01   3.402566e-11   0.000000e+00   1.371887e-11   6
  1.777153e-01   8.713423e-12   0.000000e+00   1.807461e-12   12
  2.176559e-01   3.723603e-12   2.384186e-09   1.003243e-12   8
  2.513274e-01   1.012356e-11   0.000000e+00   1.642094e-12   6
  2.809926e-01   5.577831e-12   4.495664e-09   1.631160e-12   24
  3.078120e-01   6.240346e-12   4.495664e-09   1.284076e-12   24
  3.554306e-01   1.701344e-12   0.000000e+00   3.001533e-13   12
  3.769911e-01   2.249699e-12   5.086263e-09   2.563115e-13   30
  3.973835e-01   1.928416e-12   0.000000e+00   2.752035e-13   24
  4.167794e-01   2.460946e-12   7.786718e-09   5.201543e-13   24
  4.353118e-01   8.208152e-13   4.768372e-09   1.085085e-13   8
  4.530869e-01   1.185847e-12   6.357829e-09   2.959871e-13   24
  4.701905e-01   1.432391e-12   0.000000e+00   2.846115e-13   48
  5.026548e-01   3.518484e-13   0.000000e+00   1.121823e-13   6
  5.181247e-01   1.168715e-12   6.357829e-09   1.575298e-13   48
  5.331460e-01   7.994243e-13   5.994218e-09   1.465353e-13   36
  5.477554e-01   1.190697e-12   6.357829e-09   2.242209e-13   24
  5.619852e-01   8.412750e-13   8.991328e-09   1.298757e-13   24
  5.758634e-01   1.009548e-12   0.000000e+00   1.525354e-13   48
  5.894150e-01   7.637571e-13   8.991328e-09   1.302407e-13   24
  6.156239e-01   6.298381e-13   8.991328e-09   1.125763e-13   24
  6.283185e-01   4.343658e-13   0.000000e+00   8.886585e-14   30
  6.407617e-01   6.933501e-13   0.000000e+00   7.324021e-14   72
  6.529678e-01   5.257992e-13   9.536743e-09   1.460502e-13   32
  6.767198e-01   5.692397e-13   0.000000e+00   5.571980e-14   72
  6.882885e-01   4.436082e-13   0.000000e+00   6.736024e-14   48
  7.108613e-01   3.644086e-13   0.000000e+00   1.181956e-13   12
  7.218830e-01   5.137464e-13   0.000000e+00   5.689272e-14   48
  7.327390e-01   3.641803e-13   0.000000e+00   5.747121e-14   48
  7.434365e-01   5.172293e-13   8.991328e-09   6.178151e-14   48
  7.539822e-01   6.196460e-13   1.017253e-08   9.010123e-14   30
  7.643825e-01   4.549685e-13   0.000000e+00   4.368929e-14   24
  7.746431e-01   4.710519e-13   1.895538e-08   6.413604e-14   72
  7.947671e-01   2.700210e-13   0.000000e+00   5.115528e-14   24
  8.046403e-01   3.176122e-13   0.000000e+00   3.032289e-14   96
  8.143939e-01   2.464599e-13   0.000000e+00   3.731570e-14   48
  8.240320e-01   2.796770e-13   1.557344e-08   2.443536e-14   24
  8.335587e-01   5.057572e-13   1.557344e-08   8.292813e-14   24
  8.429778e-01   3.636636e-13   0.000000e+00   3.540882e-14   72
  8.522927e-01   3.257493e-13   0.000000e+00   4.700817e-14   48
  8.706237e-01   1.897104e-13   9.536743e-09   4.923942e-14   8
  8.796459e-01   2.942767e-13   1.130281e-08   3.448832e-14   54
  8.885766e-01   2.929828e-13   0.000000e+00   2.859289e-14   84
  8.974184e-01   3.042667e-13   0.000000e+00   3.471856e-14   48
  9.061739e-01   1.882245e-13   1.271566e-08   2.669769e-14   24
  9.148456e-01   3.091936e-13   1.695421e-08   3.891248e-14   72
  9.234359e-01   3.121503e-13   0.000000e+00   2.902738e-14   96
  9.403811e-01   2.583646e-13   0.000000e+00   2.588622e-14   48
  9.487402e-01   3.099126e-13   0.000000e+00   3.939157e-14   48
  9.570263e-01   2.496798e-13   0.000000e+00   4.775080e-14   24
  9.652412e-01   2.290063e-13   0.000000e+00   2.759015e-14   72
  9.814649e-01   2.078144e-13   0.000000e+00   2.253822e-14   72
  9.894770e-01   2.323713e-13   0.000000e+00   2.173403e-14   96
  1.005310e+00   3.145105e-13   0.000000e+00   7.484854e-14   6
  1.013133e+00   2.283259e-13   0.000000e+00   1.856237e-14   96
  1.020897e+00   2.408615e-13   1.271566e-08   2.402883e-14   96
  1.028602e+00   1.970556e-13   0.000000e+00   4.478143e-14   24
  1.036249e+00   2.826012e-13   1.271566e-08   4.446748e-14   48
  1.043841e+00   1.508899e-13   0.000000e+00   1.722766e-14   96
  1.051378e+00   2.629301e-13   0.000000e+00   4.077190e-14   48
  1.066292e+00   1.644746e-13   1.198844e-08   2.422588e-14   36
  1.073671e+00   2.281609e-13   2.202416e-08   3.202471e-14   48
  1.081000e+00   2.319115e-13   2.491750e-08   2.142387e-14   120
  1.088280e+00   1.833960e-13   0.000000e+00   1.833982e-14   56
  1.095511e+00   1.599119e-13   1.271566e-08   3.279145e-14   24
  1.102695e+00   1.662865e-13   0.000000e+00   1.645777e-14   96
  1.109832e+00   2.014683e-13   0.000000e+00   3.172863e-14   48
  1.123970e+00   2.279225e-13   1.798266e-08   4.758970e-14   24
  1.130973e+00   1.871182e-13   0.000000e+00   1.792759e-14   102
  1.137933e+00   1.464276e-13   1.271566e-08   1.761799e-14   48
  1.144851e+00   1.903041e-13   0.000000e+00   2.263332e-14   72
  1.151727e+00   1.515536e-13   0.000000e+00   2.057347e-14   48
  1.158562e+00   2.335520e-13   0.000000e+00   2.957652e-14   48
  1.165357e+00   1.901230e-13   2.877225e-08   1.555952e-14   120
  1.178830e+00   1.197408e-13   1.798266e-08   1.969634e-14   24
  1.185509e+00   1.590261e-13   1.695421e-08   1.198936e-14   144
  1.192151e+00   1.398924e-13   2.034505e-08   1.283475e-14   120
  1.198755e+00   1.544815e-13   1.798266e-08   1.908544e-14   48
  1.211857e+00   1.618578e-13   1.798266e-08   1.836058e-14   48
  1.218355e+00   1.494085e-13   1.798266e-08   1.732953e-14   96
  1.235512e+00   1.337596e-13   3.015167e-03   1.403485e-14   72
  1.244007e+00   1.441933e-13   1.598458e-08   1.069861e-14   108
  1.250338e+00   1.739056e-13   0.000000e+00   1.635930e-14   72
  1.256637e+00   1.138394e-13   0.000000e+00   2.629973e-14   30
  1.262905e+00   1.161529e-13   0.000000e+00   1.029875e-14   168
  1.269141e+00   1.218275e-13   0.000000e+00   1.737999e-14   48
  1.281523e+00   1.232044e-13   0.000000e+00   1.584588e-14   72
  1.287670e+00   1.343990e-13   0.000000e+00   1.554267e-14   96
  1.293787e+00   1.111746e-13   3.390842e-08   1.471156e-14   72
  1.299875e+00   1.338628e-13   0.000000e+00   1.531932e-14   72
  1.310112e+00   1.121051e-13   2.784031e-03   1.052288e-14   104
  1.317972e+00   1.129749e-13   2.397687e-08   9.139429e-15   144
  1.335824e+00   1.027533e-13   4.021044e-08   1.011381e-14   96
  1.341721e+00   1.103686e-13   0.000000e+00   9.744195e-15   96
  1.351101e+00   1.320770e-13   2.864148e-03   1.474694e-14   120
  1.359261e+00   1.018697e-13   0.000000e+00   1.084904e-14   120
  1.365057e+00   1.081633e-13   0.000000e+00   1.234312e-14   72
  1.376577e+00   9.838800e-14   0.000000e+00   1.411331e-14   48
  1.382301e+00   9.914990e-14   3.130008e-08   1.253995e-14   78
  1.389623e+00   1.082708e-13   2.564571e-03   8.112492e-15   168
  1.404963e+00   1.066221e-13   2.936555e-08   8.356316e-15   144
  1.410572e+00   1.151512e-13   2.397687e-08   9.353986e-15   144
  1.426839e+00   8.865576e-14   1.476986e-03   7.242016e-15   156
  1.432787e+00   1.049896e-13   3.114687e-08   1.249286e-14   48
  1.438287e+00   1.022334e-13   2.034505e-08   9.513173e-15   120
  1.443766e+00   9.262770e-14   0.000000e+00   1.096187e-14   48
  1.453454e+00   8.913685e-14   2.260797e-03   5.806602e-15   216
  1.465478e+00   8.648747e-14   0.000000e+00   9.524043e-15   48
  1.470856e+00   9.796024e-14   1.798266e-08   1.065704e-14   96
  1.478502e+00   9.715273e-14   2.642094e-03   7.596857e-15   168
  1.486873e+00   8.503261e-14   1.798266e-08   1.036813e-14   48
  1.492174e+00   8.576274e-14   0.000000e+00   7.702679e-15   96
  1.497456e+00   7.872456e-14   0.000000e+00   1.245426e-14   48
  1.507964e+00   8.024138e-14   2.034505e-08   8.100935e-15   30
  1.513191e+00   1.079829e-13   0.000000e+00   1.140814e-14   96
  1.519439e+00   8.336053e-14   2.076451e-03   6.000930e-15   240
  1.527472e+00   9.462120e-14   2.240191e-03   1.580433e-14   32
  1.533921e+00   9.675155e-14   0.000000e+00   8.207792e-15   168
  1.539060e+00   8.357221e-14   0.000000e+00   8.652357e-15   120
  1.549286e+00   9.768350e-14   3.791077e-08   1.612437e-14   72
  1.554374e+00   9.331672e-14   1.695421e-08   7.686602e-15   144
  1.559446e+00   8.213323e-14   0.000000e+00   7.237970e-15   96
  1.564501e+00   7.500065e-14   0.000000e+00   6.154419e-15   96
  1.574562e+00   9.685886e-14   0.000000e+00   1.597240e-14   72
  1.579568e+00   8.692622e-14   2.543132e-08   8.616425e-15   96
  1.589534e+00   8.882632e-14   0.000000e+00   1.149793e-14   24
  1.594494e+00   8.734830e-14   0.000000e+00   6.557400e-15   192
  1.600334e+00   9.555741e-14   1.901066e-03   6.905257e-15   132
  1.609281e+00   6.710024e-14   0.000000e+00   6.972294e-15   96
  1.614180e+00   7.129300e-14   0.000000e+00   6.109125e-15   96
  1.619064e+00   7.387490e-14   2.034505e-08   6.454781e-15   120
  1.628788e+00   7.395481e-14   0.000000e+00   9.932673e-15   48
  1.636759e+00   7.605370e-14   2.303939e-03   4.857301e-15   222
  1.643266e+00   7.971369e-14   0.000000e+00   6.698489e-15   120
  1.648064e+00   5.281212e-14   3.114687e-08   1.079903e-14   24
  1.655050e+00   8.421417e-14   2.378000e-03   4.621850e-15   312
  1.670270e+00   7.041279e-14   2.229470e-03   8.239823e-15   72
  1.676563e+00   7.977601e-14   3.114687e-08   8.864753e-15   96
  1.683024e+00   7.860421e-14   2.270407e-03   5.218164e-15   192
  1.690632e+00   7.060348e-14   2.877225e-08   7.095283e-15   120
  1.695296e+00   7.020537e-14   0.000000e+00   6.186739e-15   144
  1.704585e+00   6.582767e-14   0.000000e+00   8.883018e-15   48
  1.711188e+00   6.164648e-14   2.282974e-03   3.315468e-15   336
  1.718425e+00   6.278077e-14   0.000000e+00   7.917316e-15   48
  1.727590e+00   6.446893e-14   0.000000e+00   5.254231e-15   192
  1.732155e+00   6.479314e-14   0.000000e+00   7.472609e-15   48
  1.745129e+00   6.027318e-14   1.584683e-03   8.351714e-15   56
  1.751580e+00   6.185458e-14   2.035272e-03   3.043971e-15   336
  1.759292e+00   5.353646e-14   2.260561e-08   6.414775e-15   54
  1.766010e+00   6.452912e-14   2.235459e-03   3.808715e-15   240
  1.779956e+00   6.514116e-14   2.140470e-03   3.855633e-15   228
  1.786017e+00   9.348356e-14   2.397687e-08   7.399950e-15   72
  1.791900e+00   6.947957e-14   2.076308e-03   5.726948e-15   144
  1.799230e+00   4.591642e-14   0.000000e+00   4.369792e-15   96
  1.803613e+00   5.804403e-14   2.877225e-08   3.488213e-15   240
  1.812348e+00   8.186418e-14   2.543132e-08   1.461927e-14   24
  1.817939e+00   5.899867e-14   1.961057e-03   3.482434e-15   336
  1.825371e+00   5.010182e-14   0.000000e+00   6.266078e-15   72
  1.832154e+00   5.515663e-14   2.133012e-03   4.312111e-15   168
  1.838302e+00   6.511583e-14   0.000000e+00   7.916865e-15   72
  1.846872e+00   5.790587e-14   0.000000e+00   4.786733e-15   96
  1.853509e+00   6.238962e-14   2.117011e-03   3.615300e-15   216
  1.859653e+00   4.601492e-14   0.000000e+00   4.385321e-15   96
  1.868125e+00   5.582853e-14   2.543132e-08   3.922852e-15   192
  1.872347e+00   4.903963e-14   2.397687e-08   3.996804e-15   144
  1.880762e+00   4.420567e-14   0.000000e+00   5.878353e-15   48
  1.886588e+00   5.092262e-14   2.041047e-03   2.818270e-15   246
  1.894505e+00   5.601101e-14   1.881878e-03   4.316696e-15   168
  1.901637e+00   5.129034e-14   4.983500e-08   4.584250e-15   120
  1.905784e+00   4.980485e-14   0.000000e+00   3.268623e-15   240
  1.914053e+00   5.075203e-14   0.000000e+00   5.644844e-15   24
  1.920640e+00   4.525965e-14   2.014384e-03   2.221903e-15   360
  1.928845e+00   5.099773e-14   2.005812e-03   4.303151e-15   120
  1.934568e+00   4.166298e-14   0.000000e+00   3.505651e-15   144
  1.938645e+00   4.931229e-14   0.000000e+00   5.298814e-15   96
  1.950825e+00   5.081250e-14   0.000000e+00   4.509020e-15   144
  1.954868e+00   4.386871e-14   0.000000e+00   3.591429e-15   132
  1.960551e+00   4.393164e-14   1.979707e-03   3.407391e-15   176
  1.968799e+00   3.914358e-14   1.999105e-03   2.298206e-15   312
  1.978954e+00   4.172717e-14   0.000000e+00   5.514248e-15   96
  1.982940e+00   4.376692e-14   0.000000e+00   3.445700e-15   144
  1.989055e+00   5.233403e-14   1.979053e-03   2.901725e-15   312
  1.998804e+00   5.666750e-14   0.000000e+00   8.892475e-15   48
  2.002750e+00   4.684958e-14   2.543132e-08   2.920972e-15   192
  2.010619e+00   3.867137e-14   0.000000e+00   4.474833e-15   6
  2.015848e+00   4.511275e-14   1.845802e-03   2.345971e-15   288
  2.024316e+00   4.694438e-14   1.950210e-03   2.891222e-15   192
  2.030159e+00   4.454876e-14   5.980883e-08   3.279845e-15   216
  2.034045e+00   4.679188e-14   0.000000e+00   5.847774e-15   72
  2.043725e+00   3.830779e-14   1.931689e-03   2.801193e-15   192
  2.050154e+00   4.379015e-14   1.434383e-03   2.590156e-15   288
  2.057204e+00   5.056790e-14   0.000000e+00   8.112174e-15   24
  2.062650e+00   3.655314e-14   1.889681e-03   1.562672e-15   456
  2.072499e+00   5.095336e-14   0.000000e+00   8.122609e-15   48
  2.078585e+00   3.940310e-14   1.861260e-03   2.779186e-15   240
  2.085579e+00   3.638529e-14   1.881013e-03   2.376044e-15   216
  2.091461e+00   4.889552e-14   0.000000e+00   6.158045e-15   72
  2.095233e+00   3.783485e-14   6.498988e-08   3.014345e-15   168
  2.105882e+00   3.900603e-14   1.398129e-03   2.512370e-15   288
  2.111855e+00   4.453089e-14   1.849965e-03   2.990466e-15   168
  2.121448e+00   3.342390e-14   0.000000e+00   2.628792e-15   192
  2.125166e+00   2.995256e-14   2.397687e-08   2.679223e-15   144
  2.132584e+00   5.130370e-14   2.397687e-08   6.344443e-15   36
  2.138874e+00   3.354645e-14   1.689411e-03   1.803274e-15   342
  2.144889e+00   4.050412e-14   1.734820e-03   4.336816e-15   144
  2.152621e+00   3.909665e-14   1.819392e-03   2.203905e-15   384
  2.162000e+00   3.802814e-14   4.983500e-08   2.978933e-15   120
  2.166643e+00   3.700282e-14   1.622368e-03   2.317223e-15   264
  2.172929e+00   3.986012e-14   8.042088e-08   2.885144e-15   192
  2.178848e+00   3.555136e-14   1.748412e-03   2.541502e-15   152
  2.183802e+00   3.492628e-14   4.795375e-08   2.801196e-15   144
  2.194222e+00   3.361582e-14   1.131589e-03   2.083612e-15   216
  2.199045e+00   3.535241e-14   1.512105e-03   1.870080e-15   312
  2.207535e+00   2.998900e-14   1.752500e-03   2.078741e-15   240
  2.212538e+00   3.109658e-14   2.543132e-08   3.255907e-15   96
  2.222033e+00   3.104350e-14   1.675517e-03   2.460216e-15   144
  2.227885e+00   3.117515e-14   1.646885e-03   1.377905e-15   456
  2.237379e+00   3.842969e-14   0.000000e+00   3.045726e-15   120
  2.240905e+00   3.181497e-14   0.000000e+00   2.487945e-15   144
  2.247941e+00   4.687870e-14   3.596531e-08   9.259252e-15   24
  2.252452e+00   2.645610e-14   1.583038e-03   1.547210e-15   336
  2.260253e+00   2.956097e-14   1.745876e-03   2.149142e-15   198
  2.267563e+00   3.287226e-14   1.697764e-03   1.483253e-15   432
  2.275867e+00   4.740666e-14   5.086263e-08   5.215584e-15   48
  2.280199e+00   2.933389e-14   1.498832e-03   1.558930e-15   384
  2.287976e+00   2.488424e-14   1.725473e-03   1.937574e-15   144
  2.295024e+00   3.128523e-14   1.713168e-03   1.988801e-15   264
  2.303454e+00   4.891832e-14   0.000000e+00   6.118165e-15   48
  2.309110e+00   2.817561e-14   1.628943e-03   1.590145e-15   276
  2.314567e+00   3.137058e-14   1.476593e-03   2.454016e-15   192
  2.321860e+00   2.642149e-14   1.659366e-03   1.257332e-15   552
  2.330715e+00   2.836303e-14   4.069010e-08   2.430860e-15   120
  2.335978e+00   2.663567e-14   1.679687e-03   1.647674e-15   216
  2.340855e+00   3.110890e-14   4.069010e-08   2.688628e-15   120
  2.349569e+00   3.160635e-14   1.654080e-03   1.514822e-15   408
  2.357660e+00   2.141394e-14   3.596531e-08   3.437531e-15   24
  2.362678e+00   2.586724e-14   1.670919e-03   1.318394e-15   384
  2.369685e+00   2.671902e-14   1.632547e-03   2.099499e-15   240
  2.375770e+00   2.557029e-14   1.644502e-03   1.948219e-15   168
  2.384301e+00   2.709761e-14   0.000000e+00   2.442085e-15   120
  2.389801e+00   2.765564e-14   1.714308e-03   1.351393e-15   350
  2.398744e+00   2.568924e-14   2.822081e-03   1.350958e-15   384
  2.404088e+00   2.596715e-14   0.000000e+00   2.249316e-15   144
  2.413921e+00   2.572751e-14   3.390842e-08   1.419416e-15   288
  2.419055e+00   2.596849e-14   1.615394e-03   1.326170e-15   336
  2.426039e+00   2.122974e-14   1.470682e-03   1.717884e-15   168
  2.430220e+00   2.759623e-14   9.639558e-08   1.653561e-15   336
  2.438868e+00   2.522037e-14   1.526480e-03   1.320143e-15   288
  2.444062e+00   2.591445e-14   1.438335e-03   1.742890e-15   264
  2.452858e+00   2.162510e-14   0.000000e+00   1.544420e-15   240
  2.456075e+00   2.438073e-14   0.000000e+00   2.055658e-15   96
  2.467620e+00   2.545510e-14   1.956039e-03   1.321076e-15   360
  2.473008e+00   2.105295e-14   1.441936e-03   1.865043e-15   168
  2.479816e+00   2.554581e-14   1.571860e-03   1.238162e-15   456
  2.488014e+00   2.446195e-14   4.521123e-08   2.385062e-15   108
  2.492626e+00   2.041942e-14   1.577159e-03   1.376188e-15   264
  2.498378e+00   2.239555e-14   1.407083e-03   1.580998e-15   264
  2.506256e+00   2.169375e-14   1.327788e-03   1.230431e-15   312
  2.516065e+00   2.146022e-14   9.866910e-04   1.169292e-15   270
  2.520176e+00   2.377774e-14   1.252729e-03   1.486633e-15   240
  2.527567e+00   2.576704e-14   1.549783e-03   1.413716e-15   384
  2.532054e+00   2.179137e-14   5.086263e-08   1.869981e-15   192
  2.540769e+00   2.340361e-14   1.243495e-03   1.490575e-15   240
  2.545825e+00   2.165184e-14   1.534673e-03   1.113304e-15   336
  2.555333e+00   2.067047e-14   1.544942e-03   9.384112e-16   480
  2.563047e+00   1.635509e-14   3.390842e-08   2.011431e-15   72
  2.567356e+00   2.094647e-14   1.506459e-03   1.154358e-15   240
  2.573216e+00   2.144288e-14   1.415865e-03   1.321083e-15   312
  2.579934e+00   2.186730e-14   1.530210e-03   1.558520e-15   240
  2.590086e+00   2.087988e-14   1.162564e-03   1.186903e-15   408
  2.594104e+00   2.077512e-14   1.064628e-03   1.144153e-15   336
  2.601958e+00   2.146592e-14   1.351816e-03   1.449844e-15   264
  2.605818e+00   2.072075e-14   0.000000e+00   1.975208e-15   144
  2.616557e+00   1.966901e-14   1.873697e-03   9.101294e-16   464
  2.622215e+00   2.186365e-14   1.489973e-03   1.541528e-15   168
  2.627801e+00   1.986767e-14   1.357041e-03   1.208039e-15   336
  2.637897e+00   2.113993e-14   1.425837e-03   9.998344e-16   414
  2.643588e+00   1.980667e-14   1.484211e-03   1.550530e-15   216
  2.650879e+00   1.931754e-14   3.596531e-08   1.882243e-15   96
  2.653856e+00   1.938098e-14   8.809666e-08   1.025165e-15   384
  2.664284e+00   1.934106e-14   1.481344e-03   8.814260e-16   492
  2.669873e+00   2.007107e-14   1.448627e-03   1.206003e-15   240
  2.676189e+00   1.795330e-14   1.470864e-03   1.010328e-15   312
  2.684913e+00   1.644992e-14   1.470380e-03   1.094877e-15   192
  2.690439e+00   1.671851e-14   1.424976e-03   7.023859e-16   504
  2.697770e+00   1.874908e-14   9.433586e-04   9.813281e-16   408
  2.703542e+00   2.199849e-14   2.890096e-03   2.032689e-15   168
  2.710765e+00   1.926050e-14   1.372821e-03   1.080295e-15   288
  2.716826e+00   1.652790e-14   1.432656e-03   1.112720e-15   288
  2.723035e+00   1.687009e-14   1.440903e-03   9.214084e-16   432
  2.732042e+00   1.970814e-14   1.362614e-03   1.294615e-15   216
  2.736854e+00   1.753945e-14   1.359739e-03   7.727624e-16   360
  2.745421e+00   1.575139e-14   1.327092e-03   9.205021e-16   312
  2.753154e+00   1.804228e-14   0.000000e+00   2.434521e-15   48
  2.757611e+00   1.644320e-14   1.422834e-03   8.309334e-16   432
  2.765594e+00   1.605007e-14   2.373302e-03   7.288513e-16   414
  2.770308e+00   1.837213e-14   5.421333e-08   9.786511e-16   312
  2.779102e+00   1.659445e-14   2.082441e-03   6.437091e-16   528
  2.785037e+00   1.960867e-14   1.093105e-03   1.119958e-15   264
  2.792167e+00   1.773646e-14   1.296122e-03   7.490943e-16   480
  2.801483e+00   1.613463e-14   0.000000e+00   1.044906e-15   288
  2.805506e+00   1.830968e-14   1.392643e-03   1.310096e-15   168
  2.812867e+00   1.499759e-14   2.204550e-03   7.147996e-16   504
  2.821143e+00   1.396279e-14   3.390842e-08   1.586041e-15   144
  2.826350e+00   1.412641e-14   1.415850e-03   6.365437e-16   464
  2.834173e+00   1.473855e-14   2.077839e-03   7.260930e-16   432
  2.837886e+00   1.925496e-14   3.596531e-08   1.445728e-15   192
  2.847481e+00   1.506293e-14   1.540373e-03   7.332101e-16   396
  2.853147e+00   1.277623e-14   1.383680e-03   7.601107e-16   288
  2.858874e+00   1.512101e-14   1.366839e-03   8.360753e-16   336
  2.868021e+00   1.520361e-14   8.655099e-04   6.925443e-16   432
  2.873827e+00   1.383919e-14   2.243281e-03   7.448137e-16   360
  2.880345e+00   1.650530e-14   1.326934e-03   8.680700e-16   384
  2.889603e+00   1.486727e-14   1.171274e-03   1.087731e-15   198
  2.894063e+00   1.582349e-14   1.331357e-03   6.780872e-16   552
  2.902381e+00   1.393042e-14   1.863809e-03   7.816344e-16   432
  2.909325e+00   1.280290e-14   7.119285e-08   9.630102e-16   168
  2.915153e+00   1.565351e-14   2.310442e-03   8.385938e-16   480
  2.922863e+00   1.511644e-14   0.000000e+00   1.264368e-15   120
  2.926334e+00   1.419508e-14   1.887069e-03   8.110648e-16   336
  2.934802e+00   1.523178e-14   1.331298e-03   5.766989e-16   672
  2.943175e+00   1.555266e-14   1.936554e-03   6.709641e-16   528
  2.947075e+00   1.335424e-14   5.812872e-08   1.093093e-15   168
  2.956085e+00   1.324460e-14   2.160213e-03   5.853414e-16   456
  2.961583e+00   1.411586e-14   1.319260e-03   1.165385e-15   168
  2.967291e+00   1.424241e-14   1.316892e-03   6.361701e-16   504
  2.976778e+00   1.031394e-14   1.694638e-03   5.995657e-16   336
  2.982515e+00   1.373748e-14   1.221633e-03   8.050320e-16   312
  2.988879e+00   1.256008e-14   1.193619e-03   5.584291e-16   504
  2.997254e+00   1.338154e-14   8.281656e-04   6.558997e-16   432
  3.001192e+00   1.472401e-14   1.279790e-03   8.278982e-16   312
  3.009377e+00   1.287635e-14   1.311847e-03   7.733063e-16   384
  3.017923e+00   1.256359e-14   1.114566e-03   9.325002e-16   126
  3.023199e+00   1.572428e-14   1.956913e-03   7.083367e-16   492
  3.029938e+00   1.338754e-14   1.253405e-03   5.687710e-16   528
  3.038360e+00   1.187962e-14   1.273190e-03   5.982842e-16   480
  3.043581e+00   1.407811e-14   1.758905e-03   6.632035e-16   432
  3.051137e+00   1.279705e-14   1.383146e-03   6.740568e-16   440
  3.059913e+00   1.242765e-14   6.878330e-04   7.304879e-16   312
  3.063206e+00   1.052063e-14   1.030775e-03   5.249204e-16   480
  3.069960e+00   1.312684e-14   2.018238e-03   6.503019e-16   408
  3.079829e+00   1.453328e-14   1.208696e-03   7.410425e-16   360
  3.083998e+00   1.100125e-14   1.166348e-03   5.779280e-16   408
  3.091725e+00   9.999546e-15   1.186907e-03   4.711454e-16   456
  3.100425e+00   1.161530e-14   1.134390e-03   7.426578e-16   264
  3.105254e+00   1.192287e-14   1.231098e-03   6.538056e-16   384
  3.112283e+00   1.227868e-14   2.072640e-03   5.130391e-16   672
  3.120409e+00   1.256663e-14   1.239707e-03   7.612331e-16   240
  3.125099e+00   1.118689e-14   1.257992e-03   6.351951e-16   264
  3.131717e+00   9.847802e-15   1.551526e-03   3.590385e-16   624
  3.141593e+00   1.052700e-14   0.000000e+00   8.564713e-16   150
  3.145109e+00   1.260352e-14   1.738607e-03   5.542996e-16   600
  3.152524e+00   1.246463e-14   1.199942e-03   5.266228e-16   672
  3.160921e+00   1.091653e-14   1.128630e-03   6.184653e-16   336
  3.165599e+00   1.282158e-14   1.227621e-03   6.400153e-16   408
  3.173072e+00   1.132107e-14   1.224729e-03   6.540925e-16   408
  3.181385e+00   1.200470e-14   6.192886e-04   6.460279e-16   360
  3.186510e+00   1.206036e-14   2.273829e-03   5.395308e-16   456
  3.192699e+00   1.156322e-14   1.236522e-03   7.101705e-16   384
  3.200577e+00   9.098193e-15   1.141466e-03   4.399933e-16   348
  3.204835e+00   1.125950e-14   1.407202e-03   4.891819e-16   576
  3.212832e+00   1.023374e-14   1.158646e-03   5.066824e-16   504
  3.221013e+00   1.026683e-14   1.634203e-03   5.022410e-16   432
  3.228154e+00   1.059390e-14   2.223325e-03   4.834368e-16   576
  3.233247e+00   1.122716e-14   0.000000e+00   6.258285e-16   264
  3.241325e+00   9.353985e-15   1.769212e-03   3.536944e-16   768
  3.248351e+00   9.021682e-15   2.381921e-03   5.797021e-16   240
  3.253937e+00   1.177764e-14   2.100629e-03   8.609299e-16   192
  3.262073e+00   1.076070e-14   1.546319e-03   4.076737e-16   504
  3.268108e+00   1.130317e-14   2.083724e-03   4.335858e-16   590
  3.273894e+00   1.059342e-14   2.334698e-03   6.214676e-16   384
  3.281151e+00   9.344025e-15   1.951120e-03   4.767756e-16   504
  3.289911e+00   1.127267e-14   1.877651e-03   5.209036e-16   648
  3.298409e+00   9.760358e-15   5.099453e-04   5.333143e-16   504
  3.301835e+00   1.016037e-14   1.163281e-03   6.046654e-16   312
  3.307884e+00   9.263463e-15   1.676002e-03   4.595347e-16   576
  3.316189e+00   1.144905e-14   1.166339e-03   7.730723e-16   240
  3.321030e+00   9.646825e-15   1.178530e-03   4.234573e-16   552
  3.327882e+00   9.210632e-15   1.106612e-03   3.662694e-16   600
  3.337643e+00   9.274455e-15   1.351639e-03   4.117774e-16   600
  3.343511e+00   8.395893e-15   2.164544e-03   4.944730e-16   312
  3.349356e+00   1.033099e-14   1.885103e-03   4.976678e-16   480
  3.356656e+00   8.640285e-15   1.176123e-03   3.801470e-16   576
  3.363084e+00   8.583462e-15   1.893814e-03   4.391093e-16   408
  3.368787e+00   7.572289e-15   2.209222e-03   4.828745e-16   216
  3.376156e+00   8.943550e-15   1.692015e-03   4.228426e-16   516
  3.384050e+00   8.756126e-15   1.614354e-03   3.084162e-16   744
  3.392194e+00   1.088425e-14   1.078246e-03   5.312176e-16   462
  3.396796e+00   8.078417e-15   1.095881e-03   4.642202e-16   432
  3.403934e+00   9.836747e-15   1.016670e-03   4.358924e-16   648
  3.412327e+00   8.449948e-15   1.487578e-03   3.997477e-16   528
  3.419069e+00   9.889925e-15   1.791415e-03   4.548411e-16   600
  3.425805e+00   9.631936e-15   2.258506e-03   6.480890e-16   240
  3.432329e+00   8.632681e-15   1.729994e-03   3.298760e-16   720
  3.439912e+00   9.295172e-15   1.368738e-03   3.645771e-16   720
  3.448318e+00   7.120392e-15   0.000000e+00   6.067459e-16   144
  3.452742e+00   8.471298e-15   1.764713e-03   3.563399e-16   720
  3.459035e+00   8.037085e-15   1.058157e-03   4.727709e-16   384
  3.466913e+00   8.461296e-15   1.173023e-03   3.545295e-16   672
  3.474387e+00   9.287018e-15   2.053834e-03   5.007484e-16   336
  3.477957e+00   9.006740e-15   0.000000e+00   6.960135e-16   288
  3.486699e+00   7.730006e-15   1.625472e-03   3.027453e-16   776
  3.494792e+00   7.668488e-15   1.390838e-03   3.034006e-16   720
  3.501588e+00   7.901912e-15   1.120422e-03   3.890886e-16   432
  3.507024e+00   9.863298e-15   1.597303e-03   5.201414e-16   504
  3.513071e+00   8.345357e-15   1.119137e-03   3.417651e-16   528
  3.521533e+00   8.684565e-15   1.524759e-03   4.892579e-16   438
  3.528495e+00   9.156211e-15   1.774680e-03   4.252231e-16   624
  3.533741e+00   8.819966e-15   2.173744e-03   5.894177e-16   312
  3.540952e+00   8.590784e-15   1.171159e-03   3.234797e-16   696
  3.548410e+00   8.457083e-15   1.059686e-03   4.632266e-16   552
  3.556166e+00   8.631248e-15   8.198436e-04   5.310430e-16   516
  3.560964e+00   8.295872e-15   1.637576e-03   3.713438e-16   528
  3.566805e+00   6.356141e-15   1.064960e-03   2.948501e-16   528
  3.575102e+00   8.104885e-15   1.404467e-03   3.361489e-16   864
  3.580734e+00   7.851577e-15   1.923830e-03   4.670374e-16   408
  3.586372e+00   1.050773e-14   1.906039e-03   7.485111e-16   192
  3.594362e+00   6.522605e-15   1.577339e-03   2.375062e-16   720
  3.601108e+00   7.458903e-15   1.454384e-03   3.051373e-16   696
  3.609123e+00   7.390802e-15   1.570748e-03   2.844426e-16   720
  3.616456e+00   8.161727e-15   2.128961e-03   4.452523e-16   432
  3.620733e+00   7.135727e-15   1.253189e-03   4.523236e-16   264
  3.628427e+00   7.939762e-15   1.730599e-03   3.537780e-16   672
  3.635310e+00   6.572479e-15   1.771868e-03   3.615731e-16   600
  3.643477e+00   5.986390e-15   1.037427e-03   3.658764e-16   270
  3.647594e+00   6.962968e-15   1.561617e-03   4.140212e-16   528
  3.654138e+00   7.389503e-15   1.069340e-03   3.054658e-16   840
  3.663112e+00   7.941142e-15   2.044769e-03   3.358909e-16   888
  3.671403e+00   7.219852e-15   1.523504e-03   3.232118e-16   744
  3.678411e+00   6.944381e-15   7.828584e-04   3.622097e-16   456
  3.681896e+00   9.249372e-15   1.069824e-03   5.491188e-16   360
  3.687860e+00   7.715295e-15   9.269427e-04   5.283308e-16   384
  3.697011e+00   7.111977e-15   1.486807e-03   2.706816e-16   816
  3.703877e+00   7.224503e-15   2.157150e-03   2.953254e-16   824
  3.712223e+00   6.839658e-15   1.002746e-03   4.149414e-16   360
  3.716692e+00   7.208678e-15   1.479676e-03   3.394274e-16   624
  3.722842e+00   7.674604e-15   9.998850e-04   4.770712e-16   360
  3.731036e+00   6.610233e-15   1.360137e-03   2.687015e-16   876
  3.738436e+00   6.634420e-15   1.615436e-03   2.891726e-16   696
  3.745899e+00   6.826832e-15   1.043143e-03   4.620134e-16   336
  3.749811e+00   7.197569e-15   1.041971e-03   3.972539e-16   504
  3.756273e+00   6.744141e-15   1.051000e-03   3.401036e-16   672
  3.765859e+00   5.872700e-15   2.092296e-03   2.344598e-16   720
  3.772508e+00   6.762606e-15   1.580506e-03   2.987002e-16   774
  3.779846e+00   7.840151e-15   9.046409e-04   5.948723e-16   384
  3.783690e+00   7.005100e-15   1.740917e-03   3.838509e-16   528
  3.789655e+00   7.308459e-15   1.659191e-03   3.843636e-16   744
  3.799249e+00   6.807695e-15   1.368481e-03   3.005579e-16   768
  3.805620e+00   7.318168e-15   1.536223e-03   4.947739e-16   552
  3.813568e+00   6.912633e-15   1.674309e-03   3.424286e-16   696
  3.819481e+00   7.045879e-15   2.034577e-03   4.324674e-16   408
  3.824174e+00   6.253448e-15   8.789532e-04   3.184463e-16   504
  3.831615e+00   6.154466e-15   1.579007e-03   2.288010e-16   888
  3.838937e+00   6.201756e-15   1.641044e-03   2.911305e-16   648
  3.846547e+00   6.494606e-15   1.626978e-03   3.126755e-16   648
  3.853707e+00   6.513524e-15   1.754281e-03   2.370663e-16   792
  3.861291e+00   5.750380e-15   2.566633e-03   3.084667e-16   600
  3.866880e+00   4.921932e-15   1.739428e-03   2.396743e-16   456
  3.872762e+00   6.429576e-15   8.477229e-04   3.448489e-16   648
  3.880317e+00   5.683285e-15   1.653183e-03   2.153151e-16   936
  3.888474e+00   6.400493e-15   1.015268e-03   3.547606e-16   384
  3.895575e+00   6.059472e-15   0.000000e+00   5.011133e-16   198
  3.901055e+00   6.047778e-15   2.575821e-03   2.390491e-16   1224
  3.906966e+00   7.456624e-15   1.875990e-03   4.476275e-16   420
  3.913957e+00   5.983770e-15   1.815566e-03   2.804165e-16   792
  3.920793e+00   6.543450e-15   1.501318e-03   3.215980e-16   680
  3.928594e+00   6.239467e-15   1.378581e-03   4.207808e-16   600
  3.934870e+00   6.690922e-15   1.999321e-03   3.063393e-16   840
  3.943251e+00   6.823378e-15   9.439865e-04   4.291051e-16   432
  3.946454e+00   7.643628e-15   8.846397e-04   4.152964e-16   720
  3.953417e+00   5.632849e-15   1.771778e-03   2.001852e-16   960
  3.962077e+00   5.695730e-15   1.579411e-03   3.679370e-16   528
  3.968405e+00   6.493734e-15   1.614459e-03   3.625390e-16   624
  3.975938e+00   6.455447e-15   1.268954e-03   2.837663e-16   816
  3.983415e+00   5.990863e-15   2.086821e-03   2.716113e-16   696
  3.991678e+00   5.885832e-15   1.150890e-07   3.972526e-16   240
  3.994784e+00   5.918163e-15   1.230648e-03   3.389610e-16   672
  4.001719e+00   5.329592e-15   2.199344e-03   2.119497e-16   864
  4.009498e+00   5.018973e-15   1.687640e-03   2.178034e-16   816
  4.016509e+00   5.191720e-15   9.659469e-04   2.260384e-16   648
  4.024060e+00   6.937549e-15   9.873737e-04   3.023491e-16   843
  4.030471e+00   5.439386e-15   1.776528e-03   2.465797e-16   780
  4.038111e+00   5.442031e-15   9.532520e-04   5.122423e-16   216
  4.042823e+00   5.699217e-15   2.298663e-03   2.078018e-16   1056
  4.050071e+00   5.390137e-15   1.880564e-03   5.715462e-16   228
  4.056781e+00   6.602784e-15   2.341349e-03   2.878687e-16   924
  4.063670e+00   5.651532e-15   8.685094e-04   2.591808e-16   696
  4.070964e+00   5.062325e-15   1.545698e-03   2.082519e-16   996
  4.078428e+00   4.725752e-15   9.125493e-04   2.531855e-16   576
  4.086192e+00   5.402128e-15   1.408459e-03   3.698546e-16   552
  4.091852e+00   6.341459e-15   1.681651e-03   3.448498e-16   516
  4.097596e+00   5.550945e-15   2.445470e-03   2.440903e-16   744
  4.104159e+00   4.203477e-15   1.199649e-03   2.042514e-16   576
  4.109868e+00   4.899288e-15   1.234742e-03   2.043457e-16   792
  4.117982e+00   4.813733e-15   1.411539e-03   2.365156e-16   792
  4.123927e+00   4.973586e-15   1.522330e-03   2.450962e-16   720
  4.131968e+00   4.595942e-15   1.735107e-03   2.202331e-16   656
  4.139503e+00   4.940093e-15   1.894646e-03   2.220259e-16   816
  4.147227e+00   4.865925e-15   1.021561e-03   3.193480e-16   492
  4.151618e+00   4.570650e-15   1.469588e-03   2.445198e-16   552
  4.159858e+00   4.528809e-15   2.555435e-03   1.946672e-16   780
  4.165209e+00   3.902962e-15   1.569773e-03   1.868449e-16   528
  4.170975e+00   4.172976e-15   1.832403e-03   1.957228e-16   600
  4.179472e+00   4.660375e-15   1.522872e-03   1.629407e-16   900
  4.185329e+00   4.499600e-15   8.430879e-04   2.281798e-16   696
  4.193388e+00   3.953352e-15   2.131780e-03   1.851702e-16   696
  4.201183e+00   3.541419e-15   8.648430e-04   1.745895e-16   552
  4.207739e+00   3.807212e-15   1.005732e-03   2.644821e-16   708
  4.214606e+00   4.300843e-15   1.660522e-03   1.718856e-16   876
  4.221752e+00   4.085416e-15   8.817041e-04   3.945500e-16   216
  4.226547e+00   4.270142e-15   2.411580e-03   1.649562e-16   1032
  4.233729e+00   3.654249e-15   2.685028e-03   2.089165e-16   600
  4.241182e+00   3.650135e-15   1.281196e-03   2.258102e-16   600
  4.246868e+00   4.314297e-15   2.262472e-03   2.522157e-16   528
  4.253589e+00   4.004013e-15   1.241998e-03   1.719975e-16   732
  4.260669e+00   4.290317e-15   9.171027e-04   2.736823e-16   336
  4.268820e+00   3.744998e-15   1.307053e-03   1.586280e-16   912
  4.274911e+00   3.252447e-15   1.311885e-03   1.485891e-16   624
  4.281565e+00   3.698064e-15   1.105498e-03   1.519494e-16   768
  4.289333e+00   3.434680e-15   1.994537e-03   1.478085e-16   792
  4.296957e+00   3.833815e-15   9.888090e-04   1.910191e-16   660
  4.302382e+00   3.620418e-15   1.457169e-03   2.158653e-16   504
  4.307992e+00   3.412155e-15   2.380735e-03   1.771260e-16   480
  4.316401e+00   3.104488e-15   2.201870e-03   1.146271e-16   912
  4.322985e+00   3.287072e-15   2.452123e-03   2.030932e-16   432
  4.329203e+00   3.848917e-15   1.456013e-03   2.091608e-16   564
  4.334724e+00   3.561693e-15   1.393605e-03   1.761732e-16   600
  4.342496e+00   3.336042e-15   1.942553e-03   1.240112e-16   876
  4.348334e+00   3.415079e-15   8.734307e-04   2.301618e-16   264
  4.356382e+00   3.294378e-15   1.694799e-03   1.594561e-16   560
  4.362850e+00   3.330673e-15   1.151652e-03   1.260578e-16   840
  4.370702e+00   2.814105e-15   1.775516e-03   1.113672e-16   1008
  4.377963e+00   2.487295e-15   7.942467e-04   1.199920e-16   456
  4.384595e+00   3.339593e-15   1.028834e-03   1.472791e-16   576
  4.390725e+00   3.361953e-15   1.580913e-03   1.801169e-16   612
  4.398809e+00   3.150552e-15   1.412012e-03   1.297265e-16   780
  4.405404e+00   2.770867e-15   1.618102e-03   1.247152e-16   648
  4.412155e+00   2.617347e-15   7.540562e-04   1.406605e-16   312
  4.416470e+00   2.911601e-15   1.915933e-03   1.817063e-16   528
  4.423945e+00   2.619408e-15   2.502113e-03   1.025399e-16   720
  4.431093e+00   2.780957e-15   2.509948e-03   1.400454e-16   576
  4.439759e+00   2.874475e-15   2.165154e-03   1.611357e-16   444
  4.445151e+00   2.910004e-15   2.123318e-03   9.613128e-17   996
  4.451759e+00   2.663015e-15   1.773610e-03   1.588900e-16   432
  4.458005e+00   2.910678e-15   1.941754e-03   1.584242e-16   504
  4.463400e+00   2.396954e-15   8.754449e-04   1.161291e-16   504
  4.471082e+00   2.936277e-15   1.722886e-03   1.184176e-16   876
  4.478033e+00   2.439186e-15   1.982878e-03   1.287536e-16   504
  4.485271e+00   2.496904e-15   1.264576e-03   1.098817e-16   696
  4.491253e+00   2.794167e-15   1.081079e-03   1.417541e-16   492
  4.499392e+00   2.409216e-15   1.547618e-03   1.307729e-16   432
  4.505420e+00   2.770344e-15   1.449174e-03   1.097551e-16   768
  4.512567e+00   2.530284e-15   1.805141e-03   1.172003e-16   648
  4.519390e+00   2.332226e-15   1.177661e-03   1.079326e-16   456
  4.527231e+00   2.541666e-15   1.619475e-03   1.204408e-16   552
  4.532676e+00   2.478087e-15   1.109989e-03   1.224047e-16   648
  4.540170e+00   2.333654e-15   1.809220e-03   9.072832e-17   840
  4.547491e+00   2.765028e-15   8.627791e-04   1.652729e-16   432
  4.554820e+00   2.276362e-15   1.056757e-03   1.128322e-16   600
  4.559917e+00   2.575440e-15   1.125905e-03   1.383872e-16   432
  4.568479e+00   2.293360e-15   1.120948e-03   1.024882e-16   560
  4.574277e+00   2.190890e-15   1.774344e-03   8.332527e-17   840
  4.581537e+00   2.303185e-15   1.050970e-03   1.183526e-16   504
  4.587303e+00   2.108045e-15   2.144966e-03   9.014132e-17   696
  4.595432e+00   2.509805e-15   1.171504e-03   1.286575e-16   384
  4.601763e+00   1.999107e-15   1.716116e-03   8.456620e-17   576
  4.609420e+00   2.784819e-15   1.059101e-03   1.820358e-16   360
  4.615593e+00   2.106617e-15   1.577258e-03   8.274291e-17   828
  4.622251e+00   1.936693e-15   1.404841e-03   1.128771e-16   372
  4.628352e+00   2.165510e-15   2.145462e-03   9.539474e-17   576
  4.636434e+00   2.175716e-15   8.985170e-04   9.080259e-17   636
  4.642192e+00   2.304021e-15   1.732109e-03   9.440984e-17   648
  4.649981e+00   1.795028e-15   1.408015e-03   7.102003e-17   576
  4.655573e+00   2.106260e-15   2.271277e-03   1.156022e-16   528
  4.663010e+00   1.938594e-15   9.710647e-04   1.252192e-16   360
  4.669165e+00   1.815876e-15   2.233813e-03   7.529327e-17   672
  4.677203e+00   2.139741e-15   1.144196e-03   7.747533e-17   804
  4.683893e+00   2.064972e-15   1.262185e-03   1.070153e-16   408
  4.691293e+00   2.375747e-15   7.801673e-04   1.500906e-16   384
  4.696276e+00   1.600964e-15   1.785323e-03   9.133553e-17   480
  4.703304e+00   1.951769e-15   1.153580e-03   1.133566e-16   432
  4.710045e+00   2.179218e-15   2.125802e-03   9.467877e-17   648
  4.718024e+00   1.886635e-15   1.319050e-03   8.115317e-17   624
  4.723861e+00   1.977287e-15   1.199787e-03   9.433268e-17   456
  4.731831e+00   2.095234e-15   1.639016e-03   8.601059e-17   588
  4.737172e+00   1.755454e-15   1.045685e-03   7.224015e-17   600
  4.744970e+00   1.784247e-15   1.631013e-03   7.027600e-17   708
  4.751130e+00   2.169076e-15   1.027507e-03   1.327565e-16   360
  4.757936e+00   1.935642e-15   1.181146e-03   8.179190e-17   552
  4.764461e+00   1.441006e-15   8.286020e-04   8.596007e-17   288
  4.771085e+00   1.764205e-15   1.557998e-03   8.686690e-17   528
  4.777309e+00   1.933560e-15   1.051098e-03   9.950790e-17   456
  4.784262e+00   1.814400e-15   1.863824e-03   8.483450e-17   608
  4.791256e+00   1.677627e-15   9.017389e-04   7.997174e-17   504
  4.798898e+00   1.280078e-15   1.935982e-03   6.090990e-17   540
  4.804891e+00   2.217744e-15   2.078222e-03   1.248571e-16   360
  4.811350e+00   1.991938e-15   9.411255e-04   9.709811e-17   540
  4.817063e+00   1.635798e-15   8.080679e-04   7.075853e-17   576
  4.825371e+00   1.713125e-15   1.873635e-03   7.485081e-17   588
  4.833270e+00   1.618751e-15   2.585051e-03   6.632075e-17   672
  4.840056e+00   1.756926e-15   1.975777e-03   8.502773e-17   552
  4.845526e+00   1.848728e-15   1.976776e-03   1.788608e-16   144
  4.852507e+00   1.712755e-15   1.679474e-03   7.502033e-17   600
  4.859125e+00   1.344507e-15   2.104747e-03   6.507598e-17   504
  4.866470e+00   1.483842e-15   2.162000e-03   9.044156e-17   336
  4.874196e+00   1.490232e-15   2.430098e-03   6.815116e-17   600
  4.881116e+00   1.446369e-15   1.568306e-03   5.538451e-17   636
  4.888585e+00   1.420631e-15   1.260932e-03   8.221539e-17   384
  4.893821e+00   1.567890e-15   1.758851e-03   6.802928e-17   504
  4.901368e+00   1.486167e-15   7.381651e-04   9.422292e-17   240
  4.907324e+00   1.603849e-15   1.734055e-03   6.491372e-17   744
  4.914470e+00   1.466602e-15   1.184096e-03   5.978956e-17   648
  4.920821e+00   1.990198e-15   7.860381e-04   1.726545e-16   120
  4.928265e+00   1.471112e-15   1.234764e-03   6.284538e-17   564
  4.933890e+00   1.426373e-15   1.939271e-03   8.054865e-17   432
  4.941396e+00   1.351796e-15   1.505258e-03   6.635356e-17   480
  4.947049e+00   1.289158e-15   1.107908e-03   6.671962e-17   456
  4.953721e+00   1.553700e-15   1.833424e-03   7.531876e-17   444
  4.961293e+00   1.318708e-15   2.805235e-03   7.278972e-17   528
  4.967944e+00   1.335360e-15   2.083390e-03   9.563013e-17   264
  4.974399e+00   1.390048e-15   2.135165e-03   7.605558e-17   444
  4.983082e+00   1.542423e-15   2.338759e-03   6.930854e-17   696
  4.990289e+00   1.665795e-15   1.250847e-03   9.116814e-17   384
  4.995560e+00   1.476539e-15   1.580550e-03   7.267769e-17   432
  5.003759e+00   1.432604e-15   1.092086e-03   6.717137e-17   488
  5.009082e+00   1.316633e-15   1.645909e-03   6.203781e-17   480
  5.016800e+00   1.245921e-15   1.835529e-03   6.404869e-17   480
  5.022777e+00   1.130434e-15   7.701318e-04   7.247787e-17   240
  5.029563e+00   1.394345e-15   1.798967e-03   6.804126e-17   600
  5.035964e+00   1.144187e-15   1.567616e-03   6.516926e-17   288
  5.042780e+00   1.410317e-15   1.507931e-03   6.370420e-17   480
  5.049682e+00   1.128974e-15   2.682341e-03   4.706083e-17   504
  5.056479e+00   1.418707e-15   1.150891e-03   9.583777e-17   216
  5.065146e+00   1.397729e-15   1.884192e-03   6.492581e-17   504
  5.071897e+00   1.300235e-15   1.515464e-03   6.312559e-17   456
  5.079286e+00   1.525338e-15   8.691442e-04   8.844195e-17   384
  5.084180e+00   1.441338e-15   1.764049e-03   8.166302e-17   480
  5.091134e+00   1.245023e-15   1.549032e-03   6.078226e-17   504
  5.097578e+00   1.122055e-15   9.826093e-04   7.874979e-17   312
  5.104521e+00   1.236735e-15   1.583441e-03   5.920784e-17   492
  5.110667e+00   1.269692e-15   1.484108e-03   7.224928e-17   312
  5.118579e+00   1.154827e-15   2.410815e-03   4.833606e-17   576
  5.125543e+00   1.019735e-15   2.225378e-03   5.834520e-17   336
  5.131328e+00   1.038845e-15   1.713438e-03   7.117824e-17   240
  5.139346e+00   1.359407e-15   2.271584e-03   6.916033e-17   468
  5.146270e+00   1.070246e-15   1.422340e-03   9.248579e-17   192
  5.153517e+00   9.370713e-16   1.426580e-03   5.441669e-17   324
  5.158828e+00   1.157274e-15   1.035388e-03   5.434006e-17   600
  5.166066e+00   1.116343e-15   1.679811e-03   5.734343e-17   456
  5.171442e+00   1.423929e-15   7.555789e-04   1.020622e-16   336
  5.180350e+00   1.136501e-15   2.262417e-03   5.092808e-17   612
  5.186832e+00   1.072320e-15   1.898719e-03   1.039402e-16   144
  5.192961e+00   1.249353e-15   2.216292e-03   5.657818e-17   552
  5.201296e+00   8.728774e-16   8.728032e-04   6.252220e-17   264
  5.206006e+00   1.150171e-15   2.020762e-03   6.725741e-17   336
  5.213435e+00   9.697584e-16   1.335250e-03   4.970754e-17   384
  5.219878e+00   9.914774e-16   7.516140e-04   6.846694e-17   216
  5.227010e+00   8.513323e-16   1.593577e-03   5.050385e-17   344
  5.233513e+00   9.029903e-16   2.377692e-03   5.282863e-17   408
  5.241438e+00   1.015286e-15   1.827101e-03   7.614573e-17   264
  5.248460e+00   1.009112e-15   2.547069e-03   4.594813e-17   612
  5.255476e+00   1.202155e-15   1.310917e-03   5.915171e-17   408
  5.262692e+00   1.083753e-15   1.312801e-03   5.692716e-17   444
  5.267993e+00   1.265964e-15   7.342396e-04   1.118238e-16   120
  5.275096e+00   1.161986e-15   2.028570e-03   6.257186e-17   336
  5.280368e+00   9.517412e-16   7.049199e-04   6.201470e-17   288
  5.287493e+00   8.980746e-16   2.193723e-03   4.724025e-17   552
  5.297288e+00   7.845867e-16   0.000000e+00   9.901003e-17   72
  5.302324e+00   8.590063e-16   2.178926e-03   4.376650e-17   504
  5.308207e+00   7.626557e-16   7.011571e-04   6.155801e-17   216
  5.315829e+00   9.737895e-16   1.251868e-03   7.349797e-17   312
  5.322672e+00   8.828540e-16   1.425448e-03   4.993611e-17   336
  5.329194e+00   9.370678e-16   1.975831e-03   8.717506e-17   204
  5.335689e+00   1.077670e-15   2.296216e-03   5.687764e-17   504
  5.342577e+00   1.189492e-15   2.186657e-03   6.653472e-17   396
  5.349201e+00   1.094383e-15   2.005279e-03   5.899653e-17   312
  5.357232e+00   1.312942e-15   1.225440e-03   1.219151e-16   216
  5.362890e+00   9.994392e-16   6.650698e-04   8.582226e-17   168
  5.369766e+00   9.526499e-16   1.679338e-03   4.005096e-17   588
  5.377613e+00   8.434083e-16   2.279505e-03   6.356532e-17   240
  5.383710e+00   8.764961e-16   2.013185e-03   7.517284e-17   264
  5.390860e+00   8.658438e-16   2.489717e-03   5.405747e-17   288
  5.397204e+00   8.535235e-16   1.243261e-03   5.507333e-17   288
  5.405244e+00   8.848207e-16   1.167620e-03   5.552355e-17   288
  5.410658e+00   8.667033e-16   1.352591e-03   7.021094e-17   192
  5.417469e+00   6.766772e-16   1.439292e-03   5.832915e-17   264
  5.423957e+00   1.238407e-15   2.367436e-03   7.075867e-17   372
  5.430940e+00   1.120167e-15   2.556933e-03   6.594467e-17   360
  5.439463e+00   9.956238e-16   1.082118e-03   1.090456e-16   144
  5.443868e+00   8.108458e-16   1.503015e-03   5.766941e-17   296
  5.450821e+00   8.071805e-16   1.619421e-03   5.205481e-17   288
  5.458782e+00   8.242446e-16   2.420184e-03   3.771127e-17   480
  5.465649e+00   6.762348e-16   2.010942e-03   4.371495e-17   192
  5.472326e+00   8.821513e-16   2.157009e-03   7.811385e-17   192
  5.478395e+00   7.423450e-16   1.374687e-03   5.008344e-17   288
  5.486835e+00   8.076217e-16   1.196646e-03   9.020182e-17   108
  5.491087e+00   8.512944e-16   1.150429e-03   5.634833e-17   240
  5.498595e+00   7.020839e-16   2.146152e-03   4.410087e-17   384
  5.506307e+00   1.036585e-15   2.618062e-03   9.164606e-17   108
  5.513127e+00   1.000212e-15   1.535018e-03   6.002675e-17   348
  5.520298e+00   9.618991e-16   1.602006e-03   7.909221e-17   312
  5.526703e+00   7.573032e-16   1.556684e-03   1.064978e-16   96
  5.532593e+00   8.104252e-16   2.072444e-03   4.730449e-17   384
  5.539190e+00   6.898104e-16   1.425422e-03   7.478943e-17   144
  5.545642e+00   7.859317e-16   2.190224e-03   3.907599e-17   408
  5.553663e+00   6.277273e-16   9.769946e-04   4.704941e-17   144
  5.561240e+00   8.740178e-16   1.878283e-03   7.363097e-17   192
  5.565734e+00   7.890302e-16   2.114042e-03   7.246648e-17   144
  5.573059e+00   4.996131e-16   1.718794e-03   4.337000e-17   144
  5.579969e+00   6.201891e-16   2.100644e-03   3.099389e-17   336
  5.588433e+00   5.870206e-16   1.554210e-03   3.701295e-17   240
  5.593800e+00   7.003400e-16   7.057532e-04   6.669736e-17   96
  5.601284e+00   7.928176e-16   2.069634e-03   5.737457e-17   372
  5.608856e+00   7.189996e-16   2.461786e-03   1.105239e-16   132
  5.615507e+00   5.878419e-16   1.523323e-03   3.818755e-17   264
  5.621457e+00   6.418263e-16   1.169843e-03   5.766947e-17   168
  5.627807e+00   8.393368e-16   1.870354e-03   7.074101e-17   216
  5.633417e+00   6.332439e-16   1.144306e-03   4.847853e-17   216
  5.641586e+00   5.429828e-16   2.099325e-03   5.013688e-17   96
  5.648999e+00   7.575481e-16   1.369618e-03   7.494448e-17   120
  5.655797e+00   7.140669e-16   1.741170e-03   6.028459e-17   216
  5.661397e+00   6.360984e-16   7.608972e-04   4.671024e-17   200
  5.668812e+00   5.378648e-16   1.969636e-03   2.816463e-17   288
  5.678322e+00   4.534343e-16   5.182495e-04   3.812163e-17   144
  5.682326e+00   7.507277e-16   1.612761e-03   7.375215e-17   168
  5.690504e+00   7.078314e-16   1.815012e-03   7.470650e-17   159
  5.696887e+00   5.130930e-16   1.904384e-03   3.363385e-17   174
  5.703065e+00   6.429590e-16   1.726829e-03   5.050595e-17   144
  5.711154e+00   5.905053e-16   9.971188e-04   4.591302e-17   222
  5.716564e+00   5.487888e-16   1.006181e-03   5.617681e-17   168
  5.725909e+00   5.851271e-16   2.206942e-03   1.221695e-16   30
  5.729769e+00   4.312521e-16   1.948567e-03   4.990460e-17   72
  5.737039e+00   5.375517e-16   1.739073e-03   3.891916e-17   258
  5.745032e+00   5.337515e-16   1.089226e-03   3.188010e-17   264
  5.749029e+00   6.241524e-16   1.174622e-07   7.241360e-17   72
  5.757357e+00   4.295819e-16   2.158892e-03   3.287644e-17   174
  5.764898e+00   5.192170e-16   2.298822e-03   4.127167e-17   168
  5.770961e+00   4.811719e-16   7.193062e-08   5.772659e-17   48
  5.777470e+00   5.681939e-16   1.298199e-03   5.486255e-17   150
  5.785016e+00   6.063819e-16   2.388130e-03   5.825170e-17   168
  5.792583e+00   5.039439e-16   1.454738e-03   3.211003e-17   144
  5.799541e+00   5.870037e-16   1.359056e-03   5.391762e-17   102
  5.804724e+00   4.082346e-16   2.011636e-03   5.170350e-17   96
  5.812948e+00   4.129706e-16   1.996414e-03   4.096602e-17   120
  5.819038e+00   3.840969e-16   2.141206e-03   3.200726e-17   168
  5.825625e+00   8.248280e-16   1.581111e-03   8.070306e-17   126
  5.831237e+00   6.320944e-16   1.192474e-03   4.243343e-17   168
  5.838969e+00   4.121480e-16   1.912134e-03   4.796621e-17   72
  5.845726e+00   4.284231e-16   2.394418e-03   2.836021e-17   168
  5.851646e+00   5.261509e-16   6.564276e-04   7.937311e-17   78
  5.859757e+00   4.582160e-16   1.077805e-03   4.611635e-17   60
  5.866288e+00   6.219853e-16   1.748374e-03   8.591891e-17   96
  5.873062e+00   4.120284e-16   2.121507e-03   3.164435e-17   168
  5.879428e+00   4.430432e-16   1.342407e-03   4.786868e-17   86
  5.886107e+00   4.346353e-16   1.199794e-03   3.883403e-17   120
  5.895681e+00   2.836998e-16   8.556122e-04   2.119508e-17   168
  5.900844e+00   3.544135e-16   0.000000e+00   4.295170e-17   48
  5.907798e+00   3.584336e-16   1.558833e-03   3.125299e-17   120
  5.911793e+00   3.743758e-16   1.137231e-03   3.314914e-17   126
  5.921548e+00   4.224035e-16   2.000073e-03   5.009711e-17   96
  5.927878e+00   4.100352e-16   5.767223e-04   3.362344e-17   96
  5.932871e+00   4.267203e-16   6.781684e-08   5.231190e-17   72
  5.943508e+00   4.174119e-16   7.193062e-08   6.969280e-17   24
  5.950147e+00   4.745012e-16   1.186881e-03   4.213292e-17   120
  5.955326e+00   4.667592e-16   1.731294e-03   4.862828e-17   126
  5.961084e+00   4.610801e-16   1.443268e-03   4.206520e-17   96
  5.967813e+00   3.296308e-16   2.494389e-03   3.975176e-17   72
  5.975306e+00   4.030727e-16   1.078907e-03   2.974937e-17   144
  5.981469e+00   3.384169e-16   6.222882e-04   4.777463e-17   72
  5.987626e+00   3.538227e-16   1.242932e-03   3.736203e-17   54
  5.993045e+00   4.670710e-16   1.095319e-03   4.317569e-17   108
  6.004306e+00   4.495240e-16   1.073696e-03   5.150657e-17   72
  6.007812e+00   4.317974e-16   6.195595e-04   4.159495e-17   72
  6.016129e+00   4.527193e-16   1.245875e-07   6.544849e-17   24
  6.023999e+00   2.692262e-16   1.310705e-03   3.235552e-17   48
  6.028777e+00   3.798754e-16   9.984188e-04   3.569549e-17   102
  6.035970e+00   2.934977e-16   2.258008e-03   2.233024e-17   168
  6.045369e+00   2.729130e-16   1.231465e-03   2.718813e-17   72
  6.048851e+00   3.696371e-16   0.000000e+00   4.759892e-17   48
  6.056156e+00   4.187668e-16   2.118194e-03   4.274354e-17   120
  6.065796e+00   3.729534e-16   1.301673e-03   3.650756e-17   96
  6.074901e+00   2.310887e-16   1.150890e-07   5.562746e-17   30
  6.085723e+00   3.234017e-16   6.115837e-04   3.048819e-17   72
  6.090478e+00   4.675653e-16   7.193062e-08   1.130771e-16   24
  6.096586e+00   2.471154e-16   9.065181e-04   2.982279e-17   56
  6.103428e+00   3.295705e-16   1.293647e-03   2.729479e-17   96
  6.111616e+00   3.575163e-16   1.428503e-03   2.958717e-17   144
  6.117928e+00   2.850107e-16   8.110480e-04   2.532837e-17   54
  6.127099e+00   2.657214e-16   1.215036e-03   2.366982e-17   108
  6.136327e+00   5.271082e-16   6.433558e-04   4.835650e-17   48
  6.145113e+00   3.639570e-16   2.422440e-03   4.196708e-17   72
  6.166195e+00   2.714117e-16   1.600514e-03   2.702326e-17   78
  6.172037e+00   3.052539e-16   1.206188e-03   5.042359e-17   72
  6.178856e+00   4.048705e-16   1.204690e-03   3.913624e-17   72
  6.185986e+00   2.838840e-16   2.907051e-03   2.824390e-17   96
  6.191621e+00   2.972205e-16   1.202207e-03   2.676527e-17   72
  6.198419e+00   4.073272e-16   0.000000e+00   4.523810e-17   24
  6.205208e+00   3.007318e-16   2.398986e-03   4.054811e-17   72
  6.220544e+00   3.635854e-16   1.523430e-03   7.693094e-17   30
  6.223843e+00   2.670405e-16   0.000000e+00   4.662670e-17   24
  6.241578e+00   2.708837e-16   1.265014e-03   4.800199e-17   48
  6.247142e+00   2.952966e-16   2.722309e-03   3.365726e-17   120
  6.254637e+00   2.970440e-16   1.190257e-03   3.212121e-17   72
  6.262206e+00   1.855174e-16   1.188818e-03   2.473976e-17   36
  6.267409e+00   2.574673e-16   2.349657e-03   2.605999e-17   78
  6.281928e+00   3.488453e-16   1.256888e-03   6.227851e-17   48
  6.300754e+00   3.947846e-16   1.017253e-07   8.373142e-17   24
  6.314166e+00   2.276343e-16   8.752715e-04   2.671498e-17   56
  6.320919e+00   3.130718e-16   1.346877e-03   2.732396e-17   102
  6.329510e+00   3.079997e-16   9.590750e-08   3.321305e-17   72
  6.334498e+00   2.042630e-16   7.193062e-08   3.237143e-17   24
  6.343217e+00   2.539600e-16   1.244744e-03   4.057761e-17   48
  6.359378e+00   3.121562e-16   0.000000e+00   4.788436e-17   24
  6.379213e+00   6.672240e-16   0.000000e+00   1.981933e-16   6
  6.385398e+00   2.852577e-16   0.000000e+00   5.024347e-17   24
  6.389518e+00   2.847651e-16   1.165127e-03   3.978512e-17   72
  6.397046e+00   2.346785e-16   2.173655e-03   3.137882e-17   84
  6.405152e+00   3.813914e-16   0.000000e+00   7.208101e-17   24
  6.407617e+00   3.371845e-16   1.017253e-07   5.022641e-17   24
  6.419927e+00   1.643344e-16   1.245875e-07   3.328735e-17   24
  6.437123e+00   7.575100e-16   0.000000e+00   2.050432e-16   6
  6.459163e+00   1.776078e-16   1.222400e-03   2.549387e-17   48
  6.464458e+00   2.952857e-16   2.302802e-03   3.055112e-17   72
  6.471376e+00   2.191937e-16   1.220094e-03   3.650574e-17   48
  6.482347e+00   2.238665e-16   0.000000e+00   3.029604e-17   24
  6.496947e+00   1.641248e-16   0.000000e+00   5.491965e-17   6
  6.529678e+00   2.943390e-17   0.000000e+00   6.826830e-18   8
  6.532096e+00   1.843703e-16   7.193062e-08   2.608950e-17   48
  6.537895e+00   3.162599e-16   1.183236e-03   3.869784e-17   60
  6.546585e+00   3.446638e-16   0.000000e+00   7.098783e-17   24
  6.558634e+00   2.833100e-16   0.000000e+00   1.202829e-16   6
  6.603027e+00   2.348275e-16   0.000000e+00   3.243183e-17   24
  6.606613e+00   2.366841e-16   1.195118e-03   2.979294e-17   48
  6.612586e+00   2.383030e-16   0.000000e+00   6.191978e-17   24
  6.622132e+00   2.566593e-16   0.000000e+00   5.142387e-17   6
  6.676359e+00   2.247722e-16   1.114931e-03   4.131830e-17   36
  6.680300e+00   1.797106e-16   0.000000e+00   3.885571e-17   24
  6.687387e+00   2.029304e-16   0.000000e+00   5.201813e-17   6
  6.749089e+00   4.104256e-16   1.013241e-03   5.321256e-17   32
  6.754351e+00   2.225774e-16   0.000000e+00   3.595620e-17   6
  6.820657e+00   1.243079e-16   0.000000e+00   2.913918e-17   12
  6.822972e+00   3.313278e-16   0.000000e+00   8.398740e-17   6
  6.893201e+00   4.371510e-16   0.000000e+00   6.130436e-17   6
