# power spectrum of zeta (dimensionless)
# redshift z=0.961161
# k              Pk             sigma(k)       sigma(Pk)      count
  1.256637e-01   1.775064e-13   0.000000e+00   4.405538e-14   6
  1.777153e-01   9.049400e-14   0.000000e+00   2.243700e-14   12
  2.176559e-01   1.613824e-13   2.384186e-09   4.072287e-14   8
  2.513274e-01   1.007706e-12   0.000000e+00   2.638367e-13   6
  2.809926e-01   5.743364e-13   4.495664e-09   1.705694e-13   24
  3.078120e-01   6.474523e-13   4.495664e-09   1.171112e-13   24
  3.554306e-01   6.521560e-13   0.000000e+00   1.793401e-13   12
  3.769911e-01   7.440759e-13   5.086263e-09   1.265630e-13   30
  3.973835e-01   8.820809e-13   0.000000e+00   1.787905e-13   24
  4.167794e-01   5.453670e-13   7.786718e-09   1.248368e-13   24
  4.353118e-01   6.729891e-13   4.768372e-09   9.506116e-15   8
  4.530869e-01   5.569173e-13   6.357829e-09   1.090280e-13   24
  4.701905e-01   8.000509e-13   0.000000e+00   1.119766e-13   48
  5.026548e-01   4.544421e-13   0.000000e+00   8.139786e-14   6
  5.181247e-01   5.464876e-13   6.357829e-09   9.796169e-14   48
  5.331460e-01   7.293105e-13   5.994218e-09   1.278958e-13   36
  5.477554e-01   8.886967e-13   6.357829e-09   1.961446e-13   24
  5.619852e-01   8.692403e-13   8.991328e-09   1.829556e-13   24
  5.758634e-01   8.920183e-13   0.000000e+00   1.112524e-13   48
  5.894150e-01   7.375207e-13   8.991328e-09   1.382153e-13   24
  6.156239e-01   1.064472e-12   8.991328e-09   1.444207e-13   24
  6.283185e-01   5.227576e-13   0.000000e+00   9.254668e-14   30
  6.407617e-01   7.427414e-13   0.000000e+00   7.673185e-14   72
  6.529678e-01   7.979120e-13   9.536743e-09   2.508009e-13   32
  6.767198e-01   9.462610e-13   0.000000e+00   1.223560e-13   72
  6.882885e-01   5.629591e-13   0.000000e+00   1.200910e-13   48
  7.108613e-01   2.795791e-13   0.000000e+00   6.000448e-14   12
  7.218830e-01   7.068232e-13   0.000000e+00   9.930799e-14   48
  7.327390e-01   7.398438e-13   0.000000e+00   8.396123e-14   48
  7.434365e-01   4.785338e-13   8.991328e-09   6.692400e-14   48
  7.539822e-01   7.985157e-13   1.017253e-08   1.626462e-13   30
  7.643825e-01   9.527671e-13   0.000000e+00   1.044409e-13   24
  7.746431e-01   9.412548e-13   1.895538e-08   1.053474e-13   72
  7.947671e-01   6.581482e-13   0.000000e+00   1.390067e-13   24
  8.046403e-01   7.543963e-13   0.000000e+00   8.361278e-14   96
  8.143939e-01   6.563166e-13   0.000000e+00   9.216647e-14   48
  8.240320e-01   4.974894e-13   1.557344e-08   1.395630e-13   24
  8.335587e-01   6.243702e-13   1.557344e-08   1.087949e-13   24
  8.429778e-01   6.811976e-13   0.000000e+00   6.946914e-14   72
  8.522927e-01   7.298366e-13   0.000000e+00   7.856947e-14   48
  8.706237e-01   8.603765e-13   9.536743e-09   8.354092e-14   8
  8.796459e-01   8.874386e-13   1.130281e-08   1.145254e-13   54
  8.885766e-01   7.723429e-13   0.000000e+00   6.323299e-14   84
  8.974184e-01   9.552223e-13   0.000000e+00   1.260536e-13   48
  9.061739e-01   9.662015e-13   1.271566e-08   1.700928e-13   24
  9.148456e-01   6.814339e-13   1.695421e-08   6.114198e-14   72
  9.234359e-01   6.528548e-13   0.000000e+00   6.540157e-14   96
  9.403811e-01   9.284551e-13   0.000000e+00   2.153145e-13   48
  9.487402e-01   8.236910e-13   0.000000e+00   1.123243e-13   48
  9.570263e-01   8.535662e-13   0.000000e+00   8.837509e-14   24
  9.652412e-01   6.421633e-13   0.000000e+00   5.387791e-14   72
  9.814649e-01   9.520018e-13   0.000000e+00   9.880197e-14   72
  9.894770e-01   7.514594e-13   0.000000e+00   7.579229e-14   96
  1.005310e+00   3.578631e-13   0.000000e+00   9.346212e-14   6
  1.013133e+00   6.760170e-13   0.000000e+00   6.347583e-14   96
  1.020897e+00   7.763169e-13   1.271566e-08   8.105986e-14   96
  1.028602e+00   1.019309e-12   0.000000e+00   1.661152e-13   24
  1.036249e+00   8.765109e-13   1.271566e-08   9.694197e-14   48
  1.043841e+00   8.605579e-13   0.000000e+00   9.458882e-14   96
  1.051378e+00   1.034402e-12   0.000000e+00   1.513410e-13   48
  1.066292e+00   8.650903e-13   1.198844e-08   1.358042e-13   36
  1.073671e+00   8.149334e-13   2.202416e-08   1.122614e-13   48
  1.081000e+00   6.980346e-13   2.491750e-08   5.381877e-14   120
  1.088280e+00   6.987045e-13   0.000000e+00   9.473168e-14   56
  1.095511e+00   7.072687e-13   1.271566e-08   1.357170e-13   24
  1.102695e+00   1.087265e-12   0.000000e+00   9.255030e-14   96
  1.109832e+00   9.632889e-13   0.000000e+00   1.262575e-13   48
  1.123970e+00   5.997499e-13   1.798266e-08   1.438536e-13   24
  1.130973e+00   9.261333e-13   0.000000e+00   9.358764e-14   102
  1.137933e+00   9.683592e-13   1.271566e-08   1.338329e-13   48
  1.144851e+00   9.377252e-13   0.000000e+00   1.196455e-13   72
  1.151727e+00   1.091014e-12   0.000000e+00   1.471861e-13   48
  1.158562e+00   9.814883e-13   0.000000e+00   1.122014e-13   48
  1.165357e+00   1.071129e-12   2.877225e-08   9.591577e-14   120
  1.178830e+00   7.099353e-13   1.798266e-08   1.048660e-13   24
  1.185509e+00   9.841456e-13   1.695421e-08   7.667295e-14   144
  1.192151e+00   8.891385e-13   2.034505e-08   6.715667e-14   120
  1.198755e+00   1.074718e-12   1.798266e-08   1.334227e-13   48
  1.211857e+00   9.287386e-13   1.798266e-08   1.047390e-13   48
  1.218355e+00   1.035172e-12   1.798266e-08   9.534468e-14   96
  1.235512e+00   1.441834e-12   3.015167e-03   1.728821e-13   72
  1.244007e+00   8.919469e-13   1.598458e-08   9.191228e-14   108
  1.250338e+00   1.085573e-12   0.000000e+00   1.063945e-13   72
  1.256637e+00   7.201167e-13   0.000000e+00   1.062451e-13   30
  1.262905e+00   9.778779e-13   0.000000e+00   6.397806e-14   168
  1.269141e+00   7.004138e-13   0.000000e+00   8.173232e-14   48
  1.281523e+00   8.574422e-13   0.000000e+00   9.473340e-14   72
  1.287670e+00   9.189372e-13   0.000000e+00   9.050713e-14   96
  1.293787e+00   1.059363e-12   3.390842e-08   1.215383e-13   72
  1.299875e+00   9.854074e-13   0.000000e+00   1.672712e-13   72
  1.310112e+00   9.476520e-13   2.784031e-03   7.571717e-14   104
  1.317972e+00   9.557874e-13   2.397687e-08   7.317109e-14   144
  1.335824e+00   8.441260e-13   4.021044e-08   8.772803e-14   96
  1.341721e+00   9.650927e-13   0.000000e+00   1.082186e-13   96
  1.351101e+00   1.123966e-12   2.864148e-03   1.100932e-13   120
  1.359261e+00   9.188141e-13   0.000000e+00   6.463416e-14   120
  1.365057e+00   1.004150e-12   0.000000e+00   1.030885e-13   72
  1.376577e+00   8.392850e-13   0.000000e+00   9.167291e-14   48
  1.382301e+00   1.207742e-12   3.130008e-08   1.373665e-13   78
  1.389623e+00   1.039888e-12   2.564571e-03   8.017433e-14   168
  1.404963e+00   1.096627e-12   2.936555e-08   9.800743e-14   144
  1.410572e+00   8.973650e-13   2.397687e-08   8.362348e-14   144
  1.426839e+00   9.079651e-13   1.476986e-03   7.112367e-14   156
  1.432787e+00   9.253300e-13   3.114687e-08   1.282242e-13   48
  1.438287e+00   7.879276e-13   2.034505e-08   7.057677e-14   120
  1.443766e+00   8.252760e-13   0.000000e+00   1.330148e-13   48
  1.453454e+00   9.682306e-13   2.260797e-03   5.866658e-14   216
  1.465478e+00   8.775259e-13   0.000000e+00   9.003475e-14   48
  1.470856e+00   1.240428e-12   1.798266e-08   1.008985e-13   96
  1.478502e+00   1.125938e-12   2.642094e-03   1.023061e-13   168
  1.486873e+00   9.067224e-13   1.798266e-08   1.110067e-13   48
  1.492174e+00   8.196160e-13   0.000000e+00   7.282589e-14   96
  1.497456e+00   1.174579e-12   0.000000e+00   9.448703e-14   48
  1.507964e+00   1.000494e-12   2.034505e-08   1.450880e-13   30
  1.513191e+00   7.868096e-13   0.000000e+00   6.577175e-14   96
  1.519439e+00   9.131117e-13   2.076451e-03   5.664942e-14   240
  1.527472e+00   6.413661e-13   2.240191e-03   1.274762e-13   32
  1.533921e+00   1.116717e-12   0.000000e+00   7.365868e-14   168
  1.539060e+00   1.073066e-12   0.000000e+00   1.064385e-13   120
  1.549286e+00   1.168544e-12   3.791077e-08   1.324002e-13   72
  1.554374e+00   1.093292e-12   1.695421e-08   8.476620e-14   144
  1.559446e+00   9.816037e-13   0.000000e+00   9.882877e-14   96
  1.564501e+00   1.189696e-12   0.000000e+00   1.079242e-13   96
  1.574562e+00   6.465368e-13   0.000000e+00   8.789661e-14   72
  1.579568e+00   8.399285e-13   2.543132e-08   8.242666e-14   96
  1.589534e+00   9.735482e-13   0.000000e+00   1.820730e-13   24
  1.594494e+00   1.040363e-12   0.000000e+00   6.874317e-14   192
  1.600334e+00   1.125516e-12   1.901066e-03   9.890469e-14   132
  1.609281e+00   8.838492e-13   0.000000e+00   7.764477e-14   96
  1.614180e+00   9.960871e-13   0.000000e+00   9.499416e-14   96
  1.619064e+00   1.010399e-12   2.034505e-08   8.187091e-14   120
  1.628788e+00   7.664933e-13   0.000000e+00   8.330417e-14   48
  1.636759e+00   9.432877e-13   2.303939e-03   6.837706e-14   222
  1.643266e+00   9.343206e-13   0.000000e+00   8.921993e-14   120
  1.648064e+00   1.237972e-12   3.114687e-08   1.319574e-13   24
  1.655050e+00   1.029849e-12   2.378000e-03   4.858274e-14   312
  1.670270e+00   1.132807e-12   2.229470e-03   1.359186e-13   72
  1.676563e+00   1.297078e-12   3.114687e-08   1.306067e-13   96
  1.683024e+00   1.015957e-12   2.270407e-03   7.187319e-14   192
  1.690632e+00   1.060354e-12   2.877225e-08   8.800529e-14   120
  1.695296e+00   1.059062e-12   0.000000e+00   8.780593e-14   144
  1.704585e+00   1.033648e-12   0.000000e+00   1.091779e-13   48
  1.711188e+00   1.087990e-12   2.282974e-03   5.580636e-14   336
  1.718425e+00   1.079517e-12   0.000000e+00   1.501869e-13   48
  1.727590e+00   1.005018e-12   0.000000e+00   6.961407e-14   192
  1.732155e+00   1.004541e-12   0.000000e+00   2.172804e-13   48
  1.745129e+00   1.221664e-12   1.584683e-03   1.411847e-13   56
  1.751580e+00   1.063100e-12   2.035272e-03   5.015656e-14   336
  1.759292e+00   1.084599e-12   2.260561e-08   1.578746e-13   54
  1.766010e+00   1.020868e-12   2.235459e-03   5.979691e-14   240
  1.779956e+00   1.038607e-12   2.140470e-03   6.166472e-14   228
  1.786017e+00   1.020227e-12   2.397687e-08   1.342703e-13   72
  1.791900e+00   1.066960e-12   2.076308e-03   8.417860e-14   144
  1.799230e+00   9.116941e-13   0.000000e+00   1.170831e-13   96
  1.803613e+00   1.174440e-12   2.877225e-08   8.064153e-14   240
  1.812348e+00   8.930832e-13   2.543132e-08   1.804844e-13   24
  1.817939e+00   1.055740e-12   1.961057e-03   5.711205e-14   336
  1.825371e+00   9.498314e-13   0.000000e+00   1.163468e-13   72
  1.832154e+00   1.026336e-12   2.133012e-03   7.076741e-14   168
  1.838302e+00   1.191767e-12   0.000000e+00   1.412513e-13   72
  1.846872e+00   9.460193e-13   0.000000e+00   1.156424e-13   96
  1.853509e+00   1.117815e-12   2.117011e-03   7.174201e-14   216
  1.859653e+00   9.248469e-13   0.000000e+00   9.048309e-14   96
  1.868125e+00   9.146416e-13   2.543132e-08   5.988117e-14   192
  1.872347e+00   9.462667e-13   2.397687e-08   6.523855e-14   144
  1.880762e+00   6.232812e-13   0.000000e+00   8.442733e-14   48
  1.886588e+00   9.790739e-13   2.041047e-03   5.257953e-14   246
  1.894505e+00   9.733162e-13   1.881878e-03   8.311810e-14   168
  1.901637e+00   1.022854e-12   4.983500e-08   1.041412e-13   120
  1.905784e+00   1.213865e-12   0.000000e+00   7.869115e-14   240
  1.914053e+00   4.282370e-13   0.000000e+00   1.275343e-13   24
  1.920640e+00   8.606385e-13   2.014384e-03   4.435638e-14   360
  1.928845e+00   1.055933e-12   2.005812e-03   9.916581e-14   120
  1.934568e+00   9.255585e-13   0.000000e+00   6.496817e-14   144
  1.938645e+00   9.381491e-13   0.000000e+00   1.067504e-13   96
  1.950825e+00   1.022577e-12   0.000000e+00   7.033870e-14   144
  1.954868e+00   7.782625e-13   0.000000e+00   6.518407e-14   132
  1.960551e+00   9.732872e-13   1.979707e-03   7.455794e-14   176
  1.968799e+00   1.007665e-12   1.999105e-03   5.301551e-14   312
  1.978954e+00   8.865318e-13   0.000000e+00   8.596079e-14   96
  1.982940e+00   1.042215e-12   0.000000e+00   8.782870e-14   144
  1.989055e+00   9.670848e-13   1.979053e-03   5.921095e-14   312
  1.998804e+00   1.382781e-12   0.000000e+00   2.184800e-13   48
  2.002750e+00   8.294971e-13   2.543132e-08   6.449407e-14   192
  2.010619e+00   9.920426e-13   0.000000e+00   3.225270e-13   6
  2.015848e+00   9.293004e-13   1.845802e-03   5.144010e-14   288
  2.024316e+00   9.334564e-13   1.950210e-03   6.208347e-14   192
  2.030159e+00   8.866176e-13   5.980883e-08   5.980290e-14   216
  2.034045e+00   9.824048e-13   0.000000e+00   1.175598e-13   72
  2.043725e+00   8.148200e-13   1.931689e-03   5.535648e-14   192
  2.050154e+00   1.038573e-12   1.434383e-03   6.622887e-14   288
  2.057204e+00   1.304902e-12   0.000000e+00   2.502593e-13   24
  2.062650e+00   1.032179e-12   1.889681e-03   5.118590e-14   456
  2.072499e+00   1.134581e-12   0.000000e+00   2.049986e-13   48
  2.078585e+00   9.528099e-13   1.861260e-03   6.440547e-14   240
  2.085579e+00   9.095820e-13   1.881013e-03   5.865438e-14   216
  2.091461e+00   8.982925e-13   0.000000e+00   1.104718e-13   72
  2.095233e+00   1.118583e-12   6.498988e-08   8.166555e-14   168
  2.105882e+00   9.213164e-13   1.398129e-03   5.145898e-14   288
  2.111855e+00   9.283254e-13   1.849965e-03   8.293460e-14   168
  2.121448e+00   8.973406e-13   0.000000e+00   7.165778e-14   192
  2.125166e+00   1.154710e-12   2.397687e-08   9.571260e-14   144
  2.132584e+00   9.004589e-13   2.397687e-08   1.306198e-13   36
  2.138874e+00   9.041371e-13   1.689411e-03   4.961663e-14   342
  2.144889e+00   9.404853e-13   1.734820e-03   8.069650e-14   144
  2.152621e+00   9.192988e-13   1.819392e-03   4.322203e-14   384
  2.162000e+00   8.682220e-13   4.983500e-08   6.499171e-14   120
  2.166643e+00   8.255688e-13   1.622368e-03   5.240507e-14   264
  2.172929e+00   9.246210e-13   8.042088e-08   6.390929e-14   192
  2.178848e+00   1.058967e-12   1.748412e-03   1.021137e-13   152
  2.183802e+00   9.852030e-13   4.795375e-08   9.142068e-14   144
  2.194222e+00   8.892908e-13   1.131589e-03   5.793066e-14   216
  2.199045e+00   7.918536e-13   1.512105e-03   4.865436e-14   312
  2.207535e+00   8.726640e-13   1.752500e-03   6.481554e-14   240
  2.212538e+00   7.891881e-13   2.543132e-08   6.157058e-14   96
  2.222033e+00   9.534119e-13   1.675517e-03   8.427685e-14   144
  2.227885e+00   8.698419e-13   1.646885e-03   5.006866e-14   456
  2.237379e+00   9.255432e-13   0.000000e+00   8.274221e-14   120
  2.240905e+00   8.816364e-13   0.000000e+00   7.117314e-14   144
  2.247941e+00   7.494950e-13   3.596531e-08   1.599533e-13   24
  2.252452e+00   9.637753e-13   1.583038e-03   4.730112e-14   336
  2.260253e+00   1.030043e-12   1.745876e-03   7.473089e-14   198
  2.267563e+00   9.866789e-13   1.697764e-03   4.933454e-14   432
  2.275867e+00   6.572704e-13   5.086263e-08   8.462534e-14   48
  2.280199e+00   8.293703e-13   1.498832e-03   4.451283e-14   384
  2.287976e+00   9.182908e-13   1.725473e-03   7.674139e-14   144
  2.295024e+00   9.592734e-13   1.713168e-03   6.509732e-14   264
  2.303454e+00   7.137334e-13   0.000000e+00   7.891916e-14   48
  2.309110e+00   8.291212e-13   1.628943e-03   5.186655e-14   276
  2.314567e+00   8.830417e-13   1.476593e-03   8.454388e-14   192
  2.321860e+00   8.365426e-13   1.659366e-03   4.107066e-14   552
  2.330715e+00   9.582157e-13   4.069010e-08   9.039069e-14   120
  2.335978e+00   9.228114e-13   1.679687e-03   7.076916e-14   216
  2.340855e+00   8.055073e-13   4.069010e-08   7.015505e-14   120
  2.349569e+00   8.366419e-13   1.654080e-03   4.852459e-14   408
  2.357660e+00   9.109617e-13   3.596531e-08   2.388643e-13   24
  2.362678e+00   9.110176e-13   1.670919e-03   5.272710e-14   384
  2.369685e+00   9.138720e-13   1.632547e-03   5.841084e-14   240
  2.375770e+00   6.419968e-13   1.644502e-03   4.708106e-14   168
  2.384301e+00   7.571373e-13   0.000000e+00   8.329503e-14   120
  2.389801e+00   7.456668e-13   1.714308e-03   3.948443e-14   350
  2.398744e+00   7.982778e-13   2.822081e-03   4.837996e-14   384
  2.404088e+00   9.477333e-13   0.000000e+00   8.012876e-14   144
  2.413921e+00   8.181654e-13   3.390842e-08   5.338583e-14   288
  2.419055e+00   8.477291e-13   1.615394e-03   5.914362e-14   336
  2.426039e+00   8.160090e-13   1.470682e-03   6.539172e-14   168
  2.430220e+00   6.691232e-13   9.639558e-08   3.924891e-14   336
  2.438868e+00   9.767927e-13   1.526480e-03   6.911126e-14   288
  2.444062e+00   7.482358e-13   1.438335e-03   5.331311e-14   264
  2.452858e+00   9.412043e-13   0.000000e+00   7.647915e-14   240
  2.456075e+00   7.386940e-13   0.000000e+00   7.734314e-14   96
  2.467620e+00   8.202883e-13   1.956039e-03   4.965673e-14   360
  2.473008e+00   8.937957e-13   1.441936e-03   7.305281e-14   168
  2.479816e+00   8.168516e-13   1.571860e-03   4.010954e-14   456
  2.488014e+00   6.307563e-13   4.521123e-08   6.392528e-14   108
  2.492626e+00   7.580001e-13   1.577159e-03   4.412185e-14   264
  2.498378e+00   8.342014e-13   1.407083e-03   5.052961e-14   264
  2.506256e+00   7.465380e-13   1.327788e-03   4.119245e-14   312
  2.516065e+00   7.715757e-13   9.866910e-04   4.946802e-14   270
  2.520176e+00   7.586615e-13   1.252729e-03   4.859048e-14   240
  2.527567e+00   7.942851e-13   1.549783e-03   4.700762e-14   384
  2.532054e+00   7.893207e-13   5.086263e-08   6.264558e-14   192
  2.540769e+00   6.957539e-13   1.243495e-03   4.367476e-14   240
  2.545825e+00   7.406972e-13   1.534673e-03   4.591784e-14   336
  2.555333e+00   8.143452e-13   1.544942e-03   4.107829e-14   480
  2.563047e+00   6.920260e-13   3.390842e-08   6.806625e-14   72
  2.567356e+00   8.042892e-13   1.506459e-03   6.094533e-14   240
  2.573216e+00   7.548680e-13   1.415865e-03   5.094822e-14   312
  2.579934e+00   6.145087e-13   1.530210e-03   7.117547e-14   240
  2.590086e+00   7.617173e-13   1.162564e-03   3.906302e-14   408
  2.594104e+00   6.621431e-13   1.064628e-03   4.576291e-14   336
  2.601958e+00   8.036708e-13   1.351816e-03   5.384768e-14   264
  2.605818e+00   8.174441e-13   0.000000e+00   8.199531e-14   144
  2.616557e+00   6.346596e-13   1.873697e-03   3.202597e-14   464
  2.622215e+00   6.412164e-13   1.489973e-03   5.500039e-14   168
  2.627801e+00   7.747748e-13   1.357041e-03   5.031353e-14   336
  2.637897e+00   7.003719e-13   1.425837e-03   3.841816e-14   414
  2.643588e+00   6.858111e-13   1.484211e-03   6.302498e-14   216
  2.650879e+00   5.295499e-13   3.596531e-08   4.905119e-14   96
  2.653856e+00   7.290743e-13   8.809666e-08   4.519306e-14   384
  2.664284e+00   6.914430e-13   1.481344e-03   3.869136e-14   492
  2.669873e+00   6.057436e-13   1.448627e-03   4.852332e-14   240
  2.676189e+00   6.386463e-13   1.470864e-03   4.391519e-14   312
  2.684913e+00   8.923860e-13   1.470380e-03   6.777753e-14   192
  2.690439e+00   6.799892e-13   1.424976e-03   3.924894e-14   504
  2.697770e+00   6.514857e-13   9.433586e-04   3.675199e-14   408
  2.703542e+00   5.813968e-13   2.890096e-03   4.316368e-14   168
  2.710765e+00   6.189614e-13   1.372821e-03   4.177631e-14   288
  2.716826e+00   5.711835e-13   1.432656e-03   3.851422e-14   288
  2.723035e+00   6.787578e-13   1.440903e-03   4.028440e-14   432
  2.732042e+00   5.556656e-13   1.362614e-03   3.862502e-14   216
  2.736854e+00   8.043053e-13   1.359739e-03   6.152795e-14   360
  2.745421e+00   6.742453e-13   1.327092e-03   5.278767e-14   312
  2.753154e+00   5.287010e-13   0.000000e+00   7.864015e-14   48
  2.757611e+00   6.352499e-13   1.422834e-03   3.482942e-14   432
  2.765594e+00   6.315009e-13   2.373302e-03   4.009832e-14   414
  2.770308e+00   6.594186e-13   5.421333e-08   4.578615e-14   312
  2.779102e+00   6.570968e-13   2.082441e-03   3.769785e-14   528
  2.785037e+00   6.889370e-13   1.093105e-03   4.879993e-14   264
  2.792167e+00   6.158781e-13   1.296122e-03   3.686110e-14   480
  2.801483e+00   6.135437e-13   0.000000e+00   3.631298e-14   288
  2.805506e+00   7.131345e-13   1.392643e-03   6.122218e-14   168
  2.812867e+00   6.170351e-13   2.204550e-03   3.720729e-14   504
  2.821143e+00   5.598774e-13   3.390842e-08   6.238552e-14   144
  2.826350e+00   6.049966e-13   1.415850e-03   3.688856e-14   464
  2.834173e+00   6.880690e-13   2.077839e-03   4.301174e-14   432
  2.837886e+00   7.523963e-13   3.596531e-08   6.171008e-14   192
  2.847481e+00   5.200216e-13   1.540373e-03   3.042051e-14   396
  2.853147e+00   6.890662e-13   1.383680e-03   5.179736e-14   288
  2.858874e+00   5.842487e-13   1.366839e-03   3.705603e-14   336
  2.868021e+00   5.959300e-13   8.655099e-04   3.636744e-14   432
  2.873827e+00   5.819942e-13   2.243281e-03   3.752752e-14   360
  2.880345e+00   6.419386e-13   1.326934e-03   4.788423e-14   384
  2.889603e+00   5.964775e-13   1.171274e-03   4.717603e-14   198
  2.894063e+00   5.868689e-13   1.331357e-03   2.780313e-14   552
  2.902381e+00   6.811189e-13   1.863809e-03   4.074658e-14   432
  2.909325e+00   5.261230e-13   7.119285e-08   5.092050e-14   168
  2.915153e+00   4.598732e-13   2.310442e-03   2.274943e-14   480
  2.922863e+00   5.579838e-13   0.000000e+00   5.074654e-14   120
  2.926334e+00   5.896653e-13   1.887069e-03   4.069016e-14   336
  2.934802e+00   5.262448e-13   1.331298e-03   2.675301e-14   672
  2.943175e+00   4.765180e-13   1.936554e-03   2.247854e-14   528
  2.947075e+00   7.128200e-13   5.812872e-08   7.777647e-14   168
  2.956085e+00   5.859640e-13   2.160213e-03   3.453571e-14   456
  2.961583e+00   5.948149e-13   1.319260e-03   6.260306e-14   168
  2.967291e+00   5.191309e-13   1.316892e-03   3.336509e-14   504
  2.976778e+00   5.237298e-13   1.694638e-03   3.595551e-14   336
  2.982515e+00   6.386999e-13   1.221633e-03   4.842614e-14   312
  2.988879e+00   5.388727e-13   1.193619e-03   3.209137e-14   504
  2.997254e+00   5.841406e-13   8.281656e-04   3.694658e-14   432
  3.001192e+00   4.961888e-13   1.279790e-03   4.103113e-14   312
  3.009377e+00   5.872537e-13   1.311847e-03   3.789770e-14   384
  3.017923e+00   6.003934e-13   1.114566e-03   1.008767e-13   126
  3.023199e+00   5.487235e-13   1.956913e-03   3.354592e-14   492
  3.029938e+00   5.077245e-13   1.253405e-03   2.705342e-14   528
  3.038360e+00   5.191183e-13   1.273190e-03   3.224455e-14   480
  3.043581e+00   4.318599e-13   1.758905e-03   2.310069e-14   432
  3.051137e+00   5.481921e-13   1.383146e-03   3.326390e-14   440
  3.059913e+00   4.813006e-13   6.878330e-04   3.552058e-14   312
  3.063206e+00   5.303569e-13   1.030775e-03   2.780455e-14   480
  3.069960e+00   4.690090e-13   2.018238e-03   2.873643e-14   408
  3.079829e+00   4.582414e-13   1.208696e-03   3.406678e-14   360
  3.083998e+00   5.467982e-13   1.166348e-03   3.513430e-14   408
  3.091725e+00   5.009187e-13   1.186907e-03   2.959536e-14   456
  3.100425e+00   4.548103e-13   1.134390e-03   3.121896e-14   264
  3.105254e+00   4.734178e-13   1.231098e-03   2.830469e-14   384
  3.112283e+00   5.354998e-13   2.072640e-03   2.876386e-14   672
  3.120409e+00   4.785761e-13   1.239707e-03   3.572266e-14   240
  3.125099e+00   4.344355e-13   1.257992e-03   3.213413e-14   264
  3.131717e+00   5.931520e-13   1.551526e-03   2.873538e-14   624
  3.141593e+00   7.751865e-13   0.000000e+00   8.029114e-14   150
  3.145109e+00   4.079010e-13   1.738607e-03   1.934936e-14   600
  3.152524e+00   4.641272e-13   1.199942e-03   2.379217e-14   672
  3.160921e+00   4.285416e-13   1.128630e-03   3.394140e-14   336
  3.165599e+00   4.037102e-13   1.227621e-03   2.834255e-14   408
  3.173072e+00   4.696851e-13   1.224729e-03   3.050202e-14   408
  3.181385e+00   4.453795e-13   6.192886e-04   3.709455e-14   360
  3.186510e+00   4.475843e-13   2.273829e-03   2.877332e-14   456
  3.192699e+00   4.329226e-13   1.236522e-03   3.053718e-14   384
  3.200577e+00   5.189988e-13   1.141466e-03   4.097092e-14   348
  3.204835e+00   4.596343e-13   1.407202e-03   2.613912e-14   576
  3.212832e+00   4.432492e-13   1.158646e-03   2.706058e-14   504
  3.221013e+00   5.119736e-13   1.634203e-03   3.795157e-14   432
  3.228154e+00   3.872817e-13   2.223325e-03   2.114760e-14   576
  3.233247e+00   4.218273e-13   0.000000e+00   2.915117e-14   264
  3.241325e+00   4.498805e-13   1.769212e-03   2.177828e-14   768
  3.248351e+00   5.198244e-13   2.381921e-03   3.641211e-14   240
  3.253937e+00   5.450146e-13   2.100629e-03   5.250365e-14   192
  3.262073e+00   4.072279e-13   1.546319e-03   2.542271e-14   504
  3.268108e+00   3.933698e-13   2.083724e-03   1.880238e-14   590
  3.273894e+00   4.470648e-13   2.334698e-03   3.342072e-14   384
  3.281151e+00   5.093306e-13   1.951120e-03   3.163968e-14   504
  3.289911e+00   3.959257e-13   1.877651e-03   1.916367e-14   648
  3.298409e+00   4.319474e-13   5.099453e-04   2.716943e-14   504
  3.301835e+00   4.233157e-13   1.163281e-03   2.989460e-14   312
  3.307884e+00   3.513662e-13   1.676002e-03   1.901133e-14   576
  3.316189e+00   4.915996e-13   1.166339e-03   4.205078e-14   240
  3.321030e+00   3.900472e-13   1.178530e-03   2.093891e-14   552
  3.327882e+00   4.174923e-13   1.106612e-03   2.472476e-14   600
  3.337643e+00   4.274888e-13   1.351639e-03   2.514165e-14   600
  3.343511e+00   4.999733e-13   2.164544e-03   4.766878e-14   312
  3.349356e+00   3.746423e-13   1.885103e-03   2.440649e-14   480
  3.356656e+00   4.212762e-13   1.176123e-03   2.344165e-14   576
  3.363084e+00   4.208190e-13   1.893814e-03   2.974066e-14   408
  3.368787e+00   4.993439e-13   2.209222e-03   3.742652e-14   216
  3.376156e+00   3.541156e-13   1.692015e-03   2.212573e-14   516
  3.384050e+00   4.160257e-13   1.614354e-03   1.988170e-14   744
  3.392194e+00   3.355258e-13   1.078246e-03   1.911817e-14   462
  3.396796e+00   3.934411e-13   1.095881e-03   2.866420e-14   432
  3.403934e+00   3.661062e-13   1.016670e-03   1.742814e-14   648
  3.412327e+00   4.809549e-13   1.487578e-03   2.716065e-14   528
  3.419069e+00   4.015146e-13   1.791415e-03   2.445526e-14   600
  3.425805e+00   2.816830e-13   2.258506e-03   2.688288e-14   240
  3.432329e+00   3.999303e-13   1.729994e-03   2.315936e-14   720
  3.439912e+00   3.849093e-13   1.368738e-03   2.190007e-14   720
  3.448318e+00   5.271577e-13   0.000000e+00   5.548298e-14   144
  3.452742e+00   3.625327e-13   1.764713e-03   1.948302e-14   720
  3.459035e+00   4.258351e-13   1.058157e-03   2.911592e-14   384
  3.466913e+00   3.537257e-13   1.173023e-03   1.678431e-14   672
  3.474387e+00   3.546517e-13   2.053834e-03   2.800895e-14   336
  3.477957e+00   4.100098e-13   0.000000e+00   3.032909e-14   288
  3.486699e+00   4.209288e-13   1.625472e-03   2.385672e-14   776
  3.494792e+00   3.590828e-13   1.390838e-03   1.887801e-14   720
  3.501588e+00   3.816539e-13   1.120422e-03   2.722927e-14   432
  3.507024e+00   3.648969e-13   1.597303e-03   2.450477e-14   504
  3.513071e+00   3.789775e-13   1.119137e-03   2.249755e-14   528
  3.521533e+00   4.025423e-13   1.524759e-03   2.840451e-14   438
  3.528495e+00   3.477787e-13   1.774680e-03   1.936333e-14   624
  3.533741e+00   3.247035e-13   2.173744e-03   2.928653e-14   312
  3.540952e+00   3.578481e-13   1.171159e-03   2.198487e-14   696
  3.548410e+00   3.514281e-13   1.059686e-03   2.178814e-14   552
  3.556166e+00   3.428206e-13   8.198436e-04   2.014209e-14   516
  3.560964e+00   3.215662e-13   1.637576e-03   1.770411e-14   528
  3.566805e+00   4.033196e-13   1.064960e-03   2.604160e-14   528
  3.575102e+00   3.885752e-13   1.404467e-03   2.066276e-14   864
  3.580734e+00   3.507217e-13   1.923830e-03   2.712733e-14   408
  3.586372e+00   2.571916e-13   1.906039e-03   2.316293e-14   192
  3.594362e+00   3.846486e-13   1.577339e-03   2.049510e-14   720
  3.601108e+00   3.382235e-13   1.454384e-03   1.932449e-14   696
  3.609123e+00   3.441117e-13   1.570748e-03   1.926125e-14   720
  3.616456e+00   3.363667e-13   2.128961e-03   1.914372e-14   432
  3.620733e+00   3.628128e-13   1.253189e-03   2.966861e-14   264
  3.628427e+00   3.557477e-13   1.730599e-03   2.334876e-14   672
  3.635310e+00   3.319213e-13   1.771868e-03   1.952605e-14   600
  3.643477e+00   4.330536e-13   1.037427e-03   3.816224e-14   270
  3.647594e+00   3.934195e-13   1.561617e-03   2.840741e-14   528
  3.654138e+00   3.181239e-13   1.069340e-03   1.562317e-14   840
  3.663112e+00   3.211419e-13   2.044769e-03   1.494787e-14   888
  3.671403e+00   3.526088e-13   1.523504e-03   1.812369e-14   744
  3.678411e+00   2.945924e-13   7.828584e-04   1.630282e-14   456
  3.681896e+00   2.933608e-13   1.069824e-03   2.340401e-14   360
  3.687860e+00   3.963521e-13   9.269427e-04   2.966867e-14   384
  3.697011e+00   3.448224e-13   1.486807e-03   1.566703e-14   816
  3.703877e+00   3.462643e-13   2.157150e-03   1.770763e-14   824
  3.712223e+00   3.560308e-13   1.002746e-03   2.888975e-14   360
  3.716692e+00   3.357245e-13   1.479676e-03   2.074592e-14   624
  3.722842e+00   3.226967e-13   9.998850e-04   2.812128e-14   360
  3.731036e+00   3.562902e-13   1.360137e-03   1.739561e-14   876
  3.738436e+00   3.500258e-13   1.615436e-03   2.101847e-14   696
  3.745899e+00   3.249191e-13   1.043143e-03   2.367880e-14   336
  3.749811e+00   2.809437e-13   1.041971e-03   1.703974e-14   504
  3.756273e+00   3.814263e-13   1.051000e-03   2.271017e-14   672
  3.765859e+00   3.341742e-13   2.092296e-03   1.823379e-14   720
  3.772508e+00   3.319869e-13   1.580506e-03   1.653722e-14   774
  3.779846e+00   3.930112e-13   9.046409e-04   2.989874e-14   384
  3.783690e+00   3.138407e-13   1.740917e-03   1.885598e-14   528
  3.789655e+00   3.309644e-13   1.659191e-03   1.701918e-14   744
  3.799249e+00   2.983630e-13   1.368481e-03   1.525667e-14   768
  3.805620e+00   3.776365e-13   1.536223e-03   2.165689e-14   552
  3.813568e+00   3.252846e-13   1.674309e-03   1.736009e-14   696
  3.819481e+00   2.810151e-13   2.034577e-03   2.086747e-14   408
  3.824174e+00   3.066804e-13   8.789532e-04   2.217743e-14   504
  3.831615e+00   2.859012e-13   1.579007e-03   1.282852e-14   888
  3.838937e+00   3.281703e-13   1.641044e-03   1.809109e-14   648
  3.846547e+00   3.107396e-13   1.626978e-03   1.580668e-14   648
  3.853707e+00   3.248942e-13   1.754281e-03   1.502405e-14   792
  3.861291e+00   3.871773e-13   2.566633e-03   2.428170e-14   600
  3.866880e+00   2.992980e-13   1.739428e-03   1.797179e-14   456
  3.872762e+00   3.307825e-13   8.477229e-04   2.313554e-14   648
  3.880317e+00   3.563063e-13   1.653183e-03   1.836946e-14   936
  3.888474e+00   2.507992e-13   1.015268e-03   2.063347e-14   384
  3.895575e+00   3.805852e-13   0.000000e+00   3.222641e-14   198
  3.901055e+00   3.084012e-13   2.575821e-03   1.159457e-14   1224
  3.906966e+00   2.507494e-13   1.875990e-03   1.568835e-14   420
  3.913957e+00   3.337251e-13   1.815566e-03   1.657897e-14   792
  3.920793e+00   2.953027e-13   1.501318e-03   1.474697e-14   680
  3.928594e+00   3.268221e-13   1.378581e-03   1.840038e-14   600
  3.934870e+00   3.139932e-13   1.999321e-03   1.564365e-14   840
  3.943251e+00   2.943637e-13   9.439865e-04   2.063061e-14   432
  3.946454e+00   3.377780e-13   8.846397e-04   1.993213e-14   720
  3.953417e+00   2.913228e-13   1.771778e-03   1.316495e-14   960
  3.962077e+00   3.202902e-13   1.579411e-03   1.834521e-14   528
  3.968405e+00   4.101330e-13   1.614459e-03   2.603306e-14   624
  3.975938e+00   2.548112e-13   1.268954e-03   1.170682e-14   816
  3.983415e+00   3.003399e-13   2.086821e-03   1.619037e-14   696
  3.991678e+00   3.273776e-13   1.150890e-07   3.049142e-14   240
  3.994784e+00   3.034372e-13   1.230648e-03   1.680285e-14   672
  4.001719e+00   3.159942e-13   2.199344e-03   1.594054e-14   864
  4.009498e+00   3.059179e-13   1.687640e-03   1.431739e-14   816
  4.016509e+00   3.184914e-13   9.659469e-04   1.688773e-14   648
  4.024060e+00   2.929592e-13   9.873737e-04   1.443414e-14   843
  4.030471e+00   3.459216e-13   1.776528e-03   1.662009e-14   780
  4.038111e+00   3.436053e-13   9.532520e-04   3.555428e-14   216
  4.042823e+00   2.963584e-13   2.298663e-03   1.260232e-14   1056
  4.050071e+00   2.882084e-13   1.880564e-03   2.262534e-14   228
  4.056781e+00   3.138931e-13   2.341349e-03   1.565231e-14   924
  4.063670e+00   2.670701e-13   8.685094e-04   1.347564e-14   696
  4.070964e+00   3.414010e-13   1.545698e-03   1.369156e-14   996
  4.078428e+00   3.866845e-13   9.125493e-04   2.597477e-14   576
  4.086192e+00   3.807946e-13   1.408459e-03   2.651687e-14   552
  4.091852e+00   2.914791e-13   1.681651e-03   2.222777e-14   516
  4.097596e+00   2.907987e-13   2.445470e-03   1.467873e-14   744
  4.104159e+00   3.140027e-13   1.199649e-03   1.637192e-14   576
  4.109868e+00   3.421541e-13   1.234742e-03   1.918829e-14   792
  4.117982e+00   3.063845e-13   1.411539e-03   1.458025e-14   792
  4.123927e+00   3.416943e-13   1.522330e-03   1.698203e-14   720
  4.131968e+00   3.490567e-13   1.735107e-03   1.912107e-14   656
  4.139503e+00   3.172970e-13   1.894646e-03   1.586850e-14   816
  4.147227e+00   3.613521e-13   1.021561e-03   2.338767e-14   492
  4.151618e+00   3.129504e-13   1.469588e-03   1.725973e-14   552
  4.159858e+00   3.930161e-13   2.555435e-03   2.129456e-14   780
  4.165209e+00   3.435161e-13   1.569773e-03   2.002229e-14   528
  4.170975e+00   3.348824e-13   1.832403e-03   1.848958e-14   600
  4.179472e+00   3.009414e-13   1.522872e-03   1.422044e-14   900
  4.185329e+00   3.482854e-13   8.430879e-04   1.850582e-14   696
  4.193388e+00   3.311321e-13   2.131780e-03   1.774064e-14   696
  4.201183e+00   3.367773e-13   8.648430e-04   1.892950e-14   552
  4.207739e+00   3.202795e-13   1.005732e-03   1.648801e-14   708
  4.214606e+00   3.560971e-13   1.660522e-03   1.746146e-14   876
  4.221752e+00   3.417724e-13   8.817041e-04   2.796434e-14   216
  4.226547e+00   3.159279e-13   2.411580e-03   1.457880e-14   1032
  4.233729e+00   3.791628e-13   2.685028e-03   2.442480e-14   600
  4.241182e+00   4.195935e-13   1.281196e-03   2.255033e-14   600
  4.246868e+00   3.489292e-13   2.262472e-03   2.240066e-14   528
  4.253589e+00   3.580636e-13   1.241998e-03   1.671931e-14   732
  4.260669e+00   3.156730e-13   9.171027e-04   2.251159e-14   336
  4.268820e+00   3.384903e-13   1.307053e-03   1.356019e-14   912
  4.274911e+00   3.748258e-13   1.311885e-03   1.794517e-14   624
  4.281565e+00   3.493300e-13   1.105498e-03   1.739458e-14   768
  4.289333e+00   3.487985e-13   1.994537e-03   1.556914e-14   792
  4.296957e+00   3.602135e-13   9.888090e-04   1.894252e-14   660
  4.302382e+00   3.482378e-13   1.457169e-03   1.995446e-14   504
  4.307992e+00   3.692893e-13   2.380735e-03   2.216714e-14   480
  4.316401e+00   3.734066e-13   2.201870e-03   1.469246e-14   912
  4.322985e+00   3.873673e-13   2.452123e-03   2.078230e-14   432
  4.329203e+00   3.660654e-13   1.456013e-03   2.237279e-14   564
  4.334724e+00   3.517540e-13   1.393605e-03   1.902386e-14   600
  4.342496e+00   3.735984e-13   1.942553e-03   2.006164e-14   876
  4.348334e+00   4.025186e-13   8.734307e-04   3.359104e-14   264
  4.356382e+00   3.634571e-13   1.694799e-03   2.119631e-14   560
  4.362850e+00   3.591337e-13   1.151652e-03   1.581407e-14   840
  4.370702e+00   4.149166e-13   1.775516e-03   1.712521e-14   1008
  4.377963e+00   4.005534e-13   7.942467e-04   2.296737e-14   456
  4.384595e+00   3.687274e-13   1.028834e-03   1.902679e-14   576
  4.390725e+00   3.697093e-13   1.580913e-03   2.016325e-14   612
  4.398809e+00   3.806845e-13   1.412012e-03   1.893264e-14   780
  4.405404e+00   3.219255e-13   1.618102e-03   1.429418e-14   648
  4.412155e+00   3.973826e-13   7.540562e-04   3.178991e-14   312
  4.416470e+00   3.718421e-13   1.915933e-03   1.852111e-14   528
  4.423945e+00   3.709333e-13   2.502113e-03   1.565412e-14   720
  4.431093e+00   4.635213e-13   2.509948e-03   2.962459e-14   576
  4.439759e+00   4.225118e-13   2.165154e-03   3.020468e-14   444
  4.445151e+00   4.129558e-13   2.123318e-03   1.628423e-14   996
  4.451759e+00   4.342506e-13   1.773610e-03   3.065668e-14   432
  4.458005e+00   3.613272e-13   1.941754e-03   1.925869e-14   504
  4.463400e+00   4.487924e-13   8.754449e-04   2.748897e-14   504
  4.471082e+00   3.615174e-13   1.722886e-03   1.462843e-14   876
  4.478033e+00   4.149724e-13   1.982878e-03   2.300731e-14   504
  4.485271e+00   4.971445e-13   1.264576e-03   2.126728e-14   696
  4.491253e+00   3.730596e-13   1.081079e-03   1.902950e-14   492
  4.499392e+00   4.462064e-13   1.547618e-03   2.541887e-14   432
  4.505420e+00   3.944948e-13   1.449174e-03   1.859692e-14   768
  4.512567e+00   4.228777e-13   1.805141e-03   2.254005e-14   648
  4.519390e+00   4.645159e-13   1.177661e-03   2.533791e-14   456
  4.527231e+00   3.949825e-13   1.619475e-03   2.000272e-14   552
  4.532676e+00   4.361034e-13   1.109989e-03   2.096163e-14   648
  4.540170e+00   4.255681e-13   1.809220e-03   1.798286e-14   840
  4.547491e+00   3.916668e-13   8.627791e-04   2.180799e-14   432
  4.554820e+00   4.534954e-13   1.056757e-03   2.264607e-14   600
  4.559917e+00   3.364949e-13   1.125905e-03   2.163042e-14   432
  4.568479e+00   4.402098e-13   1.120948e-03   2.189571e-14   560
  4.574277e+00   4.262590e-13   1.774344e-03   1.896317e-14   840
  4.581537e+00   4.336937e-13   1.050970e-03   2.234649e-14   504
  4.587303e+00   4.756165e-13   2.144966e-03   2.296313e-14   696
  4.595432e+00   4.407765e-13   1.171504e-03   3.054279e-14   384
  4.601763e+00   4.979929e-13   1.716116e-03   2.593833e-14   576
  4.609420e+00   4.253432e-13   1.059101e-03   2.771028e-14   360
  4.615593e+00   4.649390e-13   1.577258e-03   2.017623e-14   828
  4.622251e+00   4.010148e-13   1.404841e-03   2.278714e-14   372
  4.628352e+00   4.402550e-13   2.145462e-03   2.166337e-14   576
  4.636434e+00   4.187366e-13   8.985170e-04   1.757946e-14   636
  4.642192e+00   4.368786e-13   1.732109e-03   2.048533e-14   648
  4.649981e+00   4.731939e-13   1.408015e-03   2.287637e-14   576
  4.655573e+00   4.846269e-13   2.271277e-03   2.870833e-14   528
  4.663010e+00   4.450663e-13   9.710647e-04   2.672739e-14   360
  4.669165e+00   4.941296e-13   2.233813e-03   2.316449e-14   672
  4.677203e+00   4.598679e-13   1.144196e-03   2.144596e-14   804
  4.683893e+00   4.329491e-13   1.262185e-03   2.561162e-14   408
  4.691293e+00   5.017017e-13   7.801673e-04   3.022551e-14   384
  4.696276e+00   5.139889e-13   1.785323e-03   2.971640e-14   480
  4.703304e+00   5.680566e-13   1.153580e-03   3.718080e-14   432
  4.710045e+00   4.262690e-13   2.125802e-03   2.012991e-14   648
  4.718024e+00   4.438745e-13   1.319050e-03   2.166993e-14   624
  4.723861e+00   5.111692e-13   1.199787e-03   2.787626e-14   456
  4.731831e+00   5.208232e-13   1.639016e-03   2.516082e-14   588
  4.737172e+00   5.127274e-13   1.045685e-03   2.598722e-14   600
  4.744970e+00   5.288431e-13   1.631013e-03   2.347881e-14   708
  4.751130e+00   5.222196e-13   1.027507e-03   3.174019e-14   360
  4.757936e+00   4.765745e-13   1.181146e-03   2.512764e-14   552
  4.764461e+00   5.758609e-13   8.286020e-04   4.370018e-14   288
  4.771085e+00   5.416806e-13   1.557998e-03   2.988870e-14   528
  4.777309e+00   4.514418e-13   1.051098e-03   2.385319e-14   456
  4.784262e+00   5.616629e-13   1.863824e-03   2.569457e-14   608
  4.791256e+00   5.616875e-13   9.017389e-04   2.863679e-14   504
  4.798898e+00   5.766986e-13   1.935982e-03   3.245729e-14   540
  4.804891e+00   4.181012e-13   2.078222e-03   2.521244e-14   360
  4.811350e+00   4.759168e-13   9.411255e-04   2.373244e-14   540
  4.817063e+00   5.054136e-13   8.080679e-04   2.609842e-14   576
  4.825371e+00   5.537770e-13   1.873635e-03   2.794549e-14   588
  4.833270e+00   5.164481e-13   2.585051e-03   2.240702e-14   672
  4.840056e+00   4.855992e-13   1.975777e-03   2.232203e-14   552
  4.845526e+00   5.013296e-13   1.976776e-03   4.404810e-14   144
  4.852507e+00   5.556022e-13   1.679474e-03   2.811891e-14   600
  4.859125e+00   5.681888e-13   2.104747e-03   2.820663e-14   504
  4.866470e+00   5.533825e-13   2.162000e-03   3.838611e-14   336
  4.874196e+00   5.496678e-13   2.430098e-03   2.531352e-14   600
  4.881116e+00   6.279354e-13   1.568306e-03   2.801450e-14   636
  4.888585e+00   5.162917e-13   1.260932e-03   2.842866e-14   384
  4.893821e+00   5.015896e-13   1.758851e-03   2.362107e-14   504
  4.901368e+00   4.750553e-13   7.381651e-04   4.302861e-14   240
  4.907324e+00   5.255267e-13   1.734055e-03   2.055946e-14   744
  4.914470e+00   5.721746e-13   1.184096e-03   2.643071e-14   648
  4.920821e+00   3.236247e-13   7.860381e-04   2.739907e-14   120
  4.928265e+00   6.033356e-13   1.234764e-03   2.768791e-14   564
  4.933890e+00   5.159554e-13   1.939271e-03   2.506473e-14   432
  4.941396e+00   6.122492e-13   1.505258e-03   3.260224e-14   480
  4.947049e+00   6.950964e-13   1.107908e-03   3.701650e-14   456
  4.953721e+00   5.557970e-13   1.833424e-03   3.011292e-14   444
  4.961293e+00   5.805522e-13   2.805235e-03   2.996000e-14   528
  4.967944e+00   5.503509e-13   2.083390e-03   4.142143e-14   264
  4.974399e+00   5.518681e-13   2.135165e-03   3.101012e-14   444
  4.983082e+00   5.772258e-13   2.338759e-03   2.567285e-14   696
  4.990289e+00   5.110891e-13   1.250847e-03   3.147141e-14   384
  4.995560e+00   6.176389e-13   1.580550e-03   3.470974e-14   432
  5.003759e+00   5.829448e-13   1.092086e-03   3.431186e-14   488
  5.009082e+00   5.336550e-13   1.645909e-03   2.582865e-14   480
  5.016800e+00   6.345868e-13   1.835529e-03   3.538248e-14   480
  5.022777e+00   6.085797e-13   7.701318e-04   4.445193e-14   240
  5.029563e+00   5.914281e-13   1.798967e-03   2.536220e-14   600
  5.035964e+00   6.172861e-13   1.567616e-03   3.857081e-14   288
  5.042780e+00   6.010416e-13   1.507931e-03   2.967498e-14   480
  5.049682e+00   7.109928e-13   2.682341e-03   3.375250e-14   504
  5.056479e+00   5.584029e-13   1.150891e-03   4.601467e-14   216
  5.065146e+00   6.178820e-13   1.884192e-03   2.794541e-14   504
  5.071897e+00   6.362497e-13   1.515464e-03   2.997592e-14   456
  5.079286e+00   4.897727e-13   8.691442e-04   2.522960e-14   384
  5.084180e+00   6.382105e-13   1.764049e-03   3.226151e-14   480
  5.091134e+00   6.656920e-13   1.549032e-03   3.449790e-14   504
  5.097578e+00   6.124703e-13   9.826093e-04   3.437422e-14   312
  5.104521e+00   6.070977e-13   1.583441e-03   3.147241e-14   492
  5.110667e+00   5.446604e-13   1.484108e-03   2.982806e-14   312
  5.118579e+00   6.302588e-13   2.410815e-03   3.000936e-14   576
  5.125543e+00   6.562724e-13   2.225378e-03   3.799241e-14   336
  5.131328e+00   7.979215e-13   1.713438e-03   5.731655e-14   240
  5.139346e+00   6.333792e-13   2.271584e-03   3.043474e-14   468
  5.146270e+00   5.933721e-13   1.422340e-03   5.109161e-14   192
  5.153517e+00   7.890777e-13   1.426580e-03   4.595622e-14   324
  5.158828e+00   6.890532e-13   1.035388e-03   2.897835e-14   600
  5.166066e+00   6.508606e-13   1.679811e-03   3.621721e-14   456
  5.171442e+00   6.917504e-13   7.555789e-04   4.224602e-14   336
  5.180350e+00   6.453818e-13   2.262417e-03   2.866605e-14   612
  5.186832e+00   8.597345e-13   1.898719e-03   8.126891e-14   144
  5.192961e+00   6.436242e-13   2.216292e-03   3.060995e-14   552
  5.201296e+00   7.839450e-13   8.728032e-04   5.135543e-14   264
  5.206006e+00   5.784904e-13   2.020762e-03   2.993856e-14   336
  5.213435e+00   7.745899e-13   1.335250e-03   4.194880e-14   384
  5.219878e+00   7.462275e-13   7.516140e-04   5.210465e-14   216
  5.227010e+00   7.572130e-13   1.593577e-03   3.994513e-14   344
  5.233513e+00   7.790828e-13   2.377692e-03   4.026958e-14   408
  5.241438e+00   8.417640e-13   1.827101e-03   4.681346e-14   264
  5.248460e+00   7.463685e-13   2.547069e-03   3.350629e-14   612
  5.255476e+00   6.169690e-13   1.310917e-03   3.124282e-14   408
  5.262692e+00   7.764244e-13   1.312801e-03   4.079948e-14   444
  5.267993e+00   4.995666e-13   7.342396e-04   4.455089e-14   120
  5.275096e+00   7.503113e-13   2.028570e-03   4.581726e-14   336
  5.280368e+00   7.949427e-13   7.049199e-04   5.089078e-14   288
  5.287493e+00   7.076910e-13   2.193723e-03   2.911356e-14   552
  5.297288e+00   5.964451e-13   0.000000e+00   8.639822e-14   72
  5.302324e+00   8.289016e-13   2.178926e-03   3.282885e-14   504
  5.308207e+00   9.148175e-13   7.011571e-04   6.248427e-14   216
  5.315829e+00   8.722934e-13   1.251868e-03   5.295555e-14   312
  5.322672e+00   8.724741e-13   1.425448e-03   4.766129e-14   336
  5.329194e+00   8.347360e-13   1.975831e-03   6.240275e-14   204
  5.335689e+00   7.174703e-13   2.296216e-03   3.434886e-14   504
  5.342577e+00   7.144271e-13   2.186657e-03   3.873466e-14   396
  5.349201e+00   9.189135e-13   2.005279e-03   6.467121e-14   312
  5.357232e+00   6.847867e-13   1.225440e-03   5.408261e-14   216
  5.362890e+00   7.836053e-13   6.650698e-04   5.435829e-14   168
  5.369766e+00   7.815297e-13   1.679338e-03   3.289437e-14   588
  5.377613e+00   9.308710e-13   2.279505e-03   5.483217e-14   240
  5.383710e+00   8.744497e-13   2.013185e-03   4.977209e-14   264
  5.390860e+00   7.921327e-13   2.489717e-03   4.691692e-14   288
  5.397204e+00   9.339786e-13   1.243261e-03   5.330471e-14   288
  5.405244e+00   8.053116e-13   1.167620e-03   4.425897e-14   288
  5.410658e+00   7.835451e-13   1.352591e-03   5.494433e-14   192
  5.417469e+00   8.587777e-13   1.439292e-03   6.369809e-14   264
  5.423957e+00   6.904224e-13   2.367436e-03   3.597361e-14   372
  5.430940e+00   8.013749e-13   2.556933e-03   4.789145e-14   360
  5.439463e+00   8.550651e-13   1.082118e-03   6.765191e-14   144
  5.443868e+00   1.007680e-12   1.503015e-03   5.808110e-14   296
  5.450821e+00   9.371166e-13   1.619421e-03   5.716880e-14   288
  5.458782e+00   9.244082e-13   2.420184e-03   4.426218e-14   480
  5.465649e+00   1.089425e-12   2.010942e-03   7.333277e-14   192
  5.472326e+00   8.303169e-13   2.157009e-03   6.142378e-14   192
  5.478395e+00   9.693258e-13   1.374687e-03   5.730037e-14   288
  5.486835e+00   1.097846e-12   1.196646e-03   9.723478e-14   108
  5.491087e+00   6.370828e-13   1.150429e-03   4.012265e-14   240
  5.498595e+00   9.345816e-13   2.146152e-03   4.401214e-14   384
  5.506307e+00   9.619541e-13   2.618062e-03   7.001179e-14   108
  5.513127e+00   8.385578e-13   1.535018e-03   4.540342e-14   348
  5.520298e+00   9.697329e-13   1.602006e-03   5.205525e-14   312
  5.526703e+00   1.035131e-12   1.556684e-03   1.070831e-13   96
  5.532593e+00   1.004304e-12   2.072444e-03   4.713738e-14   384
  5.539190e+00   8.999174e-13   1.425422e-03   6.721319e-14   144
  5.545642e+00   8.941026e-13   2.190224e-03   4.620304e-14   408
  5.553663e+00   1.220108e-12   9.769946e-04   1.007783e-13   144
  5.561240e+00   9.974068e-13   1.878283e-03   7.143842e-14   192
  5.565734e+00   8.418836e-13   2.114042e-03   8.781953e-14   144
  5.573059e+00   8.841651e-13   1.718794e-03   6.068077e-14   144
  5.579969e+00   9.140628e-13   2.100644e-03   4.754353e-14   336
  5.588433e+00   1.258544e-12   1.554210e-03   7.269896e-14   240
  5.593800e+00   1.000823e-12   7.057532e-04   9.196381e-14   96
  5.601284e+00   9.281444e-13   2.069634e-03   4.876281e-14   372
  5.608856e+00   1.171359e-12   2.461786e-03   9.713556e-14   132
  5.615507e+00   1.077371e-12   1.523323e-03   5.759856e-14   264
  5.621457e+00   1.044684e-12   1.169843e-03   6.665703e-14   168
  5.627807e+00   1.035495e-12   1.870354e-03   8.077342e-14   216
  5.633417e+00   1.042860e-12   1.144306e-03   6.052048e-14   216
  5.641586e+00   1.268722e-12   2.099325e-03   1.079058e-13   96
  5.648999e+00   1.279515e-12   1.369618e-03   1.158984e-13   120
  5.655797e+00   1.125163e-12   1.741170e-03   6.675565e-14   216
  5.661397e+00   1.164789e-12   7.608972e-04   6.837511e-14   200
  5.668812e+00   1.091019e-12   1.969636e-03   6.115123e-14   288
  5.678322e+00   1.231378e-12   5.182495e-04   9.604333e-14   144
  5.682326e+00   1.072858e-12   1.612761e-03   7.578634e-14   168
  5.690504e+00   1.071149e-12   1.815012e-03   7.508176e-14   159
  5.696887e+00   1.202811e-12   1.904384e-03   7.745143e-14   174
  5.703065e+00   1.198056e-12   1.726829e-03   7.321757e-14   144
  5.711154e+00   1.045254e-12   9.971188e-04   5.391507e-14   222
  5.716564e+00   1.184585e-12   1.006181e-03   8.701550e-14   168
  5.725909e+00   1.294123e-12   2.206942e-03   1.719033e-13   30
  5.729769e+00   1.401445e-12   1.948567e-03   1.653784e-13   72
  5.737039e+00   1.250589e-12   1.739073e-03   7.968563e-14   258
  5.745032e+00   1.261365e-12   1.089226e-03   6.976022e-14   264
  5.749029e+00   1.225378e-12   1.174622e-07   1.381853e-13   72
  5.757357e+00   1.179735e-12   2.158892e-03   7.056154e-14   174
  5.764898e+00   1.308946e-12   2.298822e-03   8.285213e-14   168
  5.770961e+00   1.220754e-12   7.193062e-08   1.552708e-13   48
  5.777470e+00   1.466855e-12   1.298199e-03   1.081601e-13   150
  5.785016e+00   9.464148e-13   2.388130e-03   5.639953e-14   168
  5.792583e+00   1.265629e-12   1.454738e-03   8.539367e-14   144
  5.799541e+00   1.079947e-12   1.359056e-03   8.409646e-14   102
  5.804724e+00   1.437689e-12   2.011636e-03   1.177041e-13   96
  5.812948e+00   1.533161e-12   1.996414e-03   1.230913e-13   120
  5.819038e+00   1.426222e-12   2.141206e-03   8.100054e-14   168
  5.825625e+00   1.058095e-12   1.581111e-03   8.901108e-14   126
  5.831237e+00   1.392620e-12   1.192474e-03   9.759706e-14   168
  5.838969e+00   1.455576e-12   1.912134e-03   1.404671e-13   72
  5.845726e+00   1.466611e-12   2.394418e-03   9.755883e-14   168
  5.851646e+00   1.319602e-12   6.564276e-04   9.952795e-14   78
  5.859757e+00   1.511294e-12   1.077805e-03   1.240149e-13   60
  5.866288e+00   1.140208e-12   1.748374e-03   8.192760e-14   96
  5.873062e+00   1.402941e-12   2.121507e-03   8.495978e-14   168
  5.879428e+00   1.433202e-12   1.342407e-03   1.114746e-13   86
  5.886107e+00   1.605860e-12   1.199794e-03   9.921278e-14   120
  5.895681e+00   1.600362e-12   8.556122e-04   1.039879e-13   168
  5.900844e+00   1.390204e-12   0.000000e+00   1.548860e-13   48
  5.907798e+00   1.217355e-12   1.558833e-03   9.756125e-14   120
  5.911793e+00   1.488409e-12   1.137231e-03   8.925795e-14   126
  5.921548e+00   1.283903e-12   2.000073e-03   1.160969e-13   96
  5.927878e+00   1.734891e-12   5.767223e-04   1.078166e-13   96
  5.932871e+00   1.492235e-12   6.781684e-08   1.468248e-13   72
  5.943508e+00   1.079316e-12   7.193062e-08   1.543489e-13   24
  5.950147e+00   1.371589e-12   1.186881e-03   1.044990e-13   120
  5.955326e+00   1.687948e-12   1.731294e-03   1.202144e-13   126
  5.961084e+00   1.669135e-12   1.443268e-03   1.251376e-13   96
  5.967813e+00   1.363002e-12   2.494389e-03   1.046685e-13   72
  5.975306e+00   1.526685e-12   1.078907e-03   1.041493e-13   144
  5.981469e+00   1.797825e-12   6.222882e-04   1.537148e-13   72
  5.987626e+00   1.378138e-12   1.242932e-03   1.437021e-13   54
  5.993045e+00   1.464812e-12   1.095319e-03   1.164266e-13   108
  6.004306e+00   1.768079e-12   1.073696e-03   1.900891e-13   72
  6.007812e+00   1.711519e-12   6.195595e-04   1.765039e-13   72
  6.016129e+00   1.070188e-12   1.245875e-07   2.277661e-13   24
  6.023999e+00   1.867975e-12   1.310705e-03   1.707163e-13   48
  6.028777e+00   1.579755e-12   9.984188e-04   1.096080e-13   102
  6.035970e+00   1.578954e-12   2.258008e-03   9.219476e-14   168
  6.045369e+00   1.728900e-12   1.231465e-03   1.992076e-13   72
  6.048851e+00   1.459930e-12   0.000000e+00   1.988821e-13   48
  6.056156e+00   1.760744e-12   2.118194e-03   1.119133e-13   120
  6.065796e+00   1.485330e-12   1.301673e-03   1.334357e-13   96
  6.074901e+00   1.195998e-12   1.150890e-07   1.660688e-13   30
  6.085723e+00   1.592941e-12   6.115837e-04   1.131916e-13   72
  6.090478e+00   1.464184e-12   7.193062e-08   2.182730e-13   24
  6.096586e+00   1.563285e-12   9.065181e-04   1.701385e-13   56
  6.103428e+00   1.755197e-12   1.293647e-03   1.673874e-13   96
  6.111616e+00   1.772534e-12   1.428503e-03   1.120621e-13   144
  6.117928e+00   1.876322e-12   8.110480e-04   2.504600e-13   54
  6.127099e+00   1.877062e-12   1.215036e-03   1.277873e-13   108
  6.136327e+00   1.387565e-12   6.433558e-04   1.690894e-13   48
  6.145113e+00   1.937118e-12   2.422440e-03   1.620957e-13   72
  6.166195e+00   1.947524e-12   1.600514e-03   1.663728e-13   78
  6.172037e+00   1.884801e-12   1.206188e-03   1.325665e-13   72
  6.178856e+00   1.845476e-12   1.204690e-03   1.799242e-13   72
  6.185986e+00   2.013201e-12   2.907051e-03   1.495089e-13   96
  6.191621e+00   1.799195e-12   1.202207e-03   1.750059e-13   72
  6.198419e+00   1.901855e-12   0.000000e+00   2.235244e-13   24
  6.205208e+00   1.735582e-12   2.398986e-03   1.578461e-13   72
  6.220544e+00   1.356338e-12   1.523430e-03   2.808005e-13   30
  6.223843e+00   2.214790e-12   0.000000e+00   3.803185e-13   24
  6.241578e+00   2.417096e-12   1.265014e-03   3.096394e-13   48
  6.247142e+00   1.976932e-12   2.722309e-03   1.311848e-13   120
  6.254637e+00   1.946660e-12   1.190257e-03   1.447545e-13   72
  6.262206e+00   1.971681e-12   1.188818e-03   2.171350e-13   36
  6.267409e+00   1.717759e-12   2.349657e-03   1.758022e-13   78
  6.281928e+00   1.554254e-12   1.256888e-03   1.837914e-13   48
  6.300754e+00   1.750377e-12   1.017253e-07   2.689885e-13   24
  6.314166e+00   2.376151e-12   8.752715e-04   2.434997e-13   56
  6.320919e+00   1.986560e-12   1.346877e-03   1.509150e-13   102
  6.329510e+00   1.542142e-12   9.590750e-08   1.706523e-13   72
  6.334498e+00   1.852740e-12   7.193062e-08   3.415738e-13   24
  6.343217e+00   2.104090e-12   1.244744e-03   2.922971e-13   48
  6.359378e+00   1.758680e-12   0.000000e+00   2.791271e-13   24
  6.379213e+00   2.836417e-12   0.000000e+00   6.290240e-13   6
  6.385398e+00   1.998021e-12   0.000000e+00   2.542797e-13   24
  6.389518e+00   1.684002e-12   1.165127e-03   1.458538e-13   72
  6.397046e+00   1.547528e-12   2.173655e-03   1.664338e-13   84
  6.405152e+00   1.644713e-12   0.000000e+00   1.757083e-13   24
  6.407617e+00   2.229002e-12   1.017253e-07   4.459290e-13   24
  6.419927e+00   2.228106e-12   1.245875e-07   3.083820e-13   24
  6.437123e+00   2.591280e-12   0.000000e+00   6.729939e-13   6
  6.459163e+00   2.136106e-12   1.222400e-03   2.271559e-13   48
  6.464458e+00   1.952274e-12   2.302802e-03   1.570209e-13   72
  6.471376e+00   2.087481e-12   1.220094e-03   2.301813e-13   48
  6.482347e+00   1.966409e-12   0.000000e+00   2.594829e-13   24
  6.496947e+00   3.103776e-12   0.000000e+00   8.912504e-13   6
  6.529678e+00   3.064687e-12   0.000000e+00   4.781844e-13   8
  6.532096e+00   2.783644e-12   7.193062e-08   2.326914e-13   48
  6.537895e+00   2.419048e-12   1.183236e-03   2.173470e-13   60
  6.546585e+00   3.105889e-12   0.000000e+00   5.185730e-13   24
  6.558634e+00   2.096062e-12   0.000000e+00   5.793392e-13   6
  6.603027e+00   3.416142e-12   0.000000e+00   4.741022e-13   24
  6.606613e+00   2.061288e-12   1.195118e-03   2.358043e-13   48
  6.612586e+00   2.540518e-12   0.000000e+00   3.597220e-13   24
  6.622132e+00   2.749854e-12   0.000000e+00   3.478352e-13   6
  6.676359e+00   2.112968e-12   1.114931e-03   2.990912e-13   36
  6.680300e+00   1.635935e-12   0.000000e+00   1.245907e-13   24
  6.687387e+00   2.806171e-12   0.000000e+00   8.659803e-13   6
  6.749089e+00   2.899969e-12   1.013241e-03   4.580453e-13   32
  6.754351e+00   9.382256e-13   0.000000e+00   1.584345e-13   6
  6.820657e+00   3.113212e-12   0.000000e+00   3.939501e-13   12
  6.822972e+00   4.131323e-12   0.000000e+00   1.449451e-12   6
  6.893201e+00   5.141276e-12   0.000000e+00   7.963402e-13   6
