# power spectrum of phi
# redshift z=5.831586
# k              Pk             sigma(k)       sigma(Pk)      count
  1.256637e-01   3.527460e-11   0.000000e+00   1.422973e-11   6
  1.777153e-01   9.150667e-12   0.000000e+00   1.846298e-12   12
  2.176559e-01   4.280130e-12   2.384186e-09   9.593463e-13   8
  2.513274e-01   1.055291e-11   0.000000e+00   1.252543e-12   6
  2.809926e-01   5.708287e-12   4.495664e-09   1.793186e-12   24
  3.078120e-01   6.528901e-12   4.495664e-09   1.189857e-12   24
  3.554306e-01   1.787020e-12   0.000000e+00   7.398508e-13   12
  3.769911e-01   2.000492e-12   5.086263e-09   3.177837e-13   30
  3.973835e-01   2.352233e-12   0.000000e+00   4.700022e-13   24
  4.167794e-01   2.150022e-12   7.786718e-09   5.272851e-13   24
  4.353118e-01   1.744763e-12   4.768372e-09   3.040161e-13   8
  4.530869e-01   1.497309e-12   6.357829e-09   2.163979e-13   24
  4.701905e-01   1.326166e-12   0.000000e+00   2.014194e-13   48
  5.026548e-01   1.177348e-12   0.000000e+00   5.141770e-13   6
  5.181247e-01   1.056915e-12   6.357829e-09   1.577684e-13   48
  5.331460e-01   8.724811e-13   5.994218e-09   1.182188e-13   36
  5.477554e-01   1.304330e-12   6.357829e-09   2.839972e-13   24
  5.619852e-01   8.114107e-13   8.991328e-09   1.271570e-13   24
  5.758634e-01   6.598188e-13   0.000000e+00   8.284466e-14   48
  5.894150e-01   7.773260e-13   8.991328e-09   1.265953e-13   24
  6.156239e-01   7.156147e-13   8.991328e-09   9.341926e-14   24
  6.283185e-01   3.622270e-13   0.000000e+00   6.814235e-14   30
  6.407617e-01   5.056141e-13   0.000000e+00   5.513557e-14   72
  6.529678e-01   4.368285e-13   9.536743e-09   1.034317e-13   32
  6.767198e-01   5.443804e-13   0.000000e+00   6.347802e-14   72
  6.882885e-01   2.690129e-13   0.000000e+00   4.503755e-14   48
  7.108613e-01   1.987424e-13   0.000000e+00   6.901393e-14   12
  7.218830e-01   3.149006e-13   0.000000e+00   3.802267e-14   48
  7.327390e-01   2.834362e-13   0.000000e+00   2.796745e-14   48
  7.434365e-01   2.969990e-13   8.991328e-09   4.280133e-14   48
  7.539822e-01   3.712603e-13   1.017253e-08   7.130311e-14   30
  7.643825e-01   3.799367e-13   0.000000e+00   7.053286e-14   24
  7.746431e-01   3.978186e-13   1.895538e-08   4.147564e-14   72
  7.947671e-01   1.125409e-13   0.000000e+00   3.337509e-14   24
  8.046403e-01   2.564483e-13   0.000000e+00   2.482657e-14   96
  8.143939e-01   2.046745e-13   0.000000e+00   3.762106e-14   48
  8.240320e-01   1.461048e-13   1.557344e-08   2.493130e-14   24
  8.335587e-01   1.175554e-13   1.557344e-08   2.828486e-14   24
  8.429778e-01   2.586180e-13   0.000000e+00   2.633225e-14   72
  8.522927e-01   2.105168e-13   0.000000e+00   2.842198e-14   48
  8.706237e-01   1.283473e-13   9.536743e-09   2.831694e-14   8
  8.796459e-01   2.624124e-13   1.130281e-08   4.147544e-14   54
  8.885766e-01   1.770537e-13   0.000000e+00   2.275909e-14   84
  8.974184e-01   2.169086e-13   0.000000e+00   2.826109e-14   48
  9.061739e-01   1.247983e-13   1.271566e-08   1.443933e-14   24
  9.148456e-01   1.513506e-13   1.695421e-08   1.718402e-14   72
  9.234359e-01   1.691785e-13   0.000000e+00   1.900914e-14   96
  9.403811e-01   1.809655e-13   0.000000e+00   1.652641e-14   48
  9.487402e-01   1.485278e-13   0.000000e+00   1.819123e-14   48
  9.570263e-01   1.366987e-13   0.000000e+00   2.700327e-14   24
  9.652412e-01   1.381502e-13   0.000000e+00   1.233129e-14   72
  9.814649e-01   1.273514e-13   0.000000e+00   1.429686e-14   72
  9.894770e-01   1.143538e-13   0.000000e+00   1.148984e-14   96
  1.005310e+00   1.869913e-13   0.000000e+00   8.441661e-14   6
  1.013133e+00   1.217326e-13   0.000000e+00   1.273573e-14   96
  1.020897e+00   1.245657e-13   1.271566e-08   1.245103e-14   96
  1.028602e+00   6.445465e-14   0.000000e+00   1.376196e-14   24
  1.036249e+00   1.069164e-13   1.271566e-08   1.300897e-14   48
  1.043841e+00   8.784630e-14   0.000000e+00   9.621133e-15   96
  1.051378e+00   9.068304e-14   0.000000e+00   1.857606e-14   48
  1.066292e+00   7.293680e-14   1.198844e-08   1.408682e-14   36
  1.073671e+00   7.352803e-14   2.202416e-08   1.129978e-14   48
  1.081000e+00   8.864582e-14   2.491750e-08   7.544262e-15   120
  1.088280e+00   9.196140e-14   0.000000e+00   1.405381e-14   56
  1.095511e+00   4.493604e-14   1.271566e-08   8.173940e-15   24
  1.102695e+00   6.486197e-14   0.000000e+00   7.105401e-15   96
  1.109832e+00   8.182272e-14   0.000000e+00   1.133818e-14   48
  1.123970e+00   8.598263e-14   1.798266e-08   1.771225e-14   24
  1.130973e+00   9.584286e-14   0.000000e+00   1.026353e-14   102
  1.137933e+00   1.003786e-13   1.271566e-08   1.470434e-14   48
  1.144851e+00   8.067930e-14   0.000000e+00   7.561194e-15   72
  1.151727e+00   6.613419e-14   0.000000e+00   7.139685e-15   48
  1.158562e+00   8.850700e-14   0.000000e+00   1.617481e-14   48
  1.165357e+00   8.372078e-14   2.877225e-08   6.516569e-15   120
  1.178830e+00   7.950688e-14   1.798266e-08   8.951231e-15   24
  1.185509e+00   5.946232e-14   1.695421e-08   4.816905e-15   144
  1.192151e+00   5.594773e-14   2.034505e-08   7.060082e-15   120
  1.198755e+00   5.451958e-14   1.798266e-08   9.535170e-15   48
  1.211857e+00   7.102961e-14   1.798266e-08   1.146557e-14   48
  1.218355e+00   5.439531e-14   1.798266e-08   4.470109e-15   96
  1.235512e+00   5.386784e-14   3.015167e-03   6.068215e-15   72
  1.244007e+00   5.656741e-14   1.598458e-08   4.715369e-15   108
  1.250338e+00   5.330436e-14   0.000000e+00   6.101993e-15   72
  1.256637e+00   4.094421e-14   0.000000e+00   6.239583e-15   30
  1.262905e+00   5.276725e-14   0.000000e+00   3.844335e-15   168
  1.269141e+00   6.408243e-14   0.000000e+00   8.669261e-15   48
  1.281523e+00   4.197990e-14   0.000000e+00   4.749630e-15   72
  1.287670e+00   4.956798e-14   0.000000e+00   4.643167e-15   96
  1.293787e+00   4.176190e-14   3.390842e-08   5.046334e-15   72
  1.299875e+00   4.922668e-14   0.000000e+00   4.313917e-15   72
  1.310112e+00   5.051978e-14   2.784031e-03   5.181225e-15   104
  1.317972e+00   4.444123e-14   2.397687e-08   3.073198e-15   144
  1.335824e+00   2.905416e-14   4.021044e-08   2.684920e-15   96
  1.341721e+00   3.729678e-14   0.000000e+00   5.037153e-15   96
  1.351101e+00   4.056439e-14   2.864148e-03   3.642830e-15   120
  1.359261e+00   3.595929e-14   0.000000e+00   3.539283e-15   120
  1.365057e+00   5.303052e-14   0.000000e+00   5.729218e-15   72
  1.376577e+00   4.171512e-14   0.000000e+00   5.272738e-15   48
  1.382301e+00   4.434650e-14   3.130008e-08   5.179611e-15   78
  1.389623e+00   3.728573e-14   2.564571e-03   3.103466e-15   168
  1.404963e+00   3.755286e-14   2.936555e-08   3.007735e-15   144
  1.410572e+00   4.580680e-14   2.397687e-08   4.140666e-15   144
  1.426839e+00   3.227268e-14   1.476986e-03   2.952558e-15   156
  1.432787e+00   2.454888e-14   3.114687e-08   3.161609e-15   48
  1.438287e+00   3.049234e-14   2.034505e-08   3.172601e-15   120
  1.443766e+00   3.169308e-14   0.000000e+00   6.077463e-15   48
  1.453454e+00   3.353227e-14   2.260797e-03   2.721456e-15   216
  1.465478e+00   1.496417e-14   0.000000e+00   1.590932e-15   48
  1.470856e+00   3.342557e-14   1.798266e-08   3.057513e-15   96
  1.478502e+00   2.886709e-14   2.642094e-03   1.914968e-15   168
  1.486873e+00   2.607187e-14   1.798266e-08   2.547705e-15   48
  1.492174e+00   2.251103e-14   0.000000e+00   2.254468e-15   96
  1.497456e+00   2.607447e-14   0.000000e+00   3.539118e-15   48
  1.507964e+00   2.864250e-14   2.034505e-08   3.872304e-15   30
  1.513191e+00   2.993795e-14   0.000000e+00   2.768967e-15   96
  1.519439e+00   2.403239e-14   2.076451e-03   1.494349e-15   240
  1.527472e+00   1.981017e-14   2.240191e-03   2.676052e-15   32
  1.533921e+00   2.011272e-14   0.000000e+00   1.487879e-15   168
  1.539060e+00   2.272883e-14   0.000000e+00   2.245797e-15   120
  1.549286e+00   2.284465e-14   3.791077e-08   2.302544e-15   72
  1.554374e+00   3.055456e-14   1.695421e-08   2.630473e-15   144
  1.559446e+00   2.340584e-14   0.000000e+00   2.304129e-15   96
  1.564501e+00   2.674762e-14   0.000000e+00   2.470746e-15   96
  1.574562e+00   3.122038e-14   0.000000e+00   3.411282e-15   72
  1.579568e+00   1.819657e-14   2.543132e-08   1.745244e-15   96
  1.589534e+00   2.495457e-14   0.000000e+00   5.807232e-15   24
  1.594494e+00   2.462945e-14   0.000000e+00   1.799600e-15   192
  1.600334e+00   2.146782e-14   1.901066e-03   1.884517e-15   132
  1.609281e+00   1.823035e-14   0.000000e+00   1.865504e-15   96
  1.614180e+00   1.709144e-14   0.000000e+00   1.377261e-15   96
  1.619064e+00   2.421907e-14   2.034505e-08   1.980162e-15   120
  1.628788e+00   2.083276e-14   0.000000e+00   2.051168e-15   48
  1.636759e+00   1.892217e-14   2.303939e-03   1.290806e-15   222
  1.643266e+00   2.306889e-14   0.000000e+00   1.989459e-15   120
  1.648064e+00   1.641417e-14   3.114687e-08   4.164357e-15   24
  1.655050e+00   2.022946e-14   2.378000e-03   1.199285e-15   312
  1.670270e+00   1.983472e-14   2.229470e-03   2.006996e-15   72
  1.676563e+00   1.937230e-14   3.114687e-08   1.828135e-15   96
  1.683024e+00   1.556396e-14   2.270407e-03   1.146466e-15   192
  1.690632e+00   2.019016e-14   2.877225e-08   1.833193e-15   120
  1.695296e+00   1.539690e-14   0.000000e+00   1.162038e-15   144
  1.704585e+00   1.765573e-14   0.000000e+00   1.996974e-15   48
  1.711188e+00   1.632183e-14   2.282974e-03   1.002223e-15   336
  1.718425e+00   1.910688e-14   0.000000e+00   2.445288e-15   48
  1.727590e+00   1.872368e-14   0.000000e+00   1.314126e-15   192
  1.732155e+00   1.175575e-14   0.000000e+00   1.605010e-15   48
  1.745129e+00   1.029140e-14   1.584683e-03   1.228993e-15   56
  1.751580e+00   1.493218e-14   2.035272e-03   8.716082e-16   336
  1.759292e+00   1.364672e-14   2.260561e-08   1.983893e-15   54
  1.766010e+00   1.351157e-14   2.235459e-03   8.380454e-16   240
  1.779956e+00   1.528112e-14   2.140470e-03   1.059429e-15   228
  1.786017e+00   1.570123e-14   2.397687e-08   1.995021e-15   72
  1.791900e+00   1.669048e-14   2.076308e-03   1.276383e-15   144
  1.799230e+00   1.324683e-14   0.000000e+00   1.071085e-15   96
  1.803613e+00   1.489803e-14   2.877225e-08   1.094018e-15   240
  1.812348e+00   6.675764e-15   2.543132e-08   8.908219e-16   24
  1.817939e+00   1.471826e-14   1.961057e-03   8.701943e-16   336
  1.825371e+00   9.394233e-15   0.000000e+00   1.361886e-15   72
  1.832154e+00   1.613550e-14   2.133012e-03   1.337400e-15   168
  1.838302e+00   1.571210e-14   0.000000e+00   1.619608e-15   72
  1.846872e+00   1.489953e-14   0.000000e+00   1.574121e-15   96
  1.853509e+00   1.106967e-14   2.117011e-03   7.912391e-16   216
  1.859653e+00   8.761132e-15   0.000000e+00   7.555915e-16   96
  1.868125e+00   1.335304e-14   2.543132e-08   1.014867e-15   192
  1.872347e+00   9.058161e-15   2.397687e-08   7.841583e-16   144
  1.880762e+00   1.051922e-14   0.000000e+00   1.217988e-15   48
  1.886588e+00   1.081067e-14   2.041047e-03   7.273269e-16   246
  1.894505e+00   1.327291e-14   1.881878e-03   9.302992e-16   168
  1.901637e+00   1.105364e-14   4.983500e-08   9.361713e-16   120
  1.905784e+00   1.130669e-14   0.000000e+00   7.382516e-16   240
  1.914053e+00   1.707858e-14   0.000000e+00   2.976360e-15   24
  1.920640e+00   9.911038e-15   2.014384e-03   4.716079e-16   360
  1.928845e+00   1.254587e-14   2.005812e-03   1.221972e-15   120
  1.934568e+00   1.049805e-14   0.000000e+00   8.629884e-16   144
  1.938645e+00   1.493191e-14   0.000000e+00   1.509609e-15   96
  1.950825e+00   9.400905e-15   0.000000e+00   8.486453e-16   144
  1.954868e+00   1.286684e-14   0.000000e+00   1.380482e-15   132
  1.960551e+00   8.795331e-15   1.979707e-03   5.701251e-16   176
  1.968799e+00   9.807392e-15   1.999105e-03   6.153195e-16   312
  1.978954e+00   9.175886e-15   0.000000e+00   7.030380e-16   96
  1.982940e+00   7.636780e-15   0.000000e+00   7.439406e-16   144
  1.989055e+00   8.798347e-15   1.979053e-03   5.496714e-16   312
  1.998804e+00   8.729307e-15   0.000000e+00   1.348348e-15   48
  2.002750e+00   1.050964e-14   2.543132e-08   7.238214e-16   192
  2.010619e+00   6.368337e-15   0.000000e+00   2.531223e-15   6
  2.015848e+00   8.730368e-15   1.845802e-03   5.391306e-16   288
  2.024316e+00   9.106517e-15   1.950210e-03   7.935436e-16   192
  2.030159e+00   8.946317e-15   5.980883e-08   6.221932e-16   216
  2.034045e+00   8.074344e-15   0.000000e+00   9.889696e-16   72
  2.043725e+00   8.883454e-15   1.931689e-03   6.421526e-16   192
  2.050154e+00   8.256044e-15   1.434383e-03   5.744604e-16   288
  2.057204e+00   9.491388e-15   0.000000e+00   1.852200e-15   24
  2.062650e+00   7.183956e-15   1.889681e-03   3.457209e-16   456
  2.072499e+00   1.131012e-14   0.000000e+00   2.070482e-15   48
  2.078585e+00   8.628731e-15   1.861260e-03   5.480471e-16   240
  2.085579e+00   9.454297e-15   1.881013e-03   8.643749e-16   216
  2.091461e+00   7.505884e-15   0.000000e+00   9.501570e-16   72
  2.095233e+00   7.093734e-15   6.498988e-08   6.032291e-16   168
  2.105882e+00   7.484842e-15   1.398129e-03   4.830157e-16   288
  2.111855e+00   7.124272e-15   1.849965e-03   6.947101e-16   168
  2.121448e+00   6.628686e-15   0.000000e+00   4.762606e-16   192
  2.125166e+00   7.045624e-15   2.397687e-08   5.719943e-16   144
  2.132584e+00   8.616865e-15   2.397687e-08   1.068527e-15   36
  2.138874e+00   6.380640e-15   1.689411e-03   3.183120e-16   342
  2.144889e+00   8.738425e-15   1.734820e-03   8.185432e-16   144
  2.152621e+00   6.834306e-15   1.819392e-03   3.851729e-16   384
  2.162000e+00   6.710661e-15   4.983500e-08   5.402364e-16   120
  2.166643e+00   7.941411e-15   1.622368e-03   4.947679e-16   264
  2.172929e+00   6.703288e-15   8.042088e-08   5.146224e-16   192
  2.178848e+00   6.472880e-15   1.748412e-03   5.794810e-16   152
  2.183802e+00   6.319120e-15   4.795375e-08   5.471236e-16   144
  2.194222e+00   5.395583e-15   1.131589e-03   3.092363e-16   216
  2.199045e+00   6.499231e-15   1.512105e-03   3.613202e-16   312
  2.207535e+00   6.515458e-15   1.752500e-03   4.644687e-16   240
  2.212538e+00   5.401999e-15   2.543132e-08   4.358366e-16   96
  2.222033e+00   4.098785e-15   1.675517e-03   3.099449e-16   144
  2.227885e+00   6.092032e-15   1.646885e-03   3.045054e-16   456
  2.237379e+00   4.439439e-15   0.000000e+00   3.559441e-16   120
  2.240905e+00   5.348480e-15   0.000000e+00   4.689650e-16   144
  2.247941e+00   4.725523e-15   3.596531e-08   6.523357e-16   24
  2.252452e+00   5.330242e-15   1.583038e-03   2.857043e-16   336
  2.260253e+00   5.741013e-15   1.745876e-03   4.495472e-16   198
  2.267563e+00   5.615763e-15   1.697764e-03   3.386039e-16   432
  2.275867e+00   5.869379e-15   5.086263e-08   8.015644e-16   48
  2.280199e+00   5.623399e-15   1.498832e-03   3.361069e-16   384
  2.287976e+00   4.021089e-15   1.725473e-03   3.638604e-16   144
  2.295024e+00   6.475895e-15   1.713168e-03   5.111013e-16   264
  2.303454e+00   4.931776e-15   0.000000e+00   6.555076e-16   48
  2.309110e+00   4.711154e-15   1.628943e-03   3.913516e-16   276
  2.314567e+00   5.208454e-15   1.476593e-03   4.089611e-16   192
  2.321860e+00   4.934036e-15   1.659366e-03   2.545739e-16   552
  2.330715e+00   6.151050e-15   4.069010e-08   6.058754e-16   120
  2.335978e+00   4.248541e-15   1.679687e-03   3.280990e-16   216
  2.340855e+00   3.858819e-15   4.069010e-08   2.798987e-16   120
  2.349569e+00   4.959875e-15   1.654080e-03   3.291022e-16   408
  2.357660e+00   1.260397e-15   3.596531e-08   1.919733e-16   24
  2.362678e+00   4.713677e-15   1.670919e-03   2.723382e-16   384
  2.369685e+00   3.643964e-15   1.632547e-03   2.310800e-16   240
  2.375770e+00   4.060666e-15   1.644502e-03   3.546921e-16   168
  2.384301e+00   3.993418e-15   0.000000e+00   4.009692e-16   120
  2.389801e+00   4.448452e-15   1.714308e-03   2.666647e-16   350
  2.398744e+00   5.504987e-15   2.822081e-03   4.004085e-16   384
  2.404088e+00   4.563373e-15   0.000000e+00   4.860413e-16   144
  2.413921e+00   4.378894e-15   3.390842e-08   2.924780e-16   288
  2.419055e+00   4.287179e-15   1.615394e-03   2.627827e-16   336
  2.426039e+00   3.275097e-15   1.470682e-03   2.554671e-16   168
  2.430220e+00   4.960710e-15   9.639558e-08   2.694873e-16   336
  2.438868e+00   3.773821e-15   1.526480e-03   2.176316e-16   288
  2.444062e+00   4.570932e-15   1.438335e-03   3.057637e-16   264
  2.452858e+00   3.982478e-15   0.000000e+00   3.387585e-16   240
  2.456075e+00   3.763559e-15   0.000000e+00   3.611195e-16   96
  2.467620e+00   3.826986e-15   1.956039e-03   1.944344e-16   360
  2.473008e+00   4.354507e-15   1.441936e-03   3.822841e-16   168
  2.479816e+00   3.702735e-15   1.571860e-03   1.771723e-16   456
  2.488014e+00   3.673333e-15   4.521123e-08   3.086455e-16   108
  2.492626e+00   2.670219e-15   1.577159e-03   1.781587e-16   264
  2.498378e+00   3.401349e-15   1.407083e-03   2.274888e-16   264
  2.506256e+00   3.524062e-15   1.327788e-03   2.368603e-16   312
  2.516065e+00   4.004821e-15   9.866910e-04   3.087223e-16   270
  2.520176e+00   4.344162e-15   1.252729e-03   3.173067e-16   240
  2.527567e+00   3.879369e-15   1.549783e-03   2.623253e-16   384
  2.532054e+00   3.235081e-15   5.086263e-08   2.616070e-16   192
  2.540769e+00   3.726764e-15   1.243495e-03   3.249161e-16   240
  2.545825e+00   3.653557e-15   1.534673e-03   2.196093e-16   336
  2.555333e+00   3.547931e-15   1.544942e-03   1.689659e-16   480
  2.563047e+00   3.409841e-15   3.390842e-08   5.275558e-16   72
  2.567356e+00   3.302532e-15   1.506459e-03   2.390461e-16   240
  2.573216e+00   2.817849e-15   1.415865e-03   1.827593e-16   312
  2.579934e+00   2.552496e-15   1.530210e-03   1.810640e-16   240
  2.590086e+00   3.087903e-15   1.162564e-03   1.763700e-16   408
  2.594104e+00   2.925059e-15   1.064628e-03   1.987009e-16   336
  2.601958e+00   3.293450e-15   1.351816e-03   2.582325e-16   264
  2.605818e+00   2.460444e-15   0.000000e+00   1.661893e-16   144
  2.616557e+00   2.900806e-15   1.873697e-03   1.450575e-16   464
  2.622215e+00   3.104320e-15   1.489973e-03   2.092212e-16   168
  2.627801e+00   2.753670e-15   1.357041e-03   2.457026e-16   336
  2.637897e+00   2.656450e-15   1.425837e-03   1.482172e-16   414
  2.643588e+00   3.298212e-15   1.484211e-03   3.183012e-16   216
  2.650879e+00   4.663531e-15   3.596531e-08   5.396840e-16   96
  2.653856e+00   2.952112e-15   8.809666e-08   1.962828e-16   384
  2.664284e+00   3.073171e-15   1.481344e-03   2.087460e-16   492
  2.669873e+00   3.351136e-15   1.448627e-03   2.322993e-16   240
  2.676189e+00   3.144251e-15   1.470864e-03   1.704383e-16   312
  2.684913e+00   2.517502e-15   1.470380e-03   2.131038e-16   192
  2.690439e+00   2.629365e-15   1.424976e-03   1.629841e-16   504
  2.697770e+00   2.822352e-15   9.433586e-04   2.040402e-16   408
  2.703542e+00   2.133403e-15   2.890096e-03   1.603292e-16   168
  2.710765e+00   3.435842e-15   1.372821e-03   2.103774e-16   288
  2.716826e+00   3.304565e-15   1.432656e-03   2.321432e-16   288
  2.723035e+00   1.947408e-15   1.440903e-03   9.405550e-17   432
  2.732042e+00   2.337390e-15   1.362614e-03   1.860329e-16   216
  2.736854e+00   2.331492e-15   1.359739e-03   1.617647e-16   360
  2.745421e+00   2.283498e-15   1.327092e-03   1.567359e-16   312
  2.753154e+00   1.897341e-15   0.000000e+00   2.474773e-16   48
  2.757611e+00   2.239218e-15   1.422834e-03   1.366699e-16   432
  2.765594e+00   2.226135e-15   2.373302e-03   1.342226e-16   414
  2.770308e+00   2.185037e-15   5.421333e-08   1.593335e-16   312
  2.779102e+00   2.744537e-15   2.082441e-03   1.539739e-16   528
  2.785037e+00   2.597684e-15   1.093105e-03   2.000193e-16   264
  2.792167e+00   2.738618e-15   1.296122e-03   1.910377e-16   480
  2.801483e+00   2.480146e-15   0.000000e+00   1.686595e-16   288
  2.805506e+00   1.992819e-15   1.392643e-03   1.661930e-16   168
  2.812867e+00   2.747455e-15   2.204550e-03   1.585439e-16   504
  2.821143e+00   4.239049e-15   3.390842e-08   4.761052e-16   144
  2.826350e+00   1.859945e-15   1.415850e-03   9.571372e-17   464
  2.834173e+00   2.311192e-15   2.077839e-03   1.411924e-16   432
  2.837886e+00   2.042989e-15   3.596531e-08   1.917334e-16   192
  2.847481e+00   1.854958e-15   1.540373e-03   1.141316e-16   396
  2.853147e+00   2.107323e-15   1.383680e-03   1.604061e-16   288
  2.858874e+00   1.703806e-15   1.366839e-03   9.836821e-17   336
  2.868021e+00   1.845795e-15   8.655099e-04   1.014802e-16   432
  2.873827e+00   2.081573e-15   2.243281e-03   1.372256e-16   360
  2.880345e+00   1.835814e-15   1.326934e-03   9.139579e-17   384
  2.889603e+00   2.103655e-15   1.171274e-03   1.496500e-16   198
  2.894063e+00   1.865691e-15   1.331357e-03   1.219372e-16   552
  2.902381e+00   2.418147e-15   1.863809e-03   1.732709e-16   432
  2.909325e+00   1.898040e-15   7.119285e-08   1.907805e-16   168
  2.915153e+00   2.585152e-15   2.310442e-03   1.695505e-16   480
  2.922863e+00   1.705642e-15   0.000000e+00   1.676488e-16   120
  2.926334e+00   2.437418e-15   1.887069e-03   1.940091e-16   336
  2.934802e+00   1.681834e-15   1.331298e-03   7.251679e-17   672
  2.943175e+00   2.032791e-15   1.936554e-03   1.046271e-16   528
  2.947075e+00   1.502263e-15   5.812872e-08   1.155128e-16   168
  2.956085e+00   2.069370e-15   2.160213e-03   1.167912e-16   456
  2.961583e+00   2.199371e-15   1.319260e-03   2.266696e-16   168
  2.967291e+00   1.966594e-15   1.316892e-03   1.062124e-16   504
  2.976778e+00   1.305822e-15   1.694638e-03   8.721808e-17   336
  2.982515e+00   1.805211e-15   1.221633e-03   1.239278e-16   312
  2.988879e+00   1.565229e-15   1.193619e-03   8.643177e-17   504
  2.997254e+00   1.507396e-15   8.281656e-04   8.450891e-17   432
  3.001192e+00   1.677603e-15   1.279790e-03   1.464125e-16   312
  3.009377e+00   1.391115e-15   1.311847e-03   7.530012e-17   384
  3.017923e+00   2.112218e-15   1.114566e-03   2.640227e-16   126
  3.023199e+00   1.877012e-15   1.956913e-03   1.175234e-16   492
  3.029938e+00   1.893947e-15   1.253405e-03   1.072554e-16   528
  3.038360e+00   1.562730e-15   1.273190e-03   9.008588e-17   480
  3.043581e+00   1.721849e-15   1.758905e-03   1.174222e-16   432
  3.051137e+00   1.484868e-15   1.383146e-03   8.782633e-17   440
  3.059913e+00   1.860829e-15   6.878330e-04   1.449640e-16   312
  3.063206e+00   1.384143e-15   1.030775e-03   8.612726e-17   480
  3.069960e+00   1.405339e-15   2.018238e-03   9.144480e-17   408
  3.079829e+00   1.864771e-15   1.208696e-03   1.466527e-16   360
  3.083998e+00   1.634122e-15   1.166348e-03   1.107917e-16   408
  3.091725e+00   1.256460e-15   1.186907e-03   7.664251e-17   456
  3.100425e+00   1.807522e-15   1.134390e-03   1.210518e-16   264
  3.105254e+00   1.542162e-15   1.231098e-03   1.126652e-16   384
  3.112283e+00   1.328636e-15   2.072640e-03   6.954523e-17   672
  3.120409e+00   1.832250e-15   1.239707e-03   1.507181e-16   240
  3.125099e+00   1.046785e-15   1.257992e-03   7.207566e-17   264
  3.131717e+00   1.232906e-15   1.551526e-03   6.291624e-17   624
  3.141593e+00   1.177848e-15   0.000000e+00   1.261184e-16   150
  3.145109e+00   2.039031e-15   1.738607e-03   1.333558e-16   600
  3.152524e+00   1.430843e-15   1.199942e-03   7.761076e-17   672
  3.160921e+00   1.231702e-15   1.128630e-03   7.778175e-17   336
  3.165599e+00   1.787778e-15   1.227621e-03   1.138080e-16   408
  3.173072e+00   1.743261e-15   1.224729e-03   1.234435e-16   408
  3.181385e+00   1.442671e-15   6.192886e-04   8.063554e-17   360
  3.186510e+00   1.625247e-15   2.273829e-03   1.151715e-16   456
  3.192699e+00   1.435559e-15   1.236522e-03   1.034156e-16   384
  3.200577e+00   8.541646e-16   1.141466e-03   6.657004e-17   348
  3.204835e+00   1.529257e-15   1.407202e-03   1.028309e-16   576
  3.212832e+00   1.341912e-15   1.158646e-03   9.671235e-17   504
  3.221013e+00   1.306509e-15   1.634203e-03   8.439022e-17   432
  3.228154e+00   1.250651e-15   2.223325e-03   7.281778e-17   576
  3.233247e+00   1.147576e-15   0.000000e+00   1.129202e-16   264
  3.241325e+00   1.160151e-15   1.769212e-03   5.129355e-17   768
  3.248351e+00   7.437113e-16   2.381921e-03   4.417979e-17   240
  3.253937e+00   1.394638e-15   2.100629e-03   1.380877e-16   192
  3.262073e+00   1.041251e-15   1.546319e-03   4.959501e-17   504
  3.268108e+00   1.526637e-15   2.083724e-03   7.737065e-17   590
  3.273894e+00   1.600557e-15   2.334698e-03   1.147749e-16   384
  3.281151e+00   1.198203e-15   1.951120e-03   8.897768e-17   504
  3.289911e+00   1.462616e-15   1.877651e-03   9.391780e-17   648
  3.298409e+00   1.122958e-15   5.099453e-04   7.727868e-17   504
  3.301835e+00   1.135339e-15   1.163281e-03   8.178031e-17   312
  3.307884e+00   1.384627e-15   1.676002e-03   8.453328e-17   576
  3.316189e+00   1.623329e-15   1.166339e-03   1.371646e-16   240
  3.321030e+00   8.928075e-16   1.178530e-03   5.099560e-17   552
  3.327882e+00   1.438498e-15   1.106612e-03   1.118224e-16   600
  3.337643e+00   9.718024e-16   1.351639e-03   4.527389e-17   600
  3.343511e+00   9.713929e-16   2.164544e-03   6.343175e-17   312
  3.349356e+00   1.350320e-15   1.885103e-03   8.164829e-17   480
  3.356656e+00   8.879590e-16   1.176123e-03   4.983091e-17   576
  3.363084e+00   1.132768e-15   1.893814e-03   8.794534e-17   408
  3.368787e+00   4.950569e-16   2.209222e-03   3.433221e-17   216
  3.376156e+00   9.712660e-16   1.692015e-03   4.697716e-17   516
  3.384050e+00   9.309860e-16   1.614354e-03   4.763660e-17   744
  3.392194e+00   1.187487e-15   1.078246e-03   7.518805e-17   462
  3.396796e+00   9.738307e-16   1.095881e-03   8.625905e-17   432
  3.403934e+00   1.202003e-15   1.016670e-03   6.970733e-17   648
  3.412327e+00   1.022191e-15   1.487578e-03   5.903296e-17   528
  3.419069e+00   1.072930e-15   1.791415e-03   6.602145e-17   600
  3.425805e+00   1.532267e-15   2.258506e-03   1.155279e-16   240
  3.432329e+00   9.368465e-16   1.729994e-03   5.322370e-17   720
  3.439912e+00   9.906447e-16   1.368738e-03   5.102910e-17   720
  3.448318e+00   6.058925e-16   0.000000e+00   5.916008e-17   144
  3.452742e+00   1.157252e-15   1.764713e-03   6.253741e-17   720
  3.459035e+00   1.107370e-15   1.058157e-03   8.132386e-17   384
  3.466913e+00   8.563304e-16   1.173023e-03   4.253746e-17   672
  3.474387e+00   1.060714e-15   2.053834e-03   8.426449e-17   336
  3.477957e+00   9.036103e-16   0.000000e+00   7.649241e-17   288
  3.486699e+00   8.625350e-16   1.625472e-03   4.720784e-17   776
  3.494792e+00   6.758797e-16   1.390838e-03   3.566245e-17   720
  3.501588e+00   6.834518e-16   1.120422e-03   4.546164e-17   432
  3.507024e+00   1.049598e-15   1.597303e-03   7.647792e-17   504
  3.513071e+00   8.142647e-16   1.119137e-03   4.741612e-17   528
  3.521533e+00   1.355737e-15   1.524759e-03   1.424682e-16   438
  3.528495e+00   1.071630e-15   1.774680e-03   6.744940e-17   624
  3.533741e+00   9.931815e-16   2.173744e-03   8.727048e-17   312
  3.540952e+00   1.325631e-15   1.171159e-03   8.453196e-17   696
  3.548410e+00   9.583589e-16   1.059686e-03   7.061545e-17   552
  3.556166e+00   8.459393e-16   8.198436e-04   6.157699e-17   516
  3.560964e+00   1.183565e-15   1.637576e-03   8.541139e-17   528
  3.566805e+00   5.486955e-16   1.064960e-03   2.929726e-17   528
  3.575102e+00   7.893863e-16   1.404467e-03   4.581556e-17   864
  3.580734e+00   8.773268e-16   1.923830e-03   7.211538e-17   408
  3.586372e+00   1.379664e-15   1.906039e-03   1.668146e-16   192
  3.594362e+00   6.943492e-16   1.577339e-03   4.023694e-17   720
  3.601108e+00   7.038721e-16   1.454384e-03   4.077115e-17   696
  3.609123e+00   8.526084e-16   1.570748e-03   5.495631e-17   720
  3.616456e+00   8.571175e-16   2.128961e-03   6.398332e-17   432
  3.620733e+00   5.600078e-16   1.253189e-03   4.916690e-17   264
  3.628427e+00   8.810710e-16   1.730599e-03   5.663168e-17   672
  3.635310e+00   7.187350e-16   1.771868e-03   4.071208e-17   600
  3.643477e+00   3.714074e-16   1.037427e-03   2.853819e-17   270
  3.647594e+00   8.264640e-16   1.561617e-03   6.721591e-17   528
  3.654138e+00   8.936992e-16   1.069340e-03   6.607192e-17   840
  3.663112e+00   1.109942e-15   2.044769e-03   7.230968e-17   888
  3.671403e+00   7.155198e-16   1.523504e-03   4.352054e-17   744
  3.678411e+00   6.892058e-16   7.828584e-04   4.308436e-17   456
  3.681896e+00   1.379842e-15   1.069824e-03   1.256872e-16   360
  3.687860e+00   7.064635e-16   9.269427e-04   6.973888e-17   384
  3.697011e+00   8.005175e-16   1.486807e-03   4.820461e-17   816
  3.703877e+00   7.170530e-16   2.157150e-03   4.468435e-17   824
  3.712223e+00   6.600565e-16   1.002746e-03   6.620151e-17   360
  3.716692e+00   7.603823e-16   1.479676e-03   4.466807e-17   624
  3.722842e+00   9.346731e-16   9.998850e-04   7.792461e-17   360
  3.731036e+00   6.833411e-16   1.360137e-03   3.578806e-17   876
  3.738436e+00   6.566721e-16   1.615436e-03   4.030249e-17   696
  3.745899e+00   4.398431e-16   1.043143e-03   2.978273e-17   336
  3.749811e+00   8.664373e-16   1.041971e-03   5.923268e-17   504
  3.756273e+00   5.864910e-16   1.051000e-03   3.643192e-17   672
  3.765859e+00   5.586841e-16   2.092296e-03   2.622760e-17   720
  3.772508e+00   6.629515e-16   1.580506e-03   3.842108e-17   774
  3.779846e+00   9.987687e-16   9.046409e-04   9.230319e-17   384
  3.783690e+00   6.571068e-16   1.740917e-03   4.290733e-17   528
  3.789655e+00   9.187108e-16   1.659191e-03   6.081218e-17   744
  3.799249e+00   7.062720e-16   1.368481e-03   3.681872e-17   768
  3.805620e+00   7.376318e-16   1.536223e-03   7.658278e-17   552
  3.813568e+00   6.207309e-16   1.674309e-03   4.398844e-17   696
  3.819481e+00   8.277483e-16   2.034577e-03   8.216465e-17   408
  3.824174e+00   7.547994e-16   8.789532e-04   5.957459e-17   504
  3.831615e+00   6.605666e-16   1.579007e-03   3.871598e-17   888
  3.838937e+00   6.161566e-16   1.641044e-03   3.794793e-17   648
  3.846547e+00   6.218799e-16   1.626978e-03   4.083298e-17   648
  3.853707e+00   6.210097e-16   1.754281e-03   3.490466e-17   792
  3.861291e+00   5.843575e-16   2.566633e-03   4.333666e-17   600
  3.866880e+00   4.136319e-16   1.739428e-03   2.369429e-17   456
  3.872762e+00   5.622051e-16   8.477229e-04   3.931571e-17   648
  3.880317e+00   5.447836e-16   1.653183e-03   2.965640e-17   936
  3.888474e+00   6.002588e-16   1.015268e-03   4.747116e-17   384
  3.895575e+00   6.645459e-16   0.000000e+00   8.369205e-17   198
  3.901055e+00   7.350562e-16   2.575821e-03   5.949470e-17   1224
  3.906966e+00   1.012562e-15   1.875990e-03   1.011960e-16   420
  3.913957e+00   6.877676e-16   1.815566e-03   4.711979e-17   792
  3.920793e+00   6.941804e-16   1.501318e-03   5.260137e-17   680
  3.928594e+00   7.857445e-16   1.378581e-03   7.613518e-17   600
  3.934870e+00   5.415374e-16   1.999321e-03   3.047374e-17   840
  3.943251e+00   6.454644e-16   9.439865e-04   5.204727e-17   432
  3.946454e+00   7.586245e-16   8.846397e-04   5.174952e-17   720
  3.953417e+00   5.451382e-16   1.771778e-03   3.370625e-17   960
  3.962077e+00   4.332300e-16   1.579411e-03   3.473156e-17   528
  3.968405e+00   5.229860e-16   1.614459e-03   3.693449e-17   624
  3.975938e+00   5.965248e-16   1.268954e-03   3.609833e-17   816
  3.983415e+00   4.776046e-16   2.086821e-03   3.245906e-17   696
  3.991678e+00   3.856899e-16   1.150890e-07   3.241569e-17   240
  3.994784e+00   5.884909e-16   1.230648e-03   4.019608e-17   672
  4.001719e+00   5.578698e-16   2.199344e-03   4.193600e-17   864
  4.009498e+00   3.900124e-16   1.687640e-03   2.032644e-17   816
  4.016509e+00   4.628101e-16   9.659469e-04   3.368780e-17   648
  4.024060e+00   6.715063e-16   9.873737e-04   4.150047e-17   843
  4.030471e+00   4.841533e-16   1.776528e-03   3.486175e-17   780
  4.038111e+00   8.467544e-16   9.532520e-04   1.827459e-16   216
  4.042823e+00   5.153897e-16   2.298663e-03   2.935068e-17   1056
  4.050071e+00   2.776039e-16   1.880564e-03   2.648234e-17   228
  4.056781e+00   6.172199e-16   2.341349e-03   4.601413e-17   924
  4.063670e+00   4.789178e-16   8.685094e-04   2.528654e-17   696
  4.070964e+00   4.615408e-16   1.545698e-03   3.269430e-17   996
  4.078428e+00   4.011563e-16   9.125493e-04   4.291945e-17   576
  4.086192e+00   4.041330e-16   1.408459e-03   3.568091e-17   552
  4.091852e+00   5.379369e-16   1.681651e-03   4.058413e-17   516
  4.097596e+00   5.233934e-16   2.445470e-03   4.012266e-17   744
  4.104159e+00   2.919038e-16   1.199649e-03   2.423387e-17   576
  4.109868e+00   4.491280e-16   1.234742e-03   2.901354e-17   792
  4.117982e+00   4.081961e-16   1.411539e-03   2.568219e-17   792
  4.123927e+00   4.674726e-16   1.522330e-03   3.947096e-17   720
  4.131968e+00   3.452141e-16   1.735107e-03   2.192037e-17   656
  4.139503e+00   3.301099e-16   1.894646e-03   1.670856e-17   816
  4.147227e+00   5.140501e-16   1.021561e-03   5.603644e-17   492
  4.151618e+00   4.325307e-16   1.469588e-03   3.193916e-17   552
  4.159858e+00   3.048489e-16   2.555435e-03   2.651775e-17   780
  4.165209e+00   3.447838e-16   1.569773e-03   2.764822e-17   528
  4.170975e+00   2.688596e-16   1.832403e-03   2.495008e-17   600
  4.179472e+00   3.863887e-16   1.522872e-03   2.020781e-17   900
  4.185329e+00   3.257655e-16   8.430879e-04   2.431086e-17   696
  4.193388e+00   3.123117e-16   2.131780e-03   2.227049e-17   696
  4.201183e+00   2.241880e-16   8.648430e-04   1.166920e-17   552
  4.207739e+00   2.635981e-16   1.005732e-03   1.634304e-17   708
  4.214606e+00   2.848296e-16   1.660522e-03   1.633816e-17   876
  4.221752e+00   3.000451e-16   8.817041e-04   2.896725e-17   216
  4.226547e+00   2.740626e-16   2.411580e-03   1.330266e-17   1032
  4.233729e+00   2.050170e-16   2.685028e-03   1.060212e-17   600
  4.241182e+00   1.816101e-16   1.281196e-03   1.538864e-17   600
  4.246868e+00   2.903391e-16   2.262472e-03   1.775301e-17   528
  4.253589e+00   2.437798e-16   1.241998e-03   1.459231e-17   732
  4.260669e+00   3.067426e-16   9.171027e-04   2.734750e-17   336
  4.268820e+00   2.209127e-16   1.307053e-03   1.184541e-17   912
  4.274911e+00   2.085877e-16   1.311885e-03   1.089487e-17   624
  4.281565e+00   2.310758e-16   1.105498e-03   1.204538e-17   768
  4.289333e+00   2.238698e-16   1.994537e-03   1.006092e-17   792
  4.296957e+00   2.727875e-16   9.888090e-04   1.884263e-17   660
  4.302382e+00   2.470800e-16   1.457169e-03   1.813223e-17   504
  4.307992e+00   1.726707e-16   2.380735e-03   9.997174e-18   480
  4.316401e+00   1.524939e-16   2.201870e-03   6.115740e-18   912
  4.322985e+00   2.096976e-16   2.452123e-03   1.699585e-17   432
  4.329203e+00   2.291104e-16   1.456013e-03   1.377086e-17   564
  4.334724e+00   1.687603e-16   1.393605e-03   8.408086e-18   600
  4.342496e+00   2.393388e-16   1.942553e-03   1.244714e-17   876
  4.348334e+00   2.093272e-16   8.734307e-04   2.444976e-17   264
  4.356382e+00   1.570017e-16   1.694799e-03   8.194931e-18   560
  4.362850e+00   1.980883e-16   1.151652e-03   9.787587e-18   840
  4.370702e+00   1.405049e-16   1.775516e-03   6.714538e-18   1008
  4.377963e+00   1.322181e-16   7.942467e-04   6.990529e-18   456
  4.384595e+00   1.741575e-16   1.028834e-03   9.465306e-18   576
  4.390725e+00   1.909296e-16   1.580913e-03   1.167223e-17   612
  4.398809e+00   1.531031e-16   1.412012e-03   7.568973e-18   780
  4.405404e+00   1.711201e-16   1.618102e-03   9.910944e-18   648
  4.412155e+00   1.576688e-16   7.540562e-04   1.252231e-17   312
  4.416470e+00   1.540305e-16   1.915933e-03   9.966185e-18   528
  4.423945e+00   1.286779e-16   2.502113e-03   5.287725e-18   720
  4.431093e+00   1.776967e-16   2.509948e-03   1.249576e-17   576
  4.439759e+00   1.808371e-16   2.165154e-03   1.231821e-17   444
  4.445151e+00   1.482739e-16   2.123318e-03   5.122180e-18   996
  4.451759e+00   1.393602e-16   1.773610e-03   9.548339e-18   432
  4.458005e+00   1.508977e-16   1.941754e-03   8.277242e-18   504
  4.463400e+00   1.014120e-16   8.754449e-04   4.961370e-18   504
  4.471082e+00   1.493592e-16   1.722886e-03   6.559038e-18   876
  4.478033e+00   1.134121e-16   1.982878e-03   5.488286e-18   504
  4.485271e+00   1.214506e-16   1.264576e-03   5.893853e-18   696
  4.491253e+00   1.099738e-16   1.081079e-03   5.653347e-18   492
  4.499392e+00   1.089455e-16   1.547618e-03   6.858177e-18   432
  4.505420e+00   1.528519e-16   1.449174e-03   7.308541e-18   768
  4.512567e+00   1.188155e-16   1.805141e-03   5.689763e-18   648
  4.519390e+00   9.707792e-17   1.177661e-03   5.811553e-18   456
  4.527231e+00   1.293478e-16   1.619475e-03   6.918423e-18   552
  4.532676e+00   1.174828e-16   1.109989e-03   6.615902e-18   648
  4.540170e+00   1.017243e-16   1.809220e-03   3.922596e-18   840
  4.547491e+00   1.111217e-16   8.627791e-04   6.990428e-18   432
  4.554820e+00   1.294167e-16   1.056757e-03   8.876617e-18   600
  4.559917e+00   1.294359e-16   1.125905e-03   7.044671e-18   432
  4.568479e+00   1.190132e-16   1.120948e-03   6.447482e-18   560
  4.574277e+00   1.007402e-16   1.774344e-03   3.943847e-18   840
  4.581537e+00   1.224910e-16   1.050970e-03   8.659986e-18   504
  4.587303e+00   1.091835e-16   2.144966e-03   5.003932e-18   696
  4.595432e+00   1.261821e-16   1.171504e-03   7.808311e-18   384
  4.601763e+00   9.139647e-17   1.716116e-03   4.877399e-18   576
  4.609420e+00   9.267984e-17   1.059101e-03   6.117896e-18   360
  4.615593e+00   9.201753e-17   1.577258e-03   4.103302e-18   828
  4.622251e+00   8.163083e-17   1.404841e-03   4.703344e-18   372
  4.628352e+00   9.236496e-17   2.145462e-03   4.854398e-18   576
  4.636434e+00   9.966712e-17   8.985170e-04   4.556400e-18   636
  4.642192e+00   1.098518e-16   1.732109e-03   5.500181e-18   648
  4.649981e+00   8.225584e-17   1.408015e-03   3.811150e-18   576
  4.655573e+00   8.982807e-17   2.271277e-03   4.759109e-18   528
  4.663010e+00   9.178378e-17   9.710647e-04   6.971000e-18   360
  4.669165e+00   7.615990e-17   2.233813e-03   3.356775e-18   672
  4.677203e+00   1.011902e-16   1.144196e-03   4.819506e-18   804
  4.683893e+00   9.533942e-17   1.262185e-03   6.000472e-18   408
  4.691293e+00   8.727990e-17   7.801673e-04   4.738722e-18   384
  4.696276e+00   6.591625e-17   1.785323e-03   3.817775e-18   480
  4.703304e+00   8.736363e-17   1.153580e-03   5.763874e-18   432
  4.710045e+00   1.016631e-16   2.125802e-03   4.167386e-18   648
  4.718024e+00   7.811322e-17   1.319050e-03   3.518962e-18   624
  4.723861e+00   8.043777e-17   1.199787e-03   4.280178e-18   456
  4.731831e+00   7.727515e-17   1.639016e-03   4.146531e-18   588
  4.737172e+00   7.289848e-17   1.045685e-03   3.618538e-18   600
  4.744970e+00   7.222496e-17   1.631013e-03   3.423680e-18   708
  4.751130e+00   9.067783e-17   1.027507e-03   5.455765e-18   360
  4.757936e+00   7.405813e-17   1.181146e-03   3.503575e-18   552
  4.764461e+00   6.737692e-17   8.286020e-04   4.186253e-18   288
  4.771085e+00   7.684538e-17   1.557998e-03   3.536696e-18   528
  4.777309e+00   7.342585e-17   1.051098e-03   3.510220e-18   456
  4.784262e+00   7.703977e-17   1.863824e-03   3.705595e-18   608
  4.791256e+00   6.224656e-17   9.017389e-04   3.276574e-18   504
  4.798898e+00   5.554260e-17   1.935982e-03   2.559212e-18   540
  4.804891e+00   7.062384e-17   2.078222e-03   4.266922e-18   360
  4.811350e+00   7.788976e-17   9.411255e-04   3.564789e-18   540
  4.817063e+00   6.484692e-17   8.080679e-04   3.612836e-18   576
  4.825371e+00   6.489056e-17   1.873635e-03   3.045572e-18   588
  4.833270e+00   6.701212e-17   2.585051e-03   2.964933e-18   672
  4.840056e+00   6.850856e-17   1.975777e-03   2.970268e-18   552
  4.845526e+00   5.940327e-17   1.976776e-03   6.271222e-18   144
  4.852507e+00   7.509987e-17   1.679474e-03   3.818731e-18   600
  4.859125e+00   5.387144e-17   2.104747e-03   2.854173e-18   504
  4.866470e+00   6.273638e-17   2.162000e-03   4.372479e-18   336
  4.874196e+00   6.178809e-17   2.430098e-03   2.700171e-18   600
  4.881116e+00   6.357169e-17   1.568306e-03   2.831492e-18   636
  4.888585e+00   6.527179e-17   1.260932e-03   4.158421e-18   384
  4.893821e+00   6.364382e-17   1.758851e-03   3.600192e-18   504
  4.901368e+00   5.440016e-17   7.381651e-04   3.431535e-18   240
  4.907324e+00   6.206656e-17   1.734055e-03   2.957000e-18   744
  4.914470e+00   5.550217e-17   1.184096e-03   2.406860e-18   648
  4.920821e+00   8.719852e-17   7.860381e-04   8.109843e-18   120
  4.928265e+00   5.246338e-17   1.234764e-03   2.293980e-18   564
  4.933890e+00   5.699181e-17   1.939271e-03   3.075389e-18   432
  4.941396e+00   6.067136e-17   1.505258e-03   2.814723e-18   480
  4.947049e+00   4.183323e-17   1.107908e-03   2.288288e-18   456
  4.953721e+00   5.950003e-17   1.833424e-03   3.540679e-18   444
  4.961293e+00   5.179063e-17   2.805235e-03   2.828262e-18   528
  4.967944e+00   5.527075e-17   2.083390e-03   4.161984e-18   264
  4.974399e+00   5.873989e-17   2.135165e-03   4.020378e-18   444
  4.983082e+00   5.383286e-17   2.338759e-03   2.550392e-18   696
  4.990289e+00   4.520141e-17   1.250847e-03   2.581083e-18   384
  4.995560e+00   5.821146e-17   1.580550e-03   3.368160e-18   432
  5.003759e+00   5.743784e-17   1.092086e-03   2.867140e-18   488
  5.009082e+00   5.192675e-17   1.645909e-03   2.522449e-18   480
  5.016800e+00   4.420308e-17   1.835529e-03   2.699790e-18   480
  5.022777e+00   5.218831e-17   7.701318e-04   3.479136e-18   240
  5.029563e+00   5.395201e-17   1.798967e-03   2.901429e-18   600
  5.035964e+00   4.385600e-17   1.567616e-03   2.780571e-18   288
  5.042780e+00   4.704873e-17   1.507931e-03   2.397261e-18   480
  5.049682e+00   4.832058e-17   2.682341e-03   2.553446e-18   504
  5.056479e+00   4.451602e-17   1.150891e-03   3.423773e-18   216
  5.065146e+00   5.222437e-17   1.884192e-03   2.739890e-18   504
  5.071897e+00   4.946005e-17   1.515464e-03   2.720354e-18   456
  5.079286e+00   6.049678e-17   8.691442e-04   3.864845e-18   384
  5.084180e+00   5.272845e-17   1.764049e-03   2.856043e-18   480
  5.091134e+00   4.033078e-17   1.549032e-03   2.190341e-18   504
  5.097578e+00   5.340389e-17   9.826093e-04   3.459500e-18   312
  5.104521e+00   3.947290e-17   1.583441e-03   1.981176e-18   492
  5.110667e+00   5.015909e-17   1.484108e-03   3.348635e-18   312
  5.118579e+00   4.136400e-17   2.410815e-03   2.388972e-18   576
  5.125543e+00   4.353189e-17   2.225378e-03   2.964342e-18   336
  5.131328e+00   3.165328e-17   1.713438e-03   2.420205e-18   240
  5.139346e+00   4.273880e-17   2.271584e-03   2.342623e-18   468
  5.146270e+00   4.412441e-17   1.422340e-03   3.536592e-18   192
  5.153517e+00   3.904742e-17   1.426580e-03   2.688310e-18   324
  5.158828e+00   4.241699e-17   1.035388e-03   2.091849e-18   600
  5.166066e+00   4.802971e-17   1.679811e-03   2.697971e-18   456
  5.171442e+00   4.544491e-17   7.555789e-04   3.262741e-18   336
  5.180350e+00   4.577373e-17   2.262417e-03   2.452046e-18   612
  5.186832e+00   3.931529e-17   1.898719e-03   3.951368e-18   144
  5.192961e+00   4.556835e-17   2.216292e-03   2.156336e-18   552
  5.201296e+00   3.427827e-17   8.728032e-04   2.457654e-18   264
  5.206006e+00   4.450598e-17   2.020762e-03   3.167918e-18   336
  5.213435e+00   3.605828e-17   1.335250e-03   1.926536e-18   384
  5.219878e+00   4.226938e-17   7.516140e-04   3.245428e-18   216
  5.227010e+00   3.325615e-17   1.593577e-03   1.794019e-18   344
  5.233513e+00   3.463221e-17   2.377692e-03   1.932834e-18   408
  5.241438e+00   4.089197e-17   1.827101e-03   2.812849e-18   264
  5.248460e+00   4.292799e-17   2.547069e-03   1.938228e-18   612
  5.255476e+00   5.825004e-17   1.310917e-03   3.719684e-18   408
  5.262692e+00   3.688227e-17   1.312801e-03   2.139122e-18   444
  5.267993e+00   6.044990e-17   7.342396e-04   4.733619e-18   120
  5.275096e+00   4.321524e-17   2.028570e-03   2.132898e-18   336
  5.280368e+00   3.461549e-17   7.049199e-04   2.490158e-18   288
  5.287493e+00   3.845452e-17   2.193723e-03   1.885976e-18   552
  5.297288e+00   4.544460e-17   0.000000e+00   4.960268e-18   72
  5.302324e+00   3.256558e-17   2.178926e-03   1.902496e-18   504
  5.308207e+00   2.635144e-17   7.011571e-04   1.803498e-18   216
  5.315829e+00   3.076728e-17   1.251868e-03   2.063905e-18   312
  5.322672e+00   2.786721e-17   1.425448e-03   1.489060e-18   336
  5.329194e+00   2.744868e-17   1.975831e-03   2.668585e-18   204
  5.335689e+00   3.960072e-17   2.296216e-03   1.940459e-18   504
  5.342577e+00   4.356379e-17   2.186657e-03   2.778628e-18   396
  5.349201e+00   3.878584e-17   2.005279e-03   3.029500e-18   312
  5.357232e+00   4.954792e-17   1.225440e-03   4.169467e-18   216
  5.362890e+00   3.902937e-17   6.650698e-04   2.795657e-18   168
  5.369766e+00   3.726934e-17   1.679338e-03   1.921035e-18   588
  5.377613e+00   2.780454e-17   2.279505e-03   1.737550e-18   240
  5.383710e+00   2.544056e-17   2.013185e-03   1.887915e-18   264
  5.390860e+00   2.883559e-17   2.489717e-03   2.187264e-18   288
  5.397204e+00   2.835441e-17   1.243261e-03   2.029711e-18   288
  5.405244e+00   2.757594e-17   1.167620e-03   1.844978e-18   288
  5.410658e+00   2.805614e-17   1.352591e-03   2.062717e-18   192
  5.417469e+00   2.300584e-17   1.439292e-03   1.595088e-18   264
  5.423957e+00   5.169824e-17   2.367436e-03   3.341645e-18   372
  5.430940e+00   4.778939e-17   2.556933e-03   3.498958e-18   360
  5.439463e+00   3.100494e-17   1.082118e-03   3.445326e-18   144
  5.443868e+00   2.944626e-17   1.503015e-03   2.349400e-18   296
  5.450821e+00   2.989747e-17   1.619421e-03   2.735299e-18   288
  5.458782e+00   2.931086e-17   2.420184e-03   1.676606e-18   480
  5.465649e+00   2.387260e-17   2.010942e-03   2.767289e-18   192
  5.472326e+00   3.150642e-17   2.157009e-03   2.754631e-18   192
  5.478395e+00   2.429843e-17   1.374687e-03   2.138800e-18   288
  5.486835e+00   2.143157e-17   1.196646e-03   1.959448e-18   108
  5.491087e+00   3.037737e-17   1.150429e-03   2.314756e-18   240
  5.498595e+00   2.351447e-17   2.146152e-03   1.502927e-18   384
  5.506307e+00   2.758031e-17   2.618062e-03   2.505973e-18   108
  5.513127e+00   5.219308e-17   1.535018e-03   3.774167e-18   348
  5.520298e+00   2.989687e-17   1.602006e-03   2.278263e-18   312
  5.526703e+00   1.900450e-17   1.556684e-03   2.687344e-18   96
  5.532593e+00   3.024107e-17   2.072444e-03   2.159945e-18   384
  5.539190e+00   3.002175e-17   1.425422e-03   3.142500e-18   144
  5.545642e+00   2.888259e-17   2.190224e-03   2.046314e-18   408
  5.553663e+00   2.080287e-17   9.769946e-04   1.876075e-18   144
  5.561240e+00   2.692194e-17   1.878283e-03   2.540054e-18   192
  5.565734e+00   3.258321e-17   2.114042e-03   2.940569e-18   144
  5.573059e+00   2.219409e-17   1.718794e-03   2.557342e-18   144
  5.579969e+00   2.854108e-17   2.100644e-03   1.818240e-18   336
  5.588433e+00   2.235177e-17   1.554210e-03   1.715771e-18   240
  5.593800e+00   2.353211e-17   7.057532e-04   2.928249e-18   96
  5.601284e+00   3.248262e-17   2.069634e-03   2.875831e-18   372
  5.608856e+00   2.628357e-17   2.461786e-03   2.845767e-18   132
  5.615507e+00   1.729437e-17   1.523323e-03   1.174993e-18   264
  5.621457e+00   4.634531e-17   1.169843e-03   6.109658e-18   168
  5.627807e+00   2.516971e-17   1.870354e-03   2.103813e-18   216
  5.633417e+00   2.979733e-17   1.144306e-03   3.660895e-18   216
  5.641586e+00   2.198242e-17   2.099325e-03   1.977199e-18   96
  5.648999e+00   3.240177e-17   1.369618e-03   4.406997e-18   120
  5.655797e+00   1.996032e-17   1.741170e-03   1.527750e-18   216
  5.661397e+00   2.224513e-17   7.608972e-04   1.877786e-18   200
  5.668812e+00   2.185069e-17   1.969636e-03   1.958669e-18   288
  5.678322e+00   1.400792e-17   5.182495e-04   1.103259e-18   144
  5.682326e+00   2.532339e-17   1.612761e-03   2.502420e-18   168
  5.690504e+00   3.038727e-17   1.815012e-03   3.286501e-18   159
  5.696887e+00   2.829348e-17   1.904384e-03   4.002778e-18   174
  5.703065e+00   1.372387e-17   1.726829e-03   1.071705e-18   144
  5.711154e+00   2.267418e-17   9.971188e-04   1.808794e-18   222
  5.716564e+00   1.539496e-17   1.006181e-03   1.290243e-18   168
  5.725909e+00   3.139715e-17   2.206942e-03   5.155457e-18   30
  5.729769e+00   8.878566e-18   1.948567e-03   1.144548e-18   72
  5.737039e+00   1.922189e-17   1.739073e-03   1.502697e-18   258
  5.745032e+00   2.302585e-17   1.089226e-03   1.606807e-18   264
  5.749029e+00   1.752066e-17   1.174622e-07   2.684970e-18   72
  5.757357e+00   1.555474e-17   2.158892e-03   1.255926e-18   174
  5.764898e+00   2.003148e-17   2.298822e-03   1.855232e-18   168
  5.770961e+00   1.018250e-17   7.193062e-08   1.789640e-18   48
  5.777470e+00   1.259995e-17   1.298199e-03   1.054048e-18   150
  5.785016e+00   2.031266e-17   2.388130e-03   1.605269e-18   168
  5.792583e+00   1.515030e-17   1.454738e-03   1.278977e-18   144
  5.799541e+00   2.622187e-17   1.359056e-03   4.709576e-18   102
  5.804724e+00   1.173445e-17   2.011636e-03   1.151819e-18   96
  5.812948e+00   1.286782e-17   1.996414e-03   1.180698e-18   120
  5.819038e+00   1.221873e-17   2.141206e-03   8.420131e-19   168
  5.825625e+00   2.631219e-17   1.581111e-03   3.081010e-18   126
  5.831237e+00   1.691750e-17   1.192474e-03   1.319489e-18   168
  5.838969e+00   1.678330e-17   1.912134e-03   1.997168e-18   72
  5.845726e+00   1.367083e-17   2.394418e-03   8.710202e-19   168
  5.851646e+00   2.082628e-17   6.564276e-04   2.224814e-18   78
  5.859757e+00   1.650160e-17   1.077805e-03   1.648413e-18   60
  5.866288e+00   1.799748e-17   1.748374e-03   2.012059e-18   96
  5.873062e+00   1.133415e-17   2.121507e-03   9.437337e-19   168
  5.879428e+00   1.233854e-17   1.342407e-03   1.549432e-18   86
  5.886107e+00   1.048132e-17   1.199794e-03   8.738278e-19   120
  5.895681e+00   1.404313e-17   8.556122e-04   1.000340e-18   168
  5.900844e+00   7.160517e-18   0.000000e+00   1.320422e-18   48
  5.907798e+00   1.660609e-17   1.558833e-03   2.153887e-18   120
  5.911793e+00   1.211224e-17   1.137231e-03   1.197439e-18   126
  5.921548e+00   1.180850e-17   2.000073e-03   9.968628e-19   96
  5.927878e+00   1.261437e-17   5.767223e-04   1.200758e-18   96
  5.932871e+00   1.088325e-17   6.781684e-08   1.239028e-18   72
  5.943508e+00   1.369884e-17   7.193062e-08   3.271022e-18   24
  5.950147e+00   1.116763e-17   1.186881e-03   1.081791e-18   120
  5.955326e+00   1.320720e-17   1.731294e-03   1.170789e-18   126
  5.961084e+00   9.947104e-18   1.443268e-03   1.155326e-18   96
  5.967813e+00   9.464623e-18   2.494389e-03   1.008159e-18   72
  5.975306e+00   1.454789e-17   1.078907e-03   9.209857e-19   144
  5.981469e+00   1.193425e-17   6.222882e-04   1.260022e-18   72
  5.987626e+00   1.325448e-17   1.242932e-03   1.652596e-18   54
  5.993045e+00   1.241845e-17   1.095319e-03   1.232743e-18   108
  6.004306e+00   1.909189e-17   1.073696e-03   2.546513e-18   72
  6.007812e+00   1.350319e-17   6.195595e-04   1.261579e-18   72
  6.016129e+00   1.354564e-17   1.245875e-07   2.477999e-18   24
  6.023999e+00   1.237308e-17   1.310705e-03   1.671084e-18   48
  6.028777e+00   1.221898e-17   9.984188e-04   1.308099e-18   102
  6.035970e+00   1.263639e-17   2.258008e-03   1.078091e-18   168
  6.045369e+00   1.304423e-17   1.231465e-03   1.838791e-18   72
  6.048851e+00   1.277897e-17   0.000000e+00   1.723032e-18   48
  6.056156e+00   9.795913e-18   2.118194e-03   8.295901e-19   120
  6.065796e+00   9.185240e-18   1.301673e-03   6.284492e-19   96
  6.074901e+00   1.707827e-17   1.150890e-07   3.140897e-18   30
  6.085723e+00   1.301325e-17   6.115837e-04   1.722268e-18   72
  6.090478e+00   1.204337e-17   7.193062e-08   1.596860e-18   24
  6.096586e+00   1.095605e-17   9.065181e-04   1.370222e-18   56
  6.103428e+00   1.065042e-17   1.293647e-03   1.348915e-18   96
  6.111616e+00   1.343602e-17   1.428503e-03   1.061702e-18   144
  6.117928e+00   8.493392e-18   8.110480e-04   1.291063e-18   54
  6.127099e+00   1.186422e-17   1.215036e-03   1.277059e-18   108
  6.136327e+00   1.457372e-17   6.433558e-04   2.445915e-18   48
  6.145113e+00   1.258181e-17   2.422440e-03   1.429141e-18   72
  6.166195e+00   1.035117e-17   1.600514e-03   1.190931e-18   78
  6.172037e+00   7.087949e-18   1.206188e-03   7.616520e-19   72
  6.178856e+00   7.454599e-18   1.204690e-03   8.886785e-19   72
  6.185986e+00   1.228968e-17   2.907051e-03   1.284785e-18   96
  6.191621e+00   1.055732e-17   1.202207e-03   1.195776e-18   72
  6.198419e+00   8.022583e-18   0.000000e+00   5.217091e-19   24
  6.205208e+00   1.409629e-17   2.398986e-03   1.597505e-18   72
  6.220544e+00   1.176910e-17   1.523430e-03   2.007735e-18   30
  6.223843e+00   1.340727e-17   0.000000e+00   3.147105e-18   24
  6.241578e+00   9.147972e-18   1.265014e-03   1.470174e-18   48
  6.247142e+00   8.124273e-18   2.722309e-03   7.059630e-19   120
  6.254637e+00   1.092767e-17   1.190257e-03   1.327103e-18   72
  6.262206e+00   1.022691e-17   1.188818e-03   1.319008e-18   36
  6.267409e+00   9.364112e-18   2.349657e-03   1.366328e-18   78
  6.281928e+00   1.272675e-17   1.256888e-03   1.941274e-18   48
  6.300754e+00   1.263036e-17   1.017253e-07   2.626016e-18   24
  6.314166e+00   1.372228e-17   8.752715e-04   1.833242e-18   56
  6.320919e+00   8.865468e-18   1.346877e-03   7.895811e-19   102
  6.329510e+00   7.253915e-18   9.590750e-08   5.714577e-19   72
  6.334498e+00   8.468588e-18   7.193062e-08   1.786540e-18   24
  6.343217e+00   6.234326e-18   1.244744e-03   7.807254e-19   48
  6.359378e+00   1.093999e-17   0.000000e+00   1.736022e-18   24
  6.379213e+00   3.458936e-17   0.000000e+00   1.054352e-17   6
  6.385398e+00   6.230153e-18   0.000000e+00   9.819144e-19   24
  6.389518e+00   1.368998e-17   1.165127e-03   1.404664e-18   72
  6.397046e+00   7.580759e-18   2.173655e-03   8.519649e-19   84
  6.405152e+00   1.121285e-17   0.000000e+00   2.321137e-18   24
  6.407617e+00   5.399523e-18   1.017253e-07   8.188648e-19   24
  6.419927e+00   1.449583e-17   1.245875e-07   3.173610e-18   24
  6.437123e+00   1.834432e-17   0.000000e+00   6.956519e-18   6
  6.459163e+00   1.070720e-17   1.222400e-03   1.487737e-18   48
  6.464458e+00   1.024991e-17   2.302802e-03   9.982303e-19   72
  6.471376e+00   1.068052e-17   1.220094e-03   1.649293e-18   48
  6.482347e+00   1.282736e-17   0.000000e+00   1.962147e-18   24
  6.496947e+00   4.339726e-18   0.000000e+00   3.940961e-19   6
  6.529678e+00   9.432756e-18   0.000000e+00   4.135031e-18   8
  6.532096e+00   9.689763e-18   7.193062e-08   1.317096e-18   48
  6.537895e+00   7.481021e-18   1.183236e-03   8.600002e-19   60
  6.546585e+00   1.149889e-17   0.000000e+00   1.419614e-18   24
  6.558634e+00   2.854364e-17   0.000000e+00   4.255647e-18   6
  6.603027e+00   5.758938e-18   0.000000e+00   1.257905e-18   24
  6.606613e+00   1.353403e-17   1.195118e-03   1.424095e-18   48
  6.612586e+00   1.043356e-17   0.000000e+00   2.235793e-18   24
  6.622132e+00   6.252319e-18   0.000000e+00   1.678397e-18   6
  6.676359e+00   1.031049e-17   1.114931e-03   1.899810e-18   36
  6.680300e+00   1.094882e-17   0.000000e+00   2.413260e-18   24
  6.687387e+00   8.045930e-18   0.000000e+00   2.280443e-18   6
  6.749089e+00   8.214275e-18   1.013241e-03   1.437357e-18   32
  6.754351e+00   9.189328e-18   0.000000e+00   3.437894e-18   6
  6.820657e+00   4.824359e-18   0.000000e+00   1.170223e-18   12
  6.822972e+00   1.685814e-18   0.000000e+00   4.849115e-19   6
  6.893201e+00   1.810003e-17   0.000000e+00   3.638662e-18   6
