# power spectrum of pi_k * H (dimensionless)
# redshift z=0.580702
# k              Pk             sigma(k)       sigma(Pk)      count
  1.256637e-01   1.406982e-11   0.000000e+00   5.747660e-12   6
  1.777153e-01   3.720392e-12   0.000000e+00   8.318291e-13   12
  2.176559e-01   1.574775e-12   2.384186e-09   5.005661e-13   8
  2.513274e-01   3.165729e-12   0.000000e+00   3.635188e-13   6
  2.809926e-01   2.009983e-12   4.495664e-09   5.263031e-13   24
  3.078120e-01   1.975256e-12   4.495664e-09   3.541148e-13   24
  3.554306e-01   6.900651e-13   0.000000e+00   1.682015e-13   12
  3.769911e-01   6.469819e-13   5.086263e-09   8.763855e-14   30
  3.973835e-01   4.999389e-13   0.000000e+00   8.052127e-14   24
  4.167794e-01   9.745583e-13   7.786718e-09   1.152698e-13   24
  4.353118e-01   2.321441e-13   4.768372e-09   1.119878e-13   8
  4.530869e-01   9.166945e-13   6.357829e-09   1.606922e-13   24
  4.701905e-01   8.242093e-13   0.000000e+00   1.087566e-13   48
  5.026548e-01   2.281326e-13   0.000000e+00   9.377239e-14   6
  5.181247e-01   9.243681e-13   6.357829e-09   1.168910e-13   48
  5.331460e-01   8.223922e-13   5.994218e-09   1.162711e-13   36
  5.477554e-01   7.320427e-13   6.357829e-09   7.827566e-14   24
  5.619852e-01   1.245251e-12   8.991328e-09   1.878186e-13   24
  5.758634e-01   7.769803e-13   0.000000e+00   1.192927e-13   48
  5.894150e-01   8.128411e-13   8.991328e-09   1.431479e-13   24
  6.156239e-01   5.725539e-13   8.991328e-09   8.176041e-14   24
  6.283185e-01   7.755327e-13   0.000000e+00   8.640185e-14   30
  6.407617e-01   9.628107e-13   0.000000e+00   7.135644e-14   72
  6.529678e-01   9.041491e-13   9.536743e-09   7.790744e-14   32
  6.767198e-01   1.004967e-12   0.000000e+00   6.622104e-14   72
  6.882885e-01   1.147689e-12   0.000000e+00   1.056489e-13   48
  7.108613e-01   9.183756e-13   0.000000e+00   1.094124e-13   12
  7.218830e-01   1.119716e-12   0.000000e+00   7.511542e-14   48
  7.327390e-01   1.180606e-12   0.000000e+00   7.268190e-14   48
  7.434365e-01   1.058970e-12   8.991328e-09   8.515181e-14   48
  7.539822e-01   1.403947e-12   1.017253e-08   1.127149e-13   30
  7.643825e-01   1.484993e-12   0.000000e+00   1.319653e-13   24
  7.746431e-01   1.183032e-12   1.895538e-08   6.486577e-14   72
  7.947671e-01   1.197481e-12   0.000000e+00   1.174728e-13   24
  8.046403e-01   1.371513e-12   0.000000e+00   6.023320e-14   96
  8.143939e-01   1.400443e-12   0.000000e+00   6.914080e-14   48
  8.240320e-01   1.099836e-12   1.557344e-08   1.128088e-13   24
  8.335587e-01   1.239518e-12   1.557344e-08   1.044689e-13   24
  8.429778e-01   1.368769e-12   0.000000e+00   6.480542e-14   72
  8.522927e-01   1.378920e-12   0.000000e+00   1.042691e-13   48
  8.706237e-01   1.896562e-12   9.536743e-09   2.499417e-13   8
  8.796459e-01   1.558577e-12   1.130281e-08   8.503841e-14   54
  8.885766e-01   1.636461e-12   0.000000e+00   6.845451e-14   84
  8.974184e-01   1.648975e-12   0.000000e+00   1.063616e-13   48
  9.061739e-01   2.002205e-12   1.271566e-08   1.683275e-13   24
  9.148456e-01   1.467894e-12   1.695421e-08   5.369042e-14   72
  9.234359e-01   1.589925e-12   0.000000e+00   6.758073e-14   96
  9.403811e-01   1.722729e-12   0.000000e+00   1.057500e-13   48
  9.487402e-01   1.906018e-12   0.000000e+00   1.106481e-13   48
  9.570263e-01   1.776873e-12   0.000000e+00   7.768879e-14   24
  9.652412e-01   1.674673e-12   0.000000e+00   7.932042e-14   72
  9.814649e-01   1.936322e-12   0.000000e+00   7.060566e-14   72
  9.894770e-01   1.939689e-12   0.000000e+00   7.136784e-14   96
  1.005310e+00   2.342624e-12   0.000000e+00   1.205250e-13   6
  1.013133e+00   1.934462e-12   0.000000e+00   6.183750e-14   96
  1.020897e+00   1.891192e-12   1.271566e-08   7.732094e-14   96
  1.028602e+00   2.216956e-12   0.000000e+00   8.557469e-14   24
  1.036249e+00   1.961627e-12   1.271566e-08   8.747538e-14   48
  1.043841e+00   2.093414e-12   0.000000e+00   9.204935e-14   96
  1.051378e+00   2.147959e-12   0.000000e+00   1.220511e-13   48
  1.066292e+00   2.293239e-12   1.198844e-08   1.062179e-13   36
  1.073671e+00   2.069481e-12   2.202416e-08   1.077230e-13   48
  1.081000e+00   2.371939e-12   2.491750e-08   6.990715e-14   120
  1.088280e+00   2.120074e-12   0.000000e+00   8.827452e-14   56
  1.095511e+00   2.224000e-12   1.271566e-08   1.658826e-13   24
  1.102695e+00   2.417377e-12   0.000000e+00   8.795090e-14   96
  1.109832e+00   2.136684e-12   0.000000e+00   1.094770e-13   48
  1.123970e+00   1.957153e-12   1.798266e-08   1.395858e-13   24
  1.130973e+00   2.319074e-12   0.000000e+00   7.931390e-14   102
  1.137933e+00   2.367869e-12   1.271566e-08   1.197609e-13   48
  1.144851e+00   2.128070e-12   0.000000e+00   9.747163e-14   72
  1.151727e+00   2.667044e-12   0.000000e+00   1.430505e-13   48
  1.158562e+00   2.171957e-12   0.000000e+00   1.050986e-13   48
  1.165357e+00   2.445177e-12   2.877225e-08   7.498347e-14   120
  1.178830e+00   2.303722e-12   1.798266e-08   1.577737e-13   24
  1.185509e+00   2.390372e-12   1.695421e-08   7.256768e-14   144
  1.192151e+00   2.216831e-12   2.034505e-08   7.340804e-14   120
  1.198755e+00   2.518500e-12   1.798266e-08   1.483023e-13   48
  1.211857e+00   2.299210e-12   1.798266e-08   1.232916e-13   48
  1.218355e+00   2.489062e-12   1.798266e-08   9.944334e-14   96
  1.235512e+00   2.632957e-12   3.015167e-03   1.165855e-13   72
  1.244007e+00   2.310819e-12   1.598458e-08   8.133468e-14   108
  1.250338e+00   2.494418e-12   0.000000e+00   1.098172e-13   72
  1.256637e+00   2.034907e-12   0.000000e+00   9.834675e-14   30
  1.262905e+00   2.409528e-12   0.000000e+00   7.043171e-14   168
  1.269141e+00   2.336500e-12   0.000000e+00   1.347068e-13   48
  1.281523e+00   2.400421e-12   0.000000e+00   9.246861e-14   72
  1.287670e+00   2.421337e-12   0.000000e+00   8.219854e-14   96
  1.293787e+00   2.635063e-12   3.390842e-08   1.314960e-13   72
  1.299875e+00   2.287073e-12   0.000000e+00   1.448354e-13   72
  1.310112e+00   2.458729e-12   2.784031e-03   7.769460e-14   104
  1.317972e+00   2.361236e-12   2.397687e-08   7.577516e-14   144
  1.335824e+00   2.263525e-12   4.021044e-08   8.970143e-14   96
  1.341721e+00   2.287235e-12   0.000000e+00   8.534463e-14   96
  1.351101e+00   2.516054e-12   2.864148e-03   8.899581e-14   120
  1.359261e+00   2.382572e-12   0.000000e+00   8.933884e-14   120
  1.365057e+00   2.367889e-12   0.000000e+00   1.048850e-13   72
  1.376577e+00   2.364979e-12   0.000000e+00   1.364763e-13   48
  1.382301e+00   2.546646e-12   3.130008e-08   9.404132e-14   78
  1.389623e+00   2.544546e-12   2.564571e-03   7.595056e-14   168
  1.404963e+00   2.381842e-12   2.936555e-08   7.925832e-14   144
  1.410572e+00   2.378716e-12   2.397687e-08   7.508348e-14   144
  1.426839e+00   2.419294e-12   1.476986e-03   7.071933e-14   156
  1.432787e+00   2.514912e-12   3.114687e-08   1.433066e-13   48
  1.438287e+00   2.234793e-12   2.034505e-08   8.407147e-14   120
  1.443766e+00   2.188517e-12   0.000000e+00   1.418420e-13   48
  1.453454e+00   2.311260e-12   2.260797e-03   6.116814e-14   216
  1.465478e+00   2.406848e-12   0.000000e+00   1.006021e-13   48
  1.470856e+00   2.690734e-12   1.798266e-08   9.701017e-14   96
  1.478502e+00   2.328425e-12   2.642094e-03   7.437876e-14   168
  1.486873e+00   2.409897e-12   1.798266e-08   1.386770e-13   48
  1.492174e+00   2.275737e-12   0.000000e+00   9.255923e-14   96
  1.497456e+00   2.262424e-12   0.000000e+00   9.167022e-14   48
  1.507964e+00   2.205764e-12   2.034505e-08   1.607994e-13   30
  1.513191e+00   2.360234e-12   0.000000e+00   7.742733e-14   96
  1.519439e+00   2.252591e-12   2.076451e-03   5.543863e-14   240
  1.527472e+00   2.229387e-12   2.240191e-03   1.623202e-13   32
  1.533921e+00   2.328986e-12   0.000000e+00   7.075737e-14   168
  1.539060e+00   2.414810e-12   0.000000e+00   7.657250e-14   120
  1.549286e+00   2.372312e-12   3.791077e-08   1.094723e-13   72
  1.554374e+00   2.244576e-12   1.695421e-08   7.007085e-14   144
  1.559446e+00   2.374719e-12   0.000000e+00   8.495559e-14   96
  1.564501e+00   2.402382e-12   0.000000e+00   8.467660e-14   96
  1.574562e+00   1.998120e-12   0.000000e+00   9.518579e-14   72
  1.579568e+00   2.285053e-12   2.543132e-08   9.233712e-14   96
  1.589534e+00   2.202456e-12   0.000000e+00   1.488179e-13   24
  1.594494e+00   2.199738e-12   0.000000e+00   6.803617e-14   192
  1.600334e+00   2.132063e-12   1.901066e-03   7.302596e-14   132
  1.609281e+00   2.054809e-12   0.000000e+00   7.017575e-14   96
  1.614180e+00   1.970166e-12   0.000000e+00   7.887720e-14   96
  1.619064e+00   2.150704e-12   2.034505e-08   7.515526e-14   120
  1.628788e+00   1.925345e-12   0.000000e+00   1.216356e-13   48
  1.636759e+00   2.054567e-12   2.303939e-03   5.582851e-14   222
  1.643266e+00   2.024032e-12   0.000000e+00   7.856930e-14   120
  1.648064e+00   1.762894e-12   3.114687e-08   1.553573e-13   24
  1.655050e+00   2.168655e-12   2.378000e-03   4.725067e-14   312
  1.670270e+00   2.130895e-12   2.229470e-03   9.252558e-14   72
  1.676563e+00   2.335802e-12   3.114687e-08   1.037786e-13   96
  1.683024e+00   2.031867e-12   2.270407e-03   5.967774e-14   192
  1.690632e+00   1.983970e-12   2.877225e-08   7.211942e-14   120
  1.695296e+00   1.955696e-12   0.000000e+00   7.361852e-14   144
  1.704585e+00   2.154309e-12   0.000000e+00   1.288516e-13   48
  1.711188e+00   1.956644e-12   2.282974e-03   4.834703e-14   336
  1.718425e+00   1.856844e-12   0.000000e+00   1.348201e-13   48
  1.727590e+00   1.917258e-12   0.000000e+00   6.250468e-14   192
  1.732155e+00   1.635774e-12   0.000000e+00   1.216244e-13   48
  1.745129e+00   1.891189e-12   1.584683e-03   1.183582e-13   56
  1.751580e+00   1.737324e-12   2.035272e-03   4.103654e-14   336
  1.759292e+00   1.799846e-12   2.260561e-08   9.740452e-14   54
  1.766010e+00   1.780330e-12   2.235459e-03   4.920480e-14   240
  1.779956e+00   1.833572e-12   2.140470e-03   5.862720e-14   228
  1.786017e+00   1.675124e-12   2.397687e-08   9.637037e-14   72
  1.791900e+00   1.812400e-12   2.076308e-03   6.528214e-14   144
  1.799230e+00   1.601927e-12   0.000000e+00   8.409559e-14   96
  1.803613e+00   1.669296e-12   2.877225e-08   5.549612e-14   240
  1.812348e+00   1.680098e-12   2.543132e-08   1.983204e-13   24
  1.817939e+00   1.678511e-12   1.961057e-03   4.519937e-14   336
  1.825371e+00   1.374650e-12   0.000000e+00   9.221510e-14   72
  1.832154e+00   1.567221e-12   2.133012e-03   6.108845e-14   168
  1.838302e+00   1.828903e-12   0.000000e+00   1.049659e-13   72
  1.846872e+00   1.656715e-12   0.000000e+00   8.358543e-14   96
  1.853509e+00   1.519557e-12   2.117011e-03   5.488893e-14   216
  1.859653e+00   1.515118e-12   0.000000e+00   8.372081e-14   96
  1.868125e+00   1.385702e-12   2.543132e-08   4.830666e-14   192
  1.872347e+00   1.362347e-12   2.397687e-08   5.462406e-14   144
  1.880762e+00   1.350802e-12   0.000000e+00   9.803650e-14   48
  1.886588e+00   1.443406e-12   2.041047e-03   4.676581e-14   246
  1.894505e+00   1.393335e-12   1.881878e-03   5.592783e-14   168
  1.901637e+00   1.430159e-12   4.983500e-08   6.446379e-14   120
  1.905784e+00   1.536564e-12   0.000000e+00   5.353036e-14   240
  1.914053e+00   9.951758e-13   0.000000e+00   8.687980e-14   24
  1.920640e+00   1.313683e-12   2.014384e-03   3.684619e-14   360
  1.928845e+00   1.513636e-12   2.005812e-03   6.551236e-14   120
  1.934568e+00   1.313284e-12   0.000000e+00   6.322830e-14   144
  1.938645e+00   1.220079e-12   0.000000e+00   6.591252e-14   96
  1.950825e+00   1.321301e-12   0.000000e+00   6.157587e-14   144
  1.954868e+00   1.192165e-12   0.000000e+00   6.209808e-14   132
  1.960551e+00   1.242298e-12   1.979707e-03   5.468106e-14   176
  1.968799e+00   1.256403e-12   1.999105e-03   3.892309e-14   312
  1.978954e+00   1.141520e-12   0.000000e+00   5.766052e-14   96
  1.982940e+00   1.195783e-12   0.000000e+00   5.868120e-14   144
  1.989055e+00   1.248425e-12   1.979053e-03   3.876771e-14   312
  1.998804e+00   1.349259e-12   0.000000e+00   1.025709e-13   48
  2.002750e+00   1.110660e-12   2.543132e-08   4.678623e-14   192
  2.010619e+00   1.611729e-12   0.000000e+00   2.682268e-13   6
  2.015848e+00   1.080248e-12   1.845802e-03   3.684044e-14   288
  2.024316e+00   1.128027e-12   1.950210e-03   4.233184e-14   192
  2.030159e+00   1.157656e-12   5.980883e-08   4.317736e-14   216
  2.034045e+00   1.040217e-12   0.000000e+00   7.214140e-14   72
  2.043725e+00   1.093843e-12   1.931689e-03   4.485298e-14   192
  2.050154e+00   1.070801e-12   1.434383e-03   4.106886e-14   288
  2.057204e+00   8.096203e-13   0.000000e+00   1.019779e-13   24
  2.062650e+00   9.983732e-13   1.889681e-03   2.807635e-14   456
  2.072499e+00   1.118071e-12   0.000000e+00   9.383722e-14   48
  2.078585e+00   9.925579e-13   1.861260e-03   3.765029e-14   240
  2.085579e+00   1.027792e-12   1.881013e-03   4.073358e-14   216
  2.091461e+00   1.097341e-12   0.000000e+00   6.870544e-14   72
  2.095233e+00   9.815861e-13   6.498988e-08   4.797060e-14   168
  2.105882e+00   8.546388e-13   1.398129e-03   3.673585e-14   288
  2.111855e+00   8.971574e-13   1.849965e-03   4.405606e-14   168
  2.121448e+00   8.782417e-13   0.000000e+00   3.654208e-14   192
  2.125166e+00   8.158109e-13   2.397687e-08   4.595387e-14   144
  2.132584e+00   7.910368e-13   2.397687e-08   8.288095e-14   36
  2.138874e+00   8.640735e-13   1.689411e-03   3.064600e-14   342
  2.144889e+00   8.809249e-13   1.734820e-03   4.911631e-14   144
  2.152621e+00   8.540698e-13   1.819392e-03   2.844637e-14   384
  2.162000e+00   8.995606e-13   4.983500e-08   4.415752e-14   120
  2.166643e+00   7.767324e-13   1.622368e-03   3.341079e-14   264
  2.172929e+00   7.409784e-13   8.042088e-08   3.705949e-14   192
  2.178848e+00   7.572376e-13   1.748412e-03   4.226780e-14   152
  2.183802e+00   6.868566e-13   4.795375e-08   4.226793e-14   144
  2.194222e+00   7.235334e-13   1.131589e-03   3.426865e-14   216
  2.199045e+00   7.412103e-13   1.512105e-03   2.801831e-14   312
  2.207535e+00   7.384601e-13   1.752500e-03   3.438627e-14   240
  2.212538e+00   7.115184e-13   2.543132e-08   5.747430e-14   96
  2.222033e+00   6.574850e-13   1.675517e-03   4.710213e-14   144
  2.227885e+00   6.835561e-13   1.646885e-03   2.504862e-14   456
  2.237379e+00   6.067080e-13   0.000000e+00   4.623897e-14   120
  2.240905e+00   6.769970e-13   0.000000e+00   4.404987e-14   144
  2.247941e+00   7.304366e-13   3.596531e-08   6.845503e-14   24
  2.252452e+00   6.257328e-13   1.583038e-03   2.655586e-14   336
  2.260253e+00   6.600228e-13   1.745876e-03   3.592900e-14   198
  2.267563e+00   6.646675e-13   1.697764e-03   2.521247e-14   432
  2.275867e+00   7.119390e-13   5.086263e-08   6.889227e-14   48
  2.280199e+00   6.435564e-13   1.498832e-03   2.510971e-14   384
  2.287976e+00   5.743219e-13   1.725473e-03   3.728138e-14   144
  2.295024e+00   6.595570e-13   1.713168e-03   3.129879e-14   264
  2.303454e+00   5.316794e-13   0.000000e+00   5.251759e-14   48
  2.309110e+00   5.833182e-13   1.628943e-03   2.959527e-14   276
  2.314567e+00   6.524731e-13   1.476593e-03   4.040809e-14   192
  2.321860e+00   5.707835e-13   1.659366e-03   2.082831e-14   552
  2.330715e+00   5.501334e-13   4.069010e-08   4.359100e-14   120
  2.335978e+00   5.099723e-13   1.679687e-03   3.265367e-14   216
  2.340855e+00   5.641497e-13   4.069010e-08   4.283852e-14   120
  2.349569e+00   5.216579e-13   1.654080e-03   2.280064e-14   408
  2.357660e+00   3.471836e-13   3.596531e-08   6.763070e-14   24
  2.362678e+00   5.122704e-13   1.670919e-03   2.265087e-14   384
  2.369685e+00   5.014477e-13   1.632547e-03   3.174433e-14   240
  2.375770e+00   4.853110e-13   1.644502e-03   3.138861e-14   168
  2.384301e+00   5.203466e-13   0.000000e+00   4.987664e-14   120
  2.389801e+00   4.936499e-13   1.714308e-03   2.530207e-14   350
  2.398744e+00   4.927143e-13   2.822081e-03   2.172549e-14   384
  2.404088e+00   5.285796e-13   0.000000e+00   3.788772e-14   144
  2.413921e+00   4.841095e-13   3.390842e-08   2.822925e-14   288
  2.419055e+00   4.785850e-13   1.615394e-03   2.299737e-14   336
  2.426039e+00   4.750651e-13   1.470682e-03   3.957897e-14   168
  2.430220e+00   4.947366e-13   9.639558e-08   2.544337e-14   336
  2.438868e+00   4.685114e-13   1.526480e-03   2.701918e-14   288
  2.444062e+00   5.058476e-13   1.438335e-03   2.942589e-14   264
  2.452858e+00   4.843352e-13   0.000000e+00   3.185624e-14   240
  2.456075e+00   4.970186e-13   0.000000e+00   4.976068e-14   96
  2.467620e+00   4.562292e-13   1.956039e-03   2.341349e-14   360
  2.473008e+00   4.521440e-13   1.441936e-03   3.459585e-14   168
  2.479816e+00   4.497902e-13   1.571860e-03   2.198644e-14   456
  2.488014e+00   4.687795e-13   4.521123e-08   4.579256e-14   108
  2.492626e+00   4.713045e-13   1.577159e-03   2.962196e-14   264
  2.498378e+00   4.390089e-13   1.407083e-03   2.794466e-14   264
  2.506256e+00   4.363233e-13   1.327788e-03   2.517405e-14   312
  2.516065e+00   4.324888e-13   9.866910e-04   2.630777e-14   270
  2.520176e+00   4.451055e-13   1.252729e-03   2.730622e-14   240
  2.527567e+00   4.667431e-13   1.549783e-03   2.344782e-14   384
  2.532054e+00   4.398658e-13   5.086263e-08   3.483790e-14   192
  2.540769e+00   4.653839e-13   1.243495e-03   2.890743e-14   240
  2.545825e+00   4.431591e-13   1.534673e-03   2.407853e-14   336
  2.555333e+00   4.403338e-13   1.544942e-03   2.007607e-14   480
  2.563047e+00   4.368722e-13   3.390842e-08   5.341545e-14   72
  2.567356e+00   4.440666e-13   1.506459e-03   2.692386e-14   240
  2.573216e+00   4.431066e-13   1.415865e-03   2.513773e-14   312
  2.579934e+00   4.588557e-13   1.530210e-03   3.229515e-14   240
  2.590086e+00   4.390682e-13   1.162564e-03   2.206153e-14   408
  2.594104e+00   4.496372e-13   1.064628e-03   2.425474e-14   336
  2.601958e+00   4.419420e-13   1.351816e-03   2.807197e-14   264
  2.605818e+00   4.178871e-13   0.000000e+00   3.669972e-14   144
  2.616557e+00   4.674969e-13   1.873697e-03   2.277921e-14   464
  2.622215e+00   4.785444e-13   1.489973e-03   3.900598e-14   168
  2.627801e+00   4.565906e-13   1.357041e-03   2.492730e-14   336
  2.637897e+00   4.296239e-13   1.425837e-03   2.107488e-14   414
  2.643588e+00   4.865002e-13   1.484211e-03   2.974075e-14   216
  2.650879e+00   4.178097e-13   3.596531e-08   3.385267e-14   96
  2.653856e+00   4.418507e-13   8.809666e-08   2.270876e-14   384
  2.664284e+00   4.486319e-13   1.481344e-03   2.026382e-14   492
  2.669873e+00   4.490262e-13   1.448627e-03   2.565375e-14   240
  2.676189e+00   4.545111e-13   1.470864e-03   2.434736e-14   312
  2.684913e+00   4.469981e-13   1.470380e-03   3.200071e-14   192
  2.690439e+00   4.682493e-13   1.424976e-03   1.977465e-14   504
  2.697770e+00   4.551338e-13   9.433586e-04   2.232518e-14   408
  2.703542e+00   4.649923e-13   2.890096e-03   3.603036e-14   168
  2.710765e+00   4.442596e-13   1.372821e-03   2.338182e-14   288
  2.716826e+00   4.757806e-13   1.432656e-03   2.540964e-14   288
  2.723035e+00   4.730728e-13   1.440903e-03   2.276973e-14   432
  2.732042e+00   4.719295e-13   1.362614e-03   2.946641e-14   216
  2.736854e+00   4.609980e-13   1.359739e-03   2.382167e-14   360
  2.745421e+00   4.656078e-13   1.327092e-03   2.511127e-14   312
  2.753154e+00   4.001106e-13   0.000000e+00   4.630706e-14   48
  2.757611e+00   4.680464e-13   1.422834e-03   2.118783e-14   432
  2.765594e+00   4.925222e-13   2.373302e-03   2.286821e-14   414
  2.770308e+00   5.050244e-13   5.421333e-08   2.680337e-14   312
  2.779102e+00   4.852588e-13   2.082441e-03   1.904082e-14   528
  2.785037e+00   4.733437e-13   1.093105e-03   2.590238e-14   264
  2.792167e+00   4.846762e-13   1.296122e-03   2.027048e-14   480
  2.801483e+00   4.830716e-13   0.000000e+00   2.530414e-14   288
  2.805506e+00   5.069372e-13   1.392643e-03   3.677949e-14   168
  2.812867e+00   5.153373e-13   2.204550e-03   2.037492e-14   504
  2.821143e+00   4.668803e-13   3.390842e-08   3.343806e-14   144
  2.826350e+00   5.014594e-13   1.415850e-03   1.997331e-14   464
  2.834173e+00   5.117346e-13   2.077839e-03   2.176807e-14   432
  2.837886e+00   4.899964e-13   3.596531e-08   3.154050e-14   192
  2.847481e+00   5.341947e-13   1.540373e-03   2.322772e-14   396
  2.853147e+00   5.312311e-13   1.383680e-03   2.747322e-14   288
  2.858874e+00   4.959231e-13   1.366839e-03   2.363089e-14   336
  2.868021e+00   5.393262e-13   8.655099e-04   2.233196e-14   432
  2.873827e+00   5.463722e-13   2.243281e-03   2.395972e-14   360
  2.880345e+00   5.235485e-13   1.326934e-03   2.343655e-14   384
  2.889603e+00   5.016397e-13   1.171274e-03   2.953547e-14   198
  2.894063e+00   5.189426e-13   1.331357e-03   1.874984e-14   552
  2.902381e+00   5.397434e-13   1.863809e-03   1.974441e-14   432
  2.909325e+00   5.716240e-13   7.119285e-08   3.475930e-14   168
  2.915153e+00   5.387113e-13   2.310442e-03   1.935670e-14   480
  2.922863e+00   5.318552e-13   0.000000e+00   4.419135e-14   120
  2.926334e+00   5.556331e-13   1.887069e-03   2.345573e-14   336
  2.934802e+00   5.444376e-13   1.331298e-03   1.659795e-14   672
  2.943175e+00   5.447852e-13   1.936554e-03   1.736477e-14   528
  2.947075e+00   5.457154e-13   5.812872e-08   3.654323e-14   168
  2.956085e+00   5.743174e-13   2.160213e-03   2.268492e-14   456
  2.961583e+00   5.190902e-13   1.319260e-03   2.996893e-14   168
  2.967291e+00   5.528089e-13   1.316892e-03   1.926132e-14   504
  2.976778e+00   6.120909e-13   1.694638e-03   2.851192e-14   336
  2.982515e+00   5.494171e-13   1.221633e-03   2.267473e-14   312
  2.988879e+00   5.739767e-13   1.193619e-03   2.039937e-14   504
  2.997254e+00   5.969951e-13   8.281656e-04   2.290472e-14   432
  3.001192e+00   5.604860e-13   1.279790e-03   2.576104e-14   312
  3.009377e+00   5.487648e-13   1.311847e-03   2.190034e-14   384
  3.017923e+00   5.968748e-13   1.114566e-03   3.781803e-14   126
  3.023199e+00   5.739078e-13   1.956913e-03   1.978008e-14   492
  3.029938e+00   5.746895e-13   1.253405e-03   1.804912e-14   528
  3.038360e+00   5.880921e-13   1.273190e-03   2.105155e-14   480
  3.043581e+00   5.779986e-13   1.758905e-03   2.127386e-14   432
  3.051137e+00   5.927519e-13   1.383146e-03   2.258139e-14   440
  3.059913e+00   5.870075e-13   6.878330e-04   2.619254e-14   312
  3.063206e+00   6.090057e-13   1.030775e-03   2.132728e-14   480
  3.069960e+00   5.728955e-13   2.018238e-03   2.165358e-14   408
  3.079829e+00   5.692251e-13   1.208696e-03   2.246607e-14   360
  3.083998e+00   6.085375e-13   1.166348e-03   2.403351e-14   408
  3.091725e+00   6.036997e-13   1.186907e-03   2.160739e-14   456
  3.100425e+00   5.974182e-13   1.134390e-03   2.855328e-14   264
  3.105254e+00   5.867540e-13   1.231098e-03   2.308368e-14   384
  3.112283e+00   5.875143e-13   2.072640e-03   1.752192e-14   672
  3.120409e+00   5.947699e-13   1.239707e-03   2.733721e-14   240
  3.125099e+00   6.300342e-13   1.257992e-03   2.962616e-14   264
  3.131717e+00   6.162036e-13   1.551526e-03   1.884607e-14   624
  3.141593e+00   5.944973e-13   0.000000e+00   3.468113e-14   150
  3.145109e+00   6.167242e-13   1.738607e-03   1.877036e-14   600
  3.152524e+00   6.002979e-13   1.199942e-03   1.644841e-14   672
  3.160921e+00   6.273322e-13   1.128630e-03   2.734871e-14   336
  3.165599e+00   5.977238e-13   1.227621e-03   2.120868e-14   408
  3.173072e+00   5.920219e-13   1.224729e-03   2.273819e-14   408
  3.181385e+00   5.872061e-13   6.192886e-04   2.196868e-14   360
  3.186510e+00   6.161559e-13   2.273829e-03   2.205121e-14   456
  3.192699e+00   6.360065e-13   1.236522e-03   2.519510e-14   384
  3.200577e+00   6.317784e-13   1.141466e-03   2.532416e-14   348
  3.204835e+00   6.221035e-13   1.407202e-03   1.850591e-14   576
  3.212832e+00   6.175397e-13   1.158646e-03   2.016023e-14   504
  3.221013e+00   5.970176e-13   1.634203e-03   2.083838e-14   432
  3.228154e+00   6.082999e-13   2.223325e-03   1.825381e-14   576
  3.233247e+00   6.415720e-13   0.000000e+00   3.036323e-14   264
  3.241325e+00   6.120808e-13   1.769212e-03   1.736409e-14   768
  3.248351e+00   6.291880e-13   2.381921e-03   3.144745e-14   240
  3.253937e+00   5.889706e-13   2.100629e-03   3.236862e-14   192
  3.262073e+00   6.159981e-13   1.546319e-03   2.036006e-14   504
  3.268108e+00   6.189841e-13   2.083724e-03   1.832155e-14   590
  3.273894e+00   6.162084e-13   2.334698e-03   2.381836e-14   384
  3.281151e+00   5.924038e-13   1.951120e-03   1.885457e-14   504
  3.289911e+00   6.035875e-13   1.877651e-03   1.742865e-14   648
  3.298409e+00   6.040077e-13   5.099453e-04   2.152998e-14   504
  3.301835e+00   5.933969e-13   1.163281e-03   2.505095e-14   312
  3.307884e+00   6.133855e-13   1.676002e-03   1.893519e-14   576
  3.316189e+00   5.820063e-13   1.166339e-03   2.561255e-14   240
  3.321030e+00   6.025520e-13   1.178530e-03   2.005905e-14   552
  3.327882e+00   5.858935e-13   1.106612e-03   1.769939e-14   600
  3.337643e+00   6.058961e-13   1.351639e-03   1.954136e-14   600
  3.343511e+00   5.801278e-13   2.164544e-03   2.518138e-14   312
  3.349356e+00   6.166730e-13   1.885103e-03   1.995153e-14   480
  3.356656e+00   5.793112e-13   1.176123e-03   1.848431e-14   576
  3.363084e+00   5.864984e-13   1.893814e-03   2.219365e-14   408
  3.368787e+00   5.929411e-13   2.209222e-03   3.297921e-14   216
  3.376156e+00   5.895317e-13   1.692015e-03   1.923813e-14   516
  3.384050e+00   5.935301e-13   1.614354e-03   1.641818e-14   744
  3.392194e+00   6.050260e-13   1.078246e-03   2.059721e-14   462
  3.396796e+00   5.911473e-13   1.095881e-03   2.301234e-14   432
  3.403934e+00   5.966856e-13   1.016670e-03   1.752595e-14   648
  3.412327e+00   5.836255e-13   1.487578e-03   1.949035e-14   528
  3.419069e+00   5.710485e-13   1.791415e-03   1.754856e-14   600
  3.425805e+00   5.819226e-13   2.258506e-03   2.455747e-14   240
  3.432329e+00   5.713973e-13   1.729994e-03   1.620385e-14   720
  3.439912e+00   5.776833e-13   1.368738e-03   1.652079e-14   720
  3.448318e+00   5.726399e-13   0.000000e+00   4.293665e-14   144
  3.452742e+00   5.676851e-13   1.764713e-03   1.603123e-14   720
  3.459035e+00   5.763127e-13   1.058157e-03   2.227314e-14   384
  3.466913e+00   5.683389e-13   1.173023e-03   1.757795e-14   672
  3.474387e+00   5.567950e-13   2.053834e-03   2.186189e-14   336
  3.477957e+00   5.507874e-13   0.000000e+00   2.631086e-14   288
  3.486699e+00   5.545472e-13   1.625472e-03   1.569549e-14   776
  3.494792e+00   5.597619e-13   1.390838e-03   1.656755e-14   720
  3.501588e+00   5.339392e-13   1.120422e-03   1.935964e-14   432
  3.507024e+00   5.584663e-13   1.597303e-03   1.883394e-14   504
  3.513071e+00   5.405883e-13   1.119137e-03   1.871416e-14   528
  3.521533e+00   5.347184e-13   1.524759e-03   2.109370e-14   438
  3.528495e+00   5.432613e-13   1.774680e-03   1.678175e-14   624
  3.533741e+00   5.634956e-13   2.173744e-03   2.570580e-14   312
  3.540952e+00   5.416783e-13   1.171159e-03   1.612274e-14   696
  3.548410e+00   5.478013e-13   1.059686e-03   1.791930e-14   552
  3.556166e+00   5.286112e-13   8.198436e-04   1.840710e-14   516
  3.560964e+00   5.260238e-13   1.637576e-03   1.753408e-14   528
  3.566805e+00   4.945468e-13   1.064960e-03   1.853106e-14   528
  3.575102e+00   5.140464e-13   1.404467e-03   1.380558e-14   864
  3.580734e+00   5.275984e-13   1.923830e-03   2.099128e-14   408
  3.586372e+00   5.229609e-13   1.906039e-03   2.558270e-14   192
  3.594362e+00   4.926869e-13   1.577339e-03   1.537580e-14   720
  3.601108e+00   4.911629e-13   1.454384e-03   1.526082e-14   696
  3.609123e+00   5.029477e-13   1.570748e-03   1.597731e-14   720
  3.616456e+00   5.077041e-13   2.128961e-03   2.003212e-14   432
  3.620733e+00   4.784362e-13   1.253189e-03   2.544071e-14   264
  3.628427e+00   4.923874e-13   1.730599e-03   1.601945e-14   672
  3.635310e+00   4.839920e-13   1.771868e-03   1.709199e-14   600
  3.643477e+00   4.507969e-13   1.037427e-03   2.477239e-14   270
  3.647594e+00   4.939239e-13   1.561617e-03   1.836474e-14   528
  3.654138e+00   4.835053e-13   1.069340e-03   1.392950e-14   840
  3.663112e+00   4.914008e-13   2.044769e-03   1.367769e-14   888
  3.671403e+00   4.758743e-13   1.523504e-03   1.509377e-14   744
  3.678411e+00   4.637340e-13   7.828584e-04   1.775277e-14   456
  3.681896e+00   5.083695e-13   1.069824e-03   2.076209e-14   360
  3.687860e+00   4.594961e-13   9.269427e-04   2.114234e-14   384
  3.697011e+00   4.497972e-13   1.486807e-03   1.367377e-14   816
  3.703877e+00   4.548404e-13   2.157150e-03   1.393404e-14   824
  3.712223e+00   4.352192e-13   1.002746e-03   2.086367e-14   360
  3.716692e+00   4.438153e-13   1.479676e-03   1.509419e-14   624
  3.722842e+00   4.340780e-13   9.998850e-04   2.054532e-14   360
  3.731036e+00   4.348014e-13   1.360137e-03   1.343194e-14   876
  3.738436e+00   4.315914e-13   1.615436e-03   1.431639e-14   696
  3.745899e+00   4.185515e-13   1.043143e-03   2.020211e-14   336
  3.749811e+00   4.482405e-13   1.041971e-03   1.767814e-14   504
  3.756273e+00   4.196548e-13   1.051000e-03   1.500375e-14   672
  3.765859e+00   4.012342e-13   2.092296e-03   1.360511e-14   720
  3.772508e+00   4.197841e-13   1.580506e-03   1.355140e-14   774
  3.779846e+00   4.215406e-13   9.046409e-04   2.032182e-14   384
  3.783690e+00   4.185294e-13   1.740917e-03   1.626183e-14   528
  3.789655e+00   4.149861e-13   1.659191e-03   1.381446e-14   744
  3.799249e+00   4.327197e-13   1.368481e-03   1.443682e-14   768
  3.805620e+00   4.094455e-13   1.536223e-03   1.691651e-14   552
  3.813568e+00   4.173449e-13   1.674309e-03   1.509457e-14   696
  3.819481e+00   4.472189e-13   2.034577e-03   1.992319e-14   408
  3.824174e+00   4.185055e-13   8.789532e-04   1.602494e-14   504
  3.831615e+00   3.915482e-13   1.579007e-03   1.218866e-14   888
  3.838937e+00   3.668955e-13   1.641044e-03   1.328799e-14   648
  3.846547e+00   3.821619e-13   1.626978e-03   1.388838e-14   648
  3.853707e+00   3.805614e-13   1.754281e-03   1.242786e-14   792
  3.861291e+00   3.855944e-13   2.566633e-03   1.534677e-14   600
  3.866880e+00   3.305285e-13   1.739428e-03   1.499119e-14   456
  3.872762e+00   3.592276e-13   8.477229e-04   1.366219e-14   648
  3.880317e+00   3.588221e-13   1.653183e-03   1.107767e-14   936
  3.888474e+00   3.850423e-13   1.015268e-03   1.694077e-14   384
  3.895575e+00   3.885938e-13   0.000000e+00   2.745432e-14   198
  3.901055e+00   3.716961e-13   2.575821e-03   1.073651e-14   1224
  3.906966e+00   4.030303e-13   1.875990e-03   1.821829e-14   420
  3.913957e+00   3.654848e-13   1.815566e-03   1.301225e-14   792
  3.920793e+00   3.802033e-13   1.501318e-03   1.478455e-14   680
  3.928594e+00   3.795961e-13   1.378581e-03   1.546739e-14   600
  3.934870e+00   3.676704e-13   1.999321e-03   1.272511e-14   840
  3.943251e+00   3.241158e-13   9.439865e-04   1.498119e-14   432
  3.946454e+00   3.740055e-13   8.846397e-04   1.418151e-14   720
  3.953417e+00   3.341293e-13   1.771778e-03   1.085323e-14   960
  3.962077e+00   3.316568e-13   1.579411e-03   1.527792e-14   528
  3.968405e+00   3.569673e-13   1.614459e-03   1.459384e-14   624
  3.975938e+00   3.525568e-13   1.268954e-03   1.237467e-14   816
  3.983415e+00   3.301957e-13   2.086821e-03   1.242364e-14   696
  3.991678e+00   3.282070e-13   1.150890e-07   2.178901e-14   240
  3.994784e+00   3.371824e-13   1.230648e-03   1.370545e-14   672
  4.001719e+00   3.287430e-13   2.199344e-03   1.136927e-14   864
  4.009498e+00   2.881476e-13   1.687640e-03   1.086406e-14   816
  4.016509e+00   3.073349e-13   9.659469e-04   1.237983e-14   648
  4.024060e+00   3.411129e-13   9.873737e-04   1.222198e-14   843
  4.030471e+00   3.277102e-13   1.776528e-03   1.232706e-14   780
  4.038111e+00   3.414959e-13   9.532520e-04   2.474543e-14   216
  4.042823e+00   3.161288e-13   2.298663e-03   1.026844e-14   1056
  4.050071e+00   2.668487e-13   1.880564e-03   1.917430e-14   228
  4.056781e+00   3.238348e-13   2.341349e-03   1.151821e-14   924
  4.063670e+00   3.092352e-13   8.685094e-04   1.179473e-14   696
  4.070964e+00   3.143031e-13   1.545698e-03   1.072351e-14   996
  4.078428e+00   2.715991e-13   9.125493e-04   1.265708e-14   576
  4.086192e+00   2.889392e-13   1.408459e-03   1.338890e-14   552
  4.091852e+00   3.094229e-13   1.681651e-03   1.390600e-14   516
  4.097596e+00   3.071231e-13   2.445470e-03   1.158166e-14   744
  4.104159e+00   2.508903e-13   1.199649e-03   1.056658e-14   576
  4.109868e+00   2.739809e-13   1.234742e-03   1.077309e-14   792
  4.117982e+00   2.713496e-13   1.411539e-03   1.087916e-14   792
  4.123927e+00   2.864562e-13   1.522330e-03   1.148739e-14   720
  4.131968e+00   2.586883e-13   1.735107e-03   1.036905e-14   656
  4.139503e+00   2.852143e-13   1.894646e-03   1.073002e-14   816
  4.147227e+00   2.916475e-13   1.021561e-03   1.475824e-14   492
  4.151618e+00   2.721864e-13   1.469588e-03   1.184134e-14   552
  4.159858e+00   2.608696e-13   2.555435e-03   9.308083e-15   780
  4.165209e+00   2.620834e-13   1.569773e-03   1.158950e-14   528
  4.170975e+00   2.459961e-13   1.832403e-03   1.086055e-14   600
  4.179472e+00   2.526389e-13   1.522872e-03   8.334495e-15   900
  4.185329e+00   2.624819e-13   8.430879e-04   1.019324e-14   696
  4.193388e+00   2.491184e-13   2.131780e-03   9.651977e-15   696
  4.201183e+00   2.264638e-13   8.648430e-04   9.778476e-15   552
  4.207739e+00   2.569852e-13   1.005732e-03   9.956052e-15   708
  4.214606e+00   2.458994e-13   1.660522e-03   8.572457e-15   876
  4.221752e+00   2.521275e-13   8.817041e-04   1.815651e-14   216
  4.226547e+00   2.376325e-13   2.411580e-03   7.424214e-15   1032
  4.233729e+00   2.345771e-13   2.685028e-03   9.426111e-15   600
  4.241182e+00   2.391172e-13   1.281196e-03   9.838117e-15   600
  4.246868e+00   2.396955e-13   2.262472e-03   1.015056e-14   528
  4.253589e+00   2.397503e-13   1.241998e-03   8.825103e-15   732
  4.260669e+00   2.695559e-13   9.171027e-04   1.479182e-14   336
  4.268820e+00   2.371400e-13   1.307053e-03   7.616061e-15   912
  4.274911e+00   2.184007e-13   1.311885e-03   8.714921e-15   624
  4.281565e+00   2.415376e-13   1.105498e-03   8.361246e-15   768
  4.289333e+00   2.281961e-13   1.994537e-03   8.006681e-15   792
  4.296957e+00   2.379180e-13   9.888090e-04   8.855152e-15   660
  4.302382e+00   2.480488e-13   1.457169e-03   1.013814e-14   504
  4.307992e+00   2.156398e-13   2.380735e-03   9.339493e-15   480
  4.316401e+00   2.221788e-13   2.201870e-03   7.137105e-15   912
  4.322985e+00   2.500803e-13   2.452123e-03   1.165884e-14   432
  4.329203e+00   2.286439e-13   1.456013e-03   9.155567e-15   564
  4.334724e+00   2.108980e-13   1.393605e-03   8.425126e-15   600
  4.342496e+00   2.417851e-13   1.942553e-03   7.508060e-15   876
  4.348334e+00   2.285992e-13   8.734307e-04   1.209341e-14   264
  4.356382e+00   2.372212e-13   1.694799e-03   9.000357e-15   560
  4.362850e+00   2.329751e-13   1.151652e-03   7.557506e-15   840
  4.370702e+00   2.438891e-13   1.775516e-03   7.102455e-15   1008
  4.377963e+00   2.442449e-13   7.942467e-04   1.118809e-14   456
  4.384595e+00   2.314869e-13   1.028834e-03   8.655000e-15   576
  4.390725e+00   2.227333e-13   1.580913e-03   8.034998e-15   612
  4.398809e+00   2.428658e-13   1.412012e-03   8.528725e-15   780
  4.405404e+00   2.353958e-13   1.618102e-03   8.185639e-15   648
  4.412155e+00   2.442122e-13   7.540562e-04   1.198099e-14   312
  4.416470e+00   2.365245e-13   1.915933e-03   9.039716e-15   528
  4.423945e+00   2.396989e-13   2.502113e-03   7.666914e-15   720
  4.431093e+00   2.795977e-13   2.509948e-03   1.053707e-14   576
  4.439759e+00   2.500163e-13   2.165154e-03   1.120386e-14   444
  4.445151e+00   2.331105e-13   2.123318e-03   6.632723e-15   996
  4.451759e+00   2.527962e-13   1.773610e-03   1.059748e-14   432
  4.458005e+00   2.370421e-13   1.941754e-03   9.881329e-15   504
  4.463400e+00   2.556173e-13   8.754449e-04   1.000030e-14   504
  4.471082e+00   2.391066e-13   1.722886e-03   6.850960e-15   876
  4.478033e+00   2.611854e-13   1.982878e-03   1.098112e-14   504
  4.485271e+00   2.715003e-13   1.264576e-03   8.981866e-15   696
  4.491253e+00   2.602538e-13   1.081079e-03   1.013842e-14   492
  4.499392e+00   2.698267e-13   1.547618e-03   1.231360e-14   432
  4.505420e+00   2.606109e-13   1.449174e-03   8.378603e-15   768
  4.512567e+00   2.538446e-13   1.805141e-03   8.616314e-15   648
  4.519390e+00   2.648282e-13   1.177661e-03   1.126138e-14   456
  4.527231e+00   2.639356e-13   1.619475e-03   9.519498e-15   552
  4.532676e+00   2.828977e-13   1.109989e-03   9.884508e-15   648
  4.540170e+00   2.698551e-13   1.809220e-03   8.159335e-15   840
  4.547491e+00   2.499932e-13   8.627791e-04   9.813234e-15   432
  4.554820e+00   2.738901e-13   1.056757e-03   9.830579e-15   600
  4.559917e+00   2.517537e-13   1.125905e-03   1.034230e-14   432
  4.568479e+00   2.761102e-13   1.120948e-03   9.603665e-15   560
  4.574277e+00   2.953413e-13   1.774344e-03   8.984741e-15   840
  4.581537e+00   2.796713e-13   1.050970e-03   1.126328e-14   504
  4.587303e+00   3.045894e-13   2.144966e-03   9.828455e-15   696
  4.595432e+00   2.888768e-13   1.171504e-03   1.463965e-14   384
  4.601763e+00   3.017461e-13   1.716116e-03   1.023593e-14   576
  4.609420e+00   3.079820e-13   1.059101e-03   1.303838e-14   360
  4.615593e+00   2.945760e-13   1.577258e-03   9.269321e-15   828
  4.622251e+00   3.127012e-13   1.404841e-03   1.281359e-14   372
  4.628352e+00   2.999952e-13   2.145462e-03   1.037908e-14   576
  4.636434e+00   2.757542e-13   8.985170e-04   9.317818e-15   636
  4.642192e+00   3.004785e-13   1.732109e-03   1.009153e-14   648
  4.649981e+00   3.208842e-13   1.408015e-03   1.080255e-14   576
  4.655573e+00   3.058807e-13   2.271277e-03   1.086019e-14   528
  4.663010e+00   3.178240e-13   9.710647e-04   1.454093e-14   360
  4.669165e+00   3.542032e-13   2.233813e-03   1.081515e-14   672
  4.677203e+00   3.182587e-13   1.144196e-03   9.841765e-15   804
  4.683893e+00   3.225831e-13   1.262185e-03   1.223579e-14   408
  4.691293e+00   3.291028e-13   7.801673e-04   1.409167e-14   384
  4.696276e+00   3.514424e-13   1.785323e-03   1.330081e-14   480
  4.703304e+00   3.625841e-13   1.153580e-03   1.370719e-14   432
  4.710045e+00   3.307250e-13   2.125802e-03   9.875205e-15   648
  4.718024e+00   3.323377e-13   1.319050e-03   1.085870e-14   624
  4.723861e+00   3.412782e-13   1.199787e-03   1.247108e-14   456
  4.731831e+00   3.391506e-13   1.639016e-03   1.160809e-14   588
  4.737172e+00   3.669021e-13   1.045685e-03   1.123390e-14   600
  4.744970e+00   3.769192e-13   1.631013e-03   1.142696e-14   708
  4.751130e+00   3.516495e-13   1.027507e-03   1.602292e-14   360
  4.757936e+00   3.583843e-13   1.181146e-03   1.238495e-14   552
  4.764461e+00   3.827683e-13   8.286020e-04   1.870022e-14   288
  4.771085e+00   3.695271e-13   1.557998e-03   1.264782e-14   528
  4.777309e+00   3.659797e-13   1.051098e-03   1.242593e-14   456
  4.784262e+00   3.899259e-13   1.863824e-03   1.256445e-14   608
  4.791256e+00   3.819999e-13   9.017389e-04   1.389225e-14   504
  4.798898e+00   4.030109e-13   1.935982e-03   1.444166e-14   540
  4.804891e+00   3.604020e-13   2.078222e-03   1.490751e-14   360
  4.811350e+00   3.542490e-13   9.411255e-04   1.186013e-14   540
  4.817063e+00   3.894338e-13   8.080679e-04   1.232111e-14   576
  4.825371e+00   3.902729e-13   1.873635e-03   1.268481e-14   588
  4.833270e+00   4.009311e-13   2.585051e-03   1.249974e-14   672
  4.840056e+00   4.052383e-13   1.975777e-03   1.231322e-14   552
  4.845526e+00   4.169169e-13   1.976776e-03   2.397830e-14   144
  4.852507e+00   3.857897e-13   1.679474e-03   1.253217e-14   600
  4.859125e+00   4.411080e-13   2.104747e-03   1.489205e-14   504
  4.866470e+00   3.857597e-13   2.162000e-03   1.794714e-14   336
  4.874196e+00   4.025659e-13   2.430098e-03   1.275460e-14   600
  4.881116e+00   4.429451e-13   1.568306e-03   1.421196e-14   636
  4.888585e+00   4.155354e-13   1.260932e-03   1.699298e-14   384
  4.893821e+00   4.001555e-13   1.758851e-03   1.349378e-14   504
  4.901368e+00   4.059119e-13   7.381651e-04   2.117319e-14   240
  4.907324e+00   3.969204e-13   1.734055e-03   1.049490e-14   744
  4.914470e+00   4.342909e-13   1.184096e-03   1.338550e-14   648
  4.920821e+00   3.696119e-13   7.860381e-04   1.905427e-14   120
  4.928265e+00   4.336163e-13   1.234764e-03   1.388243e-14   564
  4.933890e+00   4.151298e-13   1.939271e-03   1.643024e-14   432
  4.941396e+00   4.366918e-13   1.505258e-03   1.567044e-14   480
  4.947049e+00   4.532208e-13   1.107908e-03   1.791476e-14   456
  4.953721e+00   4.506457e-13   1.833424e-03   1.700401e-14   444
  4.961293e+00   4.432089e-13   2.805235e-03   1.670769e-14   528
  4.967944e+00   4.056386e-13   2.083390e-03   2.130701e-14   264
  4.974399e+00   4.411188e-13   2.135165e-03   1.633999e-14   444
  4.983082e+00   4.361365e-13   2.338759e-03   1.273038e-14   696
  4.990289e+00   4.308083e-13   1.250847e-03   1.665934e-14   384
  4.995560e+00   4.666712e-13   1.580550e-03   1.876275e-14   432
  5.003759e+00   4.352993e-13   1.092086e-03   1.410549e-14   488
  5.009082e+00   4.229493e-13   1.645909e-03   1.490051e-14   480
  5.016800e+00   4.419251e-13   1.835529e-03   1.731873e-14   480
  5.022777e+00   4.902756e-13   7.701318e-04   2.134492e-14   240
  5.029563e+00   4.435344e-13   1.798967e-03   1.525008e-14   600
  5.035964e+00   4.592263e-13   1.567616e-03   2.142418e-14   288
  5.042780e+00   4.830606e-13   1.507931e-03   1.792295e-14   480
  5.049682e+00   4.881041e-13   2.682341e-03   1.793849e-14   504
  5.056479e+00   4.713095e-13   1.150891e-03   2.364173e-14   216
  5.065146e+00   4.574899e-13   1.884192e-03   1.732464e-14   504
  5.071897e+00   4.577312e-13   1.515464e-03   1.653684e-14   456
  5.079286e+00   4.590846e-13   8.691442e-04   1.659659e-14   384
  5.084180e+00   4.354127e-13   1.764049e-03   1.531723e-14   480
  5.091134e+00   4.672590e-13   1.549032e-03   1.770729e-14   504
  5.097578e+00   4.276070e-13   9.826093e-04   1.998303e-14   312
  5.104521e+00   4.755985e-13   1.583441e-03   1.787737e-14   492
  5.110667e+00   4.467916e-13   1.484108e-03   2.014997e-14   312
  5.118579e+00   4.713830e-13   2.410815e-03   1.542836e-14   576
  5.125543e+00   4.697660e-13   2.225378e-03   2.223054e-14   336
  5.131328e+00   4.537414e-13   1.713438e-03   2.406657e-14   240
  5.139346e+00   4.982419e-13   2.271584e-03   1.812233e-14   468
  5.146270e+00   4.949997e-13   1.422340e-03   2.796235e-14   192
  5.153517e+00   4.623593e-13   1.426580e-03   2.178612e-14   324
  5.158828e+00   4.730188e-13   1.035388e-03   1.598065e-14   600
  5.166066e+00   4.694576e-13   1.679811e-03   1.820750e-14   456
  5.171442e+00   4.698126e-13   7.555789e-04   2.243352e-14   336
  5.180350e+00   4.755208e-13   2.262417e-03   1.606340e-14   612
  5.186832e+00   4.990481e-13   1.898719e-03   3.848390e-14   144
  5.192961e+00   4.808715e-13   2.216292e-03   1.469841e-14   552
  5.201296e+00   4.895471e-13   8.728032e-04   2.636497e-14   264
  5.206006e+00   4.608209e-13   2.020762e-03   2.077784e-14   336
  5.213435e+00   5.087621e-13   1.335250e-03   1.947627e-14   384
  5.219878e+00   4.847657e-13   7.516140e-04   2.651681e-14   216
  5.227010e+00   4.698435e-13   1.593577e-03   2.224114e-14   344
  5.233513e+00   4.872115e-13   2.377692e-03   2.130213e-14   408
  5.241438e+00   5.101078e-13   1.827101e-03   2.594452e-14   264
  5.248460e+00   4.738455e-13   2.547069e-03   1.634265e-14   612
  5.255476e+00   4.972666e-13   1.310917e-03   1.793934e-14   408
  5.262692e+00   4.781551e-13   1.312801e-03   1.839532e-14   444
  5.267993e+00   4.753106e-13   7.342396e-04   2.770627e-14   120
  5.275096e+00   5.165336e-13   2.028570e-03   2.311331e-14   336
  5.280368e+00   4.730764e-13   7.049199e-04   2.244164e-14   288
  5.287493e+00   4.913790e-13   2.193723e-03   1.744083e-14   552
  5.297288e+00   3.977702e-13   0.000000e+00   3.791429e-14   72
  5.302324e+00   5.041492e-13   2.178926e-03   1.832487e-14   504
  5.308207e+00   4.796442e-13   7.011571e-04   3.295313e-14   216
  5.315829e+00   4.664935e-13   1.251868e-03   2.406218e-14   312
  5.322672e+00   4.942844e-13   1.425448e-03   2.167536e-14   336
  5.329194e+00   5.018556e-13   1.975831e-03   2.878045e-14   204
  5.335689e+00   4.656926e-13   2.296216e-03   1.672653e-14   504
  5.342577e+00   5.069695e-13   2.186657e-03   2.102114e-14   396
  5.349201e+00   5.167828e-13   2.005279e-03   2.454365e-14   312
  5.357232e+00   4.814209e-13   1.225440e-03   2.841638e-14   216
  5.362890e+00   4.925297e-13   6.650698e-04   2.885967e-14   168
  5.369766e+00   4.818757e-13   1.679338e-03   1.638366e-14   588
  5.377613e+00   4.932682e-13   2.279505e-03   2.864157e-14   240
  5.383710e+00   4.593397e-13   2.013185e-03   2.558055e-14   264
  5.390860e+00   4.682376e-13   2.489717e-03   2.180604e-14   288
  5.397204e+00   4.783816e-13   1.243261e-03   2.258550e-14   288
  5.405244e+00   4.743717e-13   1.167620e-03   2.419640e-14   288
  5.410658e+00   4.673251e-13   1.352591e-03   2.527173e-14   192
  5.417469e+00   4.783406e-13   1.439292e-03   2.664008e-14   264
  5.423957e+00   4.790049e-13   2.367436e-03   1.806795e-14   372
  5.430940e+00   4.775749e-13   2.556933e-03   1.956205e-14   360
  5.439463e+00   5.317463e-13   1.082118e-03   3.411980e-14   144
  5.443868e+00   4.924396e-13   1.503015e-03   2.541922e-14   296
  5.450821e+00   4.532535e-13   1.619421e-03   2.220054e-14   288
  5.458782e+00   4.766991e-13   2.420184e-03   1.823318e-14   480
  5.465649e+00   5.074516e-13   2.010942e-03   3.679936e-14   192
  5.472326e+00   4.430799e-13   2.157009e-03   2.455019e-14   192
  5.478395e+00   4.867664e-13   1.374687e-03   2.392538e-14   288
  5.486835e+00   5.108530e-13   1.196646e-03   4.627943e-14   108
  5.491087e+00   4.442173e-13   1.150429e-03   2.018666e-14   240
  5.498595e+00   4.677520e-13   2.146152e-03   2.144268e-14   384
  5.506307e+00   5.104200e-13   2.618062e-03   3.221832e-14   108
  5.513127e+00   4.834410e-13   1.535018e-03   1.852076e-14   348
  5.520298e+00   4.878424e-13   1.602006e-03   2.419673e-14   312
  5.526703e+00   4.687295e-13   1.556684e-03   3.676455e-14   96
  5.532593e+00   5.173546e-13   2.072444e-03   2.219682e-14   384
  5.539190e+00   4.919187e-13   1.425422e-03   3.088059e-14   144
  5.545642e+00   4.660599e-13   2.190224e-03   1.799969e-14   408
  5.553663e+00   5.161797e-13   9.769946e-04   4.013062e-14   144
  5.561240e+00   4.719404e-13   1.878283e-03   2.978656e-14   192
  5.565734e+00   5.185292e-13   2.114042e-03   3.333043e-14   144
  5.573059e+00   4.778968e-13   1.718794e-03   3.228767e-14   144
  5.579969e+00   4.423640e-13   2.100644e-03   1.834321e-14   336
  5.588433e+00   4.908469e-13   1.554210e-03   2.536700e-14   240
  5.593800e+00   4.704006e-13   7.057532e-04   3.101805e-14   96
  5.601284e+00   4.903440e-13   2.069634e-03   1.899753e-14   372
  5.608856e+00   5.068488e-13   2.461786e-03   3.749651e-14   132
  5.615507e+00   4.928981e-13   1.523323e-03   2.300474e-14   264
  5.621457e+00   4.868784e-13   1.169843e-03   2.904226e-14   168
  5.627807e+00   5.020254e-13   1.870354e-03   2.493531e-14   216
  5.633417e+00   4.722460e-13   1.144306e-03   2.651634e-14   216
  5.641586e+00   4.948829e-13   2.099325e-03   4.109581e-14   96
  5.648999e+00   5.107555e-13   1.369618e-03   3.866747e-14   120
  5.655797e+00   4.715083e-13   1.741170e-03   2.579421e-14   216
  5.661397e+00   4.695897e-13   7.608972e-04   2.348271e-14   200
  5.668812e+00   4.587973e-13   1.969636e-03   2.024943e-14   288
  5.678322e+00   5.014960e-13   5.182495e-04   3.218558e-14   144
  5.682326e+00   5.158548e-13   1.612761e-03   2.668532e-14   168
  5.690504e+00   5.078799e-13   1.815012e-03   3.016146e-14   159
  5.696887e+00   5.183526e-13   1.904384e-03   2.229315e-14   174
  5.703065e+00   5.281428e-13   1.726829e-03   3.095573e-14   144
  5.711154e+00   4.938443e-13   9.971188e-04   2.469590e-14   222
  5.716564e+00   5.067297e-13   1.006181e-03   2.939875e-14   168
  5.725909e+00   5.355325e-13   2.206942e-03   7.586782e-14   30
  5.729769e+00   5.118235e-13   1.948567e-03   4.028309e-14   72
  5.737039e+00   4.787988e-13   1.739073e-03   2.228109e-14   258
  5.745032e+00   5.070712e-13   1.089226e-03   2.218854e-14   264
  5.749029e+00   4.827165e-13   1.174622e-07   4.802261e-14   72
  5.757357e+00   5.352461e-13   2.158892e-03   2.805104e-14   174
  5.764898e+00   5.459256e-13   2.298822e-03   3.201957e-14   168
  5.770961e+00   5.039444e-13   7.193062e-08   5.882849e-14   48
  5.777470e+00   5.161227e-13   1.298199e-03   3.070548e-14   150
  5.785016e+00   4.885961e-13   2.388130e-03   2.256626e-14   168
  5.792583e+00   4.558938e-13   1.454738e-03   3.185303e-14   144
  5.799541e+00   5.145521e-13   1.359056e-03   3.665563e-14   102
  5.804724e+00   6.037999e-13   2.011636e-03   4.076744e-14   96
  5.812948e+00   5.267478e-13   1.996414e-03   3.570818e-14   120
  5.819038e+00   5.566199e-13   2.141206e-03   2.948323e-14   168
  5.825625e+00   5.093693e-13   1.581111e-03   2.216871e-14   126
  5.831237e+00   5.445045e-13   1.192474e-03   2.778918e-14   168
  5.838969e+00   5.241112e-13   1.912134e-03   4.230184e-14   72
  5.845726e+00   5.248679e-13   2.394418e-03   2.534206e-14   168
  5.851646e+00   5.434845e-13   6.564276e-04   4.195048e-14   78
  5.859757e+00   5.811508e-13   1.077805e-03   5.758358e-14   60
  5.866288e+00   5.337743e-13   1.748374e-03   3.131439e-14   96
  5.873062e+00   5.277530e-13   2.121507e-03   2.999929e-14   168
  5.879428e+00   6.144090e-13   1.342407e-03   3.866482e-14   86
  5.886107e+00   7.030006e-13   1.199794e-03   3.644865e-14   120
  5.895681e+00   6.325811e-13   8.556122e-04   3.177082e-14   168
  5.900844e+00   6.014726e-13   0.000000e+00   5.030628e-14   48
  5.907798e+00   5.357983e-13   1.558833e-03   3.024134e-14   120
  5.911793e+00   5.684417e-13   1.137231e-03   3.414403e-14   126
  5.921548e+00   5.342328e-13   2.000073e-03   3.718348e-14   96
  5.927878e+00   5.261915e-13   5.767223e-04   3.946722e-14   96
  5.932871e+00   6.036489e-13   6.781684e-08   5.776317e-14   72
  5.943508e+00   4.764251e-13   7.193062e-08   7.990550e-14   24
  5.950147e+00   5.970746e-13   1.186881e-03   4.192232e-14   120
  5.955326e+00   6.719710e-13   1.731294e-03   3.621830e-14   126
  5.961084e+00   6.807590e-13   1.443268e-03   4.065952e-14   96
  5.967813e+00   7.757770e-13   2.494389e-03   4.881939e-14   72
  5.975306e+00   6.715855e-13   1.078907e-03   3.414180e-14   144
  5.981469e+00   5.558598e-13   6.222882e-04   3.915282e-14   72
  5.987626e+00   5.652390e-13   1.242932e-03   5.514942e-14   54
  5.993045e+00   6.499221e-13   1.095319e-03   4.434900e-14   108
  6.004306e+00   5.036582e-13   1.073696e-03   4.206624e-14   72
  6.007812e+00   6.454611e-13   6.195595e-04   6.315127e-14   72
  6.016129e+00   4.961889e-13   1.245875e-07   6.081926e-14   24
  6.023999e+00   8.627915e-13   1.310705e-03   7.343213e-14   48
  6.028777e+00   7.471253e-13   9.984188e-04   5.025629e-14   102
  6.035970e+00   7.783942e-13   2.258008e-03   3.334138e-14   168
  6.045369e+00   8.611055e-13   1.231465e-03   4.279020e-14   72
  6.048851e+00   8.928949e-13   0.000000e+00   7.543309e-14   48
  6.056156e+00   7.071410e-13   2.118194e-03   4.668098e-14   120
  6.065796e+00   7.100506e-13   1.301673e-03   5.237638e-14   96
  6.074901e+00   6.703889e-13   1.150890e-07   8.312635e-14   30
  6.085723e+00   6.210905e-13   6.115837e-04   5.611216e-14   72
  6.090478e+00   6.555442e-13   7.193062e-08   8.038446e-14   24
  6.096586e+00   1.015610e-12   9.065181e-04   5.084896e-14   56
  6.103428e+00   9.456850e-13   1.293647e-03   3.955202e-14   96
  6.111616e+00   8.212024e-13   1.428503e-03   3.675365e-14   144
  6.117928e+00   9.049718e-13   8.110480e-04   5.435917e-14   54
  6.127099e+00   9.240051e-13   1.215036e-03   4.862095e-14   108
  6.136327e+00   6.711876e-13   6.433558e-04   6.861668e-14   48
  6.145113e+00   8.457686e-13   2.422440e-03   6.114760e-14   72
  6.166195e+00   8.449802e-13   1.600514e-03   6.893615e-14   78
  6.172037e+00   1.097909e-12   1.206188e-03   4.582179e-14   72
  6.178856e+00   9.643567e-13   1.204690e-03   4.542997e-14   72
  6.185986e+00   9.645579e-13   2.907051e-03   5.062712e-14   96
  6.191621e+00   1.064417e-12   1.202207e-03   5.642766e-14   72
  6.198419e+00   1.026915e-12   0.000000e+00   9.792504e-14   24
  6.205208e+00   9.927811e-13   2.398986e-03   5.857659e-14   72
  6.220544e+00   7.282774e-13   1.523430e-03   7.502497e-14   30
  6.223843e+00   8.503024e-13   0.000000e+00   1.152000e-13   24
  6.241578e+00   1.380858e-12   1.265014e-03   6.363390e-14   48
  6.247142e+00   1.083220e-12   2.722309e-03   4.449464e-14   120
  6.254637e+00   1.070113e-12   1.190257e-03   5.413495e-14   72
  6.262206e+00   1.208230e-12   1.188818e-03   7.090306e-14   36
  6.267409e+00   1.111478e-12   2.349657e-03   5.141164e-14   78
  6.281928e+00   8.617722e-13   1.256888e-03   7.122652e-14   48
  6.300754e+00   7.343498e-13   1.017253e-07   9.038530e-14   24
  6.314166e+00   1.604196e-12   8.752715e-04   6.101455e-14   56
  6.320919e+00   1.327502e-12   1.346877e-03   5.207655e-14   102
  6.329510e+00   1.405684e-12   9.590750e-08   6.552014e-14   72
  6.334498e+00   1.001691e-12   7.193062e-08   6.894631e-14   24
  6.343217e+00   1.134137e-12   1.244744e-03   8.855515e-14   48
  6.359378e+00   8.322295e-13   0.000000e+00   1.005626e-13   24
  6.379213e+00   8.561235e-13   0.000000e+00   2.021283e-13   6
  6.385398e+00   1.937057e-12   0.000000e+00   7.913979e-14   24
  6.389518e+00   1.561183e-12   1.165127e-03   6.325450e-14   72
  6.397046e+00   1.395438e-12   2.173655e-03   5.374678e-14   84
  6.405152e+00   1.598071e-12   0.000000e+00   9.383167e-14   24
  6.407617e+00   1.334669e-12   1.017253e-07   1.070248e-13   24
  6.419927e+00   1.295058e-12   1.245875e-07   1.311325e-13   24
  6.437123e+00   9.504721e-13   0.000000e+00   1.739893e-13   6
  6.459163e+00   1.946454e-12   1.222400e-03   7.965275e-14   48
  6.464458e+00   1.590490e-12   2.302802e-03   6.849444e-14   72
  6.471376e+00   1.797026e-12   1.220094e-03   9.732517e-14   48
  6.482347e+00   1.749601e-12   0.000000e+00   1.468636e-13   24
  6.496947e+00   1.513260e-12   0.000000e+00   4.616949e-13   6
  6.529678e+00   1.943556e-12   0.000000e+00   1.415608e-13   8
  6.532096e+00   1.777233e-12   7.193062e-08   9.043532e-14   48
  6.537895e+00   1.799095e-12   1.183236e-03   9.000964e-14   60
  6.546585e+00   1.964228e-12   0.000000e+00   1.575377e-13   24
  6.558634e+00   1.993899e-12   0.000000e+00   3.189062e-13   6
  6.603027e+00   2.022099e-12   0.000000e+00   1.461298e-13   24
  6.606613e+00   1.926961e-12   1.195118e-03   9.355559e-14   48
  6.612586e+00   1.852033e-12   0.000000e+00   1.386395e-13   24
  6.622132e+00   2.263324e-12   0.000000e+00   1.113883e-13   6
  6.676359e+00   2.084755e-12   1.114931e-03   1.003314e-13   36
  6.680300e+00   1.893275e-12   0.000000e+00   1.192398e-13   24
  6.687387e+00   1.817149e-12   0.000000e+00   3.262264e-14   6
  6.749089e+00   2.145851e-12   1.013241e-03   9.155997e-14   32
  6.754351e+00   1.932638e-12   0.000000e+00   1.846374e-13   6
  6.820657e+00   2.823425e-12   0.000000e+00   2.158710e-13   12
  6.822972e+00   1.783311e-12   0.000000e+00   1.134937e-13   6
  6.893201e+00   3.148075e-12   0.000000e+00   2.050588e-13   6
