# power spectrum of phi
# redshift z=0.995972
# k              Pk             sigma(k)       sigma(Pk)      count
  1.256637e-01   3.442111e-11   0.000000e+00   1.388294e-11   6
  1.777153e-01   8.839134e-12   0.000000e+00   1.821626e-12   12
  2.176559e-01   3.871127e-12   2.384186e-09   1.020995e-12   8
  2.513274e-01   1.022154e-11   0.000000e+00   1.558689e-12   6
  2.809926e-01   5.647780e-12   4.495664e-09   1.679878e-12   24
  3.078120e-01   6.347902e-12   4.495664e-09   1.297762e-12   24
  3.554306e-01   1.621667e-12   0.000000e+00   3.220609e-13   12
  3.769911e-01   2.140399e-12   5.086263e-09   2.350761e-13   30
  3.973835e-01   2.017551e-12   0.000000e+00   2.996762e-13   24
  4.167794e-01   2.461956e-12   7.786718e-09   5.409117e-13   24
  4.353118e-01   9.601271e-13   4.768372e-09   1.019201e-13   8
  4.530869e-01   1.254056e-12   6.357829e-09   2.891625e-13   24
  4.701905e-01   1.370217e-12   0.000000e+00   2.678235e-13   48
  5.026548e-01   4.836784e-13   0.000000e+00   1.809604e-13   6
  5.181247e-01   1.125400e-12   6.357829e-09   1.531350e-13   48
  5.331460e-01   8.111249e-13   5.994218e-09   1.501545e-13   36
  5.477554e-01   1.222364e-12   6.357829e-09   2.518031e-13   24
  5.619852e-01   8.757355e-13   8.991328e-09   1.402249e-13   24
  5.758634e-01   9.460436e-13   0.000000e+00   1.359027e-13   48
  5.894150e-01   7.537995e-13   8.991328e-09   1.365672e-13   24
  6.156239e-01   6.785980e-13   8.991328e-09   1.009630e-13   24
  6.283185e-01   3.900218e-13   0.000000e+00   8.417756e-14   30
  6.407617e-01   6.768101e-13   0.000000e+00   7.380935e-14   72
  6.529678e-01   4.985845e-13   9.536743e-09   1.326668e-13   32
  6.767198e-01   5.889186e-13   0.000000e+00   5.518030e-14   72
  6.882885e-01   3.854320e-13   0.000000e+00   6.597829e-14   48
  7.108613e-01   3.789294e-13   0.000000e+00   1.339158e-13   12
  7.218830e-01   4.816348e-13   0.000000e+00   5.581405e-14   48
  7.327390e-01   3.652658e-13   0.000000e+00   5.569389e-14   48
  7.434365e-01   4.861229e-13   8.991328e-09   5.548706e-14   48
  7.539822e-01   5.798047e-13   1.017253e-08   9.496943e-14   30
  7.643825e-01   4.381961e-13   0.000000e+00   5.126260e-14   24
  7.746431e-01   4.910915e-13   1.895538e-08   6.645797e-14   72
  7.947671e-01   2.272770e-13   0.000000e+00   4.772705e-14   24
  8.046403e-01   3.030013e-13   0.000000e+00   2.688631e-14   96
  8.143939e-01   2.517980e-13   0.000000e+00   4.451024e-14   48
  8.240320e-01   2.377108e-13   1.557344e-08   1.731348e-14   24
  8.335587e-01   4.873258e-13   1.557344e-08   8.284606e-14   24
  8.429778e-01   3.578472e-13   0.000000e+00   3.481499e-14   72
  8.522927e-01   3.128654e-13   0.000000e+00   4.839515e-14   48
  8.706237e-01   2.037441e-13   9.536743e-09   5.182223e-14   8
  8.796459e-01   3.046338e-13   1.130281e-08   3.732505e-14   54
  8.885766e-01   2.972022e-13   0.000000e+00   2.645324e-14   84
  8.974184e-01   3.010391e-13   0.000000e+00   3.444365e-14   48
  9.061739e-01   1.854640e-13   1.271566e-08   2.981384e-14   24
  9.148456e-01   3.033121e-13   1.695421e-08   4.189529e-14   72
  9.234359e-01   2.831782e-13   0.000000e+00   2.876150e-14   96
  9.403811e-01   2.379188e-13   0.000000e+00   2.221728e-14   48
  9.487402e-01   2.876204e-13   0.000000e+00   3.830265e-14   48
  9.570263e-01   2.659192e-13   0.000000e+00   5.382127e-14   24
  9.652412e-01   2.067235e-13   0.000000e+00   2.289957e-14   72
  9.814649e-01   1.952360e-13   0.000000e+00   2.246052e-14   72
  9.894770e-01   2.123597e-13   0.000000e+00   1.991754e-14   96
  1.005310e+00   3.571967e-13   0.000000e+00   8.563614e-14   6
  1.013133e+00   1.999400e-13   0.000000e+00   1.740256e-14   96
  1.020897e+00   2.212147e-13   1.271566e-08   2.112777e-14   96
  1.028602e+00   2.216484e-13   0.000000e+00   4.934665e-14   24
  1.036249e+00   2.794066e-13   1.271566e-08   3.618796e-14   48
  1.043841e+00   1.493929e-13   0.000000e+00   1.594366e-14   96
  1.051378e+00   2.209380e-13   0.000000e+00   3.823112e-14   48
  1.066292e+00   1.344259e-13   1.198844e-08   2.083753e-14   36
  1.073671e+00   1.983362e-13   2.202416e-08   2.567485e-14   48
  1.081000e+00   2.084173e-13   2.491750e-08   1.780557e-14   120
  1.088280e+00   1.635801e-13   0.000000e+00   1.836492e-14   56
  1.095511e+00   1.522385e-13   1.271566e-08   2.675646e-14   24
  1.102695e+00   1.456487e-13   0.000000e+00   1.299513e-14   96
  1.109832e+00   1.797098e-13   0.000000e+00   2.916905e-14   48
  1.123970e+00   2.037330e-13   1.798266e-08   3.808966e-14   24
  1.130973e+00   1.612708e-13   0.000000e+00   1.468300e-14   102
  1.137933e+00   1.535295e-13   1.271566e-08   1.933638e-14   48
  1.144851e+00   1.740719e-13   0.000000e+00   1.948110e-14   72
  1.151727e+00   1.228345e-13   0.000000e+00   1.665243e-14   48
  1.158562e+00   2.342173e-13   0.000000e+00   3.191116e-14   48
  1.165357e+00   1.813673e-13   2.877225e-08   1.502650e-14   120
  1.178830e+00   1.210743e-13   1.798266e-08   2.444485e-14   24
  1.185509e+00   1.351963e-13   1.695421e-08   1.053731e-14   144
  1.192151e+00   1.320328e-13   2.034505e-08   1.248770e-14   120
  1.198755e+00   1.313927e-13   1.798266e-08   1.435944e-14   48
  1.211857e+00   1.531156e-13   1.798266e-08   2.037052e-14   48
  1.218355e+00   1.163193e-13   1.798266e-08   1.282863e-14   96
  1.235512e+00   1.189731e-13   3.015167e-03   1.110259e-14   72
  1.244007e+00   1.349788e-13   1.598458e-08   1.149283e-14   108
  1.250338e+00   1.408336e-13   0.000000e+00   1.314257e-14   72
  1.256637e+00   1.192640e-13   0.000000e+00   2.381582e-14   30
  1.262905e+00   1.024307e-13   0.000000e+00   8.581504e-15   168
  1.269141e+00   1.049752e-13   0.000000e+00   1.537218e-14   48
  1.281523e+00   9.506239e-14   0.000000e+00   1.209606e-14   72
  1.287670e+00   1.200148e-13   0.000000e+00   1.519818e-14   96
  1.293787e+00   8.393166e-14   3.390842e-08   1.093981e-14   72
  1.299875e+00   1.108330e-13   0.000000e+00   1.129781e-14   72
  1.310112e+00   1.073596e-13   2.784031e-03   1.004371e-14   104
  1.317972e+00   1.018280e-13   2.397687e-08   8.669558e-15   144
  1.335824e+00   9.577468e-14   4.021044e-08   8.834563e-15   96
  1.341721e+00   1.074427e-13   0.000000e+00   8.799664e-15   96
  1.351101e+00   1.158536e-13   2.864148e-03   1.266304e-14   120
  1.359261e+00   9.271919e-14   0.000000e+00   1.076064e-14   120
  1.365057e+00   8.621344e-14   0.000000e+00   1.110922e-14   72
  1.376577e+00   9.896769e-14   0.000000e+00   1.650389e-14   48
  1.382301e+00   8.705070e-14   3.130008e-08   1.134545e-14   78
  1.389623e+00   9.784773e-14   2.564571e-03   8.263986e-15   168
  1.404963e+00   1.020399e-13   2.936555e-08   8.801109e-15   144
  1.410572e+00   1.151823e-13   2.397687e-08   1.118400e-14   144
  1.426839e+00   8.521768e-14   1.476986e-03   7.517883e-15   156
  1.432787e+00   9.377541e-14   3.114687e-08   1.142956e-14   48
  1.438287e+00   9.272224e-14   2.034505e-08   7.914105e-15   120
  1.443766e+00   7.889068e-14   0.000000e+00   8.515550e-15   48
  1.453454e+00   8.386555e-14   2.260797e-03   5.628660e-15   216
  1.465478e+00   9.226472e-14   0.000000e+00   1.131460e-14   48
  1.470856e+00   7.910877e-14   1.798266e-08   9.864657e-15   96
  1.478502e+00   8.934102e-14   2.642094e-03   6.906108e-15   168
  1.486873e+00   6.384477e-14   1.798266e-08   7.437467e-15   48
  1.492174e+00   7.291603e-14   0.000000e+00   7.407561e-15   96
  1.497456e+00   6.861356e-14   0.000000e+00   1.011944e-14   48
  1.507964e+00   7.635256e-14   2.034505e-08   1.027230e-14   30
  1.513191e+00   9.760620e-14   0.000000e+00   9.810925e-15   96
  1.519439e+00   7.090168e-14   2.076451e-03   4.739610e-15   240
  1.527472e+00   8.186883e-14   2.240191e-03   1.274621e-14   32
  1.533921e+00   8.495056e-14   0.000000e+00   6.895596e-15   168
  1.539060e+00   8.191355e-14   0.000000e+00   8.012462e-15   120
  1.549286e+00   8.686595e-14   3.791077e-08   1.613070e-14   72
  1.554374e+00   8.543727e-14   1.695421e-08   7.403230e-15   144
  1.559446e+00   6.430153e-14   0.000000e+00   6.212934e-15   96
  1.564501e+00   6.202625e-14   0.000000e+00   5.330535e-15   96
  1.574562e+00   8.207627e-14   0.000000e+00   1.031170e-14   72
  1.579568e+00   7.563723e-14   2.543132e-08   7.095870e-15   96
  1.589534e+00   6.960714e-14   0.000000e+00   1.213479e-14   24
  1.594494e+00   7.794673e-14   0.000000e+00   5.280458e-15   192
  1.600334e+00   7.537994e-14   1.901066e-03   5.251427e-15   132
  1.609281e+00   6.579953e-14   0.000000e+00   6.693745e-15   96
  1.614180e+00   6.296861e-14   0.000000e+00   5.367134e-15   96
  1.619064e+00   6.489610e-14   2.034505e-08   5.352948e-15   120
  1.628788e+00   6.970956e-14   0.000000e+00   8.200666e-15   48
  1.636759e+00   6.339424e-14   2.303939e-03   3.874652e-15   222
  1.643266e+00   7.320091e-14   0.000000e+00   7.172361e-15   120
  1.648064e+00   4.068318e-14   3.114687e-08   8.001398e-15   24
  1.655050e+00   6.768978e-14   2.378000e-03   3.943101e-15   312
  1.670270e+00   6.043926e-14   2.229470e-03   6.698414e-15   72
  1.676563e+00   6.600274e-14   3.114687e-08   6.891113e-15   96
  1.683024e+00   6.448791e-14   2.270407e-03   4.976460e-15   192
  1.690632e+00   6.142279e-14   2.877225e-08   6.344093e-15   120
  1.695296e+00   5.705900e-14   0.000000e+00   4.969061e-15   144
  1.704585e+00   4.357589e-14   0.000000e+00   6.252485e-15   48
  1.711188e+00   5.262032e-14   2.282974e-03   2.715707e-15   336
  1.718425e+00   6.187007e-14   0.000000e+00   9.378558e-15   48
  1.727590e+00   5.454294e-14   0.000000e+00   4.493417e-15   192
  1.732155e+00   6.448848e-14   0.000000e+00   7.144690e-15   48
  1.745129e+00   5.504302e-14   1.584683e-03   6.625795e-15   56
  1.751580e+00   5.311052e-14   2.035272e-03   2.519539e-15   336
  1.759292e+00   4.371943e-14   2.260561e-08   6.355196e-15   54
  1.766010e+00   5.802297e-14   2.235459e-03   3.422014e-15   240
  1.779956e+00   5.222660e-14   2.140470e-03   3.319107e-15   228
  1.786017e+00   7.354496e-14   2.397687e-08   7.008090e-15   72
  1.791900e+00   5.798083e-14   2.076308e-03   4.766713e-15   144
  1.799230e+00   3.953680e-14   0.000000e+00   2.958056e-15   96
  1.803613e+00   5.291795e-14   2.877225e-08   3.472280e-15   240
  1.812348e+00   6.534797e-14   2.543132e-08   9.713298e-15   24
  1.817939e+00   4.985516e-14   1.961057e-03   2.806901e-15   336
  1.825371e+00   3.485616e-14   0.000000e+00   4.233466e-15   72
  1.832154e+00   4.562727e-14   2.133012e-03   3.513195e-15   168
  1.838302e+00   5.579971e-14   0.000000e+00   6.241251e-15   72
  1.846872e+00   4.959244e-14   0.000000e+00   4.396689e-15   96
  1.853509e+00   4.663785e-14   2.117011e-03   3.080186e-15   216
  1.859653e+00   3.635347e-14   0.000000e+00   3.100067e-15   96
  1.868125e+00   4.568698e-14   2.543132e-08   3.312516e-15   192
  1.872347e+00   3.968117e-14   2.397687e-08   3.429362e-15   144
  1.880762e+00   3.515495e-14   0.000000e+00   4.631676e-15   48
  1.886588e+00   3.803828e-14   2.041047e-03   2.270204e-15   246
  1.894505e+00   4.918804e-14   1.881878e-03   3.331391e-15   168
  1.901637e+00   4.259197e-14   4.983500e-08   4.187124e-15   120
  1.905784e+00   3.894884e-14   0.000000e+00   2.330759e-15   240
  1.914053e+00   4.143189e-14   0.000000e+00   6.772990e-15   24
  1.920640e+00   3.878875e-14   2.014384e-03   1.798374e-15   360
  1.928845e+00   3.891360e-14   2.005812e-03   2.784039e-15   120
  1.934568e+00   4.252451e-14   0.000000e+00   3.595813e-15   144
  1.938645e+00   4.233600e-14   0.000000e+00   4.315328e-15   96
  1.950825e+00   4.242670e-14   0.000000e+00   3.743426e-15   144
  1.954868e+00   3.767258e-14   0.000000e+00   3.602254e-15   132
  1.960551e+00   3.812967e-14   1.979707e-03   2.781856e-15   176
  1.968799e+00   3.326809e-14   1.999105e-03   2.068949e-15   312
  1.978954e+00   3.843223e-14   0.000000e+00   4.984891e-15   96
  1.982940e+00   3.593768e-14   0.000000e+00   2.599564e-15   144
  1.989055e+00   4.115471e-14   1.979053e-03   2.203740e-15   312
  1.998804e+00   4.522254e-14   0.000000e+00   6.268808e-15   48
  2.002750e+00   3.637079e-14   2.543132e-08   2.522490e-15   192
  2.010619e+00   2.617753e-14   0.000000e+00   9.066933e-15   6
  2.015848e+00   3.510917e-14   1.845802e-03   1.813490e-15   288
  2.024316e+00   3.885971e-14   1.950210e-03   2.337480e-15   192
  2.030159e+00   3.623939e-14   5.980883e-08   2.970784e-15   216
  2.034045e+00   3.729199e-14   0.000000e+00   4.743555e-15   72
  2.043725e+00   3.439070e-14   1.931689e-03   2.775238e-15   192
  2.050154e+00   3.849254e-14   1.434383e-03   2.246323e-15   288
  2.057204e+00   4.014660e-14   0.000000e+00   7.619392e-15   24
  2.062650e+00   3.084952e-14   1.889681e-03   1.512836e-15   456
  2.072499e+00   3.966513e-14   0.000000e+00   6.285551e-15   48
  2.078585e+00   3.419343e-14   1.861260e-03   2.280904e-15   240
  2.085579e+00   3.165922e-14   1.881013e-03   2.518034e-15   216
  2.091461e+00   4.434112e-14   0.000000e+00   4.828595e-15   72
  2.095233e+00   3.361231e-14   6.498988e-08   2.651512e-15   168
  2.105882e+00   3.258252e-14   1.398129e-03   1.925133e-15   288
  2.111855e+00   3.128419e-14   1.849965e-03   1.985151e-15   168
  2.121448e+00   2.848406e-14   0.000000e+00   1.970763e-15   192
  2.125166e+00   2.655443e-14   2.397687e-08   2.424958e-15   144
  2.132584e+00   4.088852e-14   2.397687e-08   5.331165e-15   36
  2.138874e+00   2.709191e-14   1.689411e-03   1.472268e-15   342
  2.144889e+00   3.817661e-14   1.734820e-03   3.696583e-15   144
  2.152621e+00   3.544456e-14   1.819392e-03   2.077713e-15   384
  2.162000e+00   3.815661e-14   4.983500e-08   2.894962e-15   120
  2.166643e+00   3.251005e-14   1.622368e-03   2.150168e-15   264
  2.172929e+00   3.394544e-14   8.042088e-08   2.409110e-15   192
  2.178848e+00   2.988336e-14   1.748412e-03   2.163843e-15   152
  2.183802e+00   2.581185e-14   4.795375e-08   1.929614e-15   144
  2.194222e+00   3.058353e-14   1.131589e-03   1.885353e-15   216
  2.199045e+00   3.166592e-14   1.512105e-03   1.800490e-15   312
  2.207535e+00   2.407322e-14   1.752500e-03   1.600684e-15   240
  2.212538e+00   2.698616e-14   2.543132e-08   3.027290e-15   96
  2.222033e+00   2.340202e-14   1.675517e-03   2.072382e-15   144
  2.227885e+00   2.656595e-14   1.646885e-03   1.344253e-15   456
  2.237379e+00   3.547519e-14   0.000000e+00   2.420097e-15   120
  2.240905e+00   2.556091e-14   0.000000e+00   2.126788e-15   144
  2.247941e+00   3.023591e-14   3.596531e-08   7.798652e-15   24
  2.252452e+00   2.153655e-14   1.583038e-03   1.324679e-15   336
  2.260253e+00   2.782079e-14   1.745876e-03   1.947484e-15   198
  2.267563e+00   2.457027e-14   1.697764e-03   1.128662e-15   432
  2.275867e+00   3.522736e-14   5.086263e-08   4.607883e-15   48
  2.280199e+00   2.742781e-14   1.498832e-03   1.506786e-15   384
  2.287976e+00   2.295032e-14   1.725473e-03   1.516241e-15   144
  2.295024e+00   2.966146e-14   1.713168e-03   2.030334e-15   264
  2.303454e+00   4.038139e-14   0.000000e+00   5.032475e-15   48
  2.309110e+00   2.498106e-14   1.628943e-03   1.513259e-15   276
  2.314567e+00   2.446240e-14   1.476593e-03   1.952595e-15   192
  2.321860e+00   2.402926e-14   1.659366e-03   1.116092e-15   552
  2.330715e+00   2.579775e-14   4.069010e-08   2.202210e-15   120
  2.335978e+00   2.190285e-14   1.679687e-03   1.493425e-15   216
  2.340855e+00   2.338364e-14   4.069010e-08   2.104394e-15   120
  2.349569e+00   2.836684e-14   1.654080e-03   1.352871e-15   408
  2.357660e+00   2.836819e-14   3.596531e-08   4.845888e-15   24
  2.362678e+00   2.128615e-14   1.670919e-03   1.068630e-15   384
  2.369685e+00   2.325878e-14   1.632547e-03   1.757436e-15   240
  2.375770e+00   2.116172e-14   1.644502e-03   1.581227e-15   168
  2.384301e+00   2.651675e-14   0.000000e+00   2.392651e-15   120
  2.389801e+00   2.324112e-14   1.714308e-03   1.212898e-15   350
  2.398744e+00   2.191027e-14   2.822081e-03   1.103345e-15   384
  2.404088e+00   2.146670e-14   0.000000e+00   1.812975e-15   144
  2.413921e+00   2.170890e-14   3.390842e-08   1.124566e-15   288
  2.419055e+00   2.245200e-14   1.615394e-03   1.248486e-15   336
  2.426039e+00   1.838285e-14   1.470682e-03   1.531300e-15   168
  2.430220e+00   2.429951e-14   9.639558e-08   1.398051e-15   336
  2.438868e+00   2.071490e-14   1.526480e-03   1.296156e-15   288
  2.444062e+00   2.326760e-14   1.438335e-03   1.599784e-15   264
  2.452858e+00   1.895980e-14   0.000000e+00   1.279902e-15   240
  2.456075e+00   1.579098e-14   0.000000e+00   1.548547e-15   96
  2.467620e+00   2.201179e-14   1.956039e-03   1.181709e-15   360
  2.473008e+00   1.972162e-14   1.441936e-03   1.419911e-15   168
  2.479816e+00   2.124930e-14   1.571860e-03   1.137260e-15   456
  2.488014e+00   1.987207e-14   4.521123e-08   1.762586e-15   108
  2.492626e+00   1.712105e-14   1.577159e-03   1.079889e-15   264
  2.498378e+00   1.991800e-14   1.407083e-03   1.170388e-15   264
  2.506256e+00   1.659665e-14   1.327788e-03   9.444713e-16   312
  2.516065e+00   1.921873e-14   9.866910e-04   1.093638e-15   270
  2.520176e+00   1.868039e-14   1.252729e-03   1.271569e-15   240
  2.527567e+00   2.352501e-14   1.549783e-03   1.366348e-15   384
  2.532054e+00   2.016986e-14   5.086263e-08   1.501867e-15   192
  2.540769e+00   1.840976e-14   1.243495e-03   1.057862e-15   240
  2.545825e+00   1.828867e-14   1.534673e-03   8.612473e-16   336
  2.555333e+00   1.887951e-14   1.544942e-03   8.814825e-16   480
  2.563047e+00   2.050014e-14   3.390842e-08   2.059705e-15   72
  2.567356e+00   1.716486e-14   1.506459e-03   1.002568e-15   240
  2.573216e+00   1.931621e-14   1.415865e-03   1.141932e-15   312
  2.579934e+00   2.029640e-14   1.530210e-03   1.618778e-15   240
  2.590086e+00   1.774617e-14   1.162564e-03   9.836524e-16   408
  2.594104e+00   1.815357e-14   1.064628e-03   9.517002e-16   336
  2.601958e+00   1.720351e-14   1.351816e-03   1.196669e-15   264
  2.605818e+00   1.771217e-14   0.000000e+00   1.655669e-15   144
  2.616557e+00   1.681450e-14   1.873697e-03   8.347170e-16   464
  2.622215e+00   1.841502e-14   1.489973e-03   1.508037e-15   168
  2.627801e+00   1.790746e-14   1.357041e-03   1.276716e-15   336
  2.637897e+00   1.768645e-14   1.425837e-03   7.794781e-16   414
  2.643588e+00   1.717610e-14   1.484211e-03   1.212976e-15   216
  2.650879e+00   1.958458e-14   3.596531e-08   2.003628e-15   96
  2.653856e+00   1.649775e-14   8.809666e-08   7.567691e-16   384
  2.664284e+00   1.854267e-14   1.481344e-03   8.328276e-16   492
  2.669873e+00   1.946873e-14   1.448627e-03   1.162304e-15   240
  2.676189e+00   1.683455e-14   1.470864e-03   9.263537e-16   312
  2.684913e+00   1.366200e-14   1.470380e-03   8.115092e-16   192
  2.690439e+00   1.603474e-14   1.424976e-03   7.167279e-16   504
  2.697770e+00   1.664620e-14   9.433586e-04   8.574845e-16   408
  2.703542e+00   1.857608e-14   2.890096e-03   1.571641e-15   168
  2.710765e+00   1.767444e-14   1.372821e-03   9.783259e-16   288
  2.716826e+00   1.595438e-14   1.432656e-03   9.709591e-16   288
  2.723035e+00   1.630236e-14   1.440903e-03   9.463676e-16   432
  2.732042e+00   1.684980e-14   1.362614e-03   1.095840e-15   216
  2.736854e+00   1.500232e-14   1.359739e-03   7.421531e-16   360
  2.745421e+00   1.555831e-14   1.327092e-03   8.694143e-16   312
  2.753154e+00   1.522411e-14   0.000000e+00   2.091207e-15   48
  2.757611e+00   1.470627e-14   1.422834e-03   6.792992e-16   432
  2.765594e+00   1.415548e-14   2.373302e-03   7.146605e-16   414
  2.770308e+00   1.490835e-14   5.421333e-08   8.585064e-16   312
  2.779102e+00   1.451277e-14   2.082441e-03   6.561981e-16   528
  2.785037e+00   1.514465e-14   1.093105e-03   9.934977e-16   264
  2.792167e+00   1.578384e-14   1.296122e-03   7.028083e-16   480
  2.801483e+00   1.433963e-14   0.000000e+00   7.968877e-16   288
  2.805506e+00   1.621573e-14   1.392643e-03   1.214843e-15   168
  2.812867e+00   1.473075e-14   2.204550e-03   7.171886e-16   504
  2.821143e+00   1.515132e-14   3.390842e-08   1.402161e-15   144
  2.826350e+00   1.368417e-14   1.415850e-03   5.999174e-16   464
  2.834173e+00   1.255697e-14   2.077839e-03   6.122373e-16   432
  2.837886e+00   1.764287e-14   3.596531e-08   1.320115e-15   192
  2.847481e+00   1.246820e-14   1.540373e-03   6.402390e-16   396
  2.853147e+00   1.190761e-14   1.383680e-03   7.113135e-16   288
  2.858874e+00   1.418992e-14   1.366839e-03   7.194581e-16   336
  2.868021e+00   1.398118e-14   8.655099e-04   8.301043e-16   432
  2.873827e+00   1.297518e-14   2.243281e-03   6.272183e-16   360
  2.880345e+00   1.354100e-14   1.326934e-03   6.969999e-16   384
  2.889603e+00   1.477457e-14   1.171274e-03   1.080046e-15   198
  2.894063e+00   1.465124e-14   1.331357e-03   5.870030e-16   552
  2.902381e+00   1.302300e-14   1.863809e-03   6.962874e-16   432
  2.909325e+00   1.311966e-14   7.119285e-08   1.279965e-15   168
  2.915153e+00   1.495977e-14   2.310442e-03   8.895643e-16   480
  2.922863e+00   1.692106e-14   0.000000e+00   1.529117e-15   120
  2.926334e+00   1.315836e-14   1.887069e-03   7.531126e-16   336
  2.934802e+00   1.303182e-14   1.331298e-03   4.930466e-16   672
  2.943175e+00   1.332619e-14   1.936554e-03   6.219510e-16   528
  2.947075e+00   1.179770e-14   5.812872e-08   8.478619e-16   168
  2.956085e+00   1.217168e-14   2.160213e-03   6.078919e-16   456
  2.961583e+00   1.413978e-14   1.319260e-03   1.100067e-15   168
  2.967291e+00   1.243104e-14   1.316892e-03   5.363156e-16   504
  2.976778e+00   9.732184e-15   1.694638e-03   5.746567e-16   336
  2.982515e+00   1.137516e-14   1.221633e-03   6.656024e-16   312
  2.988879e+00   1.067353e-14   1.193619e-03   4.822341e-16   504
  2.997254e+00   1.226388e-14   8.281656e-04   6.072096e-16   432
  3.001192e+00   1.230936e-14   1.279790e-03   7.080719e-16   312
  3.009377e+00   1.176319e-14   1.311847e-03   5.773191e-16   384
  3.017923e+00   1.212107e-14   1.114566e-03   8.572207e-16   126
  3.023199e+00   1.297728e-14   1.956913e-03   6.122753e-16   492
  3.029938e+00   1.171316e-14   1.253405e-03   4.960390e-16   528
  3.038360e+00   1.104731e-14   1.273190e-03   5.261282e-16   480
  3.043581e+00   1.358037e-14   1.758905e-03   7.028785e-16   432
  3.051137e+00   1.167299e-14   1.383146e-03   7.375932e-16   440
  3.059913e+00   1.158950e-14   6.878330e-04   6.700707e-16   312
  3.063206e+00   9.545157e-15   1.030775e-03   4.416741e-16   480
  3.069960e+00   1.134597e-14   2.018238e-03   5.771568e-16   408
  3.079829e+00   1.260639e-14   1.208696e-03   6.486630e-16   360
  3.083998e+00   1.036629e-14   1.166348e-03   4.999682e-16   408
  3.091725e+00   8.959131e-15   1.186907e-03   4.250673e-16   456
  3.100425e+00   9.570340e-15   1.134390e-03   6.792409e-16   264
  3.105254e+00   1.116384e-14   1.231098e-03   5.325845e-16   384
  3.112283e+00   1.022925e-14   2.072640e-03   4.051266e-16   672
  3.120409e+00   1.103461e-14   1.239707e-03   7.743685e-16   240
  3.125099e+00   9.171391e-15   1.257992e-03   5.232468e-16   264
  3.131717e+00   8.773978e-15   1.551526e-03   3.519575e-16   624
  3.141593e+00   8.840711e-15   0.000000e+00   6.354361e-16   150
  3.145109e+00   1.087411e-14   1.738607e-03   4.899947e-16   600
  3.152524e+00   1.062535e-14   1.199942e-03   4.399099e-16   672
  3.160921e+00   9.540844e-15   1.128630e-03   5.323869e-16   336
  3.165599e+00   1.123964e-14   1.227621e-03   6.010844e-16   408
  3.173072e+00   1.049490e-14   1.224729e-03   6.568048e-16   408
  3.181385e+00   1.088405e-14   6.192886e-04   5.810068e-16   360
  3.186510e+00   1.037920e-14   2.273829e-03   5.865932e-16   456
  3.192699e+00   9.559341e-15   1.236522e-03   6.065592e-16   384
  3.200577e+00   9.020198e-15   1.141466e-03   4.597624e-16   348
  3.204835e+00   1.066868e-14   1.407202e-03   4.811562e-16   576
  3.212832e+00   9.700881e-15   1.158646e-03   4.516138e-16   504
  3.221013e+00   9.430842e-15   1.634203e-03   4.887483e-16   432
  3.228154e+00   9.437265e-15   2.223325e-03   4.399802e-16   576
  3.233247e+00   9.992140e-15   0.000000e+00   6.472613e-16   264
  3.241325e+00   8.688434e-15   1.769212e-03   3.236685e-16   768
  3.248351e+00   8.345293e-15   2.381921e-03   5.597156e-16   240
  3.253937e+00   1.062646e-14   2.100629e-03   8.079316e-16   192
  3.262073e+00   9.115633e-15   1.546319e-03   3.527579e-16   504
  3.268108e+00   9.653496e-15   2.083724e-03   4.603753e-16   590
  3.273894e+00   9.809121e-15   2.334698e-03   5.574513e-16   384
  3.281151e+00   9.100738e-15   1.951120e-03   4.312278e-16   504
  3.289911e+00   9.711071e-15   1.877651e-03   4.196296e-16   648
  3.298409e+00   7.776849e-15   5.099453e-04   3.950818e-16   504
  3.301835e+00   9.471118e-15   1.163281e-03   5.056672e-16   312
  3.307884e+00   8.074460e-15   1.676002e-03   4.671923e-16   576
  3.316189e+00   1.125405e-14   1.166339e-03   6.806504e-16   240
  3.321030e+00   7.732813e-15   1.178530e-03   3.678699e-16   552
  3.327882e+00   8.330643e-15   1.106612e-03   3.523129e-16   600
  3.337643e+00   8.157935e-15   1.351639e-03   3.483757e-16   600
  3.343511e+00   7.741716e-15   2.164544e-03   4.842852e-16   312
  3.349356e+00   9.307103e-15   1.885103e-03   4.207622e-16   480
  3.356656e+00   7.876015e-15   1.176123e-03   3.242768e-16   576
  3.363084e+00   8.214976e-15   1.893814e-03   4.616793e-16   408
  3.368787e+00   6.525587e-15   2.209222e-03   4.305656e-16   216
  3.376156e+00   7.829864e-15   1.692015e-03   3.690737e-16   516
  3.384050e+00   7.827768e-15   1.614354e-03   3.027962e-16   744
  3.392194e+00   9.803957e-15   1.078246e-03   4.990480e-16   462
  3.396796e+00   6.980218e-15   1.095881e-03   4.094301e-16   432
  3.403934e+00   8.579105e-15   1.016670e-03   3.750177e-16   648
  3.412327e+00   7.855763e-15   1.487578e-03   3.724816e-16   528
  3.419069e+00   8.166494e-15   1.791415e-03   3.872781e-16   600
  3.425805e+00   8.413173e-15   2.258506e-03   6.208697e-16   240
  3.432329e+00   8.041310e-15   1.729994e-03   3.376780e-16   720
  3.439912e+00   7.874705e-15   1.368738e-03   2.915464e-16   720
  3.448318e+00   7.118247e-15   0.000000e+00   5.881354e-16   144
  3.452742e+00   8.230122e-15   1.764713e-03   3.509613e-16   720
  3.459035e+00   7.969841e-15   1.058157e-03   5.009524e-16   384
  3.466913e+00   7.860431e-15   1.173023e-03   3.151628e-16   672
  3.474387e+00   8.040796e-15   2.053834e-03   4.239800e-16   336
  3.477957e+00   7.971447e-15   0.000000e+00   5.662968e-16   288
  3.486699e+00   6.920325e-15   1.625472e-03   2.886439e-16   776
  3.494792e+00   6.434397e-15   1.390838e-03   2.578550e-16   720
  3.501588e+00   6.625981e-15   1.120422e-03   3.110638e-16   432
  3.507024e+00   8.009906e-15   1.597303e-03   4.232290e-16   504
  3.513071e+00   6.673313e-15   1.119137e-03   2.927397e-16   528
  3.521533e+00   7.117505e-15   1.524759e-03   3.820989e-16   438
  3.528495e+00   7.764746e-15   1.774680e-03   3.498901e-16   624
  3.533741e+00   7.759992e-15   2.173744e-03   4.574653e-16   312
  3.540952e+00   8.121785e-15   1.171159e-03   3.364422e-16   696
  3.548410e+00   7.366074e-15   1.059686e-03   3.807756e-16   552
  3.556166e+00   7.369999e-15   8.198436e-04   4.188548e-16   516
  3.560964e+00   8.033541e-15   1.637576e-03   3.901320e-16   528
  3.566805e+00   5.835576e-15   1.064960e-03   2.788353e-16   528
  3.575102e+00   6.881852e-15   1.404467e-03   2.832389e-16   864
  3.580734e+00   7.213277e-15   1.923830e-03   3.817907e-16   408
  3.586372e+00   8.457036e-15   1.906039e-03   8.056754e-16   192
  3.594362e+00   6.121883e-15   1.577339e-03   2.599064e-16   720
  3.601108e+00   6.638199e-15   1.454384e-03   2.736960e-16   696
  3.609123e+00   6.830549e-15   1.570748e-03   3.001170e-16   720
  3.616456e+00   7.601919e-15   2.128961e-03   4.127603e-16   432
  3.620733e+00   6.046061e-15   1.253189e-03   3.602252e-16   264
  3.628427e+00   6.993011e-15   1.730599e-03   3.012039e-16   672
  3.635310e+00   6.305328e-15   1.771868e-03   3.659657e-16   600
  3.643477e+00   5.182345e-15   1.037427e-03   3.745329e-16   270
  3.647594e+00   6.261938e-15   1.561617e-03   3.455866e-16   528
  3.654138e+00   6.770290e-15   1.069340e-03   3.249748e-16   840
  3.663112e+00   7.822182e-15   2.044769e-03   3.479203e-16   888
  3.671403e+00   6.051568e-15   1.523504e-03   2.509846e-16   744
  3.678411e+00   6.476456e-15   7.828584e-04   3.906299e-16   456
  3.681896e+00   7.206761e-15   1.069824e-03   4.276190e-16   360
  3.687860e+00   6.249571e-15   9.269427e-04   3.895595e-16   384
  3.697011e+00   6.221236e-15   1.486807e-03   2.452207e-16   816
  3.703877e+00   5.774781e-15   2.157150e-03   2.352295e-16   824
  3.712223e+00   6.017400e-15   1.002746e-03   3.271460e-16   360
  3.716692e+00   6.196857e-15   1.479676e-03   2.854232e-16   624
  3.722842e+00   7.114982e-15   9.998850e-04   4.289235e-16   360
  3.731036e+00   6.237377e-15   1.360137e-03   2.287838e-16   876
  3.738436e+00   5.941316e-15   1.615436e-03   2.528622e-16   696
  3.745899e+00   5.693197e-15   1.043143e-03   3.434481e-16   336
  3.749811e+00   6.217659e-15   1.041971e-03   3.776562e-16   504
  3.756273e+00   6.040669e-15   1.051000e-03   3.294532e-16   672
  3.765859e+00   5.499887e-15   2.092296e-03   2.242453e-16   720
  3.772508e+00   6.477425e-15   1.580506e-03   2.980468e-16   774
  3.779846e+00   8.121640e-15   9.046409e-04   5.916213e-16   384
  3.783690e+00   6.389568e-15   1.740917e-03   3.515832e-16   528
  3.789655e+00   6.446011e-15   1.659191e-03   3.666771e-16   744
  3.799249e+00   6.566853e-15   1.368481e-03   2.712021e-16   768
  3.805620e+00   6.888229e-15   1.536223e-03   5.216423e-16   552
  3.813568e+00   5.930388e-15   1.674309e-03   2.970191e-16   696
  3.819481e+00   7.631371e-15   2.034577e-03   5.147565e-16   408
  3.824174e+00   6.377488e-15   8.789532e-04   3.347753e-16   504
  3.831615e+00   5.919139e-15   1.579007e-03   2.258460e-16   888
  3.838937e+00   5.496684e-15   1.641044e-03   2.739706e-16   648
  3.846547e+00   5.847681e-15   1.626978e-03   2.932861e-16   648
  3.853707e+00   5.758184e-15   1.754281e-03   2.648634e-16   792
  3.861291e+00   5.646859e-15   2.566633e-03   2.982455e-16   600
  3.866880e+00   4.855728e-15   1.739428e-03   2.640101e-16   456
  3.872762e+00   6.035164e-15   8.477229e-04   2.974661e-16   648
  3.880317e+00   5.416786e-15   1.653183e-03   2.170880e-16   936
  3.888474e+00   5.965634e-15   1.015268e-03   3.136448e-16   384
  3.895575e+00   6.211417e-15   0.000000e+00   6.582231e-16   198
  3.901055e+00   5.666097e-15   2.575821e-03   2.435112e-16   1224
  3.906966e+00   7.306832e-15   1.875990e-03   4.638405e-16   420
  3.913957e+00   5.412426e-15   1.815566e-03   2.086815e-16   792
  3.920793e+00   6.459569e-15   1.501318e-03   3.574927e-16   680
  3.928594e+00   6.249456e-15   1.378581e-03   3.674136e-16   600
  3.934870e+00   5.398731e-15   1.999321e-03   2.444226e-16   840
  3.943251e+00   6.153375e-15   9.439865e-04   3.507096e-16   432
  3.946454e+00   6.515035e-15   8.846397e-04   3.900105e-16   720
  3.953417e+00   5.493398e-15   1.771778e-03   2.145226e-16   960
  3.962077e+00   5.695543e-15   1.579411e-03   3.608280e-16   528
  3.968405e+00   5.426951e-15   1.614459e-03   2.918787e-16   624
  3.975938e+00   5.815431e-15   1.268954e-03   2.885330e-16   816
  3.983415e+00   5.438732e-15   2.086821e-03   2.495542e-16   696
  3.991678e+00   6.110701e-15   1.150890e-07   4.552888e-16   240
  3.994784e+00   5.561203e-15   1.230648e-03   3.409011e-16   672
  4.001719e+00   4.824914e-15   2.199344e-03   1.943603e-16   864
  4.009498e+00   4.489133e-15   1.687640e-03   1.826675e-16   816
  4.016509e+00   5.026911e-15   9.659469e-04   2.918143e-16   648
  4.024060e+00   5.651766e-15   9.873737e-04   2.346987e-16   843
  4.030471e+00   4.982868e-15   1.776528e-03   2.189050e-16   780
  4.038111e+00   5.433020e-15   9.532520e-04   5.176910e-16   216
  4.042823e+00   5.431488e-15   2.298663e-03   2.154951e-16   1056
  4.050071e+00   5.299477e-15   1.880564e-03   7.124329e-16   228
  4.056781e+00   5.456745e-15   2.341349e-03   2.382874e-16   924
  4.063670e+00   4.813907e-15   8.685094e-04   2.670204e-16   696
  4.070964e+00   5.202107e-15   1.545698e-03   1.956699e-16   996
  4.078428e+00   4.359777e-15   9.125493e-04   1.856337e-16   576
  4.086192e+00   4.905494e-15   1.408459e-03   3.361255e-16   552
  4.091852e+00   5.556798e-15   1.681651e-03   3.290360e-16   516
  4.097596e+00   5.474395e-15   2.445470e-03   2.195472e-16   744
  4.104159e+00   3.811974e-15   1.199649e-03   1.860985e-16   576
  4.109868e+00   4.349380e-15   1.234742e-03   1.898770e-16   792
  4.117982e+00   4.277107e-15   1.411539e-03   1.912971e-16   792
  4.123927e+00   5.028833e-15   1.522330e-03   2.282964e-16   720
  4.131968e+00   4.497782e-15   1.735107e-03   2.096699e-16   656
  4.139503e+00   4.223977e-15   1.894646e-03   1.623556e-16   816
  4.147227e+00   4.492092e-15   1.021561e-03   2.676459e-16   492
  4.151618e+00   4.524440e-15   1.469588e-03   2.374660e-16   552
  4.159858e+00   4.081919e-15   2.555435e-03   1.917199e-16   780
  4.165209e+00   4.040389e-15   1.569773e-03   2.148973e-16   528
  4.170975e+00   3.957434e-15   1.832403e-03   1.932908e-16   600
  4.179472e+00   4.468682e-15   1.522872e-03   1.675953e-16   900
  4.185329e+00   4.082327e-15   8.430879e-04   2.029886e-16   696
  4.193388e+00   3.993453e-15   2.131780e-03   1.977301e-16   696
  4.201183e+00   3.301144e-15   8.648430e-04   1.381801e-16   552
  4.207739e+00   4.142039e-15   1.005732e-03   2.403639e-16   708
  4.214606e+00   4.128877e-15   1.660522e-03   1.777221e-16   876
  4.221752e+00   4.803361e-15   8.817041e-04   4.056646e-16   216
  4.226547e+00   4.145446e-15   2.411580e-03   1.413852e-16   1032
  4.233729e+00   3.321845e-15   2.685028e-03   1.654194e-16   600
  4.241182e+00   3.206810e-15   1.281196e-03   2.103366e-16   600
  4.246868e+00   4.533691e-15   2.262472e-03   2.440739e-16   528
  4.253589e+00   3.649453e-15   1.241998e-03   1.674312e-16   732
  4.260669e+00   3.806606e-15   9.171027e-04   1.968489e-16   336
  4.268820e+00   3.444088e-15   1.307053e-03   1.393809e-16   912
  4.274911e+00   3.083091e-15   1.311885e-03   1.459510e-16   624
  4.281565e+00   3.475878e-15   1.105498e-03   1.497974e-16   768
  4.289333e+00   3.384994e-15   1.994537e-03   1.309548e-16   792
  4.296957e+00   3.681557e-15   9.888090e-04   1.757119e-16   660
  4.302382e+00   3.351151e-15   1.457169e-03   2.672320e-16   504
  4.307992e+00   3.166475e-15   2.380735e-03   1.397981e-16   480
  4.316401e+00   2.919157e-15   2.201870e-03   9.951812e-17   912
  4.322985e+00   3.682227e-15   2.452123e-03   2.353322e-16   432
  4.329203e+00   3.539287e-15   1.456013e-03   1.894912e-16   564
  4.334724e+00   3.344295e-15   1.393605e-03   1.637055e-16   600
  4.342496e+00   3.660326e-15   1.942553e-03   1.405981e-16   876
  4.348334e+00   3.560417e-15   8.734307e-04   2.373469e-16   264
  4.356382e+00   3.243735e-15   1.694799e-03   1.670659e-16   560
  4.362850e+00   3.007652e-15   1.151652e-03   1.154976e-16   840
  4.370702e+00   2.605450e-15   1.775516e-03   9.001586e-17   1008
  4.377963e+00   2.285937e-15   7.942467e-04   1.102694e-16   456
  4.384595e+00   3.213828e-15   1.028834e-03   1.576543e-16   576
  4.390725e+00   3.131626e-15   1.580913e-03   1.364592e-16   612
  4.398809e+00   2.887757e-15   1.412012e-03   1.176429e-16   780
  4.405404e+00   2.660699e-15   1.618102e-03   1.011818e-16   648
  4.412155e+00   2.420272e-15   7.540562e-04   1.434015e-16   312
  4.416470e+00   2.943225e-15   1.915933e-03   1.717983e-16   528
  4.423945e+00   2.678710e-15   2.502113e-03   9.894475e-17   720
  4.431093e+00   2.728102e-15   2.509948e-03   1.420706e-16   576
  4.439759e+00   2.657509e-15   2.165154e-03   1.470279e-16   444
  4.445151e+00   2.891809e-15   2.123318e-03   1.015128e-16   996
  4.451759e+00   2.794222e-15   1.773610e-03   1.577957e-16   432
  4.458005e+00   2.786370e-15   1.941754e-03   1.427935e-16   504
  4.463400e+00   2.317078e-15   8.754449e-04   1.097091e-16   504
  4.471082e+00   2.810431e-15   1.722886e-03   1.058763e-16   876
  4.478033e+00   2.684936e-15   1.982878e-03   1.413040e-16   504
  4.485271e+00   2.270050e-15   1.264576e-03   9.708591e-17   696
  4.491253e+00   2.612089e-15   1.081079e-03   1.282741e-16   492
  4.499392e+00   2.672412e-15   1.547618e-03   1.522328e-16   432
  4.505420e+00   2.689737e-15   1.449174e-03   1.084247e-16   768
  4.512567e+00   2.512224e-15   1.805141e-03   1.059103e-16   648
  4.519390e+00   2.085108e-15   1.177661e-03   8.443652e-17   456
  4.527231e+00   2.376332e-15   1.619475e-03   1.169741e-16   552
  4.532676e+00   2.337031e-15   1.109989e-03   1.116233e-16   648
  4.540170e+00   2.204712e-15   1.809220e-03   8.097873e-17   840
  4.547491e+00   2.305824e-15   8.627791e-04   1.093887e-16   432
  4.554820e+00   2.287052e-15   1.056757e-03   1.076817e-16   600
  4.559917e+00   2.250634e-15   1.125905e-03   1.146671e-16   432
  4.568479e+00   2.141552e-15   1.120948e-03   8.702025e-17   560
  4.574277e+00   1.922071e-15   1.774344e-03   7.344759e-17   840
  4.581537e+00   2.219132e-15   1.050970e-03   1.059079e-16   504
  4.587303e+00   2.021344e-15   2.144966e-03   8.683814e-17   696
  4.595432e+00   2.130440e-15   1.171504e-03   1.222203e-16   384
  4.601763e+00   2.079066e-15   1.716116e-03   8.482797e-17   576
  4.609420e+00   2.364095e-15   1.059101e-03   1.690867e-16   360
  4.615593e+00   2.197776e-15   1.577258e-03   8.323649e-17   828
  4.622251e+00   1.838429e-15   1.404841e-03   1.048144e-16   372
  4.628352e+00   2.211490e-15   2.145462e-03   1.121418e-16   576
  4.636434e+00   2.218364e-15   8.985170e-04   8.302874e-17   636
  4.642192e+00   2.035521e-15   1.732109e-03   9.474969e-17   648
  4.649981e+00   1.835828e-15   1.408015e-03   8.090073e-17   576
  4.655573e+00   1.675300e-15   2.271277e-03   8.080871e-17   528
  4.663010e+00   1.909456e-15   9.710647e-04   1.051105e-16   360
  4.669165e+00   1.937834e-15   2.233813e-03   7.550315e-17   672
  4.677203e+00   1.936883e-15   1.144196e-03   7.287066e-17   804
  4.683893e+00   2.145148e-15   1.262185e-03   1.141440e-16   408
  4.691293e+00   2.003319e-15   7.801673e-04   1.139732e-16   384
  4.696276e+00   1.673272e-15   1.785323e-03   9.555729e-17   480
  4.703304e+00   1.816415e-15   1.153580e-03   1.055773e-16   432
  4.710045e+00   2.244858e-15   2.125802e-03   9.783536e-17   648
  4.718024e+00   1.868448e-15   1.319050e-03   6.987118e-17   624
  4.723861e+00   1.926826e-15   1.199787e-03   8.985701e-17   456
  4.731831e+00   1.777184e-15   1.639016e-03   7.398965e-17   588
  4.737172e+00   1.861332e-15   1.045685e-03   7.857878e-17   600
  4.744970e+00   1.817313e-15   1.631013e-03   8.120822e-17   708
  4.751130e+00   2.030420e-15   1.027507e-03   1.205400e-16   360
  4.757936e+00   1.621758e-15   1.181146e-03   7.702071e-17   552
  4.764461e+00   1.550276e-15   8.286020e-04   9.949751e-17   288
  4.771085e+00   1.786292e-15   1.557998e-03   8.405085e-17   528
  4.777309e+00   2.006509e-15   1.051098e-03   9.264276e-17   456
  4.784262e+00   1.747970e-15   1.863824e-03   8.614995e-17   608
  4.791256e+00   1.556807e-15   9.017389e-04   7.102244e-17   504
  4.798898e+00   1.360537e-15   1.935982e-03   6.201971e-17   540
  4.804891e+00   1.995687e-15   2.078222e-03   1.169749e-16   360
  4.811350e+00   1.669490e-15   9.411255e-04   7.711647e-17   540
  4.817063e+00   1.533520e-15   8.080679e-04   6.738495e-17   576
  4.825371e+00   1.542237e-15   1.873635e-03   6.228727e-17   588
  4.833270e+00   1.612030e-15   2.585051e-03   7.239507e-17   672
  4.840056e+00   1.851711e-15   1.975777e-03   8.836697e-17   552
  4.845526e+00   1.474490e-15   1.976776e-03   1.234416e-16   144
  4.852507e+00   1.507792e-15   1.679474e-03   5.680347e-17   600
  4.859125e+00   1.273209e-15   2.104747e-03   6.670849e-17   504
  4.866470e+00   1.336689e-15   2.162000e-03   8.812614e-17   336
  4.874196e+00   1.435473e-15   2.430098e-03   6.147657e-17   600
  4.881116e+00   1.491497e-15   1.568306e-03   6.950658e-17   636
  4.888585e+00   1.397696e-15   1.260932e-03   7.814622e-17   384
  4.893821e+00   1.528405e-15   1.758851e-03   7.051625e-17   504
  4.901368e+00   1.547481e-15   7.381651e-04   9.325274e-17   240
  4.907324e+00   1.607658e-15   1.734055e-03   6.084143e-17   744
  4.914470e+00   1.415981e-15   1.184096e-03   5.402548e-17   648
  4.920821e+00   2.041258e-15   7.860381e-04   1.854961e-16   120
  4.928265e+00   1.304193e-15   1.234764e-03   5.636091e-17   564
  4.933890e+00   1.543050e-15   1.939271e-03   7.735514e-17   432
  4.941396e+00   1.287888e-15   1.505258e-03   6.328668e-17   480
  4.947049e+00   1.226987e-15   1.107908e-03   5.153875e-17   456
  4.953721e+00   1.453802e-15   1.833424e-03   7.004906e-17   444
  4.961293e+00   1.243803e-15   2.805235e-03   5.778348e-17   528
  4.967944e+00   1.530590e-15   2.083390e-03   1.020985e-16   264
  4.974399e+00   1.291420e-15   2.135165e-03   6.632214e-17   444
  4.983082e+00   1.359511e-15   2.338759e-03   4.943691e-17   696
  4.990289e+00   1.276818e-15   1.250847e-03   6.900316e-17   384
  4.995560e+00   1.386189e-15   1.580550e-03   7.176165e-17   432
  5.003759e+00   1.397423e-15   1.092086e-03   6.443877e-17   488
  5.009082e+00   1.336494e-15   1.645909e-03   6.033754e-17   480
  5.016800e+00   1.240966e-15   1.835529e-03   6.655052e-17   480
  5.022777e+00   1.140381e-15   7.701318e-04   7.063982e-17   240
  5.029563e+00   1.345428e-15   1.798967e-03   5.862580e-17   600
  5.035964e+00   1.075833e-15   1.567616e-03   6.917427e-17   288
  5.042780e+00   1.371445e-15   1.507931e-03   6.865860e-17   480
  5.049682e+00   1.086457e-15   2.682341e-03   5.216924e-17   504
  5.056479e+00   1.157251e-15   1.150891e-03   8.635223e-17   216
  5.065146e+00   1.185905e-15   1.884192e-03   5.290548e-17   504
  5.071897e+00   1.183094e-15   1.515464e-03   6.028769e-17   456
  5.079286e+00   1.309318e-15   8.691442e-04   8.531895e-17   384
  5.084180e+00   1.353452e-15   1.764049e-03   7.136152e-17   480
  5.091134e+00   1.320124e-15   1.549032e-03   7.374172e-17   504
  5.097578e+00   1.233303e-15   9.826093e-04   8.221566e-17   312
  5.104521e+00   1.262774e-15   1.583441e-03   6.211618e-17   492
  5.110667e+00   1.375116e-15   1.484108e-03   8.057425e-17   312
  5.118579e+00   1.038093e-15   2.410815e-03   5.546774e-17   576
  5.125543e+00   1.137471e-15   2.225378e-03   5.927025e-17   336
  5.131328e+00   9.158207e-16   1.713438e-03   6.196079e-17   240
  5.139346e+00   1.102701e-15   2.271584e-03   5.317649e-17   468
  5.146270e+00   1.085826e-15   1.422340e-03   7.213769e-17   192
  5.153517e+00   1.020846e-15   1.426580e-03   6.347576e-17   324
  5.158828e+00   1.100291e-15   1.035388e-03   5.112965e-17   600
  5.166066e+00   1.308513e-15   1.679811e-03   5.971579e-17   456
  5.171442e+00   1.181575e-15   7.555789e-04   6.753245e-17   336
  5.180350e+00   1.177796e-15   2.262417e-03   4.923675e-17   612
  5.186832e+00   9.457982e-16   1.898719e-03   9.196543e-17   144
  5.192961e+00   1.323623e-15   2.216292e-03   6.483743e-17   552
  5.201296e+00   9.693733e-16   8.728032e-04   6.357748e-17   264
  5.206006e+00   1.058239e-15   2.020762e-03   6.545854e-17   336
  5.213435e+00   9.054243e-16   1.335250e-03   5.495676e-17   384
  5.219878e+00   1.153214e-15   7.516140e-04   8.277947e-17   216
  5.227010e+00   9.164363e-16   1.593577e-03   5.572898e-17   344
  5.233513e+00   9.731606e-16   2.377692e-03   4.838745e-17   408
  5.241438e+00   9.365840e-16   1.827101e-03   6.282104e-17   264
  5.248460e+00   1.061218e-15   2.547069e-03   4.882921e-17   612
  5.255476e+00   1.229515e-15   1.310917e-03   6.390443e-17   408
  5.262692e+00   9.917565e-16   1.312801e-03   5.252972e-17   444
  5.267993e+00   1.538404e-15   7.342396e-04   1.368831e-16   120
  5.275096e+00   1.107258e-15   2.028570e-03   7.129435e-17   336
  5.280368e+00   9.208185e-16   7.049199e-04   5.541327e-17   288
  5.287493e+00   8.929926e-16   2.193723e-03   4.241431e-17   552
  5.297288e+00   1.287067e-15   0.000000e+00   1.798865e-16   72
  5.302324e+00   9.736999e-16   2.178926e-03   4.674649e-17   504
  5.308207e+00   8.538422e-16   7.011571e-04   5.168020e-17   216
  5.315829e+00   8.939861e-16   1.251868e-03   7.093555e-17   312
  5.322672e+00   7.724450e-16   1.425448e-03   4.242880e-17   336
  5.329194e+00   9.113051e-16   1.975831e-03   6.681931e-17   204
  5.335689e+00   1.107705e-15   2.296216e-03   5.416744e-17   504
  5.342577e+00   1.157027e-15   2.186657e-03   6.746245e-17   396
  5.349201e+00   1.191869e-15   2.005279e-03   7.658785e-17   312
  5.357232e+00   1.181153e-15   1.225440e-03   8.649742e-17   216
  5.362890e+00   9.512922e-16   6.650698e-04   7.371054e-17   168
  5.369766e+00   9.067899e-16   1.679338e-03   3.810101e-17   588
  5.377613e+00   7.276779e-16   2.279505e-03   4.790296e-17   240
  5.383710e+00   8.804095e-16   2.013185e-03   7.947975e-17   264
  5.390860e+00   9.291856e-16   2.489717e-03   6.637647e-17   288
  5.397204e+00   9.638210e-16   1.243261e-03   6.008821e-17   288
  5.405244e+00   8.357674e-16   1.167620e-03   5.482977e-17   288
  5.410658e+00   7.997978e-16   1.352591e-03   5.101855e-17   192
  5.417469e+00   7.286358e-16   1.439292e-03   4.356698e-17   264
  5.423957e+00   1.097200e-15   2.367436e-03   5.754230e-17   372
  5.430940e+00   1.034039e-15   2.556933e-03   5.953175e-17   360
  5.439463e+00   1.033348e-15   1.082118e-03   7.379171e-17   144
  5.443868e+00   9.081138e-16   1.503015e-03   8.222815e-17   296
  5.450821e+00   7.573748e-16   1.619421e-03   4.434688e-17   288
  5.458782e+00   8.732016e-16   2.420184e-03   3.774855e-17   480
  5.465649e+00   7.490721e-16   2.010942e-03   6.040327e-17   192
  5.472326e+00   8.619921e-16   2.157009e-03   6.147605e-17   192
  5.478395e+00   7.532157e-16   1.374687e-03   5.370604e-17   288
  5.486835e+00   6.572305e-16   1.196646e-03   6.955813e-17   108
  5.491087e+00   9.679258e-16   1.150429e-03   6.625942e-17   240
  5.498595e+00   7.140032e-16   2.146152e-03   4.407210e-17   384
  5.506307e+00   9.684594e-16   2.618062e-03   9.131506e-17   108
  5.513127e+00   1.088576e-15   1.535018e-03   7.014659e-17   348
  5.520298e+00   9.475032e-16   1.602006e-03   7.180580e-17   312
  5.526703e+00   1.105209e-15   1.556684e-03   1.050785e-16   96
  5.532593e+00   8.374989e-16   2.072444e-03   5.041816e-17   384
  5.539190e+00   8.589200e-16   1.425422e-03   8.980650e-17   144
  5.545642e+00   8.052835e-16   2.190224e-03   4.677623e-17   408
  5.553663e+00   7.082413e-16   9.769946e-04   7.348009e-17   144
  5.561240e+00   7.021767e-16   1.878283e-03   6.148157e-17   192
  5.565734e+00   9.994990e-16   2.114042e-03   7.463832e-17   144
  5.573059e+00   5.806285e-16   1.718794e-03   5.303863e-17   144
  5.579969e+00   7.651421e-16   2.100644e-03   4.243099e-17   336
  5.588433e+00   6.961879e-16   1.554210e-03   3.945183e-17   240
  5.593800e+00   6.095505e-16   7.057532e-04   7.640533e-17   96
  5.601284e+00   8.158344e-16   2.069634e-03   5.352362e-17   372
  5.608856e+00   7.041146e-16   2.461786e-03   6.301053e-17   132
  5.615507e+00   6.302336e-16   1.523323e-03   4.363441e-17   264
  5.621457e+00   7.570221e-16   1.169843e-03   6.499758e-17   168
  5.627807e+00   7.896029e-16   1.870354e-03   7.282362e-17   216
  5.633417e+00   7.212573e-16   1.144306e-03   5.521500e-17   216
  5.641586e+00   6.413124e-16   2.099325e-03   5.377768e-17   96
  5.648999e+00   7.031791e-16   1.369618e-03   1.031749e-16   120
  5.655797e+00   6.836352e-16   1.741170e-03   5.489750e-17   216
  5.661397e+00   6.723838e-16   7.608972e-04   4.890558e-17   200
  5.668812e+00   6.836708e-16   1.969636e-03   4.698139e-17   288
  5.678322e+00   4.650187e-16   5.182495e-04   3.443738e-17   144
  5.682326e+00   6.819500e-16   1.612761e-03   6.902486e-17   168
  5.690504e+00   5.838855e-16   1.815012e-03   5.332417e-17   159
  5.696887e+00   6.275137e-16   1.904384e-03   5.691863e-17   174
  5.703065e+00   7.190545e-16   1.726829e-03   6.331521e-17   144
  5.711154e+00   5.868225e-16   9.971188e-04   3.864232e-17   222
  5.716564e+00   5.616581e-16   1.006181e-03   4.210088e-17   168
  5.725909e+00   6.657676e-16   2.206942e-03   1.028088e-16   30
  5.729769e+00   4.317819e-16   1.948567e-03   6.236211e-17   72
  5.737039e+00   6.309633e-16   1.739073e-03   4.866125e-17   258
  5.745032e+00   5.916893e-16   1.089226e-03   3.610437e-17   264
  5.749029e+00   6.061865e-16   1.174622e-07   8.347682e-17   72
  5.757357e+00   3.790096e-16   2.158892e-03   2.937844e-17   174
  5.764898e+00   5.268095e-16   2.298822e-03   4.260726e-17   168
  5.770961e+00   5.500056e-16   7.193062e-08   5.586491e-17   48
  5.777470e+00   4.583510e-16   1.298199e-03   3.424860e-17   150
  5.785016e+00   6.351440e-16   2.388130e-03   5.252837e-17   168
  5.792583e+00   4.772025e-16   1.454738e-03   4.384724e-17   144
  5.799541e+00   5.650671e-16   1.359056e-03   4.947066e-17   102
  5.804724e+00   5.207423e-16   2.011636e-03   5.547551e-17   96
  5.812948e+00   4.385835e-16   1.996414e-03   3.987543e-17   120
  5.819038e+00   5.295485e-16   2.141206e-03   3.912181e-17   168
  5.825625e+00   8.081949e-16   1.581111e-03   7.285156e-17   126
  5.831237e+00   5.910441e-16   1.192474e-03   4.440730e-17   168
  5.838969e+00   4.891960e-16   1.912134e-03   5.810801e-17   72
  5.845726e+00   4.927329e-16   2.394418e-03   3.217955e-17   168
  5.851646e+00   5.754752e-16   6.564276e-04   5.757416e-17   78
  5.859757e+00   5.514567e-16   1.077805e-03   6.625737e-17   60
  5.866288e+00   6.763574e-16   1.748374e-03   6.902301e-17   96
  5.873062e+00   4.865428e-16   2.121507e-03   2.945185e-17   168
  5.879428e+00   4.227155e-16   1.342407e-03   4.474653e-17   86
  5.886107e+00   4.025709e-16   1.199794e-03   3.578024e-17   120
  5.895681e+00   4.745381e-16   8.556122e-04   3.427596e-17   168
  5.900844e+00   4.794476e-16   0.000000e+00   6.148611e-17   48
  5.907798e+00   6.027425e-16   1.558833e-03   5.026690e-17   120
  5.911793e+00   4.812086e-16   1.137231e-03   4.065249e-17   126
  5.921548e+00   4.978477e-16   2.000073e-03   6.375224e-17   96
  5.927878e+00   4.175026e-16   5.767223e-04   3.257252e-17   96
  5.932871e+00   5.761034e-16   6.781684e-08   7.330758e-17   72
  5.943508e+00   4.016403e-16   7.193062e-08   6.265564e-17   24
  5.950147e+00   5.659845e-16   1.186881e-03   7.001124e-17   120
  5.955326e+00   5.104045e-16   1.731294e-03   4.235603e-17   126
  5.961084e+00   4.300396e-16   1.443268e-03   3.912483e-17   96
  5.967813e+00   3.143284e-16   2.494389e-03   3.679709e-17   72
  5.975306e+00   4.383704e-16   1.078907e-03   3.137144e-17   144
  5.981469e+00   4.369368e-16   6.222882e-04   6.992747e-17   72
  5.987626e+00   4.116964e-16   1.242932e-03   3.994249e-17   54
  5.993045e+00   4.014374e-16   1.095319e-03   5.168437e-17   108
  6.004306e+00   2.867510e-16   1.073696e-03   2.933493e-17   72
  6.007812e+00   3.708255e-16   6.195595e-04   4.727300e-17   72
  6.016129e+00   4.538951e-16   1.245875e-07   1.156812e-16   24
  6.023999e+00   3.010245e-16   1.310705e-03   3.603587e-17   48
  6.028777e+00   3.918728e-16   9.984188e-04   4.221562e-17   102
  6.035970e+00   3.748314e-16   2.258008e-03   2.850382e-17   168
  6.045369e+00   3.227224e-16   1.231465e-03   2.832723e-17   72
  6.048851e+00   4.355521e-16   0.000000e+00   6.929785e-17   48
  6.056156e+00   4.919728e-16   2.118194e-03   4.836070e-17   120
  6.065796e+00   4.012391e-16   1.301673e-03   3.681595e-17   96
  6.074901e+00   3.532382e-16   1.150890e-07   4.365501e-17   30
  6.085723e+00   4.654617e-16   6.115837e-04   5.447687e-17   72
  6.090478e+00   4.328669e-16   7.193062e-08   5.302638e-17   24
  6.096586e+00   3.367682e-16   9.065181e-04   3.385200e-17   56
  6.103428e+00   3.145892e-16   1.293647e-03   2.637974e-17   96
  6.111616e+00   2.730611e-16   1.428503e-03   2.468788e-17   144
  6.117928e+00   3.657005e-16   8.110480e-04   4.975622e-17   54
  6.127099e+00   2.769547e-16   1.215036e-03   2.675041e-17   108
  6.136327e+00   4.165477e-16   6.433558e-04   5.537285e-17   48
  6.145113e+00   4.772635e-16   2.422440e-03   5.642571e-17   72
  6.166195e+00   3.941924e-16   1.600514e-03   4.698897e-17   78
  6.172037e+00   3.551616e-16   1.206188e-03   3.446137e-17   72
  6.178856e+00   3.861965e-16   1.204690e-03   4.144658e-17   72
  6.185986e+00   4.430521e-16   2.907051e-03   5.112966e-17   96
  6.191621e+00   3.013847e-16   1.202207e-03   3.405907e-17   72
  6.198419e+00   3.000116e-16   0.000000e+00   4.893350e-17   24
  6.205208e+00   3.163071e-16   2.398986e-03   3.318236e-17   72
  6.220544e+00   4.298901e-16   1.523430e-03   5.361674e-17   30
  6.223843e+00   3.288209e-16   0.000000e+00   3.387146e-17   24
  6.241578e+00   2.846709e-16   1.265014e-03   4.113787e-17   48
  6.247142e+00   3.461777e-16   2.722309e-03   2.300924e-17   120
  6.254637e+00   4.107010e-16   1.190257e-03   4.849395e-17   72
  6.262206e+00   2.993409e-16   1.188818e-03   3.734944e-17   36
  6.267409e+00   2.718548e-16   2.349657e-03   2.335103e-17   78
  6.281928e+00   3.805619e-16   1.256888e-03   5.753023e-17   48
  6.300754e+00   2.681213e-16   1.017253e-07   5.762672e-17   24
  6.314166e+00   3.040868e-16   8.752715e-04   4.605499e-17   56
  6.320919e+00   2.519677e-16   1.346877e-03   2.497547e-17   102
  6.329510e+00   2.991606e-16   9.590750e-08   2.831560e-17   72
  6.334498e+00   3.662670e-16   7.193062e-08   5.826899e-17   24
  6.343217e+00   2.627792e-16   1.244744e-03   2.517158e-17   48
  6.359378e+00   5.397041e-16   0.000000e+00   1.617490e-16   24
  6.379213e+00   1.732855e-16   0.000000e+00   7.283942e-17   6
  6.385398e+00   3.589646e-16   0.000000e+00   5.554067e-17   24
  6.389518e+00   3.577443e-16   1.165127e-03   3.098104e-17   72
  6.397046e+00   2.948383e-16   2.173655e-03   2.483712e-17   84
  6.405152e+00   4.769440e-16   0.000000e+00   8.448916e-17   24
  6.407617e+00   3.642544e-16   1.017253e-07   6.374091e-17   24
  6.419927e+00   2.433622e-16   1.245875e-07   4.424975e-17   24
  6.437123e+00   4.253385e-16   0.000000e+00   1.223251e-16   6
  6.459163e+00   2.668912e-16   1.222400e-03   3.691794e-17   48
  6.464458e+00   3.434800e-16   2.302802e-03   3.535601e-17   72
  6.471376e+00   2.650349e-16   1.220094e-03   3.327697e-17   48
  6.482347e+00   4.032639e-16   0.000000e+00   7.174648e-17   24
  6.496947e+00   2.892416e-16   0.000000e+00   8.904470e-17   6
  6.529678e+00   5.676598e-16   0.000000e+00   1.900777e-16   8
  6.532096e+00   2.617483e-16   7.193062e-08   2.815131e-17   48
  6.537895e+00   2.084663e-16   1.183236e-03   3.419300e-17   60
  6.546585e+00   1.876628e-16   0.000000e+00   4.103892e-17   24
  6.558634e+00   9.063890e-17   0.000000e+00   2.817620e-17   6
  6.603027e+00   4.667124e-16   0.000000e+00   5.781832e-17   24
  6.606613e+00   3.936942e-16   1.195118e-03   4.140767e-17   48
  6.612586e+00   3.313555e-16   0.000000e+00   4.081011e-17   24
  6.622132e+00   1.329056e-16   0.000000e+00   2.278205e-17   6
  6.676359e+00   2.527041e-16   1.114931e-03   3.771482e-17   36
  6.680300e+00   3.824539e-16   0.000000e+00   6.343245e-17   24
  6.687387e+00   3.265816e-16   0.000000e+00   9.139690e-17   6
  6.749089e+00   3.914994e-16   1.013241e-03   6.542183e-17   32
  6.754351e+00   4.190706e-16   0.000000e+00   2.736564e-17   6
  6.820657e+00   2.140939e-16   0.000000e+00   3.491920e-17   12
  6.822972e+00   3.796036e-16   0.000000e+00   1.606285e-16   6
  6.893201e+00   3.223006e-16   0.000000e+00   5.532051e-17   6
