### The result of the verage over time 
### d tau = 0.238644
### number of kessence update = 10
### initial time = 11.9322
### 1- tau	 2- pi_k(k)		3-zeta(k)		4-|k|		 5-vec{k} 	 6-|k|^2
  11.9322	5.66885e-07 2.09345e-06	       -0 -0	 (1 , 0 , 0) 	1
  11.9322	-6.4261e-06 2.23211e-06	        0 -0	 (0 , 1 , 0) 	1
  11.9322	-5.14834e-07 -2.41883e-06	        0 0	 (0 , 0 , 1) 	1
  12.1708	5.66885e-07 2.09345e-06	       -0 -0	 (1 , 0 , 0) 	1
  12.1708	-6.4261e-06 2.23211e-06	        0 -0	 (0 , 1 , 0) 	1
  12.1708	-5.14834e-07 -2.41883e-06	        0 0	 (0 , 0 , 1) 	1
  12.4142	 0.015205 0.0561726	-3.4001e-05 -3.4737e-05	 (1 , 0 , 0) 	1
  12.4142	-0.172458 0.0598952	-1.36305e-05 -2.96002e-05	 (0 , 1 , 0) 	1
  12.4142	-0.000317529 -0.070976	-0.000100983 3.37424e-07	 (0 , 0 , 1) 	1
  12.6625	 0.015205 0.0561726	-3.4001e-05 -3.4737e-05	 (1 , 0 , 0) 	1
  12.6625	-0.172458 0.0598952	-1.36305e-05 -2.96002e-05	 (0 , 1 , 0) 	1
  12.6625	-0.000317529 -0.070976	-0.000100983 3.37424e-07	 (0 , 0 , 1) 	1
  12.9158	 0.015205 0.0561726	-3.4001e-05 -3.4737e-05	 (1 , 0 , 0) 	1
  12.9158	-0.172458 0.0598952	-1.36305e-05 -2.96002e-05	 (0 , 1 , 0) 	1
  12.9158	-0.000317529 -0.070976	-0.000100983 3.37424e-07	 (0 , 0 , 1) 	1
  13.1741	 0.015205 0.0561726	-3.4001e-05 -3.4737e-05	 (1 , 0 , 0) 	1
  13.1741	-0.172458 0.0598952	-1.36305e-05 -2.96002e-05	 (0 , 1 , 0) 	1
  13.1741	-0.000317529 -0.070976	-0.000100983 3.37424e-07	 (0 , 0 , 1) 	1
  13.4376	 0.015205 0.0561726	-3.4001e-05 -3.4737e-05	 (1 , 0 , 0) 	1
  13.4376	-0.172458 0.0598952	-1.36305e-05 -2.96002e-05	 (0 , 1 , 0) 	1
  13.4376	-0.000317529 -0.070976	-0.000100983 3.37424e-07	 (0 , 0 , 1) 	1
  13.7063	 0.015205 0.0561726	-3.4001e-05 -3.4737e-05	 (1 , 0 , 0) 	1
  13.7063	-0.172458 0.0598952	-1.36305e-05 -2.96002e-05	 (0 , 1 , 0) 	1
  13.7063	-0.000317529 -0.070976	-0.000100983 3.37424e-07	 (0 , 0 , 1) 	1
  13.9805	 0.015205 0.0561726	-3.4001e-05 -3.4737e-05	 (1 , 0 , 0) 	1
  13.9805	-0.172458 0.0598952	-1.36305e-05 -2.96002e-05	 (0 , 1 , 0) 	1
  13.9805	-0.000317529 -0.070976	-0.000100983 3.37424e-07	 (0 , 0 , 1) 	1
  14.2601	 0.015205 0.0561726	-3.4001e-05 -3.4737e-05	 (1 , 0 , 0) 	1
  14.2601	-0.172458 0.0598952	-1.36305e-05 -2.96002e-05	 (0 , 1 , 0) 	1
  14.2601	-0.000317529 -0.070976	-0.000100983 3.37424e-07	 (0 , 0 , 1) 	1
  14.5453	 0.015205 0.0561726	-3.4001e-05 -3.4737e-05	 (1 , 0 , 0) 	1
  14.5453	-0.172458 0.0598952	-1.36305e-05 -2.96002e-05	 (0 , 1 , 0) 	1
  14.5453	-0.000317529 -0.070976	-0.000100983 3.37424e-07	 (0 , 0 , 1) 	1
  14.8362	 0.015205 0.0561726	-3.4001e-05 -3.4737e-05	 (1 , 0 , 0) 	1
  14.8362	-0.172458 0.0598952	-1.36305e-05 -2.96002e-05	 (0 , 1 , 0) 	1
  14.8362	-0.000317529 -0.070976	-0.000100983 3.37424e-07	 (0 , 0 , 1) 	1
  15.1329	 0.015205 0.0561726	-3.4001e-05 -3.4737e-05	 (1 , 0 , 0) 	1
  15.1329	-0.172458 0.0598952	-1.36305e-05 -2.96002e-05	 (0 , 1 , 0) 	1
  15.1329	-0.000317529 -0.070976	-0.000100983 3.37424e-07	 (0 , 0 , 1) 	1
  15.4356	 0.015205 0.0561726	-3.4001e-05 -3.4737e-05	 (1 , 0 , 0) 	1
  15.4356	-0.172458 0.0598952	-1.36305e-05 -2.96002e-05	 (0 , 1 , 0) 	1
  15.4356	-0.000317529 -0.070976	-0.000100983 3.37424e-07	 (0 , 0 , 1) 	1
  15.7443	 0.015205 0.0561726	-3.4001e-05 -3.4737e-05	 (1 , 0 , 0) 	1
  15.7443	-0.172458 0.0598952	-1.36305e-05 -2.96002e-05	 (0 , 1 , 0) 	1
  15.7443	-0.000317529 -0.070976	-0.000100983 3.37424e-07	 (0 , 0 , 1) 	1
  16.0591	 0.015205 0.0561726	-3.4001e-05 -3.4737e-05	 (1 , 0 , 0) 	1
  16.0591	-0.172458 0.0598952	-1.36305e-05 -2.96002e-05	 (0 , 1 , 0) 	1
  16.0591	-0.000317529 -0.070976	-0.000100983 3.37424e-07	 (0 , 0 , 1) 	1
  16.3803	 0.015205 0.0561726	-3.4001e-05 -3.4737e-05	 (1 , 0 , 0) 	1
  16.3803	-0.172458 0.0598952	-1.36305e-05 -2.96002e-05	 (0 , 1 , 0) 	1
  16.3803	-0.000317529 -0.070976	-0.000100983 3.37424e-07	 (0 , 0 , 1) 	1
  16.7079	 0.015205 0.0561726	-3.4001e-05 -3.4737e-05	 (1 , 0 , 0) 	1
  16.7079	-0.172458 0.0598952	-1.36305e-05 -2.96002e-05	 (0 , 1 , 0) 	1
  16.7079	-0.000317529 -0.070976	-0.000100983 3.37424e-07	 (0 , 0 , 1) 	1
  17.0421	 0.015205 0.0561726	-3.4001e-05 -3.4737e-05	 (1 , 0 , 0) 	1
  17.0421	-0.172458 0.0598952	-1.36305e-05 -2.96002e-05	 (0 , 1 , 0) 	1
  17.0421	-0.000317529 -0.070976	-0.000100983 3.37424e-07	 (0 , 0 , 1) 	1
  17.3829	 0.230408 0.850699	-0.000108065 0.000239738	 (1 , 0 , 0) 	1
  17.3829	 -2.61156 0.907207	-3.81765e-05 0.000273975	 (0 , 1 , 0) 	1
  17.3829	-0.00495699 -1.07476	0.000342669 5.14618e-05	 (0 , 0 , 1) 	1
  17.7306	 0.230408 0.850699	-0.000108065 0.000239738	 (1 , 0 , 0) 	1
  17.7306	 -2.61156 0.907207	-3.81765e-05 0.000273975	 (0 , 1 , 0) 	1
  17.7306	-0.00495699 -1.07476	0.000342669 5.14618e-05	 (0 , 0 , 1) 	1
  18.0852	 0.230408 0.850699	-0.000108065 0.000239738	 (1 , 0 , 0) 	1
  18.0852	 -2.61156 0.907207	-3.81765e-05 0.000273975	 (0 , 1 , 0) 	1
  18.0852	-0.00495699 -1.07476	0.000342669 5.14618e-05	 (0 , 0 , 1) 	1
  18.4469	 0.230408 0.850699	-0.000108065 0.000239738	 (1 , 0 , 0) 	1
  18.4469	 -2.61156 0.907207	-3.81765e-05 0.000273975	 (0 , 1 , 0) 	1
  18.4469	-0.00495699 -1.07476	0.000342669 5.14618e-05	 (0 , 0 , 1) 	1
  18.8159	 0.230408 0.850699	-0.000108065 0.000239738	 (1 , 0 , 0) 	1
  18.8159	 -2.61156 0.907207	-3.81765e-05 0.000273975	 (0 , 1 , 0) 	1
  18.8159	-0.00495699 -1.07476	0.000342669 5.14618e-05	 (0 , 0 , 1) 	1
  19.1922	 0.230408 0.850699	-0.000108065 0.000239738	 (1 , 0 , 0) 	1
  19.1922	 -2.61156 0.907207	-3.81765e-05 0.000273975	 (0 , 1 , 0) 	1
  19.1922	-0.00495699 -1.07476	0.000342669 5.14618e-05	 (0 , 0 , 1) 	1
   19.576	 0.230408 0.850699	-0.000108065 0.000239738	 (1 , 0 , 0) 	1
   19.576	 -2.61156 0.907207	-3.81765e-05 0.000273975	 (0 , 1 , 0) 	1
   19.576	-0.00495699 -1.07476	0.000342669 5.14618e-05	 (0 , 0 , 1) 	1
  19.9675	 0.230408 0.850699	-0.000108065 0.000239738	 (1 , 0 , 0) 	1
  19.9675	 -2.61156 0.907207	-3.81765e-05 0.000273975	 (0 , 1 , 0) 	1
  19.9675	-0.00495699 -1.07476	0.000342669 5.14618e-05	 (0 , 0 , 1) 	1
  20.3669	 0.230408 0.850699	-0.000108065 0.000239738	 (1 , 0 , 0) 	1
  20.3669	 -2.61156 0.907207	-3.81765e-05 0.000273975	 (0 , 1 , 0) 	1
  20.3669	-0.00495699 -1.07476	0.000342669 5.14618e-05	 (0 , 0 , 1) 	1
  20.7742	 0.230408 0.850699	-0.000108065 0.000239738	 (1 , 0 , 0) 	1
  20.7742	 -2.61156 0.907207	-3.81765e-05 0.000273975	 (0 , 1 , 0) 	1
  20.7742	-0.00495699 -1.07476	0.000342669 5.14618e-05	 (0 , 0 , 1) 	1
  21.1897	 0.230408 0.850699	-0.000108065 0.000239738	 (1 , 0 , 0) 	1
  21.1897	 -2.61156 0.907207	-3.81765e-05 0.000273975	 (0 , 1 , 0) 	1
  21.1897	-0.00495699 -1.07476	0.000342669 5.14618e-05	 (0 , 0 , 1) 	1
  21.6135	 0.230408 0.850699	-0.000108065 0.000239738	 (1 , 0 , 0) 	1
  21.6135	 -2.61156 0.907207	-3.81765e-05 0.000273975	 (0 , 1 , 0) 	1
  21.6135	-0.00495699 -1.07476	0.000342669 5.14618e-05	 (0 , 0 , 1) 	1
  22.0458	 0.230408 0.850699	-0.000108065 0.000239738	 (1 , 0 , 0) 	1
  22.0458	 -2.61156 0.907207	-3.81765e-05 0.000273975	 (0 , 1 , 0) 	1
  22.0458	-0.00495699 -1.07476	0.000342669 5.14618e-05	 (0 , 0 , 1) 	1
  22.4867	 0.230408 0.850699	-0.000108065 0.000239738	 (1 , 0 , 0) 	1
  22.4867	 -2.61156 0.907207	-3.81765e-05 0.000273975	 (0 , 1 , 0) 	1
  22.4867	-0.00495699 -1.07476	0.000342669 5.14618e-05	 (0 , 0 , 1) 	1
  22.9364	 0.230408 0.850699	-0.000108065 0.000239738	 (1 , 0 , 0) 	1
  22.9364	 -2.61156 0.907207	-3.81765e-05 0.000273975	 (0 , 1 , 0) 	1
  22.9364	-0.00495699 -1.07476	0.000342669 5.14618e-05	 (0 , 0 , 1) 	1
  23.3951	 0.230408 0.850699	-0.000108065 0.000239738	 (1 , 0 , 0) 	1
  23.3951	 -2.61156 0.907207	-3.81765e-05 0.000273975	 (0 , 1 , 0) 	1
  23.3951	-0.00495699 -1.07476	0.000342669 5.14618e-05	 (0 , 0 , 1) 	1
  23.8631	 0.230408 0.850699	-0.000108065 0.000239738	 (1 , 0 , 0) 	1
  23.8631	 -2.61156 0.907207	-3.81765e-05 0.000273975	 (0 , 1 , 0) 	1
  23.8631	-0.00495699 -1.07476	0.000342669 5.14618e-05	 (0 , 0 , 1) 	1
  24.3403	 0.230408 0.850699	-0.000108065 0.000239738	 (1 , 0 , 0) 	1
  24.3403	 -2.61156 0.907207	-3.81765e-05 0.000273975	 (0 , 1 , 0) 	1
  24.3403	-0.00495699 -1.07476	0.000342669 5.14618e-05	 (0 , 0 , 1) 	1
  24.8271	 0.230408 0.850699	-0.000108065 0.000239738	 (1 , 0 , 0) 	1
  24.8271	 -2.61156 0.907207	-3.81765e-05 0.000273975	 (0 , 1 , 0) 	1
  24.8271	-0.00495699 -1.07476	0.000342669 5.14618e-05	 (0 , 0 , 1) 	1
  25.3237	 0.230408 0.850699	-0.000108065 0.000239738	 (1 , 0 , 0) 	1
  25.3237	 -2.61156 0.907207	-3.81765e-05 0.000273975	 (0 , 1 , 0) 	1
  25.3237	-0.00495699 -1.07476	0.000342669 5.14618e-05	 (0 , 0 , 1) 	1
  25.8301	 0.230408 0.850699	-0.000108065 0.000239738	 (1 , 0 , 0) 	1
  25.8301	 -2.61156 0.907207	-3.81765e-05 0.000273975	 (0 , 1 , 0) 	1
  25.8301	-0.00495699 -1.07476	0.000342669 5.14618e-05	 (0 , 0 , 1) 	1
  26.3467	 0.230408 0.850699	-0.000108065 0.000239738	 (1 , 0 , 0) 	1
  26.3467	 -2.61156 0.907207	-3.81765e-05 0.000273975	 (0 , 1 , 0) 	1
  26.3467	-0.00495699 -1.07476	0.000342669 5.14618e-05	 (0 , 0 , 1) 	1
  26.8737	 0.230408 0.850699	-0.000108065 0.000239738	 (1 , 0 , 0) 	1
  26.8737	 -2.61156 0.907207	-3.81765e-05 0.000273975	 (0 , 1 , 0) 	1
  26.8737	-0.00495699 -1.07476	0.000342669 5.14618e-05	 (0 , 0 , 1) 	1
  27.4111	 0.230408 0.850699	-0.000108065 0.000239738	 (1 , 0 , 0) 	1
  27.4111	 -2.61156 0.907207	-3.81765e-05 0.000273975	 (0 , 1 , 0) 	1
  27.4111	-0.00495699 -1.07476	0.000342669 5.14618e-05	 (0 , 0 , 1) 	1
  27.9594	 0.230408 0.850699	-0.000108065 0.000239738	 (1 , 0 , 0) 	1
  27.9594	 -2.61156 0.907207	-3.81765e-05 0.000273975	 (0 , 1 , 0) 	1
  27.9594	-0.00495699 -1.07476	0.000342669 5.14618e-05	 (0 , 0 , 1) 	1
  28.5186	 0.230408 0.850699	-0.000108065 0.000239738	 (1 , 0 , 0) 	1
  28.5186	 -2.61156 0.907207	-3.81765e-05 0.000273975	 (0 , 1 , 0) 	1
  28.5186	-0.00495699 -1.07476	0.000342669 5.14618e-05	 (0 , 0 , 1) 	1
  29.0889	 0.230408 0.850699	-0.000108065 0.000239738	 (1 , 0 , 0) 	1
  29.0889	 -2.61156 0.907207	-3.81765e-05 0.000273975	 (0 , 1 , 0) 	1
  29.0889	-0.00495699 -1.07476	0.000342669 5.14618e-05	 (0 , 0 , 1) 	1
  29.6707	 0.230408 0.850699	-0.000108065 0.000239738	 (1 , 0 , 0) 	1
  29.6707	 -2.61156 0.907207	-3.81765e-05 0.000273975	 (0 , 1 , 0) 	1
  29.6707	-0.00495699 -1.07476	0.000342669 5.14618e-05	 (0 , 0 , 1) 	1
  30.2641	 0.230408 0.850699	-0.000108065 0.000239738	 (1 , 0 , 0) 	1
  30.2641	 -2.61156 0.907207	-3.81765e-05 0.000273975	 (0 , 1 , 0) 	1
  30.2641	-0.00495699 -1.07476	0.000342669 5.14618e-05	 (0 , 0 , 1) 	1
  30.8694	 0.230408 0.850699	-0.000108065 0.000239738	 (1 , 0 , 0) 	1
  30.8694	 -2.61156 0.907207	-3.81765e-05 0.000273975	 (0 , 1 , 0) 	1
  30.8694	-0.00495699 -1.07476	0.000342669 5.14618e-05	 (0 , 0 , 1) 	1
  31.4868	 0.230408 0.850699	-0.000108065 0.000239738	 (1 , 0 , 0) 	1
  31.4868	 -2.61156 0.907207	-3.81765e-05 0.000273975	 (0 , 1 , 0) 	1
  31.4868	-0.00495699 -1.07476	0.000342669 5.14618e-05	 (0 , 0 , 1) 	1
  32.1165	 0.230408 0.850699	-0.000108065 0.000239738	 (1 , 0 , 0) 	1
  32.1165	 -2.61156 0.907207	-3.81765e-05 0.000273975	 (0 , 1 , 0) 	1
  32.1165	-0.00495699 -1.07476	0.000342669 5.14618e-05	 (0 , 0 , 1) 	1
  32.7589	 0.230408 0.850699	-0.000108065 0.000239738	 (1 , 0 , 0) 	1
  32.7589	 -2.61156 0.907207	-3.81765e-05 0.000273975	 (0 , 1 , 0) 	1
  32.7589	-0.00495699 -1.07476	0.000342669 5.14618e-05	 (0 , 0 , 1) 	1
   33.414	 0.230408 0.850699	-0.000108065 0.000239738	 (1 , 0 , 0) 	1
   33.414	 -2.61156 0.907207	-3.81765e-05 0.000273975	 (0 , 1 , 0) 	1
   33.414	-0.00495699 -1.07476	0.000342669 5.14618e-05	 (0 , 0 , 1) 	1
  34.0823	 0.230408 0.850699	-0.000108065 0.000239738	 (1 , 0 , 0) 	1
  34.0823	 -2.61156 0.907207	-3.81765e-05 0.000273975	 (0 , 1 , 0) 	1
  34.0823	-0.00495699 -1.07476	0.000342669 5.14618e-05	 (0 , 0 , 1) 	1
   34.764	 0.230408 0.850699	-0.000108065 0.000239738	 (1 , 0 , 0) 	1
   34.764	 -2.61156 0.907207	-3.81765e-05 0.000273975	 (0 , 1 , 0) 	1
   34.764	-0.00495699 -1.07476	0.000342669 5.14618e-05	 (0 , 0 , 1) 	1
  35.4592	 0.230408 0.850699	-0.000108065 0.000239738	 (1 , 0 , 0) 	1
  35.4592	 -2.61156 0.907207	-3.81765e-05 0.000273975	 (0 , 1 , 0) 	1
  35.4592	-0.00495699 -1.07476	0.000342669 5.14618e-05	 (0 , 0 , 1) 	1
  36.1684	 0.230408 0.850699	-0.000108065 0.000239738	 (1 , 0 , 0) 	1
  36.1684	 -2.61156 0.907207	-3.81765e-05 0.000273975	 (0 , 1 , 0) 	1
  36.1684	-0.00495699 -1.07476	0.000342669 5.14618e-05	 (0 , 0 , 1) 	1
  36.8918	 0.659311 2.475	-0.00132694 0.00282305	 (1 , 0 , 0) 	1
  36.8918	 -7.54843 2.64537	0.000271008 0.0032534	 (0 , 1 , 0) 	1
  36.8918	-0.00100633 -3.1005	0.0044649 0.000927367	 (0 , 0 , 1) 	1
  37.6296	 0.659311 2.475	-0.00132694 0.00282305	 (1 , 0 , 0) 	1
  37.6296	 -7.54843 2.64537	0.000271008 0.0032534	 (0 , 1 , 0) 	1
  37.6296	-0.00100633 -3.1005	0.0044649 0.000927367	 (0 , 0 , 1) 	1
  38.3796	 0.659311 2.475	-0.00132694 0.00282305	 (1 , 0 , 0) 	1
  38.3796	 -7.54843 2.64537	0.000271008 0.0032534	 (0 , 1 , 0) 	1
  38.3796	-0.00100633 -3.1005	0.0044649 0.000927367	 (0 , 0 , 1) 	1
  39.1296	 0.659311 2.475	-0.00132694 0.00282305	 (1 , 0 , 0) 	1
  39.1296	 -7.54843 2.64537	0.000271008 0.0032534	 (0 , 1 , 0) 	1
  39.1296	-0.00100633 -3.1005	0.0044649 0.000927367	 (0 , 0 , 1) 	1
  39.8796	 0.659311 2.475	-0.00132694 0.00282305	 (1 , 0 , 0) 	1
  39.8796	 -7.54843 2.64537	0.000271008 0.0032534	 (0 , 1 , 0) 	1
  39.8796	-0.00100633 -3.1005	0.0044649 0.000927367	 (0 , 0 , 1) 	1
  40.6296	 0.659311 2.475	-0.00132694 0.00282305	 (1 , 0 , 0) 	1
  40.6296	 -7.54843 2.64537	0.000271008 0.0032534	 (0 , 1 , 0) 	1
  40.6296	-0.00100633 -3.1005	0.0044649 0.000927367	 (0 , 0 , 1) 	1
  41.3796	 0.659311 2.475	-0.00132694 0.00282305	 (1 , 0 , 0) 	1
  41.3796	 -7.54843 2.64537	0.000271008 0.0032534	 (0 , 1 , 0) 	1
  41.3796	-0.00100633 -3.1005	0.0044649 0.000927367	 (0 , 0 , 1) 	1
  42.1296	 0.659311 2.475	-0.00132694 0.00282305	 (1 , 0 , 0) 	1
  42.1296	 -7.54843 2.64537	0.000271008 0.0032534	 (0 , 1 , 0) 	1
  42.1296	-0.00100633 -3.1005	0.0044649 0.000927367	 (0 , 0 , 1) 	1
  42.8796	 0.659311 2.475	-0.00132694 0.00282305	 (1 , 0 , 0) 	1
  42.8796	 -7.54843 2.64537	0.000271008 0.0032534	 (0 , 1 , 0) 	1
  42.8796	-0.00100633 -3.1005	0.0044649 0.000927367	 (0 , 0 , 1) 	1
  43.6296	 0.659311 2.475	-0.00132694 0.00282305	 (1 , 0 , 0) 	1
  43.6296	 -7.54843 2.64537	0.000271008 0.0032534	 (0 , 1 , 0) 	1
  43.6296	-0.00100633 -3.1005	0.0044649 0.000927367	 (0 , 0 , 1) 	1
  44.3796	 0.659311 2.475	-0.00132694 0.00282305	 (1 , 0 , 0) 	1
  44.3796	 -7.54843 2.64537	0.000271008 0.0032534	 (0 , 1 , 0) 	1
  44.3796	-0.00100633 -3.1005	0.0044649 0.000927367	 (0 , 0 , 1) 	1
  45.1296	 0.659311 2.475	-0.00132694 0.00282305	 (1 , 0 , 0) 	1
  45.1296	 -7.54843 2.64537	0.000271008 0.0032534	 (0 , 1 , 0) 	1
  45.1296	-0.00100633 -3.1005	0.0044649 0.000927367	 (0 , 0 , 1) 	1
  45.8796	 0.659311 2.475	-0.00132694 0.00282305	 (1 , 0 , 0) 	1
  45.8796	 -7.54843 2.64537	0.000271008 0.0032534	 (0 , 1 , 0) 	1
  45.8796	-0.00100633 -3.1005	0.0044649 0.000927367	 (0 , 0 , 1) 	1
  46.6296	 0.839603 3.2019	-0.00232027 0.00427679	 (1 , 0 , 0) 	1
  46.6296	 -9.68968 3.43498	0.00178451 0.00502462	 (0 , 1 , 0) 	1
  46.6296	0.0112353 -3.97158	0.00750894 0.00203791	 (0 , 0 , 1) 	1
  47.3796	 0.839603 3.2019	-0.00232027 0.00427679	 (1 , 0 , 0) 	1
  47.3796	 -9.68968 3.43498	0.00178451 0.00502462	 (0 , 1 , 0) 	1
  47.3796	0.0112353 -3.97158	0.00750894 0.00203791	 (0 , 0 , 1) 	1
  48.1296	 0.839603 3.2019	-0.00232027 0.00427679	 (1 , 0 , 0) 	1
  48.1296	 -9.68968 3.43498	0.00178451 0.00502462	 (0 , 1 , 0) 	1
  48.1296	0.0112353 -3.97158	0.00750894 0.00203791	 (0 , 0 , 1) 	1
  48.8796	 0.839603 3.2019	-0.00232027 0.00427679	 (1 , 0 , 0) 	1
  48.8796	 -9.68968 3.43498	0.00178451 0.00502462	 (0 , 1 , 0) 	1
  48.8796	0.0112353 -3.97158	0.00750894 0.00203791	 (0 , 0 , 1) 	1
  49.6296	 0.839603 3.2019	-0.00232027 0.00427679	 (1 , 0 , 0) 	1
  49.6296	 -9.68968 3.43498	0.00178451 0.00502462	 (0 , 1 , 0) 	1
  49.6296	0.0112353 -3.97158	0.00750894 0.00203791	 (0 , 0 , 1) 	1
  50.3796	 0.839603 3.2019	-0.00232027 0.00427679	 (1 , 0 , 0) 	1
  50.3796	 -9.68968 3.43498	0.00178451 0.00502462	 (0 , 1 , 0) 	1
  50.3796	0.0112353 -3.97158	0.00750894 0.00203791	 (0 , 0 , 1) 	1
  51.1296	 0.839603 3.2019	-0.00232027 0.00427679	 (1 , 0 , 0) 	1
  51.1296	 -9.68968 3.43498	0.00178451 0.00502462	 (0 , 1 , 0) 	1
  51.1296	0.0112353 -3.97158	0.00750894 0.00203791	 (0 , 0 , 1) 	1
  51.8796	 0.839603 3.2019	-0.00232027 0.00427679	 (1 , 0 , 0) 	1
  51.8796	 -9.68968 3.43498	0.00178451 0.00502462	 (0 , 1 , 0) 	1
  51.8796	0.0112353 -3.97158	0.00750894 0.00203791	 (0 , 0 , 1) 	1
  52.6296	 0.839603 3.2019	-0.00232027 0.00427679	 (1 , 0 , 0) 	1
  52.6296	 -9.68968 3.43498	0.00178451 0.00502462	 (0 , 1 , 0) 	1
  52.6296	0.0112353 -3.97158	0.00750894 0.00203791	 (0 , 0 , 1) 	1
  53.3796	 0.839603 3.2019	-0.00232027 0.00427679	 (1 , 0 , 0) 	1
  53.3796	 -9.68968 3.43498	0.00178451 0.00502462	 (0 , 1 , 0) 	1
  53.3796	0.0112353 -3.97158	0.00750894 0.00203791	 (0 , 0 , 1) 	1
  54.1296	 0.839603 3.2019	-0.00232027 0.00427679	 (1 , 0 , 0) 	1
  54.1296	 -9.68968 3.43498	0.00178451 0.00502462	 (0 , 1 , 0) 	1
  54.1296	0.0112353 -3.97158	0.00750894 0.00203791	 (0 , 0 , 1) 	1
  54.8796	 0.839603 3.2019	-0.00232027 0.00427679	 (1 , 0 , 0) 	1
  54.8796	 -9.68968 3.43498	0.00178451 0.00502462	 (0 , 1 , 0) 	1
  54.8796	0.0112353 -3.97158	0.00750894 0.00203791	 (0 , 0 , 1) 	1
  55.6296	 0.839603 3.2019	-0.00232027 0.00427679	 (1 , 0 , 0) 	1
  55.6296	 -9.68968 3.43498	0.00178451 0.00502462	 (0 , 1 , 0) 	1
  55.6296	0.0112353 -3.97158	0.00750894 0.00203791	 (0 , 0 , 1) 	1
  56.3796	 0.839603 3.2019	-0.00232027 0.00427679	 (1 , 0 , 0) 	1
  56.3796	 -9.68968 3.43498	0.00178451 0.00502462	 (0 , 1 , 0) 	1
  56.3796	0.0112353 -3.97158	0.00750894 0.00203791	 (0 , 0 , 1) 	1
  57.1296	 0.839603 3.2019	-0.00232027 0.00427679	 (1 , 0 , 0) 	1
  57.1296	 -9.68968 3.43498	0.00178451 0.00502462	 (0 , 1 , 0) 	1
  57.1296	0.0112353 -3.97158	0.00750894 0.00203791	 (0 , 0 , 1) 	1
  57.8796	 0.839603 3.2019	-0.00232027 0.00427679	 (1 , 0 , 0) 	1
  57.8796	 -9.68968 3.43498	0.00178451 0.00502462	 (0 , 1 , 0) 	1
  57.8796	0.0112353 -3.97158	0.00750894 0.00203791	 (0 , 0 , 1) 	1
  58.6296	 0.839603 3.2019	-0.00232027 0.00427679	 (1 , 0 , 0) 	1
  58.6296	 -9.68968 3.43498	0.00178451 0.00502462	 (0 , 1 , 0) 	1
  58.6296	0.0112353 -3.97158	0.00750894 0.00203791	 (0 , 0 , 1) 	1
  59.3796	 0.839603 3.2019	-0.00232027 0.00427679	 (1 , 0 , 0) 	1
  59.3796	 -9.68968 3.43498	0.00178451 0.00502462	 (0 , 1 , 0) 	1
  59.3796	0.0112353 -3.97158	0.00750894 0.00203791	 (0 , 0 , 1) 	1
  60.1296	 0.839603 3.2019	-0.00232027 0.00427679	 (1 , 0 , 0) 	1
  60.1296	 -9.68968 3.43498	0.00178451 0.00502462	 (0 , 1 , 0) 	1
  60.1296	0.0112353 -3.97158	0.00750894 0.00203791	 (0 , 0 , 1) 	1
  60.8796	 0.839603 3.2019	-0.00232027 0.00427679	 (1 , 0 , 0) 	1
  60.8796	 -9.68968 3.43498	0.00178451 0.00502462	 (0 , 1 , 0) 	1
  60.8796	0.0112353 -3.97158	0.00750894 0.00203791	 (0 , 0 , 1) 	1
  61.6296	 0.839603 3.2019	-0.00232027 0.00427679	 (1 , 0 , 0) 	1
  61.6296	 -9.68968 3.43498	0.00178451 0.00502462	 (0 , 1 , 0) 	1
  61.6296	0.0112353 -3.97158	0.00750894 0.00203791	 (0 , 0 , 1) 	1
  62.3796	 0.839603 3.2019	-0.00232027 0.00427679	 (1 , 0 , 0) 	1
  62.3796	 -9.68968 3.43498	0.00178451 0.00502462	 (0 , 1 , 0) 	1
  62.3796	0.0112353 -3.97158	0.00750894 0.00203791	 (0 , 0 , 1) 	1
  63.1296	 0.839603 3.2019	-0.00232027 0.00427679	 (1 , 0 , 0) 	1
  63.1296	 -9.68968 3.43498	0.00178451 0.00502462	 (0 , 1 , 0) 	1
  63.1296	0.0112353 -3.97158	0.00750894 0.00203791	 (0 , 0 , 1) 	1
  63.8796	 0.839603 3.2019	-0.00232027 0.00427679	 (1 , 0 , 0) 	1
  63.8796	 -9.68968 3.43498	0.00178451 0.00502462	 (0 , 1 , 0) 	1
  63.8796	0.0112353 -3.97158	0.00750894 0.00203791	 (0 , 0 , 1) 	1
  64.6296	 0.839603 3.2019	-0.00232027 0.00427679	 (1 , 0 , 0) 	1
  64.6296	 -9.68968 3.43498	0.00178451 0.00502462	 (0 , 1 , 0) 	1
  64.6296	0.0112353 -3.97158	0.00750894 0.00203791	 (0 , 0 , 1) 	1
  65.3796	 0.839603 3.2019	-0.00232027 0.00427679	 (1 , 0 , 0) 	1
  65.3796	 -9.68968 3.43498	0.00178451 0.00502462	 (0 , 1 , 0) 	1
  65.3796	0.0112353 -3.97158	0.00750894 0.00203791	 (0 , 0 , 1) 	1
  66.1296	 0.839603 3.2019	-0.00232027 0.00427679	 (1 , 0 , 0) 	1
  66.1296	 -9.68968 3.43498	0.00178451 0.00502462	 (0 , 1 , 0) 	1
  66.1296	0.0112353 -3.97158	0.00750894 0.00203791	 (0 , 0 , 1) 	1
  66.8796	 0.839603 3.2019	-0.00232027 0.00427679	 (1 , 0 , 0) 	1
  66.8796	 -9.68968 3.43498	0.00178451 0.00502462	 (0 , 1 , 0) 	1
  66.8796	0.0112353 -3.97158	0.00750894 0.00203791	 (0 , 0 , 1) 	1
  67.6296	 0.839603 3.2019	-0.00232027 0.00427679	 (1 , 0 , 0) 	1
  67.6296	 -9.68968 3.43498	0.00178451 0.00502462	 (0 , 1 , 0) 	1
  67.6296	0.0112353 -3.97158	0.00750894 0.00203791	 (0 , 0 , 1) 	1
  68.3796	 0.839603 3.2019	-0.00232027 0.00427679	 (1 , 0 , 0) 	1
  68.3796	 -9.68968 3.43498	0.00178451 0.00502462	 (0 , 1 , 0) 	1
  68.3796	0.0112353 -3.97158	0.00750894 0.00203791	 (0 , 0 , 1) 	1
  69.1296	 0.839603 3.2019	-0.00232027 0.00427679	 (1 , 0 , 0) 	1
  69.1296	 -9.68968 3.43498	0.00178451 0.00502462	 (0 , 1 , 0) 	1
  69.1296	0.0112353 -3.97158	0.00750894 0.00203791	 (0 , 0 , 1) 	1
  69.8796	 0.839603 3.2019	-0.00232027 0.00427679	 (1 , 0 , 0) 	1
  69.8796	 -9.68968 3.43498	0.00178451 0.00502462	 (0 , 1 , 0) 	1
  69.8796	0.0112353 -3.97158	0.00750894 0.00203791	 (0 , 0 , 1) 	1
  70.6296	 0.839603 3.2019	-0.00232027 0.00427679	 (1 , 0 , 0) 	1
  70.6296	 -9.68968 3.43498	0.00178451 0.00502462	 (0 , 1 , 0) 	1
  70.6296	0.0112353 -3.97158	0.00750894 0.00203791	 (0 , 0 , 1) 	1
  71.3796	 0.839603 3.2019	-0.00232027 0.00427679	 (1 , 0 , 0) 	1
  71.3796	 -9.68968 3.43498	0.00178451 0.00502462	 (0 , 1 , 0) 	1
  71.3796	0.0112353 -3.97158	0.00750894 0.00203791	 (0 , 0 , 1) 	1
  72.1296	 0.839603 3.2019	-0.00232027 0.00427679	 (1 , 0 , 0) 	1
  72.1296	 -9.68968 3.43498	0.00178451 0.00502462	 (0 , 1 , 0) 	1
  72.1296	0.0112353 -3.97158	0.00750894 0.00203791	 (0 , 0 , 1) 	1
  72.8796	 0.839603 3.2019	-0.00232027 0.00427679	 (1 , 0 , 0) 	1
  72.8796	 -9.68968 3.43498	0.00178451 0.00502462	 (0 , 1 , 0) 	1
  72.8796	0.0112353 -3.97158	0.00750894 0.00203791	 (0 , 0 , 1) 	1
  73.6296	 0.839603 3.2019	-0.00232027 0.00427679	 (1 , 0 , 0) 	1
  73.6296	 -9.68968 3.43498	0.00178451 0.00502462	 (0 , 1 , 0) 	1
  73.6296	0.0112353 -3.97158	0.00750894 0.00203791	 (0 , 0 , 1) 	1
  74.3796	 0.839603 3.2019	-0.00232027 0.00427679	 (1 , 0 , 0) 	1
  74.3796	 -9.68968 3.43498	0.00178451 0.00502462	 (0 , 1 , 0) 	1
  74.3796	0.0112353 -3.97158	0.00750894 0.00203791	 (0 , 0 , 1) 	1
  75.1296	 0.839603 3.2019	-0.00232027 0.00427679	 (1 , 0 , 0) 	1
  75.1296	 -9.68968 3.43498	0.00178451 0.00502462	 (0 , 1 , 0) 	1
  75.1296	0.0112353 -3.97158	0.00750894 0.00203791	 (0 , 0 , 1) 	1
  75.8796	 0.839603 3.2019	-0.00232027 0.00427679	 (1 , 0 , 0) 	1
  75.8796	 -9.68968 3.43498	0.00178451 0.00502462	 (0 , 1 , 0) 	1
  75.8796	0.0112353 -3.97158	0.00750894 0.00203791	 (0 , 0 , 1) 	1
  76.6296	 0.839603 3.2019	-0.00232027 0.00427679	 (1 , 0 , 0) 	1
  76.6296	 -9.68968 3.43498	0.00178451 0.00502462	 (0 , 1 , 0) 	1
  76.6296	0.0112353 -3.97158	0.00750894 0.00203791	 (0 , 0 , 1) 	1
  77.3796	 0.839603 3.2019	-0.00232027 0.00427679	 (1 , 0 , 0) 	1
  77.3796	 -9.68968 3.43498	0.00178451 0.00502462	 (0 , 1 , 0) 	1
  77.3796	0.0112353 -3.97158	0.00750894 0.00203791	 (0 , 0 , 1) 	1
  78.1296	 0.839603 3.2019	-0.00232027 0.00427679	 (1 , 0 , 0) 	1
  78.1296	 -9.68968 3.43498	0.00178451 0.00502462	 (0 , 1 , 0) 	1
  78.1296	0.0112353 -3.97158	0.00750894 0.00203791	 (0 , 0 , 1) 	1
  78.8796	 0.839603 3.2019	-0.00232027 0.00427679	 (1 , 0 , 0) 	1
  78.8796	 -9.68968 3.43498	0.00178451 0.00502462	 (0 , 1 , 0) 	1
  78.8796	0.0112353 -3.97158	0.00750894 0.00203791	 (0 , 0 , 1) 	1
  79.6296	 0.839603 3.2019	-0.00232027 0.00427679	 (1 , 0 , 0) 	1
  79.6296	 -9.68968 3.43498	0.00178451 0.00502462	 (0 , 1 , 0) 	1
  79.6296	0.0112353 -3.97158	0.00750894 0.00203791	 (0 , 0 , 1) 	1
  80.3796	 0.839603 3.2019	-0.00232027 0.00427679	 (1 , 0 , 0) 	1
  80.3796	 -9.68968 3.43498	0.00178451 0.00502462	 (0 , 1 , 0) 	1
  80.3796	0.0112353 -3.97158	0.00750894 0.00203791	 (0 , 0 , 1) 	1
  81.1296	 0.839603 3.2019	-0.00232027 0.00427679	 (1 , 0 , 0) 	1
  81.1296	 -9.68968 3.43498	0.00178451 0.00502462	 (0 , 1 , 0) 	1
  81.1296	0.0112353 -3.97158	0.00750894 0.00203791	 (0 , 0 , 1) 	1
  81.8796	 0.839603 3.2019	-0.00232027 0.00427679	 (1 , 0 , 0) 	1
  81.8796	 -9.68968 3.43498	0.00178451 0.00502462	 (0 , 1 , 0) 	1
  81.8796	0.0112353 -3.97158	0.00750894 0.00203791	 (0 , 0 , 1) 	1
  82.6296	 0.839603 3.2019	-0.00232027 0.00427679	 (1 , 0 , 0) 	1
  82.6296	 -9.68968 3.43498	0.00178451 0.00502462	 (0 , 1 , 0) 	1
  82.6296	0.0112353 -3.97158	0.00750894 0.00203791	 (0 , 0 , 1) 	1
  83.3796	 0.839603 3.2019	-0.00232027 0.00427679	 (1 , 0 , 0) 	1
  83.3796	 -9.68968 3.43498	0.00178451 0.00502462	 (0 , 1 , 0) 	1
  83.3796	0.0112353 -3.97158	0.00750894 0.00203791	 (0 , 0 , 1) 	1
  84.1296	 0.839603 3.2019	-0.00232027 0.00427679	 (1 , 0 , 0) 	1
  84.1296	 -9.68968 3.43498	0.00178451 0.00502462	 (0 , 1 , 0) 	1
  84.1296	0.0112353 -3.97158	0.00750894 0.00203791	 (0 , 0 , 1) 	1
  84.8796	 0.839603 3.2019	-0.00232027 0.00427679	 (1 , 0 , 0) 	1
  84.8796	 -9.68968 3.43498	0.00178451 0.00502462	 (0 , 1 , 0) 	1
  84.8796	0.0112353 -3.97158	0.00750894 0.00203791	 (0 , 0 , 1) 	1
  85.6296	  1.45729 6.06918	-0.0106903 0.00449088	 (1 , 0 , 0) 	1
  85.6296	 -17.5987 6.6469	0.0354029 0.00963469	 (0 , 1 , 0) 	1
  85.6296	 0.169536 -7.14104	0.0294176 0.0186598	 (0 , 0 , 1) 	1
  86.3796	  1.46614 6.1218	-0.0111915 0.00406293	 (1 , 0 , 0) 	1
  86.3796	 -17.7335 6.70975	0.0370786 0.00970111	 (0 , 1 , 0) 	1
  86.3796	 0.176216 -7.19399	0.0303461 0.0195068	 (0 , 0 , 1) 	1
  87.1296	  1.46614 6.1218	-0.0111915 0.00406293	 (1 , 0 , 0) 	1
  87.1296	 -17.7335 6.70975	0.0370786 0.00970111	 (0 , 1 , 0) 	1
  87.1296	 0.176216 -7.19399	0.0303461 0.0195068	 (0 , 0 , 1) 	1
  87.8796	  1.48268 6.22576	-0.0125305 0.00286541	 (1 , 0 , 0) 	1
  87.8796	 -17.9992 6.83566	0.0409468 0.00991978	 (0 , 1 , 0) 	1
  87.8796	 0.190968 -7.29793	0.0325487 0.0215572	 (0 , 0 , 1) 	1
  88.6296	  1.48268 6.22576	-0.0125305 0.00286541	 (1 , 0 , 0) 	1
  88.6296	 -17.9992 6.83566	0.0409468 0.00991978	 (0 , 1 , 0) 	1
  88.6296	 0.190968 -7.29793	0.0325487 0.0215572	 (0 , 0 , 1) 	1
  89.3796	  1.48268 6.22576	-0.0125305 0.00286541	 (1 , 0 , 0) 	1
  89.3796	 -17.9992 6.83566	0.0409468 0.00991978	 (0 , 1 , 0) 	1
  89.3796	 0.190968 -7.29793	0.0325487 0.0215572	 (0 , 0 , 1) 	1
  90.1296	  1.48268 6.22576	-0.0125305 0.00286541	 (1 , 0 , 0) 	1
  90.1296	 -17.9992 6.83566	0.0409468 0.00991978	 (0 , 1 , 0) 	1
  90.1296	 0.190968 -7.29793	0.0325487 0.0215572	 (0 , 0 , 1) 	1
  90.8796	   1.5074 6.42461	-0.018388 -0.00268858	 (1 , 0 , 0) 	1
  90.8796	 -18.5095 7.08935	0.0530701 0.0113582	 (0 , 1 , 0) 	1
  90.8796	 0.229489 -7.49401	0.0398107 0.0290052	 (0 , 0 , 1) 	1
  91.6296	   1.5074 6.42461	-0.018388 -0.00268858	 (1 , 0 , 0) 	1
  91.6296	 -18.5095 7.08935	0.0530701 0.0113582	 (0 , 1 , 0) 	1
  91.6296	 0.229489 -7.49401	0.0398107 0.0290052	 (0 , 0 , 1) 	1
  92.3796	   1.5074 6.42461	-0.018388 -0.00268858	 (1 , 0 , 0) 	1
  92.3796	 -18.5095 7.08935	0.0530701 0.0113582	 (0 , 1 , 0) 	1
  92.3796	 0.229489 -7.49401	0.0398107 0.0290052	 (0 , 0 , 1) 	1
  93.1296	  1.50612 6.55329	-0.0330787 -0.0171319	 (1 , 0 , 0) 	1
  93.1296	 -18.8572 7.28574	0.0756052 0.0163937	 (0 , 1 , 0) 	1
  93.1296	  0.27632 -7.61709	0.0531901 0.0459981	 (0 , 0 , 1) 	1
  93.8796	  1.50612 6.55329	-0.0330787 -0.0171319	 (1 , 0 , 0) 	1
  93.8796	 -18.8572 7.28574	0.0756052 0.0163937	 (0 , 1 , 0) 	1
  93.8796	  0.27632 -7.61709	0.0531901 0.0459981	 (0 , 0 , 1) 	1
  94.6296	  1.50612 6.55329	-0.0330787 -0.0171319	 (1 , 0 , 0) 	1
  94.6296	 -18.8572 7.28574	0.0756052 0.0163937	 (0 , 1 , 0) 	1
  94.6296	  0.27632 -7.61709	0.0531901 0.0459981	 (0 , 0 , 1) 	1
  95.3796	  1.50612 6.55329	-0.0330787 -0.0171319	 (1 , 0 , 0) 	1
  95.3796	 -18.8572 7.28574	0.0756052 0.0163937	 (0 , 1 , 0) 	1
  95.3796	  0.27632 -7.61709	0.0531901 0.0459981	 (0 , 0 , 1) 	1
  96.1296	  1.34033 6.55503	-0.192312 -0.183855	 (1 , 0 , 0) 	1
  96.1296	 -19.0917 7.61672	 0.293739 0.0876528	 (0 , 1 , 0) 	1
  96.1296	 0.455819 -7.58203	 0.160869 0.245109	 (0 , 0 , 1) 	1
  96.8796	  1.34033 6.55503	-0.192312 -0.183855	 (1 , 0 , 0) 	1
  96.8796	 -19.0917 7.61672	 0.293739 0.0876528	 (0 , 1 , 0) 	1
  96.8796	 0.455819 -7.58203	 0.160869 0.245109	 (0 , 0 , 1) 	1
  97.6296	  1.34033 6.55503	-0.192312 -0.183855	 (1 , 0 , 0) 	1
  97.6296	 -19.0917 7.61672	 0.293739 0.0876528	 (0 , 1 , 0) 	1
  97.6296	 0.455819 -7.58203	 0.160869 0.245109	 (0 , 0 , 1) 	1
  98.3796	  1.34033 6.55503	-0.192312 -0.183855	 (1 , 0 , 0) 	1
  98.3796	 -19.0917 7.61672	 0.293739 0.0876528	 (0 , 1 , 0) 	1
  98.3796	 0.455819 -7.58203	 0.160869 0.245109	 (0 , 0 , 1) 	1
  99.1296	 -8815.78 -15772.1	  -111039 -199877	 (1 , 0 , 0) 	1
  99.1296	  17917.6 2359.76	   226983 29182.4	 (0 , 1 , 0) 	1
  99.1296	  3331.07 17771.9	  41533.4 225030	 (0 , 0 , 1) 	1
  99.8796	 -8815.78 -15772.1	  -111039 -199877	 (1 , 0 , 0) 	1
  99.8796	  17917.6 2359.76	   226983 29182.4	 (0 , 1 , 0) 	1
  99.8796	  3331.07 17771.9	  41533.4 225030	 (0 , 0 , 1) 	1
   100.63	 -8815.78 -15772.1	  -111039 -199877	 (1 , 0 , 0) 	1
   100.63	  17917.6 2359.76	   226983 29182.4	 (0 , 1 , 0) 	1
   100.63	  3331.07 17771.9	  41533.4 225030	 (0 , 0 , 1) 	1
   101.38	 -8815.78 -15772.1	  -111039 -199877	 (1 , 0 , 0) 	1
   101.38	  17917.6 2359.76	   226983 29182.4	 (0 , 1 , 0) 	1
   101.38	  3331.07 17771.9	  41533.4 225030	 (0 , 0 , 1) 	1
   102.13	 -8815.78 -15772.1	  -111039 -199877	 (1 , 0 , 0) 	1
   102.13	  17917.6 2359.76	   226983 29182.4	 (0 , 1 , 0) 	1
   102.13	  3331.07 17771.9	  41533.4 225030	 (0 , 0 , 1) 	1
   102.88	 -8815.78 -15772.1	  -111039 -199877	 (1 , 0 , 0) 	1
   102.88	  17917.6 2359.76	   226983 29182.4	 (0 , 1 , 0) 	1
   102.88	  3331.07 17771.9	  41533.4 225030	 (0 , 0 , 1) 	1
   103.63	 -8815.78 -15772.1	  -111039 -199877	 (1 , 0 , 0) 	1
   103.63	  17917.6 2359.76	   226983 29182.4	 (0 , 1 , 0) 	1
   103.63	  3331.07 17771.9	  41533.4 225030	 (0 , 0 , 1) 	1
   104.38	 -8815.78 -15772.1	  -111039 -199877	 (1 , 0 , 0) 	1
   104.38	  17917.6 2359.76	   226983 29182.4	 (0 , 1 , 0) 	1
   104.38	  3331.07 17771.9	  41533.4 225030	 (0 , 0 , 1) 	1
   105.13	 -8815.78 -15772.1	  -111039 -199877	 (1 , 0 , 0) 	1
   105.13	  17917.6 2359.76	   226983 29182.4	 (0 , 1 , 0) 	1
   105.13	  3331.07 17771.9	  41533.4 225030	 (0 , 0 , 1) 	1
   105.88	 -8815.78 -15772.1	  -111039 -199877	 (1 , 0 , 0) 	1
   105.88	  17917.6 2359.76	   226983 29182.4	 (0 , 1 , 0) 	1
   105.88	  3331.07 17771.9	  41533.4 225030	 (0 , 0 , 1) 	1
   106.63	      nan nan	      nan nan	 (1 , 0 , 0) 	1
   106.63	      nan nan	      nan nan	 (0 , 1 , 0) 	1
   106.63	      nan nan	      nan nan	 (0 , 0 , 1) 	1
   107.38	      nan nan	      nan nan	 (1 , 0 , 0) 	1
   107.38	      nan nan	      nan nan	 (0 , 1 , 0) 	1
   107.38	      nan nan	      nan nan	 (0 , 0 , 1) 	1
   108.13	      nan nan	      nan nan	 (1 , 0 , 0) 	1
   108.13	      nan nan	      nan nan	 (0 , 1 , 0) 	1
   108.13	      nan nan	      nan nan	 (0 , 0 , 1) 	1
   108.88	      nan nan	      nan nan	 (1 , 0 , 0) 	1
   108.88	      nan nan	      nan nan	 (0 , 1 , 0) 	1
   108.88	      nan nan	      nan nan	 (0 , 0 , 1) 	1
   109.63	      nan nan	      nan nan	 (1 , 0 , 0) 	1
   109.63	      nan nan	      nan nan	 (0 , 1 , 0) 	1
   109.63	      nan nan	      nan nan	 (0 , 0 , 1) 	1
   110.38	      nan nan	      nan nan	 (1 , 0 , 0) 	1
   110.38	      nan nan	      nan nan	 (0 , 1 , 0) 	1
   110.38	      nan nan	      nan nan	 (0 , 0 , 1) 	1
   111.13	      nan nan	      nan nan	 (1 , 0 , 0) 	1
   111.13	      nan nan	      nan nan	 (0 , 1 , 0) 	1
   111.13	      nan nan	      nan nan	 (0 , 0 , 1) 	1
   111.88	      nan nan	      nan nan	 (1 , 0 , 0) 	1
   111.88	      nan nan	      nan nan	 (0 , 1 , 0) 	1
   111.88	      nan nan	      nan nan	 (0 , 0 , 1) 	1
   112.63	      nan nan	      nan nan	 (1 , 0 , 0) 	1
   112.63	      nan nan	      nan nan	 (0 , 1 , 0) 	1
   112.63	      nan nan	      nan nan	 (0 , 0 , 1) 	1
   113.38	      nan nan	      nan nan	 (1 , 0 , 0) 	1
   113.38	      nan nan	      nan nan	 (0 , 1 , 0) 	1
   113.38	      nan nan	      nan nan	 (0 , 0 , 1) 	1
   114.13	      nan nan	      nan nan	 (1 , 0 , 0) 	1
   114.13	      nan nan	      nan nan	 (0 , 1 , 0) 	1
   114.13	      nan nan	      nan nan	 (0 , 0 , 1) 	1
   114.88	      nan nan	      nan nan	 (1 , 0 , 0) 	1
   114.88	      nan nan	      nan nan	 (0 , 1 , 0) 	1
   114.88	      nan nan	      nan nan	 (0 , 0 , 1) 	1
   115.63	      nan nan	      nan nan	 (1 , 0 , 0) 	1
   115.63	      nan nan	      nan nan	 (0 , 1 , 0) 	1
   115.63	      nan nan	      nan nan	 (0 , 0 , 1) 	1
   116.38	      nan nan	      nan nan	 (1 , 0 , 0) 	1
   116.38	      nan nan	      nan nan	 (0 , 1 , 0) 	1
   116.38	      nan nan	      nan nan	 (0 , 0 , 1) 	1
   117.13	      nan nan	      nan nan	 (1 , 0 , 0) 	1
   117.13	      nan nan	      nan nan	 (0 , 1 , 0) 	1
   117.13	      nan nan	      nan nan	 (0 , 0 , 1) 	1
   117.88	      nan nan	      nan nan	 (1 , 0 , 0) 	1
   117.88	      nan nan	      nan nan	 (0 , 1 , 0) 	1
   117.88	      nan nan	      nan nan	 (0 , 0 , 1) 	1
   118.63	      nan nan	      nan nan	 (1 , 0 , 0) 	1
   118.63	      nan nan	      nan nan	 (0 , 1 , 0) 	1
   118.63	      nan nan	      nan nan	 (0 , 0 , 1) 	1
   119.38	      nan nan	      nan nan	 (1 , 0 , 0) 	1
   119.38	      nan nan	      nan nan	 (0 , 1 , 0) 	1
   119.38	      nan nan	      nan nan	 (0 , 0 , 1) 	1
   120.13	      nan nan	      nan nan	 (1 , 0 , 0) 	1
   120.13	      nan nan	      nan nan	 (0 , 1 , 0) 	1
   120.13	      nan nan	      nan nan	 (0 , 0 , 1) 	1
