# power spectrum of phi
# redshift z=96.079122
# k              Pk             sigma(k)       sigma(Pk)      count
  4.487990e-03   4.423077e-10   0.000000e+00   1.782864e-10   6
  6.346976e-03   2.611986e-10   0.000000e+00   5.214114e-11   12
  7.773426e-03   1.972462e-10   8.514949e-11   4.014126e-11   8
  8.975979e-03   6.597571e-10   0.000000e+00   7.099438e-11   6
  1.003545e-02   4.610207e-10   1.605594e-10   1.469695e-10   24
  1.099328e-02   6.612941e-10   1.605594e-10   1.114148e-10   24
  1.269395e-02   2.958887e-10   0.000000e+00   1.331790e-10   12
  1.346397e-02   3.437688e-10   1.816523e-10   6.330102e-11   30
  1.419227e-02   4.304788e-10   0.000000e+00   9.486791e-11   24
  1.488498e-02   3.925819e-10   2.780971e-10   9.731757e-11   24
  1.554685e-02   4.576295e-10   1.702990e-10   9.275656e-11   8
  1.618168e-02   3.875687e-10   2.270653e-10   4.815390e-11   24
  1.679252e-02   3.641732e-10   0.000000e+00   5.117768e-11   48
  1.795196e-02   4.308017e-10   0.000000e+00   1.894156e-10   6
  1.850445e-02   3.437723e-10   2.270653e-10   4.825666e-11   48
  1.904093e-02   3.184105e-10   2.140792e-10   3.313013e-11   36
  1.956269e-02   4.565317e-10   2.270653e-10   9.547043e-11   24
  2.007090e-02   2.677637e-10   3.211188e-10   4.609053e-11   24
  2.056655e-02   2.391889e-10   0.000000e+00   3.252251e-11   48
  2.105054e-02   3.696766e-10   3.211188e-10   5.262240e-11   24
  2.198657e-02   2.933321e-10   3.211188e-10   4.613461e-11   24
  2.243995e-02   1.999718e-10   0.000000e+00   3.272912e-11   30
  2.288435e-02   2.131169e-10   0.000000e+00   2.352022e-11   72
  2.332028e-02   2.077004e-10   3.405980e-10   4.231258e-11   32
  2.416856e-02   2.751208e-10   0.000000e+00   3.188799e-11   72
  2.458173e-02   1.674806e-10   0.000000e+00   2.448698e-11   48
  2.538790e-02   8.842200e-11   0.000000e+00   2.630198e-11   12
  2.597539e-02   1.640544e-10   1.938570e-04   1.518494e-11   96
  2.655130e-02   2.035249e-10   3.211188e-10   2.568028e-11   48
  2.692794e-02   2.438490e-10   3.633045e-10   4.273277e-11   30
  2.757421e-02   2.204784e-10   1.586779e-04   2.071577e-11   96
  2.838454e-02   1.304828e-10   0.000000e+00   2.476866e-11   24
  2.885327e-02   1.830947e-10   1.642099e-04   1.483630e-11   144
  2.942972e-02   1.267052e-10   5.561942e-10   3.111591e-11   24
  3.002225e-02   1.867728e-10   1.456630e-04   2.129408e-11   96
  3.043903e-02   1.630019e-10   0.000000e+00   2.508995e-11   48
  3.137435e-02   1.971737e-10   1.080207e-04   2.225693e-11   62
  3.184971e-02   1.426234e-10   1.519035e-04   1.722142e-11   132
  3.236335e-02   9.330875e-11   4.541306e-10   1.663878e-11   24
  3.284837e-02   1.454061e-10   1.518246e-04   1.233290e-11   168
  3.373431e-02   1.677625e-10   1.492698e-04   1.401988e-11   96
  3.439955e-02   1.122743e-10   1.270423e-04   1.060106e-11   96
  3.521583e-02   1.162753e-10   1.416056e-04   9.585291e-12   168
  3.590392e-02   1.572912e-10   0.000000e+00   6.912352e-11   6
  3.618333e-02   1.276171e-10   0.000000e+00   1.238111e-11   96
  3.651563e-02   1.215102e-10   1.100713e-04   1.197520e-11   120
  3.718966e-02   9.614702e-11   1.278125e-04   7.596288e-12   144
  3.754921e-02   1.107363e-10   0.000000e+00   1.492414e-11   48
  3.823245e-02   9.728286e-11   1.304211e-04   1.048209e-11   84
  3.860715e-02   1.068289e-10   8.899106e-10   9.581832e-12   120
  3.894461e-02   8.229377e-11   1.183479e-04   9.445732e-12   80
  3.946692e-02   7.756106e-11   1.201620e-04   5.688933e-12   144
  4.014180e-02   9.670523e-11   6.422377e-10   1.793627e-11   24
  4.047145e-02   1.054865e-10   1.159510e-04   8.803065e-12   150
  4.098576e-02   9.422917e-11   1.203057e-04   6.877889e-12   120
  4.155056e-02   8.470827e-11   1.096333e-04   7.161523e-12   168
  4.210107e-02   1.250937e-10   6.422377e-10   2.092125e-11   24
  4.244743e-02   7.328400e-11   1.181082e-04   4.649276e-12   264
  4.281269e-02   5.795108e-11   6.422377e-10   8.122906e-12   48
  4.343532e-02   7.477980e-11   1.093985e-04   6.164387e-12   144
  4.412543e-02   9.062247e-11   1.076845e-04   1.108436e-11   72
  4.451927e-02   7.141614e-11   1.107671e-04   4.560792e-12   180
  4.506982e-02   7.475670e-11   8.025835e-05   5.575317e-12   198
  4.532647e-02   7.888091e-11   0.000000e+00   8.660695e-12   48
  4.589413e-02   6.309739e-11   1.086319e-04   4.750743e-12   168
  4.631540e-02   7.410000e-11   1.087222e-04   6.763600e-12   144
  4.695270e-02   6.894544e-11   1.527607e-04   3.605384e-12   248
  4.781330e-02   4.863276e-11   1.053161e-04   3.418695e-12   192
  4.839932e-02   6.311857e-11   1.626762e-04   4.144075e-12   240
  4.875204e-02   6.853251e-11   0.000000e+00   7.428498e-12   72
  4.929001e-02   7.058722e-11   9.927197e-05   6.160020e-12   126
  4.962939e-02   7.460625e-11   9.159181e-05   5.889768e-12   168
  5.027740e-02   6.943516e-11   1.001546e-04   3.874638e-12   288
  5.095853e-02   6.284883e-11   5.274950e-05   5.364089e-12   156
  5.131126e-02   5.356239e-11   8.873998e-05   4.664702e-12   168
  5.184617e-02   5.638089e-11   1.521290e-04   3.459932e-12   264
  5.233850e-02   5.247708e-11   0.000000e+00   6.452199e-12   48
  5.270435e-02   5.289107e-11   1.514052e-04   3.462071e-12   264
  5.322882e-02   5.374697e-11   8.924381e-05   4.462596e-12   144
  5.362492e-02   5.916807e-11   1.825884e-04   6.730529e-12   78
  5.420192e-02   4.805785e-11   1.186900e-04   2.654209e-12   336
  5.474604e-02   4.437940e-11   9.030373e-05   3.009614e-12   200
  5.510338e-02   4.312340e-11   1.768159e-04   3.280505e-12   192
  5.558581e-02   5.322180e-11   8.873069e-05   3.777771e-12   240
  5.602902e-02   5.643359e-11   1.778215e-04   3.897959e-12   168
  5.648434e-02   4.634916e-11   1.423690e-04   3.984482e-12   120
  5.703118e-02   5.098933e-11   1.112738e-04   2.712304e-12   324
  5.756179e-02   4.557373e-11   8.748012e-05   3.106085e-12   192
  5.792293e-02   5.085272e-11   1.568908e-04   3.677151e-12   168
  5.853721e-02   3.803355e-11   1.292197e-04   2.090684e-12   342
  5.909109e-02   5.191346e-11   1.040479e-04   2.664266e-12   336
  5.965251e-02   5.708633e-11   7.962394e-05   6.304044e-12   72
  6.003109e-02   4.549766e-11   1.273478e-04   3.027325e-12   288
  6.047058e-02   4.491796e-11   8.293768e-05   3.254294e-12   264
  6.108439e-02   3.967288e-11   1.090835e-04   2.147194e-12   384
  6.163419e-02   4.131804e-11   1.309286e-04   3.095909e-12   240
  6.186267e-02   4.322611e-11   0.000000e+00   5.278430e-12   48
  6.252352e-02   4.239780e-11   1.071736e-04   2.135124e-12   392
  6.302771e-02   3.888161e-11   1.176177e-04   2.208962e-12   294
  6.356985e-02   3.838448e-11   7.644534e-05   2.858249e-12   228
  6.392640e-02   4.524378e-11   1.160935e-04   2.953502e-12   216
  6.437004e-02   3.747469e-11   7.071608e-05   1.981194e-12   336
  6.491309e-02   3.956111e-11   8.402231e-05   2.256046e-12   360
  6.536140e-02   4.257503e-11   1.280140e-04   2.626971e-12   240
  6.582853e-02   3.892973e-11   1.514699e-04   2.733830e-12   168
  6.626426e-02   3.553352e-11   1.192252e-04   2.018021e-12   312
  6.678338e-02   3.529901e-11   7.461529e-05   1.792632e-12   336
  6.734419e-02   3.782320e-11   1.017891e-04   2.299040e-12   294
  6.776702e-02   4.233319e-11   1.356641e-04   2.605759e-12   288
  6.809058e-02   2.964261e-11   8.488954e-05   1.932080e-12   264
  6.866755e-02   3.419786e-11   1.458184e-04   1.726317e-12   480
  6.914996e-02   3.775659e-11   7.133389e-05   2.253589e-12   240
  6.974139e-02   3.695113e-11   7.213111e-05   2.157977e-12   276
  7.020800e-02   3.427961e-11   1.583420e-04   1.437208e-12   488
  7.076234e-02   3.867533e-11   6.973720e-05   3.409542e-12   240
  7.108411e-02   3.508147e-11   1.354117e-04   1.743732e-12   360
  7.153530e-02   2.943389e-11   4.817743e-05   2.178186e-12   198
  7.211554e-02   2.839505e-11   1.627935e-04   1.232702e-12   480
  7.254038e-02   2.832861e-11   6.008787e-05   1.710370e-12   288
  7.312796e-02   3.236616e-11   1.270121e-04   1.535417e-12   480
  7.365633e-02   3.271530e-11   7.825550e-05   1.392138e-12   480
  7.419894e-02   2.842592e-11   1.012105e-04   1.896045e-12   288
  7.453749e-02   3.197381e-11   1.079729e-04   1.821763e-12   288
  7.506996e-02   3.011396e-11   1.877112e-04   1.458096e-12   456
  7.560610e-02   3.328690e-11   1.767802e-04   1.645901e-12   360
  7.595177e-02   2.955909e-11   1.059672e-04   1.836801e-12   180
  7.645202e-02   2.486511e-11   1.154112e-04   1.058746e-12   486
  7.695907e-02   2.780578e-11   1.535340e-04   1.249243e-12   504
  7.747462e-02   2.946404e-11   1.192882e-04   1.392562e-12   456
  7.790209e-02   2.801718e-11   9.910745e-05   1.635212e-12   296
  7.846686e-02   2.641421e-11   9.779604e-05   1.157738e-12   528
  7.889160e-02   2.651505e-11   9.649931e-05   1.337100e-12   336
  7.951717e-02   2.628397e-11   1.070358e-04   1.088071e-12   600
  7.997507e-02   2.184187e-11   6.270729e-05   1.293074e-12   264
  8.043396e-02   2.550933e-11   6.781049e-05   1.249253e-12   360
  8.090234e-02   2.432378e-11   1.357633e-04   1.059338e-12   630
  8.141847e-02   2.797783e-11   7.007974e-05   1.325490e-12   432
  8.187631e-02   2.657494e-11   1.350259e-04   1.264579e-12   408
  8.243827e-02   2.401885e-11   8.962194e-05   1.295908e-12   324
  8.285635e-02   2.269996e-11   1.277222e-04   8.529401e-13   744
  8.336064e-02   2.164413e-11   1.021054e-04   1.205834e-12   336
  8.384245e-02   2.472361e-11   1.403689e-04   1.074988e-12   528
  8.437080e-02   2.075697e-11   7.162045e-05   1.115427e-12   408
  8.472109e-02   2.009680e-11   1.218981e-04   9.905124e-13   408
  8.529988e-02   2.053882e-11   1.006308e-04   9.283447e-13   470
  8.572148e-02   2.180454e-11   1.208902e-04   9.910716e-13   528
  8.631019e-02   1.852684e-11   1.007343e-04   6.894146e-13   624
  8.674381e-02   2.107236e-11   7.664930e-05   9.776723e-13   504
  8.719116e-02   1.812912e-11   1.067668e-04   7.779873e-13   552
  8.763489e-02   1.969517e-11   5.190111e-05   9.907544e-13   336
  8.819051e-02   2.094660e-11   1.104770e-04   9.205946e-13   528
  8.862093e-02   1.951463e-11   1.257802e-04   7.739191e-13   564
  8.912507e-02   1.824452e-11   1.157674e-04   8.763674e-13   528
  8.967166e-02   2.004765e-11   1.797324e-04   8.730879e-13   582
  9.016871e-02   1.835036e-11   1.383668e-04   7.312742e-13   624
  9.060342e-02   1.772607e-11   1.581799e-04   8.929145e-13   432
  9.112208e-02   1.828561e-11   1.759475e-04   6.218215e-13   816
  9.165576e-02   1.868847e-11   8.018898e-05   1.037565e-12   312
  9.200488e-02   1.624895e-11   1.299641e-04   7.187777e-13   552
  9.256787e-02   1.689382e-11   8.185444e-05   6.269422e-13   744
  9.297574e-02   1.824348e-11   7.646869e-05   9.927899e-13   408
  9.350218e-02   1.577074e-11   1.095830e-04   6.407174e-13   632
  9.404906e-02   1.805323e-11   1.860997e-04   6.692012e-13   750
  9.449396e-02   1.770459e-11   1.280227e-04   9.405670e-13   312
  9.498974e-02   1.630057e-11   1.890077e-04   5.597723e-13   876
  9.548011e-02   1.327746e-11   1.234108e-04   5.490443e-13   552
  9.603265e-02   1.589590e-11   1.020603e-04   6.234669e-13   696
  9.640905e-02   1.585380e-11   1.126552e-04   6.812903e-13   576
  9.692128e-02   1.412035e-11   1.192748e-04   6.532137e-13   576
  9.735848e-02   1.559636e-11   1.598285e-04   6.154192e-13   648
  9.788685e-02   1.536028e-11   1.599783e-04   5.643084e-13   672
  9.847019e-02   1.478297e-11   6.785687e-05   7.025098e-13   480
  9.884355e-02   1.368606e-11   1.050846e-04   4.901103e-13   726
  9.932431e-02   1.499931e-11   1.190745e-04   5.287824e-13   792
  9.984502e-02   1.372252e-11   1.651878e-04   5.020656e-13   768
  1.003938e-01   1.423628e-11   1.350017e-04   5.327292e-13   672
  1.008970e-01   1.371694e-11   9.055629e-05   5.326511e-13   608
  1.012613e-01   1.291436e-11   8.693679e-05   5.079158e-13   624
  1.017809e-01   1.282120e-11   1.129736e-04   4.639731e-13   684
  1.022864e-01   1.292178e-11   1.668752e-04   4.450188e-13   768
  1.027568e-01   1.336983e-11   1.334155e-04   4.574487e-13   744
  1.033173e-01   1.238197e-11   8.400635e-05   4.268450e-13   750
  1.037259e-01   1.159274e-11   1.248642e-04   5.071135e-13   600
  1.041677e-01   1.218775e-11   1.325833e-04   4.940383e-13   600
  1.047135e-01   1.239936e-11   1.527941e-04   3.816174e-13   1008
  1.051470e-01   1.243105e-11   8.474486e-05   4.690984e-13   696
  1.056273e-01   1.271738e-11   1.119517e-04   5.199732e-13   624
  1.061102e-01   1.216700e-11   1.742111e-04   4.507806e-13   840
  1.066588e-01   1.282650e-11   1.185366e-04   4.427517e-13   816
  1.071038e-01   1.138596e-11   7.873478e-05   3.889987e-13   744
  1.075531e-01   1.165808e-11   1.391901e-04   4.895201e-13   510
  1.080960e-01   1.183974e-11   1.336339e-04   3.780314e-13   1020
  1.086012e-01   1.160456e-11   1.078294e-04   3.704914e-13   912
  1.090992e-01   1.187192e-11   1.597552e-04   4.224074e-13   752
  1.095110e-01   1.149413e-11   1.325595e-04   4.431203e-13   888
  1.100730e-01   1.089441e-11   8.554013e-05   3.824558e-13   768
  1.105327e-01   1.094468e-11   1.554339e-04   3.920197e-13   720
  1.110617e-01   1.082907e-11   1.370195e-04   3.468593e-13   1056
  1.115309e-01   1.088740e-11   9.479589e-05   4.746354e-13   504
  1.119154e-01   9.916357e-12   1.480257e-04   3.746771e-13   774
  1.124652e-01   1.051152e-11   1.423615e-04   3.201255e-13   1272
  1.129816e-01   1.072915e-11   9.326921e-05   4.098061e-13   744
  1.134632e-01   9.812954e-12   1.523027e-04   3.520039e-13   768
  1.139050e-01   1.031423e-11   1.288282e-04   3.421065e-13   840
  1.144011e-01   1.065756e-11   8.734207e-05   3.407053e-13   924
  1.148789e-01   1.021684e-11   1.539839e-04   3.335440e-13   936
  1.153484e-01   9.430610e-12   1.070130e-04   3.077681e-13   840
  1.158214e-01   1.037312e-11   1.272259e-04   3.230230e-13   1008
  1.164225e-01   9.448127e-12   1.436262e-04   3.490890e-13   696
  1.167996e-01   9.122589e-12   1.276589e-04   2.928926e-13   974
  1.173599e-01   1.000588e-11   1.695459e-04   2.861726e-13   1152
  1.178471e-01   9.768591e-12   6.634378e-05   3.264039e-13   816
  1.182260e-01   8.961903e-12   1.459488e-04   2.950477e-13   816
  1.187357e-01   9.476138e-12   1.288794e-04   2.742838e-13   1152
  1.192732e-01   9.454908e-12   1.160356e-04   3.010007e-13   912
  1.197621e-01   9.946331e-12   1.409833e-04   2.999720e-13   1056
  1.201806e-01   9.591224e-12   1.205660e-04   3.872932e-13   624
  1.207435e-01   9.062090e-12   1.506027e-04   2.708322e-13   1260
  1.212292e-01   9.327024e-12   9.083716e-05   3.112486e-13   894
  1.217037e-01   9.777338e-12   1.556364e-04   2.655030e-13   1176
  1.221783e-01   8.466144e-12   1.288208e-04   3.139138e-13   840
  1.227186e-01   9.090959e-12   1.464236e-04   2.302273e-13   1440
  1.232859e-01   8.268655e-12   8.232021e-05   2.667704e-13   864
  1.237160e-01   9.252616e-12   1.412655e-04   2.940182e-13   1056
  1.241441e-01   9.370340e-12   8.328830e-05   3.809520e-13   624
  1.246641e-01   8.848563e-12   1.542356e-04   2.269457e-13   1496
  1.251612e-01   8.810120e-12   1.088958e-04   3.333002e-13   936
  1.256039e-01   8.390754e-12   1.576468e-04   2.698689e-13   966
  1.260801e-01   8.343965e-12   1.117465e-04   2.701651e-13   936
  1.265804e-01   8.592500e-12   1.382244e-04   2.355025e-13   1248
  1.270926e-01   7.984704e-12   9.744205e-05   2.340511e-13   1044
  1.275698e-01   8.092813e-12   1.509409e-04   2.283941e-13   1392
  1.279478e-01   7.664860e-12   1.162549e-04   2.936018e-13   600
  1.284885e-01   7.792414e-12   1.320778e-04   2.013573e-13   1416
  1.289955e-01   8.046096e-12   1.421656e-04   2.311706e-13   1152
  1.295092e-01   7.860807e-12   1.363856e-04   2.483146e-13   936
  1.299230e-01   7.905622e-12   1.462802e-04   2.671677e-13   870
  1.304147e-01   8.286922e-12   1.226502e-04   2.390957e-13   1368
  1.309604e-01   7.927297e-12   1.612530e-04   2.031168e-13   1632
  1.314267e-01   8.203416e-12   7.000699e-05   2.872093e-13   816
  1.319315e-01   7.851461e-12   1.597143e-04   2.227216e-13   1200
  1.323720e-01   7.916783e-12   1.527057e-04   2.253809e-13   1184
  1.328194e-01   8.185293e-12   1.158936e-04   2.626335e-13   984
  1.333683e-01   7.526933e-12   1.414942e-04   1.955018e-13   1572
  1.338659e-01   8.162638e-12   7.792333e-05   2.912704e-13   840
  1.343297e-01   7.249121e-12   1.812138e-04   1.904315e-13   1392
  1.348193e-01   7.138918e-12   1.330470e-04   2.201011e-13   1158
  1.352564e-01   7.537230e-12   1.211496e-04   2.116160e-13   1272
  1.357826e-01   7.597179e-12   1.234623e-04   2.080107e-13   1320
  1.362769e-01   7.184142e-12   1.208065e-04   2.215393e-13   1104
  1.367472e-01   7.034512e-12   1.367360e-04   1.982543e-13   1392
  1.372408e-01   6.737686e-12   1.478938e-04   1.924890e-13   1296
  1.377492e-01   6.879126e-12   1.544255e-04   1.832984e-13   1392
  1.382262e-01   6.870250e-12   1.132835e-04   2.068225e-13   1104
  1.386675e-01   6.622946e-12   1.426913e-04   1.751413e-13   1320
  1.392961e-01   6.693079e-12   1.089713e-04   1.788632e-13   1422
  1.396977e-01   6.571329e-12   1.357176e-04   1.946465e-13   1212
  1.401589e-01   6.366362e-12   1.483027e-04   1.723898e-13   1280
  1.406327e-01   6.856886e-12   1.544235e-04   1.914518e-13   1272
  1.410869e-01   6.895128e-12   1.336382e-04   1.698173e-13   1680
  1.416252e-01   5.963697e-12   1.262633e-04   1.787753e-13   1152
  1.421207e-01   6.258862e-12   1.462174e-04   1.526812e-13   1512
  1.426417e-01   6.092911e-12   6.173239e-05   2.067108e-13   912
  1.430535e-01   6.341942e-12   1.556147e-04   1.470804e-13   1680
  1.436012e-01   5.577998e-12   1.378563e-04   1.408276e-13   1518
  1.440071e-01   6.265541e-12   1.276288e-04   1.838923e-13   1056
  1.444347e-01   5.981311e-12   1.288698e-04   1.518191e-13   1344
  1.449875e-01   6.695447e-12   1.383780e-04   1.612655e-13   1680
  1.454876e-01   5.837320e-12   1.363571e-04   1.478757e-13   1656
  1.460341e-01   5.677485e-12   1.159057e-04   1.846999e-13   1140
  1.464444e-01   5.658190e-12   1.342100e-04   1.597924e-13   1368
  1.469271e-01   5.686769e-12   1.526647e-04   1.432839e-13   1656
  1.474179e-01   5.824537e-12   1.563614e-04   1.614241e-13   1448
  1.479520e-01   5.533568e-12   1.468912e-04   1.405802e-13   1422
  1.484453e-01   5.705020e-12   1.621619e-04   1.467893e-13   1512
  1.488673e-01   5.704888e-12   1.236275e-04   1.635118e-13   1296
  1.493554e-01   5.361413e-12   1.128801e-04   1.295969e-13   1824
  1.498832e-01   5.355049e-12   1.463660e-04   1.362848e-13   1464
  1.504163e-01   5.013795e-12   1.306107e-04   1.111846e-13   1824
  1.509111e-01   5.407347e-12   1.038421e-04   1.412344e-13   1416
  1.513416e-01   5.178312e-12   1.521007e-04   1.384272e-13   1392
  1.518062e-01   5.082531e-12   1.403562e-04   1.309887e-13   1464
  1.523732e-01   4.682647e-12   1.372200e-04   1.262938e-13   1524
  1.528113e-01   4.906146e-12   1.264504e-04   1.247816e-13   1686
  1.533176e-01   4.892038e-12   1.505644e-04   1.221411e-13   1800
  1.537528e-01   5.257482e-12   1.195338e-04   1.562579e-13   1344
  1.542356e-01   5.034244e-12   1.394596e-04   1.345625e-13   1656
  1.547196e-01   4.952631e-12   1.113514e-04   1.230814e-13   1488
  1.551402e-01   5.026360e-12   1.111701e-04   1.268666e-13   1536
  1.557262e-01   4.703725e-12   1.234973e-04   1.171417e-13   1760
  1.561802e-01   4.600997e-12   1.373667e-04   1.059305e-13   1824
  1.567053e-01   4.910185e-12   1.152763e-04   1.235259e-13   1560
  1.572105e-01   4.746259e-12   1.324056e-04   1.130900e-13   1926
  1.576857e-01   4.757707e-12   9.415777e-05   1.344319e-13   1272
  1.581194e-01   4.462721e-12   1.582320e-04   1.048635e-13   1848
  1.586895e-01   4.661526e-12   1.278379e-04   1.038295e-13   1908
  1.591231e-01   4.494661e-12   1.246890e-04   1.168935e-13   1488
  1.595806e-01   4.228878e-12   1.406224e-04   1.049425e-13   1800
  1.600766e-01   4.286210e-12   1.407610e-04   1.034921e-13   1752
  1.605517e-01   4.159872e-12   1.496769e-04   1.102631e-13   1368
  1.610272e-01   4.328566e-12   1.406675e-04   9.111682e-14   2016
  1.615501e-01   4.449961e-12   1.485794e-04   1.128531e-13   1542
  1.620327e-01   4.127678e-12   1.454994e-04   9.426784e-14   2184
  1.625669e-01   4.318637e-12   1.330990e-04   9.959547e-14   1776
  1.630283e-01   4.099189e-12   1.521522e-04   1.146315e-13   1568
  1.634682e-01   4.243609e-12   1.390081e-04   9.693567e-14   2040
  1.639468e-01   4.324126e-12   1.486121e-04   1.045240e-13   1704
  1.644478e-01   3.913376e-12   1.489728e-04   1.011159e-13   1512
  1.649202e-01   4.064669e-12   1.270742e-04   9.001603e-14   2028
  1.654509e-01   4.012497e-12   1.532841e-04   8.794142e-14   1968
  1.659362e-01   3.858766e-12   1.554838e-04   8.697903e-14   1854
  1.664110e-01   3.833449e-12   1.482240e-04   9.095373e-14   1632
  1.668977e-01   3.940485e-12   1.523128e-04   7.789022e-14   2424
  1.674021e-01   3.815229e-12   1.524713e-04   9.476893e-14   1560
  1.678285e-01   3.904309e-12   1.440852e-04   8.843863e-14   1728
  1.683437e-01   3.751344e-12   1.538043e-04   8.644737e-14   2088
  1.688623e-01   3.556087e-12   1.464052e-04   8.109004e-14   1968
  1.693394e-01   3.683330e-12   1.449552e-04   8.371489e-14   2256
  1.698178e-01   3.733576e-12   1.288813e-04   8.542427e-14   1728
  1.703172e-01   3.658556e-12   1.270494e-04   1.000364e-13   1416
  1.707596e-01   3.843833e-12   1.339356e-04   8.041379e-14   2246
  1.712606e-01   3.613066e-12   1.483321e-04   8.359916e-14   2148
  1.717398e-01   3.739276e-12   1.252967e-04   9.439221e-14   1680
  1.721909e-01   3.593332e-12   1.584012e-04   6.926288e-14   2280
  1.727331e-01   3.632069e-12   1.475065e-04   7.327611e-14   2352
  1.732395e-01   3.538977e-12   1.239422e-04   8.723392e-14   1632
  1.736402e-01   3.572308e-12   1.418228e-04   8.222111e-14   1968
  1.741900e-01   3.400249e-12   1.455103e-04   7.655922e-14   2112
  1.746998e-01   3.398002e-12   1.093039e-04   7.797774e-14   2208
  1.751952e-01   3.391914e-12   1.102112e-04   7.418921e-14   1974
  1.755862e-01   3.335856e-12   1.078165e-04   7.636793e-14   1944
  1.761144e-01   3.541860e-12   1.219820e-04   7.651357e-14   2160
  1.765722e-01   3.384436e-12   1.140807e-04   7.753597e-14   2040
  1.770670e-01   3.487097e-12   1.596015e-04   7.613659e-14   2352
  1.775745e-01   3.535842e-12   1.325904e-04   8.079976e-14   1836
  1.780376e-01   3.329084e-12   1.414413e-04   6.744630e-14   2352
  1.785577e-01   3.201165e-12   1.483527e-04   7.097513e-14   2008
  1.790344e-01   3.273812e-12   1.459431e-04   6.921544e-14   2464
  1.795659e-01   3.245185e-12   1.177095e-04   6.903960e-14   2118
  1.800019e-01   3.220950e-12   1.183276e-04   7.645027e-14   1848
  1.804507e-01   3.521251e-12   1.565861e-04   8.027466e-14   2280
  1.809928e-01   3.356752e-12   1.489508e-04   6.962629e-14   2472
  1.814993e-01   3.122432e-12   9.953927e-05   6.742750e-14   2280
  1.819245e-01   3.413163e-12   1.216700e-04   8.063879e-14   1992
  1.823831e-01   3.278133e-12   1.279126e-04   6.611795e-14   2184
  1.829118e-01   2.943394e-12   1.543068e-04   6.271767e-14   2352
  1.834214e-01   3.174605e-12   1.626118e-04   6.390074e-14   2496
  1.839203e-01   2.995220e-12   1.518813e-04   7.219367e-14   1770
  1.843678e-01   3.278979e-12   1.310496e-04   6.721138e-14   2568
  1.849057e-01   3.182400e-12   1.607377e-04   6.315802e-14   2712
  1.853947e-01   3.218392e-12   1.276489e-04   6.834948e-14   2448
  1.858830e-01   3.229856e-12   1.076015e-04   7.076770e-14   2064
  1.862881e-01   3.023170e-12   1.135758e-04   7.419246e-14   1944
  1.868133e-01   2.977050e-12   1.403079e-04   6.243857e-14   2480
  1.873491e-01   3.010034e-12   1.524155e-04   5.745101e-14   2880
  1.878237e-01   3.008140e-12   1.462067e-04   6.369490e-14   2304
  1.883193e-01   3.012228e-12   1.343278e-04   6.844911e-14   1806
  1.887589e-01   3.011519e-12   1.317346e-04   5.713476e-14   2856
  1.893097e-01   3.085303e-12   1.263374e-04   6.347639e-14   2568
  1.897288e-01   2.834775e-12   1.267515e-04   6.405173e-14   2112
  1.901850e-01   2.983524e-12   1.220840e-04   7.187118e-14   2028
  1.906744e-01   2.891205e-12   1.445115e-04   5.516351e-14   2712
  1.911714e-01   2.989768e-12   1.556884e-04   5.630464e-14   2952
  1.917055e-01   2.916375e-12   1.202957e-04   6.256683e-14   2112
  1.921372e-01   2.851002e-12   1.409804e-04   5.635749e-14   2520
  1.926559e-01   2.757102e-12   1.359784e-04   5.733608e-14   2376
  1.931282e-01   2.885634e-12   1.090048e-04   5.827281e-14   2526
  1.936186e-01   2.974803e-12   1.356536e-04   5.999509e-14   2664
  1.941040e-01   2.954113e-12   1.617960e-04   6.218071e-14   2408
  1.945694e-01   2.845257e-12   1.296049e-04   5.905351e-14   2568
  1.950440e-01   2.915324e-12   1.221942e-04   5.342272e-14   2904
  1.955589e-01   2.791203e-12   1.371053e-04   5.470845e-14   2544
  1.960480e-01   2.800133e-12   1.009875e-04   6.197444e-14   2160
  1.965096e-01   2.932571e-12   1.745958e-04   5.938972e-14   2652
  1.970194e-01   2.649397e-12   1.382439e-04   5.076205e-14   2784
  1.975101e-01   2.830855e-12   1.365199e-04   5.253657e-14   2694
  1.980185e-01   2.641668e-12   1.226932e-04   5.040085e-14   2952
  1.984602e-01   2.833808e-12   1.162128e-04   6.003916e-14   2208
  1.989102e-01   2.720792e-12   1.238599e-04   5.702853e-14   2304
  1.994125e-01   2.572707e-12   1.610662e-04   4.204756e-14   3504
  1.999983e-01   2.682197e-12   1.304210e-04   5.586762e-14   2616
  2.004552e-01   2.645776e-12   1.274108e-04   5.293357e-14   2664
  2.008953e-01   2.580216e-12   1.183758e-04   5.233641e-14   2448
  2.013388e-01   2.644657e-12   1.648584e-04   5.291528e-14   2472
  2.018606e-01   2.643637e-12   1.310718e-04   4.761687e-14   3134
  2.023516e-01   2.636164e-12   1.433541e-04   5.273901e-14   2616
  2.028419e-01   2.481597e-12   1.161223e-04   5.016567e-14   2712
  2.033463e-01   2.514004e-12   1.331755e-04   4.586354e-14   3204
  2.038284e-01   2.461341e-12   1.533782e-04   4.947944e-14   2760
  2.042862e-01   2.416674e-12   1.338200e-04   4.732291e-14   2688
  2.047911e-01   2.478397e-12   1.265264e-04   4.938453e-14   2760
  2.052376e-01   2.346012e-12   1.044749e-04   4.834218e-14   2568
  2.057517e-01   2.339211e-12   1.622443e-04   4.068503e-14   3336
  2.062452e-01   2.429778e-12   1.373220e-04   5.017689e-14   2334
  2.067435e-01   2.336550e-12   1.519616e-04   4.243660e-14   3264
  2.072092e-01   2.469706e-12   1.104877e-04   5.118898e-14   2760
  2.076868e-01   2.302880e-12   1.334378e-04   4.132228e-14   3192
  2.081730e-01   2.347699e-12   1.385370e-04   4.708575e-14   2904
  2.086902e-01   2.304249e-12   1.390027e-04   4.520841e-14   2784
  2.091231e-01   2.429895e-12   1.144018e-04   5.022939e-14   2592
  2.096156e-01   2.223604e-12   1.559460e-04   3.910615e-14   3284
  2.101389e-01   2.272516e-12   1.566406e-04   4.216487e-14   3168
  2.106071e-01   2.267075e-12   1.292397e-04   4.428470e-14   2616
  2.110994e-01   2.126534e-12   1.248775e-04   4.038129e-14   3222
  2.115781e-01   2.231841e-12   1.401164e-04   3.875068e-14   3240
  2.120418e-01   2.287534e-12   1.417503e-04   4.808839e-14   2568
  2.125690e-01   2.296240e-12   1.300629e-04   4.442915e-14   3120
  2.130097e-01   2.289739e-12   1.429850e-04   4.322087e-14   3168
  2.134838e-01   2.134321e-12   1.251725e-04   4.188992e-14   3240
  2.140024e-01   2.107363e-12   1.284239e-04   3.785730e-14   3144
  2.145062e-01   2.049746e-12   1.224103e-04   3.839009e-14   2856
  2.149823e-01   2.099118e-12   1.307392e-04   3.678979e-14   3264
  2.155212e-01   2.115227e-12   1.444609e-04   3.808609e-14   3318
  2.159452e-01   2.174804e-12   1.011723e-04   4.858185e-14   2556
  2.164506e-01   2.048804e-12   1.728209e-04   3.358982e-14   4008
  2.169623e-01   2.101675e-12   1.275720e-04   4.173622e-14   2904
  2.174000e-01   1.995380e-12   1.304469e-04   3.560705e-14   3144
  2.178983e-01   1.957539e-12   1.359922e-04   3.699954e-14   3200
  2.184140e-01   1.953427e-12   1.341212e-04   3.509811e-14   3312
  2.188763e-01   2.042776e-12   1.080957e-04   3.998538e-14   2832
  2.193924e-01   1.971563e-12   1.555565e-04   3.252614e-14   3984
  2.198717e-01   2.106611e-12   1.264601e-04   4.652511e-14   2238
  2.203092e-01   1.982588e-12   1.488218e-04   3.400267e-14   3984
  2.208520e-01   1.924441e-12   1.414250e-04   3.523065e-14   3384
  2.213029e-01   2.072197e-12   1.321942e-04   4.014893e-14   3048
  2.217737e-01   1.851146e-12   1.213801e-04   3.503638e-14   3096
  2.222656e-01   1.973458e-12   1.375807e-04   3.264773e-14   3708
  2.227545e-01   1.842707e-12   1.304078e-04   3.682128e-14   2784
  2.232087e-01   1.978976e-12   1.354535e-04   3.485819e-14   3648
  2.237247e-01   1.881150e-12   1.394108e-04   3.302708e-14   3888
  2.242738e-01   1.798411e-12   1.488252e-04   3.329118e-14   2958
  2.246837e-01   1.826172e-12   1.270361e-04   3.187283e-14   3264
  2.251777e-01   1.959863e-12   1.402443e-04   3.687943e-14   3160
  2.256445e-01   1.765592e-12   1.271016e-04   3.068628e-14   3736
  2.260868e-01   1.816305e-12   1.158193e-04   3.530395e-14   3216
  2.266085e-01   1.833595e-12   1.419303e-04   3.011846e-14   4032
  2.271526e-01   1.794863e-12   1.295798e-04   3.030505e-14   3528
  2.276165e-01   1.819146e-12   1.143819e-04   3.303910e-14   3192
  2.280803e-01   1.732427e-12   1.252686e-04   3.113798e-14   3456
  2.285834e-01   1.742437e-12   1.298903e-04   3.294165e-14   3060
  2.290876e-01   1.764891e-12   1.544545e-04   2.864665e-14   4518
  2.295790e-01   1.754684e-12   1.375990e-04   3.023066e-14   3528
  2.300307e-01   1.794920e-12   1.155591e-04   3.582416e-14   3024
  2.305122e-01   1.668215e-12   1.564624e-04   2.877843e-14   3672
  2.310028e-01   1.716544e-12   1.342922e-04   3.017691e-14   3864
  2.315474e-01   1.666124e-12   1.423480e-04   2.791157e-14   3816
  2.319928e-01   1.664021e-12   1.295052e-04   2.925182e-14   3456
  2.324198e-01   1.689218e-12   1.172315e-04   3.321643e-14   2688
  2.329230e-01   1.671018e-12   1.390930e-04   2.633243e-14   4248
  2.334218e-01   1.671115e-12   1.332244e-04   2.870723e-14   3926
  2.339228e-01   1.640928e-12   1.406621e-04   2.908783e-14   3504
  2.344067e-01   1.694081e-12   1.257540e-04   2.792915e-14   3960
  2.349411e-01   1.609589e-12   1.415697e-04   2.782854e-14   3684
  2.353994e-01   1.560790e-12   1.415603e-04   2.633400e-14   4104
  2.358576e-01   1.642725e-12   1.342621e-04   2.997726e-14   3144
  2.363498e-01   1.587440e-12   1.470632e-04   2.567209e-14   4224
  2.368909e-01   1.554544e-12   1.305314e-04   2.514727e-14   4008
  2.373532e-01   1.599405e-12   1.436052e-04   2.797312e-14   3312
  2.378293e-01   1.574400e-12   1.428317e-04   2.794178e-14   3726
  2.383356e-01   1.579177e-12   1.467057e-04   2.682282e-14   3936
  2.387852e-01   1.627718e-12   1.512247e-04   2.881015e-14   3888
  2.392518e-01   1.576910e-12   1.429975e-04   2.668706e-14   3864
  2.397372e-01   1.537081e-12   1.520184e-04   2.652996e-14   3888
  2.402373e-01   1.468467e-12   1.433767e-04   2.470127e-14   4080
  2.407309e-01   1.542209e-12   1.521663e-04   2.757107e-14   3400
  2.412345e-01   1.517938e-12   1.395519e-04   2.364634e-14   4588
  2.417438e-01   1.521237e-12   1.381276e-04   2.613809e-14   3816
  2.421888e-01   1.521083e-12   1.308874e-04   2.550625e-14   3534
  2.426599e-01   1.580002e-12   1.292818e-04   2.580839e-14   4080
  2.431528e-01   1.559999e-12   1.351361e-04   2.514624e-14   4248
  2.436477e-01   1.534061e-12   1.361762e-04   2.868240e-14   3528
  2.441045e-01   1.551652e-12   1.392215e-04   2.517605e-14   4248
  2.445661e-01   1.469734e-12   1.361726e-04   2.543175e-14   3696
  2.450802e-01   1.496874e-12   1.412982e-04   2.312896e-14   4560
  2.455678e-01   1.481929e-12   1.323495e-04   2.484967e-14   3864
  2.460685e-01   1.430446e-12   1.441083e-04   2.255022e-14   4440
  2.465431e-01   1.435405e-12   1.344565e-04   2.749621e-14   3432
  2.470417e-01   1.445117e-12   1.318374e-04   2.318969e-14   4470
  2.475323e-01   1.472792e-12   1.171596e-04   2.412325e-14   4188
  2.480144e-01   1.457358e-12   1.500979e-04   2.301676e-14   4392
  2.484933e-01   1.496206e-12   1.161150e-04   2.669685e-14   3960
  2.489913e-01   1.472423e-12   1.311762e-04   2.395740e-14   4328
  2.494737e-01   1.417151e-12   1.365155e-04   2.302645e-14   4320
  2.499612e-01   1.422219e-12   1.427527e-04   2.248129e-14   4152
  2.504133e-01   1.530120e-12   1.194148e-04   2.799034e-14   3528
  2.509246e-01   1.384715e-12   1.292483e-04   2.104849e-14   4512
  2.514030e-01   1.425465e-12   1.321235e-04   2.424204e-14   4134
  2.518889e-01   1.472894e-12   1.407559e-04   2.170128e-14   5208
  2.523561e-01   1.440794e-12   1.226327e-04   2.614882e-14   3240
  2.528396e-01   1.500351e-12   1.352583e-04   2.369512e-14   4680
  2.533316e-01   1.394069e-12   1.339167e-04   2.295778e-14   4440
  2.538242e-01   1.313358e-12   1.517493e-04   2.139076e-14   4260
  2.542967e-01   1.357347e-12   1.238886e-04   2.315439e-14   4056
  2.547833e-01   1.341742e-12   1.373522e-04   2.047100e-14   4704
  2.552940e-01   1.410651e-12   1.598328e-04   2.205845e-14   4800
  2.558338e-01   1.349067e-12   1.384828e-04   2.035958e-14   4806
  2.563004e-01   1.515156e-12   1.380453e-04   2.837180e-14   3552
  2.567447e-01   1.324682e-12   1.384155e-04   2.275768e-14   4304
  2.572463e-01   1.350695e-12   1.342317e-04   1.995396e-14   5280
  2.577424e-01   1.335999e-12   1.287726e-04   2.127480e-14   4320
  2.582120e-01   1.316254e-12   1.454180e-04   2.146032e-14   4296
  2.587071e-01   1.349458e-12   1.616686e-04   2.030174e-14   4608
  2.592079e-01   1.338687e-12   1.548872e-04   2.035014e-14   4824
  2.597037e-01   1.292086e-12   1.462245e-04   2.063984e-14   4488
  2.602357e-01   1.351346e-12   1.365163e-04   2.205621e-14   4530
  2.606750e-01   1.285801e-12   1.332969e-04   2.049301e-14   4464
  2.611146e-01   1.324605e-12   1.256224e-04   2.172382e-14   4104
  2.616192e-01   1.265046e-12   1.354472e-04   1.821550e-14   5424
  2.621157e-01   1.297139e-12   1.458006e-04   2.053106e-14   4392
  2.626209e-01   1.321795e-12   1.427447e-04   2.061738e-14   4896
  2.630796e-01   1.268578e-12   1.399190e-04   2.092187e-14   4104
  2.635583e-01   1.328164e-12   1.261700e-04   2.120589e-14   4824
  2.640634e-01   1.218048e-12   1.205890e-04   1.929115e-14   4680
  2.645034e-01   1.219776e-12   1.233362e-04   1.947807e-14   4328
  2.650142e-01   1.243539e-12   1.421747e-04   1.845504e-14   5118
  2.655274e-01   1.284849e-12   1.647184e-04   1.941065e-14   5304
  2.659905e-01   1.322642e-12   1.297081e-04   2.166433e-14   4392
  2.664951e-01   1.259753e-12   1.301864e-04   2.002179e-14   4476
  2.669364e-01   1.202183e-12   1.292906e-04   1.879067e-14   4704
  2.674274e-01   1.227217e-12   1.564908e-04   1.774274e-14   5208
  2.679435e-01   1.170496e-12   1.319479e-04   1.809542e-14   5304
  2.684190e-01   1.210810e-12   1.413346e-04   1.937096e-14   4296
  2.689066e-01   1.235055e-12   1.340217e-04   1.910560e-14   4752
  2.694189e-01   1.169077e-12   1.345359e-04   1.779548e-14   4950
  2.698794e-01   1.200831e-12   1.406262e-04   1.841096e-14   5064
  2.703399e-01   1.208056e-12   1.178265e-04   1.917315e-14   4872
  2.708057e-01   1.178695e-12   1.240390e-04   2.095569e-14   4224
  2.713029e-01   1.192136e-12   1.370167e-04   1.688755e-14   6120
  2.718321e-01   1.129903e-12   1.507358e-04   1.712316e-14   4968
  2.723121e-01   1.186677e-12   1.333881e-04   1.905042e-14   4424
  2.728088e-01   1.181965e-12   1.703749e-04   1.813647e-14   5436
  2.732993e-01   1.130454e-12   1.452596e-04   1.758077e-14   4896
  2.737736e-01   1.093058e-12   1.390702e-04   1.689914e-14   5214
  2.742308e-01   1.184149e-12   1.182169e-04   1.901003e-14   4656
  2.747387e-01   1.182524e-12   1.503032e-04   1.841226e-14   5448
  2.752241e-01   1.145291e-12   1.269422e-04   1.854912e-14   4992
  2.756994e-01   1.163107e-12   1.404898e-04   1.845808e-14   5400
  2.762219e-01   1.154996e-12   1.557062e-04   1.699962e-14   5328
  2.767032e-01   1.083846e-12   1.392299e-04   1.684559e-14   4776
  2.771561e-01   1.092464e-12   1.308295e-04   1.667963e-14   4800
  2.776593e-01   1.099724e-12   1.682401e-04   1.480282e-14   6552
  2.781857e-01   1.117600e-12   1.271030e-04   2.020110e-14   3942
  2.786419e-01   1.072850e-12   1.601990e-04   1.554347e-14   6072
  2.791470e-01   1.120494e-12   1.244164e-04   1.932071e-14   4692
  2.795705e-01   1.108449e-12   1.298888e-04   1.685423e-14   4944
  2.800665e-01   1.073455e-12   1.394107e-04   1.495808e-14   5840
  2.805759e-01   1.046938e-12   1.492333e-04   1.625357e-14   5712
  2.810773e-01   1.049164e-12   1.250671e-04   1.692751e-14   4800
  2.815348e-01   1.048790e-12   1.656330e-04   1.587499e-14   5688
  2.820359e-01   1.044287e-12   1.306810e-04   1.641248e-14   4848
  2.825324e-01   8.506823e-13   1.454557e-04   1.488138e-14   5406
  2.830037e-01   1.303134e-16   1.312973e-04   2.089855e-18   5568
  2.834769e-01   1.352409e-16   1.180275e-04   2.197020e-18   5736
  2.839884e-01   1.324180e-16   1.465826e-04   2.239501e-18   5280
  2.844524e-01   1.311708e-16   1.355263e-04   2.119307e-18   5592
  2.849301e-01   1.260679e-16   1.551417e-04   2.093902e-18   4968
  2.854352e-01   1.272988e-16   1.391053e-04   1.976628e-18   5964
  2.859279e-01   1.312688e-16   1.397517e-04   2.068737e-18   5376
  2.863756e-01   1.325793e-16   1.349389e-04   2.153323e-18   5472
  2.868946e-01   1.247791e-16   1.281532e-04   1.945236e-18   5472
  2.873693e-01   1.237248e-16   1.457059e-04   2.155286e-18   5415
  2.878292e-01   1.207699e-16   1.281660e-04   1.955745e-18   5096
  2.883268e-01   1.170821e-16   1.648183e-04   1.745305e-18   6372
  2.888302e-01   1.240779e-16   1.337920e-04   2.192470e-18   4656
  2.892814e-01   1.251329e-16   1.460580e-04   1.910339e-18   5844
  2.897668e-01   1.183742e-16   1.284189e-04   1.854189e-18   5508
  2.902812e-01   1.246810e-16   1.456803e-04   1.791643e-18   6324
  2.907860e-01   1.200581e-16   1.251396e-04   2.004914e-18   4752
  2.912474e-01   1.138971e-16   1.401041e-04   1.738484e-18   5676
  2.917468e-01   1.199049e-16   1.281684e-04   1.919186e-18   5472
  2.922209e-01   1.216397e-16   1.445704e-04   1.907184e-18   5556
  2.927301e-01   1.139449e-16   1.408810e-04   1.718541e-18   5436
  2.932217e-01   1.184879e-16   1.442016e-04   1.814333e-18   5916
  2.937264e-01   1.195549e-16   1.500331e-04   1.866219e-18   5520
  2.941809e-01   1.097561e-16   1.364480e-04   1.748941e-18   5280
  2.946466e-01   1.201445e-16   1.340724e-04   1.967722e-18   4416
  2.951720e-01   1.130477e-16   1.306879e-04   1.599176e-18   6260
  2.956655e-01   1.166198e-16   1.554038e-04   1.713808e-18   5940
  2.961126e-01   1.158800e-16   1.217066e-04   1.965890e-18   4188
  2.966047e-01   1.162539e-16   1.556122e-04   1.630295e-18   6360
  2.971222e-01   1.111335e-16   1.387995e-04   1.662698e-18   5256
  2.976029e-01   1.111674e-16   1.312113e-04   1.841458e-18   4848
  2.980147e-01   1.075294e-16   1.189499e-04   1.691248e-18   4704
  2.985217e-01   1.129231e-16   1.459205e-04   1.632840e-18   5784
  2.990374e-01   1.075276e-16   1.544008e-04   1.569455e-18   5820
  2.995352e-01   1.106109e-16   1.383100e-04   1.572834e-18   5700
  3.000361e-01   1.090944e-16   1.282634e-04   1.666941e-18   5232
  3.005375e-01   1.139670e-16   1.423193e-04   1.707518e-18   4932
  3.009817e-01   1.087260e-16   1.224997e-04   1.714150e-18   4716
  3.014485e-01   1.172889e-16   1.560382e-04   1.796640e-18   5616
  3.019287e-01   1.058509e-16   1.378046e-04   1.602048e-18   5184
  3.024240e-01   1.054569e-16   1.390111e-04   1.611487e-18   5064
  3.028912e-01   1.072615e-16   1.423406e-04   1.565808e-18   5544
  3.034093e-01   1.039610e-16   1.428860e-04   1.528018e-18   5192
  3.038807e-01   1.061315e-16   1.284053e-04   1.601535e-18   5244
  3.043764e-01   1.039824e-16   1.389360e-04   1.551569e-18   5112
  3.048691e-01   1.077577e-16   1.275010e-04   1.700470e-18   5040
  3.053213e-01   1.087357e-16   1.340439e-04   1.630199e-18   5124
  3.058494e-01   1.035089e-16   1.504823e-04   1.470262e-18   5952
  3.063369e-01   1.077809e-16   1.318531e-04   1.634280e-18   4824
  3.067788e-01   1.023365e-16   1.330892e-04   1.599634e-18   4536
  3.072903e-01   1.023215e-16   1.414616e-04   1.415151e-18   5712
  3.078157e-01   1.047823e-16   1.547976e-04   1.552170e-18   5352
  3.083112e-01   1.062830e-16   1.348344e-04   1.563793e-18   5004
  3.087539e-01   1.059891e-16   1.348711e-04   1.629729e-18   4800
  3.092296e-01   1.017653e-16   1.449374e-04   1.481109e-18   5148
  3.097567e-01   1.014350e-16   1.505363e-04   1.424963e-18   5664
  3.102329e-01   9.894303e-17   1.352034e-04   1.518450e-18   4692
  3.106729e-01   1.007143e-16   1.256056e-04   1.655309e-18   4008
  3.111861e-01   1.030973e-16   1.439712e-04   1.425983e-18   5852
  3.117078e-01   9.714793e-17   1.363273e-04   1.358183e-18   5784
  3.121712e-01   1.035832e-16   1.256700e-04   1.698767e-18   4392
  3.126481e-01   1.012925e-16   1.232703e-04   1.525757e-18   4944
  3.131489e-01   9.624599e-17   1.453336e-04   1.436687e-18   4776
  3.136211e-01   9.500701e-17   1.398188e-04   1.366410e-18   5244
  3.141336e-01   9.645816e-17   1.395722e-04   1.376875e-18   4884
  3.145636e-01   9.735020e-17   1.183681e-04   1.534458e-18   4488
  3.150636e-01   9.978969e-17   1.406525e-04   1.452905e-18   5160
  3.155671e-01   9.758905e-17   1.432039e-04   1.393152e-18   5316
  3.160521e-01   9.908348e-17   1.447892e-04   1.541288e-18   4896
  3.165249e-01   9.787018e-17   1.345344e-04   1.637957e-18   4188
  3.170014e-01   9.247995e-17   1.467406e-04   1.352804e-18   4836
  3.174880e-01   9.627795e-17   1.455680e-04   1.349073e-18   5316
  3.179808e-01   9.656283e-17   1.347408e-04   1.423802e-18   4920
  3.184417e-01   1.002779e-16   1.357413e-04   1.681856e-18   4128
  3.189362e-01   9.670320e-17   1.460260e-04   1.413752e-18   5348
  3.194229e-01   9.398137e-17   1.267067e-04   1.407957e-18   4836
  3.198876e-01   9.340181e-17   1.365306e-04   1.504213e-18   4392
  3.203882e-01   9.490478e-17   1.199532e-04   1.480304e-18   4632
  3.208388e-01   9.680158e-17   1.340287e-04   1.568124e-18   4596
  3.213563e-01   9.242569e-17   1.347844e-04   1.335728e-18   5424
  3.218683e-01   8.931757e-17   1.387362e-04   1.269086e-18   5256
  3.223958e-01   9.129620e-17   1.409032e-04   1.428336e-18   4524
  3.228350e-01   9.308767e-17   1.340268e-04   1.526826e-18   4440
  3.233270e-01   9.072471e-17   1.146101e-04   1.378894e-18   4380
  3.238085e-01   9.137934e-17   1.499870e-04   1.410671e-18   4812
  3.243210e-01   9.207710e-17   1.489725e-04   1.360674e-18   5376
  3.247896e-01   8.826479e-17   1.189892e-04   1.465608e-18   3888
  3.252385e-01   9.202966e-17   1.362564e-04   1.361432e-18   4896
  3.257395e-01   9.096768e-17   1.437728e-04   1.390178e-18   4608
  3.262654e-01   9.208215e-17   1.357127e-04   1.436270e-18   4448
  3.267232e-01   8.558745e-17   1.400926e-04   1.307258e-18   4752
  3.272056e-01   9.136483e-17   1.467382e-04   1.489974e-18   4356
  3.277129e-01   9.074831e-17   1.412082e-04   1.372947e-18   5232
  3.282173e-01   8.510381e-17   1.423025e-04   1.383043e-18   4548
  3.287063e-01   8.648990e-17   1.383360e-04   1.306188e-18   4608
  3.291837e-01   8.910565e-17   1.256671e-04   1.557242e-18   3936
  3.296343e-01   8.654345e-17   1.502088e-04   1.450547e-18   4260
  3.301407e-01   8.608137e-17   1.346643e-04   1.302233e-18   5004
  3.306038e-01   9.057860e-17   1.330711e-04   1.541816e-18   4224
  3.311115e-01   8.754647e-17   1.437697e-04   1.385692e-18   4788
  3.316047e-01   8.836850e-17   1.511985e-04   1.476714e-18   4428
  3.320852e-01   8.433341e-17   1.263467e-04   1.439726e-18   4080
  3.325477e-01   8.878968e-17   1.381486e-04   1.347154e-18   4632
  3.330347e-01   8.277296e-17   1.436640e-04   1.429639e-18   4056
  3.335467e-01   8.478447e-17   1.352621e-04   1.417456e-18   4536
  3.340144e-01   8.692491e-17   1.379585e-04   1.412071e-18   4668
  3.345266e-01   8.217173e-17   1.478669e-04   1.358414e-18   4604
  3.350255e-01   8.264151e-17   1.328598e-04   1.383452e-18   4152
  3.354859e-01   8.347699e-17   1.287622e-04   1.387851e-18   4224
  3.359739e-01   8.150215e-17   1.237953e-04   1.377690e-18   4152
  3.364615e-01   8.722361e-17   1.404246e-04   1.477622e-18   4224
  3.369356e-01   8.578355e-17   1.298644e-04   1.526310e-18   3960
  3.373922e-01   8.206761e-17   1.340119e-04   1.332042e-18   4656
  3.378910e-01   8.004090e-17   1.445961e-04   1.319898e-18   4452
  3.384025e-01   7.893742e-17   1.470057e-04   1.363961e-18   4056
  3.388784e-01   8.015271e-17   1.456648e-04   1.335310e-18   4212
  3.393606e-01   8.332509e-17   1.210536e-04   1.582465e-18   3432
  3.398492e-01   8.212776e-17   1.548628e-04   1.254773e-18   5352
  3.403267e-01   8.236176e-17   1.134185e-04   1.541931e-18   3600
  3.408466e-01   7.872425e-17   1.251027e-04   1.311305e-18   4584
  3.413005e-01   8.123505e-17   1.247343e-04   1.463888e-18   3768
  3.417680e-01   7.928230e-17   1.331557e-04   1.491497e-18   3848
  3.422347e-01   7.769637e-17   1.220886e-04   1.473791e-18   3720
  3.427639e-01   7.540518e-17   1.532392e-04   1.211195e-18   4764
  3.432311e-01   8.128309e-17   1.234001e-04   1.455788e-18   3864
  3.437109e-01   8.243057e-17   1.528459e-04   1.409608e-18   4332
  3.442342e-01   7.907984e-17   1.304937e-04   1.447667e-18   3792
  3.447018e-01   7.282881e-17   1.480185e-04   1.232323e-18   4284
  3.451974e-01   7.282077e-17   1.401572e-04   1.384389e-18   3840
  3.456664e-01   7.116122e-17   1.334113e-04   1.438943e-18   3480
  3.461427e-01   7.395790e-17   1.488614e-04   1.242502e-18   4380
  3.466576e-01   7.462822e-17   1.398292e-04   1.311135e-18   4200
  3.471635e-01   7.901260e-17   1.344014e-04   1.354703e-18   4056
  3.476333e-01   7.352611e-17   1.350788e-04   1.414909e-18   3600
  3.480735e-01   7.406619e-17   1.345848e-04   1.430958e-18   3492
  3.485878e-01   7.121486e-17   1.571647e-04   1.226586e-18   4500
  3.491126e-01   7.671480e-17   1.376975e-04   1.431958e-18   3516
  3.495636e-01   7.956536e-17   1.439500e-04   1.514961e-18   3968
  3.500690e-01   7.373808e-17   1.383484e-04   1.410603e-18   3648
  3.505165e-01   7.262976e-17   1.322992e-04   1.416298e-18   4224
  3.510237e-01   6.757225e-17   1.484940e-04   1.337666e-18   3588
  3.514997e-01   7.125273e-17   1.369683e-04   1.390880e-18   3456
  3.519786e-01   6.729009e-17   1.216448e-04   1.277869e-18   3660
  3.524735e-01   7.240315e-17   1.335194e-04   1.396509e-18   3768
  3.529347e-01   7.308494e-17   1.350276e-04   1.388327e-18   3744
  3.534301e-01   7.003543e-17   1.482149e-04   1.247512e-18   4176
  3.539572e-01   7.285456e-17   1.367120e-04   1.426615e-18   3612
  3.543928e-01   7.126845e-17   1.485682e-04   1.467683e-18   3216
  3.548913e-01   6.862671e-17   1.436402e-04   1.389780e-18   3624
  3.553925e-01   6.902212e-17   1.350690e-04   1.327158e-18   3744
  3.558768e-01   7.203390e-17   1.441176e-04   1.436576e-18   3672
  3.563547e-01   7.017178e-17   1.306896e-04   1.347097e-18   3852
  3.568482e-01   7.074993e-17   1.345097e-04   1.328965e-18   3672
  3.573731e-01   7.101729e-17   1.310574e-04   1.651947e-18   3248
  3.578115e-01   6.313401e-17   1.341465e-04   1.341570e-18   3336
  3.582900e-01   6.258537e-17   1.365492e-04   1.252308e-18   3576
  3.587793e-01   6.795258e-17   1.159180e-04   1.369465e-18   3336
  3.592778e-01   6.754126e-17   1.376902e-04   1.289352e-18   3936
  3.597697e-01   7.052473e-17   1.466440e-04   1.435525e-18   3408
  3.602575e-01   6.973908e-17   1.291957e-04   1.520122e-18   3336
  3.607316e-01   5.534186e-17   1.451163e-04   1.207498e-18   3312
  3.612054e-01   6.356082e-17   1.469319e-04   1.342102e-18   3432
  3.617101e-01   6.783207e-17   1.273841e-04   1.473570e-18   3144
  3.621706e-01   6.537839e-17   1.382881e-04   1.377073e-18   3456
  3.626887e-01   6.486213e-17   1.329107e-04   1.293241e-18   3792
  3.631568e-01   6.778451e-17   1.305556e-04   1.564125e-18   2868
  3.636625e-01   6.104914e-17   1.352551e-04   1.151475e-18   3888
  3.641351e-01   5.824640e-17   1.174435e-04   1.350504e-18   2784
  3.646004e-01   6.178006e-17   1.341238e-04   1.560701e-18   2964
  3.651086e-01   6.323789e-17   1.381212e-04   1.370860e-18   3432
  3.655924e-01   6.269848e-17   1.429694e-04   1.347975e-18   3416
  3.660820e-01   6.166592e-17   1.528218e-04   1.320858e-18   3528
  3.665830e-01   6.671406e-17   1.226504e-04   1.560765e-18   2904
  3.670262e-01   5.758102e-17   1.375270e-04   1.310249e-18   3072
  3.675416e-01   5.793741e-17   1.544586e-04   1.291657e-18   3216
  3.680569e-01   5.724262e-17   1.250951e-04   1.395605e-18   2844
  3.685093e-01   5.851473e-17   1.431483e-04   1.311815e-18   3432
  3.689737e-01   6.459669e-17   1.150574e-04   1.553492e-18   2880
  3.694925e-01   5.843993e-17   1.524100e-04   1.309643e-18   3576
  3.699812e-01   6.216402e-17   1.362332e-04   1.598219e-18   2700
  3.704492e-01   5.610596e-17   1.530237e-04   1.253810e-18   3000
  3.709392e-01   5.291964e-17   1.270553e-04   1.299327e-18   2556
  3.714151e-01   5.954860e-17   1.361780e-04   1.348580e-18   3360
  3.719070e-01   5.908702e-17   1.323185e-04   1.318521e-18   3120
  3.724371e-01   5.895342e-17   1.557809e-04   1.427804e-18   3216
  3.728935e-01   6.264547e-17   1.098680e-04   1.608228e-18   2628
  3.734065e-01   5.571500e-17   1.452297e-04   1.392550e-18   3200
  3.738745e-01   5.151662e-17   1.370102e-04   1.389220e-18   2232
  3.743471e-01   5.095027e-17   1.563929e-04   1.292977e-18   3108
  3.748177e-01   6.261088e-17   1.373821e-04   1.712330e-18   2604
  3.752991e-01   5.955712e-17   1.479994e-04   1.416395e-18   3096
  3.758288e-01   5.548608e-17   1.348469e-04   1.298823e-18   3084
  3.762884e-01   5.232668e-17   1.376092e-04   1.329576e-18   2664
  3.767621e-01   5.535999e-17   1.213497e-04   1.558255e-18   2232
  3.772262e-01   4.635944e-17   1.494845e-04   1.138762e-18   2808
  3.777344e-01   5.530458e-17   1.412112e-04   1.548837e-18   2592
  3.782089e-01   6.122639e-17   1.449703e-04   1.570899e-18   2952
  3.787074e-01   5.224660e-17   1.368697e-04   1.428099e-18   2772
  3.791921e-01   5.217193e-17   1.471948e-04   1.308883e-18   3036
  3.796993e-01   4.898263e-17   1.427797e-04   1.474634e-18   2136
  3.801616e-01   4.772083e-17   1.138671e-04   1.374019e-18   2496
  3.806364e-01   5.660311e-17   1.516625e-04   1.656430e-18   2228
  3.811316e-01   5.841132e-17   1.413981e-04   1.614084e-18   3048
  3.816243e-01   5.288910e-17   1.350676e-04   1.510060e-18   2676
  3.821140e-01   4.767125e-17   1.345571e-04   1.214414e-18   2784
  3.825820e-01   4.893035e-17   1.307225e-04   1.488040e-18   1920
  3.830514e-01   4.551685e-17   1.395126e-04   1.260954e-18   2400
  3.835600e-01   4.378245e-17   1.279618e-04   1.174177e-18   2532
  3.840860e-01   5.107765e-17   1.421350e-04   1.475898e-18   2544
  3.845592e-01   5.650565e-17   1.486925e-04   1.559851e-18   2772
  3.850254e-01   4.623223e-17   1.392746e-04   1.567046e-18   2160
  3.854884e-01   4.967467e-17   1.500120e-04   1.469948e-18   2304
  3.860241e-01   4.546344e-17   1.467945e-04   1.431765e-18   2328
  3.865043e-01   3.953320e-17   1.407449e-04   1.172735e-18   2304
  3.869492e-01   4.037494e-17   1.330938e-04   1.283207e-18   1908
  3.874552e-01   5.484416e-17   1.488569e-04   1.714165e-18   2736
  3.879425e-01   4.991877e-17   1.410418e-04   1.570029e-18   2448
  3.884609e-01   5.145707e-17   1.318665e-04   1.617481e-18   2040
  3.889299e-01   3.754046e-17   1.372999e-04   1.345782e-18   2120
  3.893809e-01   4.594356e-17   1.138355e-04   1.405433e-18   2040
  3.898664e-01   3.815639e-17   1.412334e-04   1.363055e-18   2208
  3.904158e-01   5.123297e-17   1.268062e-04   1.684112e-18   2208
  3.908608e-01   5.822098e-17   1.405255e-04   1.813295e-18   2196
  3.913207e-01   3.574940e-17   1.236152e-04   1.200546e-18   1848
  3.917886e-01   4.400464e-17   1.401960e-04   1.518559e-18   2124
  3.923120e-01   4.084785e-17   1.470626e-04   1.343952e-18   2328
  3.928231e-01   3.882666e-17   1.497225e-04   1.364419e-18   1920
  3.933200e-01   3.745952e-17   1.374435e-04   1.378683e-18   1548
  3.937619e-01   5.035819e-17   1.507712e-04   1.607999e-18   2388
  3.942832e-01   3.844113e-17   1.395210e-04   1.417618e-18   2160
  3.947606e-01   4.064466e-17   1.269906e-04   1.639915e-18   1704
  3.952179e-01   3.769267e-17   1.430661e-04   1.502126e-18   1776
  3.956506e-01   3.722564e-17   1.338203e-04   1.358973e-18   1800
  3.961977e-01   3.241365e-17   1.544832e-04   1.213255e-18   1700
  3.967087e-01   4.649368e-17   1.390936e-04   1.673959e-18   2292
  3.971846e-01   3.982539e-17   1.291201e-04   1.619408e-18   1704
  3.976337e-01   3.893518e-17   1.443780e-04   1.540440e-18   1728
  3.981255e-01   3.352686e-17   1.336251e-04   1.403490e-18   1728
  3.986075e-01   4.244313e-17   1.334994e-04   1.674884e-18   1680
  3.991202e-01   2.732324e-17   1.537953e-04   1.081343e-18   1704
  3.996310e-01   3.052400e-17   1.207753e-04   1.080504e-18   1752
  4.000877e-01   4.040279e-17   1.435789e-04   1.640747e-18   1872
  4.005817e-01   3.772490e-17   1.407232e-04   1.651029e-18   1500
  4.010829e-01   3.251249e-17   1.232237e-04   1.334197e-18   1656
  4.015697e-01   3.637698e-17   1.321192e-04   1.416114e-18   1464
  4.020023e-01   2.556660e-17   1.157232e-04   1.300924e-18   1488
  4.025329e-01   2.863914e-17   1.396693e-04   1.103158e-18   1680
  4.030178e-01   3.229782e-17   1.459194e-04   1.351804e-18   1692
  4.034716e-01   3.196850e-17   1.397252e-04   1.607715e-18   1128
  4.039751e-01   3.158662e-17   1.345433e-04   1.398814e-18   1536
  4.044663e-01   2.572425e-17   1.402479e-04   1.378126e-18   1616
  4.049637e-01   2.620850e-17   1.352429e-04   1.207095e-18   1476
  4.054650e-01   2.475187e-17   1.488381e-04   1.381890e-18   1176
  4.059124e-01   2.659206e-17   1.599107e-04   1.051580e-18   1656
  4.063997e-01   2.920036e-17   1.404668e-04   1.942135e-18   891
  4.069020e-01   2.311421e-17   1.497388e-04   8.872253e-19   1596
  4.073915e-01   2.224173e-17   1.305762e-04   1.120844e-18   1422
  4.078742e-01   2.273004e-17   1.252138e-04   1.042021e-18   1254
  4.083284e-01   1.797287e-17   1.279202e-04   8.065173e-19   918
  4.088148e-01   2.355721e-17   1.400009e-04   8.779161e-19   1614
  4.093049e-01   1.832721e-17   1.209347e-04   1.083392e-18   798
  4.097922e-01   1.776579e-17   1.550239e-04   7.670007e-19   1458
  4.102863e-01   1.971512e-17   1.419502e-04   7.723829e-19   1374
  4.107747e-01   1.582235e-17   1.212349e-04   8.215358e-19   984
  4.112591e-01   1.814109e-17   1.668024e-04   7.839467e-19   1062
  4.117525e-01   2.077381e-17   1.413965e-04   9.077503e-19   1246
  4.122317e-01   1.353108e-17   1.311095e-04   6.898527e-19   1072
  4.127436e-01   1.435979e-17   1.419832e-04   8.111283e-19   1110
  4.132166e-01   1.802304e-17   1.538182e-04   7.262647e-19   1254
  4.137139e-01   1.534113e-17   1.459816e-04   8.325385e-19   1032
  4.142557e-01   1.674479e-17   1.352509e-04   1.045861e-18   786
  4.146677e-01   1.656772e-17   1.386613e-04   6.876102e-19   1152
  4.151502e-01   1.358202e-17   1.511270e-04   6.381714e-19   1086
  4.156529e-01   9.623442e-18   1.363503e-04   3.689245e-19   912
  4.161175e-01   2.058741e-17   1.366785e-04   9.238981e-19   1062
  4.165917e-01   1.210650e-17   1.362355e-04   4.799681e-19   912
  4.171397e-01   1.021483e-17   1.520835e-04   5.333607e-19   750
  4.175668e-01   1.562151e-17   1.465336e-04   6.543875e-19   1200
  4.180611e-01   1.211780e-17   1.326977e-04   6.706738e-19   918
  4.185524e-01   1.038276e-17   1.377357e-04   5.021512e-19   876
  4.190517e-01   1.548595e-17   1.203534e-04   6.850016e-19   870
  4.194890e-01   1.266318e-17   1.403731e-04   5.976699e-19   768
  4.200015e-01   8.158559e-18   1.286594e-04   3.753301e-19   830
  4.204761e-01   1.213639e-17   1.332096e-04   5.525087e-19   1080
  4.209676e-01   1.119995e-17   1.498783e-04   5.308327e-19   840
  4.214632e-01   8.536599e-18   1.443163e-04   3.781056e-19   798
  4.220251e-01   1.490982e-17   1.145461e-04   7.826860e-19   792
  4.224609e-01   9.190708e-18   1.335978e-04   4.547204e-19   726
  4.229181e-01   7.179134e-18   1.497038e-04   2.474331e-19   864
  4.234189e-01   9.975959e-18   1.281430e-04   5.339747e-19   900
  4.239267e-01   7.632507e-18   1.424135e-04   3.044156e-19   726
  4.243623e-01   8.167424e-18   1.232527e-04   3.625082e-19   576
  4.249434e-01   9.468372e-18   1.282664e-04   4.725740e-19   840
  4.253523e-01   7.909456e-18   1.331485e-04   4.286534e-19   750
  4.258366e-01   7.098647e-18   1.335529e-04   3.242085e-19   720
  4.262936e-01   9.452225e-18   1.351090e-04   5.111467e-19   702
  4.268271e-01   8.167720e-18   1.475571e-04   3.839376e-19   696
  4.272662e-01   8.225306e-18   1.319621e-04   4.817764e-19   480
  4.277837e-01   7.968395e-18   1.250396e-04   3.984704e-19   830
  4.282419e-01   7.326627e-18   1.454616e-04   3.275107e-19   756
  4.287552e-01   7.355496e-18   1.396687e-04   3.687787e-19   624
  4.292083e-01   6.860921e-18   1.475796e-04   3.817727e-19   582
  4.297440e-01   8.380182e-18   1.132706e-04   4.829433e-19   576
  4.302073e-01   6.171882e-18   1.517064e-04   2.908630e-19   624
  4.306823e-01   6.972266e-18   1.238986e-04   3.434549e-19   702
  4.311525e-01   6.423556e-18   1.425165e-04   3.141815e-19   624
  4.317110e-01   7.045824e-18   1.378751e-04   3.341497e-19   672
  4.321659e-01   4.983922e-18   1.032125e-04   2.937883e-19   342
  4.326655e-01   6.611685e-18   1.290292e-04   3.844750e-19   660
  4.331249e-01   4.944725e-18   1.326364e-04   3.169176e-19   576
  4.335992e-01   5.548136e-18   1.289493e-04   3.310298e-19   600
  4.340787e-01   4.995746e-18   1.491476e-04   2.987544e-19   510
  4.346181e-01   6.046550e-18   1.397290e-04   3.035984e-19   600
  4.350341e-01   4.443986e-18   1.112888e-04   2.941760e-19   216
  4.355185e-01   4.893935e-18   1.354577e-04   2.261628e-19   758
  4.360833e-01   4.289683e-18   1.482975e-04   2.522286e-19   576
  4.365782e-01   5.355399e-18   1.259005e-04   2.660755e-19   528
  4.370248e-01   4.656170e-18   8.670054e-05   3.402659e-19   318
  4.375047e-01   5.660033e-18   1.497759e-04   2.828550e-19   540
  4.380721e-01   2.588505e-18   1.058893e-04   1.557611e-19   384
  4.384565e-01   4.755811e-18   1.463022e-04   2.632163e-19   576
  4.389570e-01   3.435921e-18   1.195560e-04   1.893771e-19   414
  4.394302e-01   4.860789e-18   1.335050e-04   2.752124e-19   504
  4.399357e-01   4.573105e-18   1.465573e-04   2.408119e-19   312
  4.404212e-01   4.327079e-18   1.327827e-04   2.985273e-19   414
  4.409029e-01   2.975297e-18   1.226699e-04   1.624516e-19   432
  4.413512e-01   3.590463e-18   1.624587e-04   2.005342e-19   504
  4.418701e-01   4.001318e-18   1.564660e-04   2.277353e-19   432
  4.423558e-01   3.546906e-18   1.281691e-04   1.933061e-19   354
  4.428506e-01   4.029761e-18   1.865017e-04   3.021752e-19   200
  4.432750e-01   2.902924e-18   1.323290e-04   1.708189e-19   480
  4.438485e-01   2.979202e-18   1.512148e-04   1.593185e-19   552
  4.443745e-01   3.009788e-18   9.419478e-05   2.087583e-19   366
  4.447799e-01   3.799510e-18   1.002751e-04   3.710668e-19   240
  4.452261e-01   3.736075e-18   1.401886e-04   2.036504e-19   288
  4.458541e-01   2.818595e-18   9.634579e-05   1.783556e-19   366
  4.462600e-01   2.238123e-18   1.562070e-04   1.248574e-19   408
  4.467132e-01   2.554973e-18   1.174273e-04   1.819036e-19   360
  4.471820e-01   2.779197e-18   1.094619e-04   1.647390e-19   324
  4.476367e-01   2.881499e-18   1.292780e-04   2.250242e-19   174
  4.481783e-01   2.586161e-18   1.485222e-04   1.855300e-19   264
  4.486867e-01   2.222079e-18   1.354596e-04   1.431810e-19   456
  4.491937e-01   2.283847e-18   1.362099e-04   1.433191e-19   360
  4.496105e-01   2.146138e-18   1.500483e-04   1.663132e-19   270
  4.501209e-01   2.759145e-18   1.641082e-04   2.115467e-19   240
  4.507604e-01   3.576422e-18   1.195905e-04   2.938601e-19   120
  4.510747e-01   1.139848e-18   1.248485e-04   6.989707e-20   320
  4.515822e-01   1.962540e-18   1.544785e-04   9.527835e-20   462
  4.521137e-01   2.008454e-18   8.987666e-05   1.205511e-19   276
  4.525754e-01   2.244845e-18   1.019637e-04   1.873830e-19   144
  4.530202e-01   2.962191e-18   1.070818e-04   2.964419e-19   120
  4.536115e-01   1.307865e-18   8.108908e-05   7.258498e-20   294
  4.540583e-01   1.647658e-18   1.438563e-04   1.023295e-19   384
  4.544753e-01   1.449791e-18   9.523196e-05   9.337468e-20   216
  4.548743e-01   2.348043e-18   8.843896e-05   1.921204e-19   168
  4.553251e-01   1.937391e-18   1.052282e-04   1.961788e-19   102
  4.559768e-01   1.464031e-18   1.596520e-04   1.258112e-19   168
  4.564337e-01   1.377075e-18   1.397340e-04   8.046309e-20   384
  4.569346e-01   1.600833e-18   1.419732e-04   1.338473e-19   300
  4.574008e-01   1.644927e-18   1.520225e-04   1.153170e-19   144
  4.579263e-01   1.844294e-18   1.556925e-04   1.855961e-19   102
  4.585568e-01   1.993936e-18   3.685588e-05   2.527309e-19   56
  4.588590e-01   8.779138e-19   1.199932e-04   5.589100e-20   288
  4.593328e-01   1.108052e-18   1.561557e-04   5.197653e-20   360
  4.598487e-01   1.118501e-18   8.376686e-05   8.499415e-20   126
  4.602834e-01   1.121639e-18   4.125612e-05   1.248413e-19   72
  4.607572e-01   1.860641e-18   2.185755e-05   2.142048e-19   48
  4.613754e-01   7.441699e-19   8.842417e-05   5.655737e-20   240
  4.617816e-01   1.086264e-18   1.311982e-04   6.314948e-20   306
  4.621975e-01   1.225147e-18   7.291699e-05   1.118721e-19   120
  4.626766e-01   1.609667e-18   1.794585e-04   1.793925e-19   96
  4.630248e-01   1.985189e-18   0.000000e+00   2.354116e-19   24
  4.638071e-01   6.303414e-19   1.554065e-04   6.785104e-20   120
  4.641905e-01   7.155049e-19   1.343981e-04   4.340937e-20   318
  4.646594e-01   1.084625e-18   1.436227e-04   6.835988e-20   168
  4.651731e-01   1.383521e-18   1.541232e-04   1.304323e-19   72
  4.657357e-01   9.578521e-19   0.000000e+00   1.259778e-19   24
  4.663408e-01   9.221721e-19   7.481195e-05   2.485009e-19   14
  4.666286e-01   5.142686e-19   1.179951e-04   2.879556e-20   288
  4.670757e-01   7.002176e-19   1.419546e-04   5.517376e-20   204
  4.675916e-01   1.227330e-18   2.153808e-05   1.587717e-19   48
  4.680007e-01   2.116013e-18   0.000000e+00   4.079424e-19   24
  4.684739e-01   1.010700e-18   0.000000e+00   2.062219e-19   6
  4.691541e-01   4.045229e-19   8.821950e-05   3.013929e-20   216
  4.695046e-01   6.444227e-19   1.174842e-04   4.642096e-20   192
  4.699334e-01   5.454665e-19   2.143075e-05   9.653086e-20   48
  4.703832e-01   1.401520e-18   1.712353e-04   1.821807e-19   30
  4.716555e-01   3.992724e-19   3.540978e-05   3.845664e-20   96
  4.719167e-01   3.955888e-19   1.160286e-04   2.408815e-20   228
  4.724128e-01   7.838789e-19   1.517284e-04   9.804907e-20   72
  4.730094e-01   8.279265e-19   0.000000e+00   2.959985e-19   6
  4.743680e-01   3.800923e-19   1.145631e-04   2.424901e-20   248
  4.748016e-01   4.526541e-19   1.311235e-04   5.299791e-20   72
  4.753245e-01   4.435989e-19   7.266090e-09   1.209820e-19   6
  4.769053e-01   2.447881e-19   8.141014e-05   1.785179e-20   180
  4.772205e-01   4.079346e-19   1.107713e-04   4.045628e-20   72
  4.776705e-01   2.589956e-19   0.000000e+00   8.593018e-20   6
  4.794278e-01   2.047365e-19   3.483570e-05   2.281815e-20   96
  4.796378e-01   2.446036e-19   9.563861e-05   2.301531e-20   96
  4.800471e-01   1.237011e-18   0.000000e+00   5.565993e-20   6
  4.820778e-01   1.632550e-19   9.153355e-05   1.238393e-20   140
  4.824537e-01   2.319168e-19   0.000000e+00   3.445025e-20   6
  4.846301e-01   1.489551e-19   6.146888e-05   1.796841e-20   96
  4.848898e-01   2.560465e-19   0.000000e+00   5.421567e-20   6
  4.871898e-01   1.097152e-19   3.697860e-05   1.340957e-20   60
  4.873552e-01   1.235140e-19   0.000000e+00   3.809605e-20   6
  4.897713e-01   4.789985e-20   3.748867e-05   7.555570e-21   38
  4.923442e-01   4.006946e-20   1.928513e-05   9.662562e-21   18
  4.949217e-01   8.972318e-21   7.266090e-09   2.452935e-21   6
