# power spectrum of zeta (dimensionless)
# redshift z=88.687977
# k              Pk             sigma(k)       sigma(Pk)      count
  4.487990e-03   3.173712e-21   0.000000e+00   1.291484e-21   6
  6.346976e-03   2.227070e-21   0.000000e+00   2.228261e-22   12
  7.773426e-03   9.046418e-21   8.514949e-11   3.000928e-21   8
  8.975979e-03   7.168408e-20   0.000000e+00   2.133563e-20   6
  1.003545e-02   1.287493e-20   1.605594e-10   2.745279e-21   24
  1.099328e-02   1.821609e-20   1.605594e-10   2.990206e-21   24
  1.269395e-02   3.190594e-20   0.000000e+00   4.114830e-21   12
  1.346397e-02   4.492199e-20   1.816523e-10   1.424436e-20   30
  1.419227e-02   2.410258e-20   0.000000e+00   4.912445e-21   24
  1.488498e-02   3.416613e-20   2.780971e-10   4.114552e-21   24
  1.554685e-02   6.011513e-20   1.702990e-10   1.430263e-20   8
  1.618168e-02   4.741484e-20   2.270653e-10   1.014723e-20   24
  1.679252e-02   5.414885e-20   0.000000e+00   5.616528e-21   48
  1.795196e-02   1.396703e-18   0.000000e+00   3.975552e-19   6
  1.850445e-02   4.881261e-20   2.270653e-10   6.331459e-21   48
  1.904093e-02   6.072008e-20   2.140792e-10   6.582347e-21   36
  1.956269e-02   7.955873e-20   2.270653e-10   1.590214e-20   24
  2.007090e-02   7.655469e-20   3.211188e-10   1.314298e-20   24
  2.056655e-02   8.638931e-20   0.000000e+00   8.081685e-21   48
  2.105054e-02   1.006287e-19   3.211188e-10   1.374044e-20   24
  2.198657e-02   8.440331e-20   3.211188e-10   1.828623e-20   24
  2.243995e-02   1.036577e-19   0.000000e+00   3.256314e-20   30
  2.288435e-02   1.065495e-19   0.000000e+00   1.118976e-20   72
  2.332028e-02   7.748678e-20   3.405980e-10   1.408781e-20   32
  2.416856e-02   8.660270e-20   0.000000e+00   9.412465e-21   72
  2.458173e-02   8.240251e-20   0.000000e+00   1.467158e-20   48
  2.538790e-02   1.017077e-19   0.000000e+00   1.992915e-20   12
  2.597539e-02   9.947435e-20   1.938570e-04   1.050471e-20   96
  2.655130e-02   1.313974e-19   3.211188e-10   1.704733e-20   48
  2.692794e-02   2.649632e-19   3.633045e-10   1.070249e-19   30
  2.757421e-02   1.160636e-19   1.586779e-04   1.154254e-20   96
  2.838454e-02   1.072817e-19   0.000000e+00   1.386685e-20   24
  2.885327e-02   1.244108e-19   1.642099e-04   8.932116e-21   144
  2.942972e-02   1.154708e-19   5.561942e-10   1.702041e-20   24
  3.002225e-02   9.286602e-20   1.456630e-04   9.354519e-21   96
  3.043903e-02   1.145069e-19   0.000000e+00   1.618490e-20   48
  3.137435e-02   2.483330e-19   1.080207e-04   7.691976e-20   62
  3.184971e-02   1.477839e-19   1.519035e-04   1.222020e-20   132
  3.236335e-02   9.218127e-20   4.541306e-10   1.854896e-20   24
  3.284837e-02   1.416995e-19   1.518246e-04   9.066742e-21   168
  3.373431e-02   1.324148e-19   1.492698e-04   1.267630e-20   96
  3.439955e-02   1.268007e-19   1.270423e-04   1.157418e-20   96
  3.521583e-02   1.178165e-19   1.416056e-04   1.028274e-20   168
  3.590392e-02   1.396335e-17   0.000000e+00   5.348524e-18   6
  3.618333e-02   1.408684e-19   0.000000e+00   1.305042e-20   96
  3.651563e-02   1.688576e-19   1.100713e-04   1.398280e-20   120
  3.718966e-02   1.841140e-19   1.278125e-04   1.693963e-20   144
  3.754921e-02   1.344260e-19   0.000000e+00   1.841167e-20   48
  3.823245e-02   1.149979e-19   1.304211e-04   1.030246e-20   84
  3.860715e-02   1.261154e-19   8.899106e-10   1.202192e-20   120
  3.894461e-02   1.510437e-19   1.183479e-04   1.691693e-20   80
  3.946692e-02   1.438727e-19   1.201620e-04   1.029585e-20   144
  4.014180e-02   1.403847e-19   6.422377e-10   1.864888e-20   24
  4.047145e-02   1.929765e-19   1.159510e-04   4.141935e-20   150
  4.098576e-02   1.744452e-19   1.203057e-04   1.471575e-20   120
  4.155056e-02   2.358262e-19   1.096333e-04   1.565105e-20   168
  4.210107e-02   1.618642e-19   6.422377e-10   3.503416e-20   24
  4.244743e-02   1.687904e-19   1.181082e-04   1.110480e-20   264
  4.281269e-02   2.689959e-19   6.422377e-10   2.816613e-20   48
  4.343532e-02   1.771453e-19   1.093985e-04   1.548020e-20   144
  4.412543e-02   1.511809e-19   1.076845e-04   1.762091e-20   72
  4.451927e-02   1.729716e-19   1.107671e-04   1.441092e-20   180
  4.506982e-02   3.465197e-19   8.025835e-05   9.230645e-20   198
  4.532647e-02   2.302688e-19   0.000000e+00   3.175281e-20   48
  4.589413e-02   2.794995e-19   1.086319e-04   2.204949e-20   168
  4.631540e-02   1.910473e-19   1.087222e-04   1.292855e-20   144
  4.695270e-02   2.124145e-19   1.527607e-04   1.371364e-20   248
  4.781330e-02   1.630797e-19   1.053161e-04   1.010694e-20   192
  4.839932e-02   1.961164e-19   1.626762e-04   1.318495e-20   240
  4.875204e-02   1.589440e-19   0.000000e+00   2.149262e-20   72
  4.929001e-02   2.886269e-19   9.927197e-05   7.468094e-20   126
  4.962939e-02   2.172158e-19   9.159181e-05   1.862475e-20   168
  5.027740e-02   2.317727e-19   1.001546e-04   1.484216e-20   288
  5.095853e-02   1.963638e-19   5.274950e-05   1.754345e-20   156
  5.131126e-02   1.891614e-19   8.873998e-05   1.836683e-20   168
  5.184617e-02   1.764890e-19   1.521290e-04   1.096499e-20   264
  5.233850e-02   1.732293e-19   0.000000e+00   2.924418e-20   48
  5.270435e-02   2.051255e-19   1.514052e-04   1.281221e-20   264
  5.322882e-02   1.706690e-19   8.924381e-05   1.400991e-20   144
  5.362492e-02   3.114956e-18   1.825884e-04   1.601001e-18   78
  5.420192e-02   2.273492e-19   1.186900e-04   1.585580e-20   336
  5.474604e-02   2.272203e-19   9.030373e-05   1.747924e-20   200
  5.510338e-02   1.760339e-19   1.768159e-04   1.196303e-20   192
  5.558581e-02   2.204149e-19   8.873069e-05   1.383702e-20   240
  5.602902e-02   2.253889e-19   1.778215e-04   1.966332e-20   168
  5.648434e-02   2.388228e-19   1.423690e-04   2.119283e-20   120
  5.703118e-02   1.897134e-19   1.112738e-04   9.932543e-21   324
  5.756179e-02   2.098461e-19   8.748012e-05   1.826031e-20   192
  5.792293e-02   1.831045e-19   1.568908e-04   1.401394e-20   168
  5.853721e-02   3.482203e-19   1.292197e-04   5.267967e-20   342
  5.909109e-02   3.242890e-19   1.040479e-04   2.060034e-20   336
  5.965251e-02   3.097219e-19   7.962394e-05   3.082446e-20   72
  6.003109e-02   2.404777e-19   1.273478e-04   1.617082e-20   288
  6.047058e-02   1.957978e-19   8.293768e-05   1.409345e-20   264
  6.108439e-02   1.931556e-19   1.090835e-04   9.844347e-21   384
  6.163419e-02   2.211547e-19   1.309286e-04   1.575691e-20   240
  6.186267e-02   1.292813e-19   0.000000e+00   1.484674e-20   48
  6.252352e-02   2.016032e-19   1.071736e-04   1.002957e-20   392
  6.302771e-02   6.064358e-19   1.176177e-04   1.725041e-19   294
  6.356985e-02   3.792064e-19   7.644534e-05   3.750250e-20   228
  6.392640e-02   2.082411e-19   1.160935e-04   1.409551e-20   216
  6.437004e-02   2.703623e-19   7.071608e-05   2.299527e-20   336
  6.491309e-02   2.101501e-19   8.402231e-05   1.212887e-20   360
  6.536140e-02   2.661752e-19   1.280140e-04   2.028672e-20   240
  6.582853e-02   2.354096e-19   1.514699e-04   1.765881e-20   168
  6.626426e-02   1.943072e-19   1.192252e-04   1.056272e-20   312
  6.678338e-02   1.813398e-19   7.461529e-05   1.090787e-20   336
  6.734419e-02   3.588233e-19   1.017891e-04   9.461323e-20   294
  6.776702e-02   3.377308e-19   1.356641e-04   3.265151e-20   288
  6.809058e-02   3.226013e-19   8.488954e-05   3.679206e-20   264
  6.866755e-02   2.714094e-19   1.458184e-04   1.250928e-20   480
  6.914996e-02   1.845658e-19   7.133389e-05   1.462855e-20   240
  6.974139e-02   2.330781e-19   7.213111e-05   1.670061e-20   276
  7.020800e-02   2.198961e-19   1.583420e-04   1.297053e-20   488
  7.076234e-02   1.679238e-19   6.973720e-05   1.032534e-20   240
  7.108411e-02   2.472022e-19   1.354117e-04   1.418446e-20   360
  7.153530e-02   2.843190e-18   4.817743e-05   1.385096e-18   198
  7.211554e-02   2.789118e-19   1.627935e-04   1.830470e-20   480
  7.254038e-02   3.046055e-19   6.008787e-05   2.785398e-20   288
  7.312796e-02   2.729767e-19   1.270121e-04   1.672115e-20   480
  7.365633e-02   2.105085e-19   7.825550e-05   1.196264e-20   480
  7.419894e-02   2.566081e-19   1.012105e-04   2.167512e-20   288
  7.453749e-02   2.097055e-19   1.079729e-04   1.258445e-20   288
  7.506996e-02   2.301080e-19   1.877112e-04   1.118668e-20   456
  7.560610e-02   2.353359e-19   1.767802e-04   1.298339e-20   360
  7.595177e-02   1.784891e-19   1.059672e-04   1.210606e-20   180
  7.645202e-02   3.657575e-19   1.154112e-04   6.730292e-20   486
  7.695907e-02   3.623069e-19   1.535340e-04   2.676850e-20   504
  7.747462e-02   3.098709e-19   1.192882e-04   2.157171e-20   456
  7.790209e-02   2.381544e-19   9.910745e-05   1.662562e-20   296
  7.846686e-02   2.478995e-19   9.779604e-05   1.284757e-20   528
  7.889160e-02   2.322372e-19   9.649931e-05   1.768601e-20   336
  7.951717e-02   1.999974e-19   1.070358e-04   9.453364e-21   600
  7.997507e-02   2.212903e-19   6.270729e-05   1.324658e-20   264
  8.043396e-02   2.354305e-19   6.781049e-05   1.209121e-20   360
  8.090234e-02   5.973387e-19   1.357633e-04   1.642869e-19   630
  8.141847e-02   3.804350e-19   7.007974e-05   3.327869e-20   432
  8.187631e-02   3.296692e-19   1.350259e-04   2.923243e-20   408
  8.243827e-02   2.095386e-19   8.962194e-05   1.383261e-20   324
  8.285635e-02   2.460916e-19   1.277222e-04   1.177784e-20   744
  8.336064e-02   1.715126e-19   1.021054e-04   9.380716e-21   336
  8.384245e-02   2.094899e-19   1.403689e-04   9.683955e-21   528
  8.437080e-02   1.998136e-19   7.162045e-05   9.687188e-21   408
  8.472109e-02   1.905106e-19   1.218981e-04   8.614597e-21   408
  8.529988e-02   4.222956e-19   1.006308e-04   1.046289e-19   470
  8.572148e-02   4.831460e-19   1.208902e-04   3.841905e-20   528
  8.631019e-02   2.752628e-19   1.007343e-04   1.775909e-20   624
  8.674381e-02   2.554189e-19   7.664930e-05   1.282122e-20   504
  8.719116e-02   2.749028e-19   1.067668e-04   1.718226e-20   552
  8.763489e-02   2.203523e-19   5.190111e-05   1.450574e-20   336
  8.819051e-02   2.720931e-19   1.104770e-04   1.355360e-20   528
  8.862093e-02   2.025491e-19   1.257802e-04   9.341131e-21   564
  8.912507e-02   2.025142e-19   1.157674e-04   1.116917e-20   528
  8.967166e-02   1.848177e-18   1.797324e-04   8.713252e-19   582
  9.016871e-02   3.920045e-19   1.383668e-04   2.941375e-20   624
  9.060342e-02   2.613873e-19   1.581799e-04   1.591759e-20   432
  9.112208e-02   3.082697e-19   1.759475e-04   1.908605e-20   816
  9.165576e-02   3.728903e-19   8.018898e-05   3.420395e-20   312
  9.200488e-02   2.119904e-19   1.299641e-04   1.005691e-20   552
  9.256787e-02   2.547127e-19   8.185444e-05   1.180822e-20   744
  9.297574e-02   2.050231e-19   7.646869e-05   1.066895e-20   408
  9.350218e-02   2.134398e-19   1.095830e-04   8.460451e-21   632
  9.404906e-02   3.287478e-19   1.860997e-04   6.701710e-20   750
  9.449396e-02   5.403184e-19   1.280227e-04   6.584176e-20   312
  9.498974e-02   3.367769e-19   1.890077e-04   2.376787e-20   876
  9.548011e-02   3.636193e-19   1.234108e-04   2.621129e-20   552
  9.603265e-02   2.419226e-19   1.020603e-04   1.321828e-20   696
  9.640905e-02   2.437997e-19   1.126552e-04   1.360727e-20   576
  9.692128e-02   2.849871e-19   1.192748e-04   1.486117e-20   576
  9.735848e-02   2.161232e-19   1.598285e-04   9.523046e-21   648
  9.788685e-02   2.214947e-19   1.599783e-04   9.503867e-21   672
  9.847019e-02   2.104002e-19   6.785687e-05   1.017827e-20   480
  9.884355e-02   7.923728e-19   1.050846e-04   2.315469e-19   726
  9.932431e-02   4.268963e-19   1.190745e-04   3.462776e-20   792
  9.984502e-02   3.893956e-19   1.651878e-04   3.121477e-20   768
  1.003938e-01   3.064691e-19   1.350017e-04   2.057784e-20   672
  1.008970e-01   2.191751e-19   9.055629e-05   1.107370e-20   608
  1.012613e-01   2.446324e-19   8.693679e-05   1.133011e-20   624
  1.017809e-01   2.242020e-19   1.129736e-04   9.831260e-21   684
  1.022864e-01   2.181364e-19   1.668752e-04   9.285286e-21   768
  1.027568e-01   2.100493e-19   1.334155e-04   8.020847e-21   744
  1.033173e-01   4.832398e-19   8.400635e-05   1.141099e-19   750
  1.037259e-01   5.161926e-19   1.248642e-04   5.164767e-20   600
  1.041677e-01   3.659259e-19   1.325833e-04   2.866038e-20   600
  1.047135e-01   2.862256e-19   1.527941e-04   1.396557e-20   1008
  1.051470e-01   2.823324e-19   8.474486e-05   1.961575e-20   696
  1.056273e-01   2.853710e-19   1.119517e-04   1.621327e-20   624
  1.061102e-01   2.255076e-19   1.742111e-04   9.905070e-21   840
  1.066588e-01   2.114659e-19   1.185366e-04   9.227317e-21   816
  1.071038e-01   2.078212e-19   7.873478e-05   9.059561e-21   744
  1.075531e-01   3.240231e-18   1.391901e-04   1.610869e-18   510
  1.080960e-01   4.478096e-19   1.336339e-04   3.297962e-20   1020
  1.086012e-01   3.029541e-19   1.078294e-04   1.902024e-20   912
  1.090992e-01   3.654695e-19   1.597552e-04   3.403526e-20   752
  1.095110e-01   2.415303e-19   1.325595e-04   1.293261e-20   888
  1.100730e-01   2.859450e-19   8.554013e-05   1.493256e-20   768
  1.105327e-01   2.337272e-19   1.554339e-04   1.253145e-20   720
  1.110617e-01   2.175903e-19   1.370195e-04   7.105225e-21   1056
  1.115309e-01   2.508553e-19   9.479589e-05   1.435423e-20   504
  1.119154e-01   3.752608e-19   1.480257e-04   1.217077e-19   774
  1.124652e-01   4.666155e-19   1.423615e-04   3.638948e-20   1272
  1.129816e-01   3.858624e-19   9.326921e-05   3.079437e-20   744
  1.134632e-01   3.000894e-19   1.523027e-04   1.923543e-20   768
  1.139050e-01   3.301263e-19   1.288282e-04   2.030859e-20   840
  1.144011e-01   2.616727e-19   8.734207e-05   1.336635e-20   924
  1.148789e-01   2.179534e-19   1.539839e-04   9.113729e-21   936
  1.153484e-01   2.153804e-19   1.070130e-04   8.118569e-21   840
  1.158214e-01   1.980965e-19   1.272259e-04   7.103835e-21   1008
  1.164225e-01   2.194079e-19   1.436262e-04   8.517598e-21   696
  1.167996e-01   9.437077e-19   1.276589e-04   2.572921e-19   974
  1.173599e-01   5.016824e-19   1.695459e-04   4.501674e-20   1152
  1.178471e-01   2.207109e-19   6.634378e-05   1.188221e-20   816
  1.182260e-01   3.713226e-19   1.459488e-04   2.443170e-20   816
  1.187357e-01   2.599178e-19   1.288794e-04   1.057957e-20   1152
  1.192732e-01   2.332389e-19   1.160356e-04   1.112164e-20   912
  1.197621e-01   2.391083e-19   1.409833e-04   9.715397e-21   1056
  1.201806e-01   1.890949e-19   1.205660e-04   7.963977e-21   624
  1.207435e-01   2.064018e-19   1.506027e-04   8.053341e-21   1260
  1.212292e-01   5.451420e-19   9.083716e-05   1.263308e-19   894
  1.217037e-01   4.653493e-19   1.556364e-04   3.938847e-20   1176
  1.221783e-01   3.906403e-19   1.288208e-04   2.689359e-20   840
  1.227186e-01   3.071476e-19   1.464236e-04   1.733078e-20   1440
  1.232859e-01   2.757498e-19   8.232021e-05   1.584405e-20   864
  1.237160e-01   2.463872e-19   1.412655e-04   1.117758e-20   1056
  1.241441e-01   2.551839e-19   8.328830e-05   1.496820e-20   624
  1.246641e-01   2.013630e-19   1.542356e-04   5.792400e-21   1496
  1.251612e-01   2.012821e-19   1.088958e-04   7.219287e-21   936
  1.256039e-01   2.479823e-18   1.576468e-04   1.140656e-18   966
  1.260801e-01   4.865991e-19   1.117465e-04   4.219729e-20   936
  1.265804e-01   3.746086e-19   1.382244e-04   2.683776e-20   1248
  1.270926e-01   3.435663e-19   9.744205e-05   2.487422e-20   1044
  1.275698e-01   2.494266e-19   1.509409e-04   1.255905e-20   1392
  1.279478e-01   2.904293e-19   1.162549e-04   1.764226e-20   600
  1.284885e-01   2.155451e-19   1.320778e-04   7.193589e-21   1416
  1.289955e-01   2.321518e-19   1.421656e-04   9.229779e-21   1152
  1.295092e-01   1.927784e-19   1.363856e-04   7.056623e-21   936
  1.299230e-01   3.862692e-19   1.462802e-04   1.295336e-19   870
  1.304147e-01   5.088252e-19   1.226502e-04   4.593985e-20   1368
  1.309604e-01   3.752965e-19   1.612530e-04   2.520932e-20   1632
  1.314267e-01   3.273500e-19   7.000699e-05   2.091760e-20   816
  1.319315e-01   2.838329e-19   1.597143e-04   1.652704e-20   1200
  1.323720e-01   2.681420e-19   1.527057e-04   1.230509e-20   1184
  1.328194e-01   2.294262e-19   1.158936e-04   9.649326e-21   984
  1.333683e-01   2.153558e-19   1.414942e-04   7.415338e-21   1572
  1.338659e-01   1.981401e-19   7.792333e-05   8.622516e-21   840
  1.343297e-01   2.141240e-19   1.812138e-04   7.053049e-21   1392
  1.348193e-01   1.196361e-18   1.330470e-04   2.770642e-19   1158
  1.352564e-01   4.092262e-19   1.211496e-04   4.233383e-20   1272
  1.357826e-01   3.630618e-19   1.234623e-04   2.344366e-20   1320
  1.362769e-01   2.555957e-19   1.208065e-04   1.401514e-20   1104
  1.367472e-01   2.472068e-19   1.367360e-04   1.160945e-20   1392
  1.372408e-01   2.545844e-19   1.478938e-04   1.154429e-20   1296
  1.377492e-01   2.176839e-19   1.544255e-04   8.932155e-21   1392
  1.382262e-01   2.018725e-19   1.132835e-04   7.600431e-21   1104
  1.386675e-01   2.052345e-19   1.426913e-04   7.230742e-21   1320
  1.392961e-01   6.042885e-19   1.089713e-04   1.035776e-19   1422
  1.396977e-01   5.892240e-19   1.357176e-04   4.920720e-20   1212
  1.401589e-01   3.237815e-19   1.483027e-04   2.181472e-20   1280
  1.406327e-01   3.103286e-19   1.544235e-04   2.305076e-20   1272
  1.410869e-01   2.780741e-19   1.336382e-04   1.265596e-20   1680
  1.416252e-01   2.602706e-19   1.262633e-04   1.339788e-20   1152
  1.421207e-01   2.163105e-19   1.462174e-04   7.386038e-21   1512
  1.426417e-01   1.945644e-19   6.173239e-05   8.318460e-21   912
  1.430535e-01   1.983398e-19   1.556147e-04   7.697232e-21   1680
  1.436012e-01   2.016232e-18   1.378563e-04   9.028999e-19   1518
  1.440071e-01   5.355596e-19   1.276288e-04   4.792297e-20   1056
  1.444347e-01   3.943006e-19   1.288698e-04   3.248509e-20   1344
  1.449875e-01   2.997667e-19   1.383780e-04   1.955910e-20   1680
  1.454876e-01   2.878756e-19   1.363571e-04   1.581802e-20   1656
  1.460341e-01   2.753935e-19   1.159057e-04   1.396153e-20   1140
  1.464444e-01   2.149334e-19   1.342100e-04   8.615099e-21   1368
  1.469271e-01   2.019704e-19   1.526647e-04   6.679911e-21   1656
  1.474179e-01   2.111580e-19   1.563614e-04   9.351872e-21   1448
  1.479520e-01   3.891377e-19   1.468912e-04   1.023823e-19   1422
  1.484453e-01   5.688263e-19   1.621619e-04   5.707798e-20   1512
  1.488673e-01   4.586367e-19   1.236275e-04   4.473153e-20   1296
  1.493554e-01   3.293187e-19   1.128801e-04   1.769023e-20   1824
  1.498832e-01   3.275470e-19   1.463660e-04   1.864802e-20   1464
  1.504163e-01   2.245302e-19   1.306107e-04   9.116519e-21   1824
  1.509111e-01   2.161130e-19   1.038421e-04   9.031331e-21   1416
  1.513416e-01   1.960578e-19   1.521007e-04   7.069666e-21   1392
  1.518062e-01   2.097532e-19   1.403562e-04   7.716091e-21   1464
  1.523732e-01   1.928934e-19   1.372200e-04   5.858942e-21   1524
  1.528113e-01   1.088105e-18   1.264504e-04   2.353787e-19   1686
  1.533176e-01   4.248913e-19   1.505644e-04   3.965707e-20   1800
  1.537528e-01   3.852448e-19   1.195338e-04   2.679381e-20   1344
  1.542356e-01   2.844723e-19   1.394596e-04   1.532548e-20   1656
  1.547196e-01   2.283005e-19   1.113514e-04   1.102235e-20   1488
  1.551402e-01   2.430723e-19   1.111701e-04   1.154016e-20   1536
  1.557262e-01   2.028156e-19   1.234973e-04   9.477021e-21   1760
  1.561802e-01   2.062726e-19   1.373667e-04   7.574665e-21   1824
  1.567053e-01   1.927852e-19   1.152763e-04   8.361338e-21   1560
  1.572105e-01   7.427229e-19   1.324056e-04   1.022954e-19   1926
  1.576857e-01   4.167748e-19   9.415777e-05   3.579082e-20   1272
  1.581194e-01   4.147201e-19   1.582320e-04   2.752421e-20   1848
  1.586895e-01   2.554725e-19   1.278379e-04   1.271576e-20   1908
  1.591231e-01   2.804188e-19   1.246890e-04   1.624585e-20   1488
  1.595806e-01   2.257603e-19   1.406224e-04   1.081631e-20   1800
  1.600766e-01   2.001640e-19   1.407610e-04   6.664887e-21   1752
  1.605517e-01   2.332250e-19   1.496769e-04   1.446151e-20   1368
  1.610272e-01   1.853762e-19   1.406675e-04   6.465851e-21   2016
  1.615501e-01   2.232331e-18   1.485794e-04   1.008952e-18   1542
  1.620327e-01   4.929573e-19   1.454994e-04   3.589625e-20   2184
  1.625669e-01   3.859327e-19   1.330990e-04   3.269184e-20   1776
  1.630283e-01   3.168974e-19   1.521522e-04   2.050959e-20   1568
  1.634682e-01   2.595471e-19   1.390081e-04   1.246210e-20   2040
  1.639468e-01   2.465333e-19   1.486121e-04   1.112650e-20   1704
  1.644478e-01   2.117228e-19   1.489728e-04   8.872192e-21   1512
  1.649202e-01   2.010587e-19   1.270742e-04   8.600277e-21   2028
  1.654509e-01   1.871095e-19   1.532841e-04   5.896063e-21   1968
  1.659362e-01   3.759386e-19   1.554838e-04   8.977590e-20   1854
  1.664110e-01   6.657330e-19   1.482240e-04   6.562576e-20   1632
  1.668977e-01   3.701128e-19   1.523128e-04   2.431894e-20   2424
  1.674021e-01   3.495623e-19   1.524713e-04   2.376447e-20   1560
  1.678285e-01   2.980330e-19   1.440852e-04   1.784457e-20   1728
  1.683437e-01   2.452242e-19   1.538043e-04   1.017980e-20   2088
  1.688623e-01   1.992834e-19   1.464052e-04   7.237178e-21   1968
  1.693394e-01   1.904668e-19   1.449552e-04   6.774488e-21   2256
  1.698178e-01   1.744854e-19   1.288813e-04   6.166191e-21   1728
  1.703172e-01   1.931722e-19   1.270494e-04   8.118726e-21   1416
  1.707596e-01   9.829472e-19   1.339356e-04   1.913861e-19   2246
  1.712606e-01   4.586083e-19   1.483321e-04   4.309498e-20   2148
  1.717398e-01   3.228254e-19   1.252967e-04   2.317153e-20   1680
  1.721909e-01   3.018655e-19   1.584012e-04   1.576908e-20   2280
  1.727331e-01   2.639360e-19   1.475065e-04   1.253066e-20   2352
  1.732395e-01   1.959730e-19   1.239422e-04   1.155207e-20   1632
  1.736402e-01   2.189914e-19   1.418228e-04   9.257396e-21   1968
  1.741900e-01   1.908983e-19   1.455103e-04   7.314042e-21   2112
  1.746998e-01   1.793395e-19   1.093039e-04   4.756533e-21   2208
  1.751952e-01   7.919934e-19   1.102112e-04   1.058087e-19   1974
  1.755862e-01   4.595866e-19   1.078165e-04   3.327863e-20   1944
  1.761144e-01   3.828310e-19   1.219820e-04   2.870713e-20   2160
  1.765722e-01   3.103772e-19   1.140807e-04   1.762651e-20   2040
  1.770670e-01   2.548127e-19   1.596015e-04   1.256638e-20   2352
  1.775745e-01   1.961271e-19   1.325904e-04   8.384162e-21   1836
  1.780376e-01   2.208876e-19   1.414413e-04   1.201476e-20   2352
  1.785577e-01   2.057374e-19   1.483527e-04   8.512766e-21   2008
  1.790344e-01   1.755533e-19   1.459431e-04   5.242815e-21   2464
  1.795659e-01   1.816181e-18   1.177095e-04   7.789749e-19   2118
  1.800019e-01   5.610177e-19   1.183276e-04   4.852454e-20   1848
  1.804507e-01   4.115134e-19   1.565861e-04   3.278592e-20   2280
  1.809928e-01   3.148038e-19   1.489508e-04   1.784015e-20   2472
  1.814993e-01   2.725320e-19   9.953927e-05   1.559838e-20   2280
  1.819245e-01   2.261016e-19   1.216700e-04   1.078097e-20   1992
  1.823831e-01   2.228466e-19   1.279126e-04   9.860933e-21   2184
  1.829118e-01   1.996411e-19   1.543068e-04   7.726873e-21   2352
  1.834214e-01   1.726281e-19   1.626118e-04   5.333774e-21   2496
  1.839203e-01   4.803156e-19   1.518813e-04   1.055624e-19   1770
  1.843678e-01   6.066114e-19   1.310496e-04   4.981736e-20   2568
  1.849057e-01   3.429059e-19   1.607377e-04   2.160766e-20   2712
  1.853947e-01   3.249065e-19   1.276489e-04   2.008284e-20   2448
  1.858830e-01   2.241395e-19   1.076015e-04   1.029378e-20   2064
  1.862881e-01   2.499020e-19   1.135758e-04   1.221387e-20   1944
  1.868133e-01   2.179941e-19   1.403079e-04   1.008282e-20   2480
  1.873491e-01   1.877699e-19   1.524155e-04   6.084611e-21   2880
  1.878237e-01   1.785670e-19   1.462067e-04   5.882533e-21   2304
  1.883193e-01   6.738006e-19   1.343278e-04   2.377667e-19   1806
  1.887589e-01   6.723036e-19   1.317346e-04   6.354198e-20   2856
  1.893097e-01   4.574702e-19   1.263374e-04   3.744507e-20   2568
  1.897288e-01   3.241558e-19   1.267515e-04   1.980091e-20   2112
  1.901850e-01   3.066512e-19   1.220840e-04   1.791112e-20   2028
  1.906744e-01   2.526240e-19   1.445115e-04   1.227900e-20   2712
  1.911714e-01   2.052824e-19   1.556884e-04   8.921035e-21   2952
  1.917055e-01   1.754589e-19   1.202957e-04   7.292719e-21   2112
  1.921372e-01   1.859051e-19   1.409804e-04   7.158375e-21   2520
  1.926559e-01   1.767703e-19   1.359784e-04   6.656123e-21   2376
  1.931282e-01   7.831191e-19   1.090048e-04   9.231816e-20   2526
  1.936186e-01   4.300833e-19   1.356536e-04   3.118868e-20   2664
  1.941040e-01   4.100046e-19   1.617960e-04   2.804519e-20   2408
  1.945694e-01   2.957252e-19   1.296049e-04   1.880861e-20   2568
  1.950440e-01   2.297518e-19   1.221942e-04   1.095391e-20   2904
  1.955589e-01   2.620495e-19   1.371053e-04   1.415294e-20   2544
  1.960480e-01   1.694346e-19   1.009875e-04   6.468273e-21   2160
  1.965096e-01   1.994245e-19   1.745958e-04   7.726092e-21   2652
  1.970194e-01   1.717655e-19   1.382439e-04   5.927283e-21   2784
  1.975101e-01   1.636911e-18   1.365199e-04   5.899602e-19   2694
  1.980185e-01   3.931846e-19   1.226932e-04   3.243089e-20   2952
  1.984602e-01   3.532096e-19   1.162128e-04   3.466689e-20   2208
  1.989102e-01   4.060592e-19   1.238599e-04   2.719367e-20   2304
  1.994125e-01   2.568772e-19   1.610662e-04   1.165858e-20   3504
  1.999983e-01   2.461542e-19   1.304210e-04   1.231903e-20   2616
  2.004552e-01   1.767243e-19   1.274108e-04   7.117888e-21   2664
  2.008953e-01   1.961842e-19   1.183758e-04   8.605901e-21   2448
  2.013388e-01   1.782231e-19   1.648584e-04   5.934854e-21   2472
  2.018606e-01   3.779373e-19   1.310718e-04   6.028906e-20   3134
  2.023516e-01   6.588163e-19   1.433541e-04   6.138037e-20   2616
  2.028419e-01   4.134386e-19   1.161223e-04   2.741335e-20   2712
  2.033463e-01   3.173880e-19   1.331755e-04   1.890634e-20   3204
  2.038284e-01   2.815726e-19   1.533782e-04   1.380401e-20   2760
  2.042862e-01   2.098789e-19   1.338200e-04   9.201337e-21   2688
  2.047911e-01   2.060113e-19   1.265264e-04   9.733579e-21   2760
  2.052376e-01   1.824328e-19   1.044749e-04   7.644203e-21   2568
  2.057517e-01   1.718088e-19   1.622443e-04   5.102174e-21   3336
  2.062452e-01   5.657053e-19   1.373220e-04   1.763713e-19   2334
  2.067435e-01   7.988655e-19   1.519616e-04   7.105929e-20   3264
  2.072092e-01   4.037638e-19   1.104877e-04   2.626928e-20   2760
  2.076868e-01   3.028257e-19   1.334378e-04   1.877207e-20   3192
  2.081730e-01   2.909819e-19   1.385370e-04   1.616436e-20   2904
  2.086902e-01   2.497754e-19   1.390027e-04   1.426618e-20   2784
  2.091231e-01   2.211177e-19   1.144018e-04   1.065624e-20   2592
  2.096156e-01   1.808540e-19   1.559460e-04   7.314130e-21   3284
  2.101389e-01   1.674984e-19   1.566406e-04   6.490311e-21   3168
  2.106071e-01   1.848362e-19   1.292397e-04   7.164994e-21   2616
  2.110994e-01   7.590179e-19   1.248775e-04   7.771497e-20   3222
  2.115781e-01   4.635289e-19   1.401164e-04   3.154590e-20   3240
  2.120418e-01   3.740815e-19   1.417503e-04   2.709510e-20   2568
  2.125690e-01   3.071180e-19   1.300629e-04   2.037247e-20   3120
  2.130097e-01   2.052011e-19   1.429850e-04   9.589856e-21   3168
  2.134838e-01   2.427858e-19   1.251725e-04   1.470739e-20   3240
  2.140024e-01   2.042215e-19   1.284239e-04   8.814663e-21   3144
  2.145062e-01   1.782359e-19   1.224103e-04   7.306518e-21   2856
  2.149823e-01   1.649864e-19   1.307392e-04   5.951501e-21   3264
  2.155212e-01   1.258520e-18   1.444609e-04   4.119125e-19   3318
  2.159452e-01   5.185748e-19   1.011723e-04   4.459331e-20   2556
  2.164506e-01   3.728900e-19   1.728209e-04   2.602111e-20   4008
  2.169623e-01   3.677649e-19   1.275720e-04   2.376676e-20   2904
  2.174000e-01   2.038132e-19   1.304469e-04   1.078563e-20   3144
  2.178983e-01   2.629719e-19   1.359922e-04   1.245666e-20   3200
  2.184140e-01   1.890828e-19   1.341212e-04   8.043345e-21   3312
  2.188763e-01   1.595342e-19   1.080957e-04   5.864318e-21   2832
  2.193924e-01   1.727045e-19   1.555565e-04   6.146956e-21   3984
  2.198717e-01   4.411968e-19   1.264601e-04   6.893376e-20   2238
  2.203092e-01   6.015867e-19   1.488218e-04   4.968313e-20   3984
  2.208520e-01   3.799215e-19   1.414250e-04   2.493290e-20   3384
  2.213029e-01   3.355778e-19   1.321942e-04   2.314013e-20   3048
  2.217737e-01   2.612442e-19   1.213801e-04   1.383740e-20   3096
  2.222656e-01   2.209097e-19   1.375807e-04   1.094707e-20   3708
  2.227545e-01   2.119523e-19   1.304078e-04   9.601343e-21   2784
  2.232087e-01   1.696971e-19   1.354535e-04   5.833504e-21   3648
  2.237247e-01   1.700838e-19   1.394108e-04   5.720421e-21   3888
  2.242738e-01   5.383126e-19   1.488252e-04   1.198862e-19   2958
  2.246837e-01   8.336634e-19   1.270361e-04   7.750963e-20   3264
  2.251777e-01   4.023475e-19   1.402443e-04   2.618645e-20   3160
  2.256445e-01   3.270785e-19   1.271016e-04   2.123664e-20   3736
  2.260868e-01   3.054541e-19   1.158193e-04   1.971994e-20   3216
  2.266085e-01   2.490075e-19   1.419303e-04   1.257103e-20   4032
  2.271526e-01   1.981492e-19   1.295798e-04   9.668503e-21   3528
  2.276165e-01   1.633892e-19   1.143819e-04   5.449382e-21   3192
  2.280803e-01   1.802355e-19   1.252686e-04   8.007380e-21   3456
  2.285834e-01   1.581351e-19   1.298903e-04   6.058492e-21   3060
  2.290876e-01   6.622106e-19   1.544545e-04   6.035568e-20   4518
  2.295790e-01   5.335550e-19   1.375990e-04   3.572634e-20   3528
  2.300307e-01   3.748421e-19   1.155591e-04   2.737198e-20   3024
  2.305122e-01   2.860115e-19   1.564624e-04   1.630048e-20   3672
  2.310028e-01   2.531927e-19   1.342922e-04   1.526818e-20   3864
  2.315474e-01   1.989908e-19   1.423480e-04   9.117129e-21   3816
  2.319928e-01   1.684339e-19   1.295052e-04   6.824361e-21   3456
  2.324198e-01   1.826740e-19   1.172315e-04   8.583105e-21   2688
  2.329230e-01   1.392104e-19   1.390930e-04   4.242539e-21   4248
  2.334218e-01   9.919507e-19   1.332244e-04   2.625479e-19   3926
  2.339228e-01   5.916686e-19   1.406621e-04   4.647421e-20   3504
  2.344067e-01   3.807852e-19   1.257540e-04   2.428456e-20   3960
  2.349411e-01   3.355377e-19   1.415697e-04   2.203373e-20   3684
  2.353994e-01   2.221591e-19   1.415603e-04   1.142398e-20   4104
  2.358576e-01   2.196270e-19   1.342621e-04   1.123646e-20   3144
  2.363498e-01   2.070747e-19   1.470632e-04   8.599805e-21   4224
  2.368909e-01   1.624404e-19   1.305314e-04   6.710226e-21   4008
  2.373532e-01   1.686003e-19   1.436052e-04   5.886248e-21   3312
  2.378293e-01   4.354020e-19   1.428317e-04   4.518133e-20   3726
  2.383356e-01   6.503037e-19   1.467057e-04   5.868046e-20   3936
  2.387852e-01   4.221252e-19   1.512247e-04   2.757390e-20   3888
  2.392518e-01   2.842565e-19   1.429975e-04   2.043541e-20   3864
  2.397372e-01   2.654284e-19   1.520184e-04   1.368559e-20   3888
  2.402373e-01   2.146414e-19   1.433767e-04   1.225102e-20   4080
  2.407309e-01   2.218942e-19   1.521663e-04   1.009004e-20   3400
  2.412345e-01   1.641143e-19   1.395519e-04   6.007994e-21   4588
  2.417438e-01   1.416203e-19   1.381276e-04   4.688966e-21   3816
  2.421888e-01   4.546756e-19   1.308874e-04   8.724594e-20   3534
  2.426599e-01   8.645006e-19   1.292818e-04   7.545785e-20   4080
  2.431528e-01   3.907134e-19   1.351361e-04   2.536398e-20   4248
  2.436477e-01   4.170711e-19   1.361762e-04   2.730052e-20   3528
  2.441045e-01   2.200256e-19   1.392215e-04   1.222199e-20   4248
  2.445661e-01   2.693283e-19   1.361726e-04   1.510997e-20   3696
  2.450802e-01   1.883052e-19   1.412982e-04   8.059962e-21   4560
  2.455678e-01   1.725730e-19   1.323495e-04   8.013172e-21   3864
  2.460685e-01   1.604125e-19   1.441083e-04   6.169999e-21   4440
  2.465431e-01   1.876256e-19   1.344565e-04   8.416828e-21   3432
  2.470417e-01   8.111748e-19   1.318374e-04   6.870983e-20   4470
  2.475323e-01   4.423271e-19   1.171596e-04   3.069207e-20   4188
  2.480144e-01   3.521945e-19   1.500979e-04   2.463854e-20   4392
  2.484933e-01   2.760829e-19   1.161150e-04   1.691295e-20   3960
  2.489913e-01   2.461384e-19   1.311762e-04   1.689253e-20   4328
  2.494737e-01   2.023890e-19   1.365155e-04   9.358532e-21   4320
  2.499612e-01   1.881471e-19   1.427527e-04   8.137556e-21   4152
  2.504133e-01   1.613846e-19   1.194148e-04   6.727750e-21   3528
  2.509246e-01   1.650553e-19   1.292483e-04   5.937913e-21   4512
  2.514030e-01   8.554245e-19   1.321235e-04   1.557416e-19   4134
  2.518889e-01   4.961007e-19   1.407559e-04   3.658331e-20   5208
  2.523561e-01   4.605685e-19   1.226327e-04   3.728658e-20   3240
  2.528396e-01   3.091649e-19   1.352583e-04   1.824013e-20   4680
  2.533316e-01   2.508097e-19   1.339167e-04   1.411043e-20   4440
  2.538242e-01   2.367972e-19   1.517493e-04   1.143595e-20   4260
  2.542967e-01   1.665609e-19   1.238886e-04   7.132917e-21   4056
  2.547833e-01   1.685834e-19   1.373522e-04   7.565414e-21   4704
  2.552940e-01   1.671502e-19   1.598328e-04   6.142326e-21   4800
  2.558338e-01   5.614731e-19   1.384828e-04   5.910390e-20   4806
  2.563004e-01   6.592810e-19   1.380453e-04   4.841971e-20   3552
  2.567447e-01   4.236040e-19   1.384155e-04   3.360082e-20   4304
  2.572463e-01   2.840971e-19   1.342317e-04   1.435093e-20   5280
  2.577424e-01   2.519706e-19   1.287726e-04   1.665041e-20   4320
  2.582120e-01   2.107042e-19   1.454180e-04   9.844172e-21   4296
  2.587071e-01   1.826753e-19   1.616686e-04   7.884400e-21   4608
  2.592079e-01   1.691389e-19   1.548872e-04   6.470981e-21   4824
  2.597037e-01   1.504938e-19   1.462245e-04   5.379649e-21   4488
  2.602357e-01   4.797382e-19   1.365163e-04   6.990765e-20   4530
  2.606750e-01   8.112318e-19   1.332969e-04   7.524521e-20   4464
  2.611146e-01   4.672283e-19   1.256224e-04   3.221656e-20   4104
  2.616192e-01   3.455894e-19   1.354472e-04   2.117738e-20   5424
  2.621157e-01   3.140543e-19   1.458006e-04   1.935726e-20   4392
  2.626209e-01   2.129007e-19   1.427447e-04   1.024369e-20   4896
  2.630796e-01   1.518584e-19   1.399190e-04   5.993365e-21   4104
  2.635583e-01   2.020130e-19   1.261700e-04   9.807122e-21   4824
  2.640634e-01   1.365917e-19   1.205890e-04   5.449232e-21   4680
  2.645034e-01   1.637253e-19   1.233362e-04   7.312004e-21   4328
  2.650142e-01   8.109089e-19   1.421747e-04   7.019578e-20   5118
  2.655274e-01   4.601096e-19   1.647184e-04   3.051017e-20   5304
  2.659905e-01   4.063211e-19   1.297081e-04   3.033135e-20   4392
  2.664951e-01   2.525792e-19   1.301864e-04   1.535349e-20   4476
  2.669364e-01   2.445860e-19   1.292906e-04   1.743991e-20   4704
  2.674274e-01   2.138166e-19   1.564908e-04   1.046797e-20   5208
  2.679435e-01   1.785135e-19   1.319479e-04   7.605847e-21   5304
  2.684190e-01   1.620077e-19   1.413346e-04   6.611027e-21   4296
  2.689066e-01   1.573418e-19   1.340217e-04   6.937570e-21   4752
  2.694189e-01   7.040087e-19   1.345359e-04   7.189700e-20   4950
  2.698794e-01   5.198854e-19   1.406262e-04   3.960610e-20   5064
  2.703399e-01   4.775077e-19   1.178265e-04   3.422871e-20   4872
  2.708057e-01   3.024232e-19   1.240390e-04   1.957890e-20   4224
  2.713029e-01   2.498773e-19   1.370167e-04   1.237189e-20   6120
  2.718321e-01   2.121819e-19   1.507358e-04   1.082341e-20   4968
  2.723121e-01   1.867441e-19   1.333881e-04   9.414825e-21   4424
  2.728088e-01   1.545228e-19   1.703749e-04   6.008883e-21   5436
  2.732993e-01   1.680620e-19   1.452596e-04   7.404070e-21   4896
  2.737736e-01   6.040946e-19   1.390702e-04   6.586216e-20   5214
  2.742308e-01   6.049047e-19   1.182169e-04   4.378932e-20   4656
  2.747387e-01   4.365198e-19   1.503032e-04   3.304672e-20   5448
  2.752241e-01   2.970065e-19   1.269422e-04   1.825665e-20   4992
  2.756994e-01   2.581075e-19   1.404898e-04   1.641668e-20   5400
  2.762219e-01   2.180419e-19   1.557062e-04   1.022955e-20   5328
  2.767032e-01   1.956192e-19   1.392299e-04   8.929094e-21   4776
  2.771561e-01   1.325989e-19   1.308295e-04   5.810381e-21   4800
  2.776593e-01   1.723799e-19   1.682401e-04   6.438938e-21   6552
  2.781857e-01   5.477387e-19   1.271030e-04   9.363543e-20   3942
  2.786419e-01   7.902907e-19   1.601990e-04   6.639826e-20   6072
  2.791470e-01   4.860860e-19   1.244164e-04   3.425693e-20   4692
  2.795705e-01   3.625195e-19   1.298888e-04   2.513359e-20   4944
  2.800665e-01   2.642389e-19   1.394107e-04   1.588757e-20   5840
  2.805759e-01   2.128057e-19   1.492333e-04   1.097688e-20   5712
  2.810773e-01   1.751645e-19   1.250671e-04   9.755118e-21   4800
  2.815348e-01   1.908820e-19   1.656330e-04   8.761166e-21   5688
  2.820359e-01   1.612773e-19   1.306810e-04   7.342805e-21   4848
  2.825324e-01   1.761474e-19   1.454557e-04   1.149709e-20   5406
  2.830037e-01   9.063821e-19   1.312973e-04   7.664922e-20   5568
  2.834769e-01   4.689165e-19   1.180275e-04   3.306545e-20   5736
  2.839884e-01   3.963662e-19   1.465826e-04   2.939019e-20   5280
  2.844524e-01   2.690630e-19   1.355263e-04   1.836056e-20   5592
  2.849301e-01   2.324765e-19   1.551417e-04   1.272488e-20   4968
  2.854352e-01   1.967781e-19   1.391053e-04   8.672366e-21   5964
  2.859279e-01   1.483212e-19   1.397517e-04   6.542390e-21   5376
  2.863756e-01   1.810775e-19   1.349389e-04   7.973519e-21   5472
  2.868946e-01   1.512115e-19   1.281532e-04   7.054868e-21   5472
  2.873693e-01   4.756178e-19   1.457059e-04   4.611041e-20   5415
  2.878292e-01   3.054101e-19   1.281660e-04   2.799452e-20   5096
  2.883268e-01   3.005914e-19   1.648183e-04   2.378967e-20   6372
  2.888302e-01   2.410574e-19   1.337920e-04   1.556752e-20   4656
  2.892814e-01   1.625084e-19   1.460580e-04   9.117223e-21   5844
  2.897668e-01   1.409714e-19   1.284189e-04   6.964301e-21   5508
  2.902812e-01   1.388023e-19   1.456803e-04   6.491768e-21   6324
  2.907860e-01   1.431403e-19   1.251396e-04   7.145366e-21   4752
  2.912474e-01   1.178643e-19   1.401041e-04   4.708215e-21   5676
  2.917468e-01   1.176604e-19   1.281684e-04   4.602143e-21   5472
  2.922209e-01   1.100628e-19   1.445704e-04   4.170179e-21   5556
  2.927301e-01   9.971426e-20   1.408810e-04   2.830874e-21   5436
  2.932217e-01   8.945599e-20   1.442016e-04   2.340563e-21   5916
  2.937264e-01   8.404040e-20   1.500331e-04   2.236154e-21   5520
  2.941809e-01   9.235987e-20   1.364480e-04   2.474026e-21   5280
  2.946466e-01   9.486859e-20   1.340724e-04   3.119192e-21   4416
  2.951720e-01   8.568917e-20   1.306879e-04   2.204288e-21   6260
  2.956655e-01   8.344171e-20   1.554038e-04   2.065903e-21   5940
  2.961126e-01   7.719896e-20   1.217066e-04   2.206111e-21   4188
  2.966047e-01   7.251727e-20   1.556122e-04   1.607097e-21   6360
  2.971222e-01   7.786021e-20   1.387995e-04   1.823466e-21   5256
  2.976029e-01   7.089402e-20   1.312113e-04   1.707084e-21   4848
  2.980147e-01   7.089988e-20   1.189499e-04   1.800720e-21   4704
  2.985217e-01   6.987586e-20   1.459205e-04   1.565689e-21   5784
  2.990374e-01   6.029739e-20   1.544008e-04   1.455983e-21   5820
  2.995352e-01   6.627958e-20   1.383100e-04   1.374042e-21   5700
  3.000361e-01   6.772513e-20   1.282634e-04   1.545683e-21   5232
  3.005375e-01   5.882403e-20   1.423193e-04   1.272292e-21   4932
  3.009817e-01   6.466078e-20   1.224997e-04   1.500556e-21   4716
  3.014485e-01   6.289243e-20   1.560382e-04   1.248602e-21   5616
  3.019287e-01   5.634923e-20   1.378046e-04   1.083836e-21   5184
  3.024240e-01   5.585747e-20   1.390111e-04   1.161786e-21   5064
  3.028912e-01   5.503972e-20   1.423406e-04   1.110220e-21   5544
  3.034093e-01   5.324865e-20   1.428860e-04   1.011590e-21   5192
  3.038807e-01   5.436607e-20   1.284053e-04   1.066300e-21   5244
  3.043764e-01   5.570520e-20   1.389360e-04   1.116630e-21   5112
  3.048691e-01   5.149472e-20   1.275010e-04   9.106454e-22   5040
  3.053213e-01   5.097135e-20   1.340439e-04   9.761888e-22   5124
  3.058494e-01   5.479524e-20   1.504823e-04   9.550086e-22   5952
  3.063369e-01   5.042414e-20   1.318531e-04   9.164794e-22   4824
  3.067788e-01   4.937229e-20   1.330892e-04   9.942434e-22   4536
  3.072903e-01   4.906394e-20   1.414616e-04   8.446102e-22   5712
  3.078157e-01   5.027607e-20   1.547976e-04   8.931170e-22   5352
  3.083112e-01   4.591184e-20   1.348344e-04   8.335308e-22   5004
  3.087539e-01   4.597950e-20   1.348711e-04   8.532276e-22   4800
  3.092296e-01   4.753908e-20   1.449374e-04   8.359622e-22   5148
  3.097567e-01   4.873079e-20   1.505363e-04   8.928646e-22   5664
  3.102329e-01   4.669584e-20   1.352034e-04   8.861505e-22   4692
  3.106729e-01   4.546038e-20   1.256056e-04   9.220592e-22   4008
  3.111861e-01   4.345644e-20   1.439712e-04   6.926630e-22   5852
  3.117078e-01   4.371956e-20   1.363273e-04   7.184303e-22   5784
  3.121712e-01   4.306882e-20   1.256700e-04   8.018748e-22   4392
  3.126481e-01   4.153927e-20   1.232703e-04   7.108422e-22   4944
  3.131489e-01   4.134820e-20   1.453336e-04   7.394627e-22   4776
  3.136211e-01   4.222994e-20   1.398188e-04   6.839308e-22   5244
  3.141336e-01   4.134100e-20   1.395722e-04   7.467080e-22   4884
  3.145636e-01   3.915702e-20   1.183681e-04   6.749443e-22   4488
  3.150636e-01   3.933826e-20   1.406525e-04   6.073743e-22   5160
  3.155671e-01   4.132999e-20   1.432039e-04   6.967233e-22   5316
  3.160521e-01   3.733469e-20   1.447892e-04   6.131016e-22   4896
  3.165249e-01   3.921305e-20   1.345344e-04   7.441952e-22   4188
  3.170014e-01   3.815551e-20   1.467406e-04   6.567538e-22   4836
  3.174880e-01   3.916860e-20   1.455680e-04   6.989747e-22   5316
  3.179808e-01   3.664028e-20   1.347408e-04   5.869236e-22   4920
  3.184417e-01   4.046148e-20   1.357413e-04   7.937037e-22   4128
  3.189362e-01   3.579839e-20   1.460260e-04   5.659640e-22   5348
  3.194229e-01   3.626889e-20   1.267067e-04   6.075607e-22   4836
  3.198876e-01   3.766917e-20   1.365306e-04   6.848635e-22   4392
  3.203882e-01   3.584775e-20   1.199532e-04   6.059483e-22   4632
  3.208388e-01   3.536223e-20   1.340287e-04   6.277066e-22   4596
  3.213563e-01   3.688786e-20   1.347844e-04   6.003794e-22   5424
  3.218683e-01   3.278358e-20   1.387362e-04   5.308705e-22   5256
  3.223958e-01   3.392552e-20   1.409032e-04   5.621367e-22   4524
  3.228350e-01   3.438191e-20   1.340268e-04   5.896829e-22   4440
  3.233270e-01   3.565794e-20   1.146101e-04   6.918488e-22   4380
  3.238085e-01   3.403310e-20   1.499870e-04   5.634166e-22   4812
  3.243210e-01   3.280777e-20   1.489725e-04   4.946313e-22   5376
  3.247896e-01   3.232228e-20   1.189892e-04   5.634797e-22   3888
  3.252385e-01   3.271408e-20   1.362564e-04   5.238549e-22   4896
  3.257395e-01   3.378231e-20   1.437728e-04   5.727329e-22   4608
  3.262654e-01   3.321577e-20   1.357127e-04   5.401160e-22   4448
  3.267232e-01   2.956577e-20   1.400926e-04   4.904117e-22   4752
  3.272056e-01   3.191076e-20   1.467382e-04   5.564458e-22   4356
  3.277129e-01   3.088677e-20   1.412082e-04   4.955185e-22   5232
  3.282173e-01   2.856194e-20   1.423025e-04   4.604844e-22   4548
  3.287063e-01   3.053895e-20   1.383360e-04   4.980488e-22   4608
  3.291837e-01   3.090075e-20   1.256671e-04   5.727957e-22   3936
  3.296343e-01   2.978297e-20   1.502088e-04   5.175253e-22   4260
  3.301407e-01   3.001066e-20   1.346643e-04   4.672246e-22   5004
  3.306038e-01   3.100522e-20   1.330711e-04   5.370522e-22   4224
  3.311115e-01   2.831086e-20   1.437697e-04   4.438234e-22   4788
  3.316047e-01   2.999213e-20   1.511985e-04   4.688901e-22   4428
  3.320852e-01   2.875737e-20   1.263467e-04   4.937770e-22   4080
  3.325477e-01   2.817443e-20   1.381486e-04   4.312741e-22   4632
  3.330347e-01   2.881080e-20   1.436640e-04   5.096208e-22   4056
  3.335467e-01   2.868872e-20   1.352621e-04   4.770661e-22   4536
  3.340144e-01   2.814853e-20   1.379585e-04   4.571043e-22   4668
  3.345266e-01   2.727233e-20   1.478669e-04   4.477114e-22   4604
  3.350255e-01   2.877889e-20   1.328598e-04   4.982619e-22   4152
  3.354859e-01   2.669501e-20   1.287622e-04   4.553737e-22   4224
  3.359739e-01   2.676413e-20   1.237953e-04   4.548029e-22   4152
  3.364615e-01   2.657131e-20   1.404246e-04   4.491082e-22   4224
  3.369356e-01   2.504076e-20   1.298644e-04   4.302041e-22   3960
  3.373922e-01   2.739361e-20   1.340119e-04   4.286212e-22   4656
  3.378910e-01   2.716104e-20   1.445961e-04   4.571274e-22   4452
  3.384025e-01   2.542011e-20   1.470057e-04   4.425139e-22   4056
  3.388784e-01   2.686586e-20   1.456648e-04   4.816490e-22   4212
  3.393606e-01   2.619490e-20   1.210536e-04   4.910679e-22   3432
  3.398492e-01   2.435799e-20   1.548628e-04   3.717678e-22   5352
  3.403267e-01   2.431929e-20   1.134185e-04   4.375244e-22   3600
  3.408466e-01   2.426354e-20   1.251027e-04   4.031779e-22   4584
  3.413005e-01   2.422995e-20   1.247343e-04   4.416104e-22   3768
  3.417680e-01   2.408944e-20   1.331557e-04   4.402075e-22   3848
  3.422347e-01   2.393221e-20   1.220886e-04   4.505789e-22   3720
  3.427639e-01   2.336579e-20   1.532392e-04   3.910309e-22   4764
  3.432311e-01   2.302332e-20   1.234001e-04   3.849623e-22   3864
  3.437109e-01   2.284644e-20   1.528459e-04   3.803053e-22   4332
  3.442342e-01   2.428943e-20   1.304937e-04   4.408875e-22   3792
  3.447018e-01   2.377356e-20   1.480185e-04   4.109802e-22   4284
  3.451974e-01   2.265483e-20   1.401572e-04   4.192121e-22   3840
  3.456664e-01   2.262457e-20   1.334113e-04   4.307323e-22   3480
  3.461427e-01   2.277785e-20   1.488614e-04   3.596462e-22   4380
  3.466576e-01   2.402040e-20   1.398292e-04   4.073726e-22   4200
  3.471635e-01   2.212343e-20   1.344014e-04   3.771915e-22   4056
  3.476333e-01   2.148413e-20   1.350788e-04   3.991331e-22   3600
  3.480735e-01   2.112281e-20   1.345848e-04   3.734490e-22   3492
  3.485878e-01   2.216567e-20   1.571647e-04   3.857643e-22   4500
  3.491126e-01   2.129614e-20   1.376975e-04   3.867269e-22   3516
  3.495636e-01   2.057521e-20   1.439500e-04   3.599612e-22   3968
  3.500690e-01   2.053233e-20   1.383484e-04   3.521413e-22   3648
  3.505165e-01   2.117045e-20   1.322992e-04   3.520339e-22   4224
  3.510237e-01   1.992703e-20   1.484940e-04   3.740946e-22   3588
  3.514997e-01   2.083549e-20   1.369683e-04   3.727457e-22   3456
  3.519786e-01   1.976149e-20   1.216448e-04   3.491444e-22   3660
  3.524735e-01   1.958868e-20   1.335194e-04   3.448441e-22   3768
  3.529347e-01   2.098868e-20   1.350276e-04   3.730825e-22   3744
  3.534301e-01   1.971184e-20   1.482149e-04   3.406469e-22   4176
  3.539572e-01   1.986772e-20   1.367120e-04   3.657457e-22   3612
  3.543928e-01   1.949483e-20   1.485682e-04   3.645514e-22   3216
  3.548913e-01   1.933244e-20   1.436402e-04   3.537393e-22   3624
  3.553925e-01   1.957845e-20   1.350690e-04   3.853588e-22   3744
  3.558768e-01   1.885559e-20   1.441176e-04   3.383043e-22   3672
  3.563547e-01   1.823560e-20   1.306896e-04   3.207318e-22   3852
  3.568482e-01   1.906239e-20   1.345097e-04   3.440621e-22   3672
  3.573731e-01   1.891749e-20   1.310574e-04   3.767607e-22   3248
  3.578115e-01   1.816195e-20   1.341465e-04   3.692595e-22   3336
  3.582900e-01   1.764326e-20   1.365492e-04   3.353073e-22   3576
  3.587793e-01   1.790358e-20   1.159180e-04   3.447547e-22   3336
  3.592778e-01   1.800917e-20   1.376902e-04   3.222154e-22   3936
  3.597697e-01   1.825347e-20   1.466440e-04   3.356185e-22   3408
  3.602575e-01   1.852986e-20   1.291957e-04   3.632604e-22   3336
  3.607316e-01   1.524570e-20   1.451163e-04   2.871101e-22   3312
  3.612054e-01   1.712094e-20   1.469319e-04   3.313169e-22   3432
  3.617101e-01   1.738432e-20   1.273841e-04   3.640664e-22   3144
  3.621706e-01   1.649496e-20   1.382881e-04   3.111356e-22   3456
  3.626887e-01   1.688440e-20   1.329107e-04   2.977746e-22   3792
  3.631568e-01   1.643069e-20   1.305556e-04   3.604214e-22   2868
  3.636625e-01   1.621615e-20   1.352551e-04   2.818730e-22   3888
  3.641351e-01   1.508384e-20   1.174435e-04   3.244052e-22   2784
  3.646004e-01   1.566589e-20   1.341238e-04   3.132008e-22   2964
  3.651086e-01   1.621941e-20   1.381212e-04   3.022906e-22   3432
  3.655924e-01   1.534377e-20   1.429694e-04   2.918084e-22   3416
  3.660820e-01   1.559802e-20   1.528218e-04   2.916911e-22   3528
  3.665830e-01   1.550014e-20   1.226504e-04   3.253870e-22   2904
  3.670262e-01   1.506618e-20   1.375270e-04   2.992128e-22   3072
  3.675416e-01   1.532220e-20   1.544586e-04   3.141495e-22   3216
  3.680569e-01   1.454410e-20   1.250951e-04   3.001518e-22   2844
  3.685093e-01   1.429423e-20   1.431483e-04   2.836379e-22   3432
  3.689737e-01   1.475571e-20   1.150574e-04   3.082466e-22   2880
  3.694925e-01   1.408446e-20   1.524100e-04   2.690328e-22   3576
  3.699812e-01   1.424999e-20   1.362332e-04   2.906372e-22   2700
  3.704492e-01   1.435385e-20   1.530237e-04   2.852796e-22   3000
  3.709392e-01   1.326728e-20   1.270553e-04   2.852657e-22   2556
  3.714151e-01   1.382686e-20   1.361780e-04   2.679810e-22   3360
  3.719070e-01   1.391468e-20   1.323185e-04   2.798326e-22   3120
  3.724371e-01   1.363128e-20   1.557809e-04   2.822815e-22   3216
  3.728935e-01   1.418746e-20   1.098680e-04   3.030890e-22   2628
  3.734065e-01   1.287144e-20   1.452297e-04   2.728153e-22   3200
  3.738745e-01   1.241449e-20   1.370102e-04   2.883489e-22   2232
  3.743471e-01   1.256724e-20   1.563929e-04   2.437986e-22   3108
  3.748177e-01   1.261052e-20   1.373821e-04   2.772688e-22   2604
  3.752991e-01   1.252581e-20   1.479994e-04   2.544440e-22   3096
  3.758288e-01   1.220677e-20   1.348469e-04   2.488635e-22   3084
  3.762884e-01   1.175652e-20   1.376092e-04   2.533973e-22   2664
  3.767621e-01   1.235065e-20   1.213497e-04   2.903901e-22   2232
  3.772262e-01   1.064931e-20   1.494845e-04   2.259342e-22   2808
  3.777344e-01   1.232411e-20   1.412112e-04   2.683465e-22   2592
  3.782089e-01   1.218043e-20   1.449703e-04   2.555856e-22   2952
  3.787074e-01   1.091675e-20   1.368697e-04   2.244232e-22   2772
  3.791921e-01   1.125372e-20   1.471948e-04   2.253406e-22   3036
  3.796993e-01   1.076421e-20   1.427797e-04   2.573978e-22   2136
  3.801616e-01   1.087280e-20   1.138671e-04   2.285013e-22   2496
  3.806364e-01   1.151876e-20   1.516625e-04   2.793596e-22   2228
  3.811316e-01   1.095315e-20   1.413981e-04   2.196044e-22   3048
  3.816243e-01   1.067162e-20   1.350676e-04   2.338715e-22   2676
  3.821140e-01   1.001230e-20   1.345571e-04   2.098971e-22   2784
  3.825820e-01   1.053698e-20   1.307225e-04   2.563550e-22   1920
  3.830514e-01   9.340018e-21   1.395126e-04   2.054529e-22   2400
  3.835600e-01   9.765972e-21   1.279618e-04   2.244719e-22   2532
  3.840860e-01   1.003380e-20   1.421350e-04   2.350556e-22   2544
  3.845592e-01   1.054367e-20   1.486925e-04   2.234144e-22   2772
  3.850254e-01   9.493638e-21   1.392746e-04   2.399839e-22   2160
  3.854884e-01   9.090985e-21   1.500120e-04   2.088535e-22   2304
  3.860241e-01   9.249442e-21   1.467945e-04   2.223152e-22   2328
  3.865043e-01   8.703418e-21   1.407449e-04   2.007989e-22   2304
  3.869492e-01   8.811216e-21   1.330938e-04   2.155680e-22   1908
  3.874552e-01   9.472405e-21   1.488569e-04   1.959258e-22   2736
  3.879425e-01   8.538553e-21   1.410418e-04   1.802575e-22   2448
  3.884609e-01   8.936075e-21   1.318665e-04   2.148922e-22   2040
  3.889299e-01   8.079924e-21   1.372999e-04   1.855016e-22   2120
  3.893809e-01   8.397206e-21   1.138355e-04   2.014989e-22   2040
  3.898664e-01   7.637878e-21   1.412334e-04   1.761595e-22   2208
  3.904158e-01   8.305179e-21   1.268062e-04   2.090177e-22   2208
  3.908608e-01   8.676758e-21   1.405255e-04   2.091470e-22   2196
  3.913207e-01   7.306606e-21   1.236152e-04   1.808373e-22   1848
  3.917886e-01   7.813275e-21   1.401960e-04   1.782761e-22   2124
  3.923120e-01   7.290019e-21   1.470626e-04   1.699635e-22   2328
  3.928231e-01   7.513615e-21   1.497225e-04   1.901559e-22   1920
  3.933200e-01   7.096387e-21   1.374435e-04   1.894727e-22   1548
  3.937619e-01   7.577873e-21   1.507712e-04   1.635561e-22   2388
  3.942832e-01   7.197396e-21   1.395210e-04   1.670454e-22   2160
  3.947606e-01   6.904927e-21   1.269906e-04   1.900308e-22   1704
  3.952179e-01   6.671613e-21   1.430661e-04   1.663035e-22   1776
  3.956506e-01   6.765781e-21   1.338203e-04   1.617692e-22   1800
  3.961977e-01   6.483537e-21   1.544832e-04   1.779745e-22   1700
  3.967087e-01   6.845555e-21   1.390936e-04   1.501858e-22   2292
  3.971846e-01   6.701275e-21   1.291201e-04   1.602644e-22   1704
  3.976337e-01   6.453616e-21   1.443780e-04   1.528244e-22   1728
  3.981255e-01   6.158050e-21   1.336251e-04   1.622887e-22   1728
  3.986075e-01   6.390485e-21   1.334994e-04   1.649473e-22   1680
  3.991202e-01   5.724584e-21   1.537953e-04   1.408935e-22   1704
  3.996310e-01   5.691112e-21   1.207753e-04   1.362310e-22   1752
  4.000877e-01   6.059559e-21   1.435789e-04   1.406946e-22   1872
  4.005817e-01   6.219435e-21   1.407232e-04   1.782761e-22   1500
  4.010829e-01   5.534540e-21   1.232237e-04   1.422393e-22   1656
  4.015697e-01   5.974649e-21   1.321192e-04   1.672995e-22   1464
  4.020023e-01   5.298928e-21   1.157232e-04   1.407807e-22   1488
  4.025329e-01   5.222674e-21   1.396693e-04   1.316189e-22   1680
  4.030178e-01   5.819970e-21   1.459194e-04   1.494604e-22   1692
  4.034716e-01   5.842342e-21   1.397252e-04   1.652894e-22   1128
  4.039751e-01   5.429608e-21   1.345433e-04   1.381062e-22   1536
  4.044663e-01   5.343084e-21   1.402479e-04   1.290032e-22   1616
  4.049637e-01   5.233487e-21   1.352429e-04   1.366645e-22   1476
  4.054650e-01   5.348375e-21   1.488381e-04   1.641701e-22   1176
  4.059124e-01   5.280235e-21   1.599107e-04   1.270647e-22   1656
  4.063997e-01   5.640573e-21   1.404668e-04   2.131203e-22   891
  4.069020e-01   5.033063e-21   1.497388e-04   1.236608e-22   1596
  4.073915e-01   5.316289e-21   1.305762e-04   1.497868e-22   1422
  4.078742e-01   4.928076e-21   1.252138e-04   1.454254e-22   1254
  4.083284e-01   5.082955e-21   1.279202e-04   1.760622e-22   918
  4.088148e-01   5.041651e-21   1.400009e-04   1.255712e-22   1614
  4.093049e-01   4.364826e-21   1.209347e-04   1.627699e-22   798
  4.097922e-01   4.638564e-21   1.550239e-04   1.204575e-22   1458
  4.102863e-01   4.743463e-21   1.419502e-04   1.207599e-22   1374
  4.107747e-01   4.730611e-21   1.212349e-04   1.562631e-22   984
  4.112591e-01   4.868885e-21   1.668024e-04   1.588339e-22   1062
  4.117525e-01   4.838479e-21   1.413965e-04   1.441933e-22   1246
  4.122317e-01   4.315393e-21   1.311095e-04   1.456364e-22   1072
  4.127436e-01   4.799028e-21   1.419832e-04   1.498381e-22   1110
  4.132166e-01   4.705416e-21   1.538182e-04   1.284153e-22   1254
  4.137139e-01   4.518079e-21   1.459816e-04   1.462988e-22   1032
  4.142557e-01   4.680964e-21   1.352509e-04   1.847764e-22   786
  4.146677e-01   4.412388e-21   1.386613e-04   1.378653e-22   1152
  4.151502e-01   4.429055e-21   1.511270e-04   1.292845e-22   1086
  4.156529e-01   4.298350e-21   1.363503e-04   1.473344e-22   912
  4.161175e-01   5.133868e-21   1.366785e-04   1.660723e-22   1062
  4.165917e-01   4.534486e-21   1.362355e-04   1.502779e-22   912
  4.171397e-01   3.899279e-21   1.520835e-04   1.428148e-22   750
  4.175668e-01   4.589843e-21   1.465336e-04   1.336730e-22   1200
  4.180611e-01   4.462315e-21   1.326977e-04   1.585751e-22   918
  4.185524e-01   4.052953e-21   1.377357e-04   1.304963e-22   876
  4.190517e-01   4.469873e-21   1.203534e-04   1.485137e-22   870
  4.194890e-01   4.553525e-21   1.403731e-04   1.765147e-22   768
  4.200015e-01   3.845022e-21   1.286594e-04   1.364004e-22   830
  4.204761e-01   4.137384e-21   1.332096e-04   1.276103e-22   1080
  4.209676e-01   4.288902e-21   1.498783e-04   1.636646e-22   840
  4.214632e-01   3.769706e-21   1.443163e-04   1.341408e-22   798
  4.220251e-01   4.645114e-21   1.145461e-04   1.717659e-22   792
  4.224609e-01   3.854163e-21   1.335978e-04   1.412676e-22   726
  4.229181e-01   3.834006e-21   1.497038e-04   1.231707e-22   864
  4.234189e-01   3.750094e-21   1.281430e-04   1.356968e-22   900
  4.239267e-01   3.514088e-21   1.424135e-04   1.337579e-22   726
  4.243623e-01   3.761159e-21   1.232527e-04   1.563386e-22   576
  4.249434e-01   3.826159e-21   1.282664e-04   1.490909e-22   840
  4.253523e-01   3.546107e-21   1.331485e-04   1.347597e-22   750
  4.258366e-01   3.570769e-21   1.335529e-04   1.254792e-22   720
  4.262936e-01   3.913134e-21   1.351090e-04   1.434431e-22   702
  4.268271e-01   3.880325e-21   1.475571e-04   1.510315e-22   696
  4.272662e-01   3.579355e-21   1.319621e-04   1.752806e-22   480
  4.277837e-01   3.904886e-21   1.250396e-04   1.359250e-22   830
  4.282419e-01   3.708340e-21   1.454616e-04   1.356132e-22   756
  4.287552e-01   3.779477e-21   1.396687e-04   1.570450e-22   624
  4.292083e-01   3.362223e-21   1.475796e-04   1.284889e-22   582
  4.297440e-01   3.870436e-21   1.132706e-04   1.831097e-22   576
  4.302073e-01   3.648914e-21   1.517064e-04   1.368686e-22   624
  4.306823e-01   3.614116e-21   1.238986e-04   1.435430e-22   702
  4.311525e-01   3.427060e-21   1.425165e-04   1.257578e-22   624
  4.317110e-01   3.811915e-21   1.378751e-04   1.478548e-22   672
  4.321659e-01   3.231101e-21   1.032125e-04   1.855128e-22   342
  4.326655e-01   3.568350e-21   1.290292e-04   1.629653e-22   660
  4.331249e-01   2.967826e-21   1.326364e-04   1.197170e-22   576
  4.335992e-01   3.235170e-21   1.289493e-04   1.440498e-22   600
  4.340787e-01   3.381329e-21   1.491476e-04   1.689121e-22   510
  4.346181e-01   3.490433e-21   1.397290e-04   1.544669e-22   600
  4.350341e-01   3.224938e-21   1.112888e-04   1.983012e-22   216
  4.355185e-01   3.130081e-21   1.354577e-04   1.144325e-22   758
  4.360833e-01   3.151657e-21   1.482975e-04   1.311744e-22   576
  4.365782e-01   3.267886e-21   1.259005e-04   1.310466e-22   528
  4.370248e-01   3.551570e-21   8.670054e-05   2.307795e-22   318
  4.375047e-01   3.250917e-21   1.497759e-04   1.367496e-22   540
  4.380721e-01   2.528067e-21   1.058893e-04   1.362067e-22   384
  4.384565e-01   3.254522e-21   1.463022e-04   1.452166e-22   576
  4.389570e-01   2.794306e-21   1.195560e-04   1.292243e-22   414
  4.394302e-01   3.149725e-21   1.335050e-04   1.287236e-22   504
  4.399357e-01   3.803508e-21   1.465573e-04   1.966381e-22   312
  4.404212e-01   2.878916e-21   1.327827e-04   1.540577e-22   414
  4.409029e-01   2.826546e-21   1.226699e-04   1.340822e-22   432
  4.413512e-01   2.707226e-21   1.624587e-04   1.152009e-22   504
  4.418701e-01   3.128086e-21   1.564660e-04   1.492742e-22   432
  4.423558e-01   2.715631e-21   1.281691e-04   1.355152e-22   354
  4.428506e-01   3.071590e-21   1.865017e-04   2.215831e-22   200
  4.432750e-01   2.669203e-21   1.323290e-04   1.171982e-22   480
  4.438485e-01   2.731940e-21   1.512148e-04   1.101280e-22   552
  4.443745e-01   2.672391e-21   9.419478e-05   1.528628e-22   366
  4.447799e-01   2.955366e-21   1.002751e-04   2.092993e-22   240
  4.452261e-01   3.209797e-21   1.401886e-04   1.775218e-22   288
  4.458541e-01   2.985320e-21   9.634579e-05   1.466241e-22   366
  4.462600e-01   2.576354e-21   1.562070e-04   1.223664e-22   408
  4.467132e-01   2.701985e-21   1.174273e-04   1.548743e-22   360
  4.471820e-01   2.603887e-21   1.094619e-04   1.454488e-22   324
  4.476367e-01   2.793741e-21   1.292780e-04   2.353776e-22   174
  4.481783e-01   2.373696e-21   1.485222e-04   1.474567e-22   264
  4.486867e-01   2.551499e-21   1.354596e-04   1.142541e-22   456
  4.491937e-01   2.655308e-21   1.362099e-04   1.513203e-22   360
  4.496105e-01   2.361187e-21   1.500483e-04   1.685532e-22   270
  4.501209e-01   2.613754e-21   1.641082e-04   1.712335e-22   240
  4.507604e-01   2.978724e-21   1.195905e-04   2.533473e-22   120
  4.510747e-01   2.008071e-21   1.248485e-04   1.193319e-22   320
  4.515822e-01   2.435452e-21   1.544785e-04   1.142031e-22   462
  4.521137e-01   2.233424e-21   8.987666e-05   1.229515e-22   276
  4.525754e-01   2.620130e-21   1.019637e-04   2.290035e-22   144
  4.530202e-01   2.909047e-21   1.070818e-04   2.748742e-22   120
  4.536115e-01   2.136761e-21   8.108908e-05   1.047361e-22   294
  4.540583e-01   2.453907e-21   1.438563e-04   1.238000e-22   384
  4.544753e-01   2.373602e-21   9.523196e-05   1.606648e-22   216
  4.548743e-01   2.971745e-21   8.843896e-05   2.318309e-22   168
  4.553251e-01   2.231659e-21   1.052282e-04   2.257643e-22   102
  4.559768e-01   2.332923e-21   1.596520e-04   1.397011e-22   168
  4.564337e-01   2.471607e-21   1.397340e-04   1.260910e-22   384
  4.569346e-01   2.419052e-21   1.419732e-04   1.444735e-22   300
  4.574008e-01   2.279240e-21   1.520225e-04   1.866329e-22   144
  4.579263e-01   2.375229e-21   1.556925e-04   2.290251e-22   102
  4.585568e-01   2.591204e-21   3.685588e-05   2.073302e-22   56
  4.588590e-01   2.374766e-21   1.199932e-04   1.473370e-22   288
  4.593328e-01   2.013570e-21   1.561557e-04   1.008894e-22   360
  4.598487e-01   2.342944e-21   8.376686e-05   1.760878e-22   126
  4.602834e-01   1.909486e-21   4.125612e-05   1.828275e-22   72
  4.607572e-01   2.453270e-21   2.185755e-05   2.635380e-22   48
  4.613754e-01   1.980589e-21   8.842417e-05   1.330092e-22   240
  4.617816e-01   2.387344e-21   1.311982e-04   1.247834e-22   306
  4.621975e-01   2.280228e-21   7.291699e-05   1.827922e-22   120
  4.626766e-01   2.672454e-21   1.794585e-04   2.547953e-22   96
  4.630248e-01   2.998276e-21   0.000000e+00   5.687547e-22   24
  4.638071e-01   1.756470e-21   1.554065e-04   1.480654e-22   120
  4.641905e-01   2.099131e-21   1.343981e-04   1.205539e-22   318
  4.646594e-01   2.335741e-21   1.436227e-04   1.577910e-22   168
  4.651731e-01   2.117641e-21   1.541232e-04   2.899696e-22   72
  4.657357e-01   1.545004e-21   0.000000e+00   2.631764e-22   24
  4.663408e-01   1.880651e-21   7.481195e-05   4.492013e-22   14
  4.666286e-01   2.179667e-21   1.179951e-04   1.104874e-22   288
  4.670757e-01   1.921348e-21   1.419546e-04   1.465442e-22   204
  4.675916e-01   2.733596e-21   2.153808e-05   3.367094e-22   48
  4.680007e-01   3.656755e-21   0.000000e+00   7.014456e-22   24
  4.684739e-01   5.638412e-22   0.000000e+00   1.696895e-22   6
  4.691541e-01   2.105873e-21   8.821950e-05   1.476859e-22   216
  4.695046e-01   2.134964e-21   1.174842e-04   1.458810e-22   192
  4.699334e-01   1.873962e-21   2.143075e-05   2.197859e-22   48
  4.703832e-01   2.771259e-21   1.712353e-04   3.852245e-22   30
  4.716555e-01   2.331571e-21   3.540978e-05   2.281414e-22   96
  4.719167e-01   1.763443e-21   1.160286e-04   1.229844e-22   228
  4.724128e-01   2.369753e-21   1.517284e-04   2.841212e-22   72
  4.730094e-01   1.574051e-21   0.000000e+00   5.098162e-22   6
  4.743680e-01   1.774200e-21   1.145631e-04   1.434539e-22   248
  4.748016e-01   1.740573e-21   1.311235e-04   2.638514e-22   72
  4.753245e-01   6.805832e-22   7.266090e-09   1.422825e-22   6
  4.769053e-01   1.603247e-21   8.141014e-05   1.197124e-22   180
  4.772205e-01   1.508008e-21   1.107713e-04   1.568951e-22   72
  4.776705e-01   1.181181e-21   0.000000e+00   4.295925e-22   6
  4.794278e-01   2.117050e-21   3.483570e-05   2.009776e-22   96
  4.796378e-01   2.242532e-21   9.563861e-05   2.535821e-22   96
  4.800471e-01   1.555516e-21   0.000000e+00   5.965022e-22   6
  4.820778e-01   1.711573e-21   9.153355e-05   1.265687e-22   140
  4.824537e-01   1.161964e-21   0.000000e+00   3.933358e-22   6
  4.846301e-01   1.737331e-21   6.146888e-05   1.678013e-22   96
  4.848898e-01   1.741342e-21   0.000000e+00   3.044005e-22   6
  4.871898e-01   2.335039e-21   3.697860e-05   2.908353e-22   60
  4.873552e-01   1.109364e-21   0.000000e+00   3.471604e-22   6
  4.897713e-01   1.901984e-21   3.748867e-05   3.135679e-22   38
  4.923442e-01   2.366291e-21   1.928513e-05   3.204456e-22   18
  4.949217e-01   4.525267e-21   7.266090e-09   1.071947e-21   6
