# power spectrum of delta
# redshift z=19.720714
# k              Pk             sigma(k)       sigma(Pk)      count
  4.487990e-03   1.790220e-07   0.000000e+00   7.216207e-08   6
  6.346976e-03   3.886279e-07   0.000000e+00   7.756523e-08   12
  7.773426e-03   6.423333e-07   8.514949e-11   1.308207e-07   8
  8.975979e-03   3.768686e-06   0.000000e+00   4.054196e-07   6
  1.003545e-02   4.067201e-06   1.605594e-10   1.296465e-06   24
  1.099328e-02   8.326410e-06   1.605594e-10   1.403250e-06   24
  1.269395e-02   6.554519e-06   0.000000e+00   2.949033e-06   12
  1.346397e-02   9.596058e-06   1.816523e-10   1.764127e-06   30
  1.419227e-02   1.484458e-05   0.000000e+00   3.271053e-06   24
  1.488498e-02   1.630933e-05   2.780971e-10   4.045216e-06   24
  1.554685e-02   2.252580e-05   1.702990e-10   4.564995e-06   8
  1.618168e-02   2.239459e-05   2.270653e-10   2.785541e-06   24
  1.679252e-02   2.434230e-05   0.000000e+00   3.421983e-06   48
  1.795196e-02   3.770787e-05   0.000000e+00   1.658394e-05   6
  1.850445e-02   3.378159e-05   2.270653e-10   4.741154e-06   48
  1.904093e-02   3.508771e-05   2.140792e-10   3.655211e-06   36
  1.956269e-02   5.576242e-05   2.270653e-10   1.166938e-05   24
  2.007090e-02   3.631547e-05   3.211188e-10   6.238883e-06   24
  2.056655e-02   3.570296e-05   0.000000e+00   4.849454e-06   48
  2.105054e-02   6.013884e-05   3.211188e-10   8.560871e-06   24
  2.198657e-02   5.694577e-05   3.211188e-10   8.951540e-06   24
  2.243995e-02   4.202817e-05   0.000000e+00   6.881874e-06   30
  2.288435e-02   4.854136e-05   0.000000e+00   5.347559e-06   72
  2.332028e-02   5.119407e-05   3.405980e-10   1.044412e-05   32
  2.416856e-02   7.752243e-05   0.000000e+00   8.976019e-06   72
  2.458173e-02   5.075614e-05   0.000000e+00   7.426375e-06   48
  2.538790e-02   3.024705e-05   0.000000e+00   8.988942e-06   12
  2.597539e-02   6.138175e-05   1.938570e-04   5.596756e-06   96
  2.655130e-02   8.323523e-05   3.211188e-10   1.051159e-05   48
  2.692794e-02   1.053516e-04   3.633045e-10   1.844523e-05   30
  2.757421e-02   1.054677e-04   1.586779e-04   9.899289e-06   96
  2.838454e-02   6.998568e-05   0.000000e+00   1.329056e-05   24
  2.885327e-02   1.036220e-04   1.642099e-04   8.335705e-06   144
  2.942972e-02   7.753731e-05   5.561942e-10   1.902209e-05   24
  3.002225e-02   1.246786e-04   1.456630e-04   1.426872e-05   96
  3.043903e-02   1.148194e-04   0.000000e+00   1.767496e-05   48
  3.137435e-02   1.564758e-04   1.080207e-04   1.778185e-05   62
  3.184971e-02   1.197392e-04   1.519035e-04   1.428818e-05   132
  3.236335e-02   8.349054e-05   4.541306e-10   1.486740e-05   24
  3.284837e-02   1.384835e-04   1.518246e-04   1.180142e-05   168
  3.373431e-02   1.751123e-04   1.492698e-04   1.444986e-05   96
  3.439955e-02   1.279390e-04   1.270423e-04   1.211735e-05   96
  3.521583e-02   1.444799e-04   1.416056e-04   1.192216e-05   168
  3.590392e-02   2.164719e-04   0.000000e+00   9.494806e-05   6
  3.618333e-02   1.772791e-04   0.000000e+00   1.729315e-05   96
  3.651563e-02   1.746442e-04   1.100713e-04   1.718573e-05   120
  3.718966e-02   1.490837e-04   1.278125e-04   1.175916e-05   144
  3.754921e-02   1.754527e-04   0.000000e+00   2.370604e-05   48
  3.823245e-02   1.676677e-04   1.304211e-04   1.789703e-05   84
  3.860715e-02   1.910986e-04   8.899106e-10   1.710880e-05   120
  3.894461e-02   1.511997e-04   1.183479e-04   1.727987e-05   80
  3.946692e-02   1.506281e-04   1.201620e-04   1.104648e-05   144
  4.014180e-02   2.034387e-04   6.422377e-10   3.777159e-05   24
  4.047145e-02   2.278493e-04   1.159510e-04   1.906297e-05   150
  4.098576e-02   2.132315e-04   1.203057e-04   1.552711e-05   120
  4.155056e-02   2.035031e-04   1.096333e-04   1.719689e-05   168
  4.210107e-02   3.081227e-04   6.422377e-10   5.135560e-05   24
  4.244743e-02   1.895078e-04   1.181082e-04   1.205199e-05   264
  4.281269e-02   1.582250e-04   6.422377e-10   2.219406e-05   48
  4.343532e-02   2.114361e-04   1.093985e-04   1.733099e-05   144
  4.412543e-02   2.705113e-04   1.076845e-04   3.286216e-05   72
  4.451927e-02   2.226769e-04   1.107671e-04   1.422004e-05   180
  4.506982e-02   2.447471e-04   8.025835e-05   1.816557e-05   198
  4.532647e-02   2.685699e-04   0.000000e+00   2.981507e-05   48
  4.589413e-02   2.237267e-04   1.086319e-04   1.690130e-05   168
  4.631540e-02   2.699468e-04   1.087222e-04   2.465621e-05   144
  4.695270e-02   2.654851e-04   1.527607e-04   1.396029e-05   248
  4.781330e-02   1.996839e-04   1.053161e-04   1.405966e-05   192
  4.839932e-02   2.713574e-04   1.626762e-04   1.769286e-05   240
  4.875204e-02   3.054516e-04   0.000000e+00   3.311436e-05   72
  4.929001e-02   3.284495e-04   9.927197e-05   2.881998e-05   126
  4.962939e-02   3.550550e-04   9.159181e-05   2.795925e-05   168
  5.027740e-02   3.501813e-04   1.001546e-04   1.946280e-05   288
  5.095853e-02   3.321554e-04   5.274950e-05   2.855769e-05   156
  5.131126e-02   2.925751e-04   8.873998e-05   2.537138e-05   168
  5.184617e-02   3.191502e-04   1.521290e-04   1.979083e-05   264
  5.233850e-02   3.007786e-04   0.000000e+00   3.669500e-05   48
  5.270435e-02   3.171447e-04   1.514052e-04   2.076612e-05   264
  5.322882e-02   3.375424e-04   8.924381e-05   2.813756e-05   144
  5.362492e-02   3.770222e-04   1.825884e-04   4.247599e-05   78
  5.420192e-02   3.242120e-04   1.186900e-04   1.805350e-05   336
  5.474604e-02   3.104026e-04   9.030373e-05   2.105038e-05   200
  5.510338e-02   3.080345e-04   1.768159e-04   2.331465e-05   192
  5.558581e-02   3.912843e-04   8.873069e-05   2.758800e-05   240
  5.602902e-02   4.333928e-04   1.778215e-04   3.026715e-05   168
  5.648434e-02   3.659636e-04   1.423690e-04   3.150341e-05   120
  5.703118e-02   4.144485e-04   1.112738e-04   2.189479e-05   324
  5.756179e-02   3.821849e-04   8.748012e-05   2.590456e-05   192
  5.792293e-02   4.333222e-04   1.568908e-04   3.114770e-05   168
  5.853721e-02   3.460204e-04   1.292197e-04   1.887219e-05   342
  5.909109e-02   4.873155e-04   1.040479e-04   2.516977e-05   336
  5.965251e-02   5.555940e-04   7.962394e-05   6.045192e-05   72
  6.003109e-02   4.541345e-04   1.273478e-04   3.013256e-05   288
  6.047058e-02   4.573844e-04   8.293768e-05   3.306606e-05   264
  6.108439e-02   4.215368e-04   1.090835e-04   2.297277e-05   384
  6.163419e-02   4.545390e-04   1.309286e-04   3.430357e-05   240
  6.186267e-02   4.704295e-04   0.000000e+00   5.730939e-05   48
  6.252352e-02   4.892844e-04   1.071736e-04   2.460537e-05   392
  6.302771e-02   4.654556e-04   1.176177e-04   2.647152e-05   294
  6.356985e-02   4.771928e-04   7.644534e-05   3.595127e-05   228
  6.392640e-02   5.706414e-04   1.160935e-04   3.712847e-05   216
  6.437004e-02   4.880849e-04   7.071608e-05   2.593976e-05   336
  6.491309e-02   5.291020e-04   8.402231e-05   2.995288e-05   360
  6.536140e-02   5.817025e-04   1.280140e-04   3.595437e-05   240
  6.582853e-02   5.614405e-04   1.514699e-04   3.998520e-05   168
  6.626426e-02   5.070163e-04   1.192252e-04   2.867391e-05   312
  6.678338e-02   5.278731e-04   7.461529e-05   2.664298e-05   336
  6.734419e-02   5.803600e-04   1.017891e-04   3.542488e-05   294
  6.776702e-02   6.653151e-04   1.356641e-04   4.096839e-05   288
  6.809058e-02   4.770795e-04   8.488954e-05   3.096274e-05   264
  6.866755e-02   5.701112e-04   1.458184e-04   2.837605e-05   480
  6.914996e-02   6.454093e-04   7.133389e-05   3.843536e-05   240
  6.974139e-02   6.547632e-04   7.213111e-05   3.807481e-05   276
  7.020800e-02   6.143022e-04   1.583420e-04   2.581586e-05   488
  7.076234e-02   7.066370e-04   6.973720e-05   6.185537e-05   240
  7.108411e-02   6.610776e-04   1.354117e-04   3.310353e-05   360
  7.153530e-02   5.699894e-04   4.817743e-05   4.187726e-05   198
  7.211554e-02   5.677253e-04   1.627935e-04   2.459059e-05   480
  7.254038e-02   5.802834e-04   6.008787e-05   3.493373e-05   288
  7.312796e-02   6.847672e-04   1.270121e-04   3.274669e-05   480
  7.365633e-02   7.032406e-04   7.825550e-05   3.046869e-05   480
  7.419894e-02   6.323870e-04   1.012105e-04   4.177122e-05   288
  7.453749e-02   7.305563e-04   1.079729e-04   4.175740e-05   288
  7.506996e-02   6.935539e-04   1.877112e-04   3.383259e-05   456
  7.560610e-02   7.895359e-04   1.767802e-04   3.950991e-05   360
  7.595177e-02   7.150090e-04   1.059672e-04   4.467036e-05   180
  7.645202e-02   6.156544e-04   1.154112e-04   2.629004e-05   486
  7.695907e-02   7.124504e-04   1.535340e-04   3.223421e-05   504
  7.747462e-02   7.700931e-04   1.192882e-04   3.609485e-05   456
  7.790209e-02   7.366735e-04   9.910745e-05   4.291590e-05   296
  7.846686e-02   7.224184e-04   9.779604e-05   3.149617e-05   528
  7.889160e-02   7.406678e-04   9.649931e-05   3.725024e-05   336
  7.951717e-02   7.484790e-04   1.070358e-04   3.103960e-05   600
  7.997507e-02   6.367721e-04   6.270729e-05   3.781618e-05   264
  8.043396e-02   7.574428e-04   6.781049e-05   3.715029e-05   360
  8.090234e-02   7.468925e-04   1.357633e-04   3.265707e-05   630
  8.141847e-02   8.902149e-04   7.007974e-05   4.201229e-05   432
  8.187631e-02   8.617310e-04   1.350259e-04   4.204792e-05   408
  8.243827e-02   7.888525e-04   8.962194e-05   4.260118e-05   324
  8.285635e-02   7.612156e-04   1.277222e-04   2.859389e-05   744
  8.336064e-02   7.251693e-04   1.021054e-04   4.040673e-05   336
  8.384245e-02   8.653112e-04   1.403689e-04   3.728946e-05   528
  8.437080e-02   7.428446e-04   7.162045e-05   4.099384e-05   408
  8.472109e-02   7.260238e-04   1.218981e-04   3.543546e-05   408
  8.529988e-02   7.657542e-04   1.006308e-04   3.507376e-05   470
  8.572148e-02   8.378823e-04   1.208902e-04   3.854743e-05   528
  8.631019e-02   7.242333e-04   1.007343e-04   2.731345e-05   624
  8.674381e-02   8.402258e-04   7.664930e-05   3.955543e-05   504
  8.719116e-02   7.319558e-04   1.067668e-04   3.097250e-05   552
  8.763489e-02   8.038565e-04   5.190111e-05   4.044736e-05   336
  8.819051e-02   8.829577e-04   1.104770e-04   3.964040e-05   528
  8.862093e-02   8.323237e-04   1.257802e-04   3.320860e-05   564
  8.912507e-02   7.806394e-04   1.157674e-04   3.738706e-05   528
  8.967166e-02   8.964540e-04   1.797324e-04   3.870611e-05   582
  9.016871e-02   8.435917e-04   1.383668e-04   3.412680e-05   624
  9.060342e-02   8.282041e-04   1.581799e-04   4.209610e-05   432
  9.112208e-02   8.734796e-04   1.759475e-04   2.956357e-05   816
  9.165576e-02   9.028122e-04   8.018898e-05   5.115923e-05   312
  9.200488e-02   7.892910e-04   1.299641e-04   3.445626e-05   552
  9.256787e-02   8.484874e-04   8.185444e-05   3.162560e-05   744
  9.297574e-02   9.154771e-04   7.646869e-05   5.007215e-05   408
  9.350218e-02   8.181230e-04   1.095830e-04   3.385684e-05   632
  9.404906e-02   9.475130e-04   1.860997e-04   3.575910e-05   750
  9.449396e-02   1.000323e-03   1.280227e-04   5.398624e-05   312
  9.498974e-02   8.982876e-04   1.890077e-04   3.107919e-05   876
  9.548011e-02   7.584438e-04   1.234108e-04   3.104228e-05   552
  9.603265e-02   8.968653e-04   1.020603e-04   3.516670e-05   696
  9.640905e-02   9.228676e-04   1.126552e-04   4.069079e-05   576
  9.692128e-02   8.491012e-04   1.192748e-04   3.947189e-05   576
  9.735848e-02   9.243896e-04   1.598285e-04   3.656785e-05   648
  9.788685e-02   9.377535e-04   1.599783e-04   3.496445e-05   672
  9.847019e-02   9.246757e-04   6.785687e-05   4.412765e-05   480
  9.884355e-02   8.647682e-04   1.050846e-04   3.125208e-05   726
  9.932431e-02   9.711451e-04   1.190745e-04   3.532377e-05   792
  9.984502e-02   9.097470e-04   1.651878e-04   3.355840e-05   768
  1.003938e-01   9.660006e-04   1.350017e-04   3.652161e-05   672
  1.008970e-01   9.412377e-04   9.055629e-05   3.696156e-05   608
  1.012613e-01   8.876948e-04   8.693679e-05   3.499416e-05   624
  1.017809e-01   8.920011e-04   1.129736e-04   3.238515e-05   684
  1.022864e-01   9.161000e-04   1.668752e-04   3.210256e-05   768
  1.027568e-01   9.713893e-04   1.334155e-04   3.333277e-05   744
  1.033173e-01   9.170244e-04   8.400635e-05   3.191784e-05   750
  1.037259e-01   8.854673e-04   1.248642e-04   3.990456e-05   600
  1.041677e-01   9.457332e-04   1.325833e-04   3.900839e-05   600
  1.047135e-01   9.652874e-04   1.527941e-04   3.039950e-05   1008
  1.051470e-01   9.892222e-04   8.474486e-05   3.758039e-05   696
  1.056273e-01   1.032585e-03   1.119517e-04   4.359323e-05   624
  1.061102e-01   9.877064e-04   1.742111e-04   3.742831e-05   840
  1.066588e-01   1.068060e-03   1.185366e-04   3.775329e-05   816
  1.071038e-01   9.493867e-04   7.873478e-05   3.238802e-05   744
  1.075531e-01   9.880713e-04   1.391901e-04   4.225842e-05   510
  1.080960e-01   1.033961e-03   1.336339e-04   3.322372e-05   1020
  1.086012e-01   1.039845e-03   1.078294e-04   3.422763e-05   912
  1.090992e-01   1.077186e-03   1.597552e-04   3.869898e-05   752
  1.095110e-01   1.043935e-03   1.325595e-04   4.168065e-05   888
  1.100730e-01   1.025228e-03   8.554013e-05   3.644347e-05   768
  1.105327e-01   1.019618e-03   1.554339e-04   3.671938e-05   720
  1.110617e-01   1.042105e-03   1.370195e-04   3.434148e-05   1056
  1.115309e-01   1.062857e-03   9.479589e-05   4.746787e-05   504
  1.119154e-01   9.396754e-04   1.480257e-04   3.592713e-05   774
  1.124652e-01   1.067958e-03   1.423615e-04   3.307693e-05   1272
  1.129816e-01   1.105796e-03   9.326921e-05   4.335771e-05   744
  1.134632e-01   1.027529e-03   1.523027e-04   3.810462e-05   768
  1.139050e-01   1.087746e-03   1.288282e-04   3.735259e-05   840
  1.144011e-01   1.123089e-03   8.734207e-05   3.639377e-05   924
  1.148789e-01   1.095670e-03   1.539839e-04   3.624260e-05   936
  1.153484e-01   1.023327e-03   1.070130e-04   3.356743e-05   840
  1.158214e-01   1.130845e-03   1.272259e-04   3.556726e-05   1008
  1.164225e-01   1.053196e-03   1.436262e-04   3.956312e-05   696
  1.167996e-01   1.059400e-03   1.276589e-04   3.574802e-05   974
  1.173599e-01   1.165997e-03   1.695459e-04   3.432868e-05   1152
  1.178471e-01   1.133068e-03   6.634378e-05   3.883687e-05   816
  1.182260e-01   1.090490e-03   1.459488e-04   3.747959e-05   816
  1.187357e-01   1.149304e-03   1.288794e-04   3.496120e-05   1152
  1.192732e-01   1.157843e-03   1.160356e-04   3.790152e-05   912
  1.197621e-01   1.231855e-03   1.409833e-04   3.874340e-05   1056
  1.201806e-01   1.191432e-03   1.205660e-04   5.150183e-05   624
  1.207435e-01   1.158932e-03   1.506027e-04   3.511355e-05   1260
  1.212292e-01   1.203822e-03   9.083716e-05   4.056750e-05   894
  1.217037e-01   1.287040e-03   1.556364e-04   3.627109e-05   1176
  1.221783e-01   1.154703e-03   1.288208e-04   4.457101e-05   840
  1.227186e-01   1.219441e-03   1.464236e-04   3.151369e-05   1440
  1.232859e-01   1.135847e-03   8.232021e-05   3.734825e-05   864
  1.237160e-01   1.279725e-03   1.412655e-04   4.088227e-05   1056
  1.241441e-01   1.333110e-03   8.328830e-05   5.682700e-05   624
  1.246641e-01   1.234313e-03   1.542356e-04   3.183973e-05   1496
  1.251612e-01   1.265770e-03   1.088958e-04   5.031470e-05   936
  1.256039e-01   1.211539e-03   1.576468e-04   3.983921e-05   966
  1.260801e-01   1.243523e-03   1.117465e-04   4.138519e-05   936
  1.265804e-01   1.317027e-03   1.382244e-04   3.697811e-05   1248
  1.270926e-01   1.232704e-03   9.744205e-05   3.804318e-05   1044
  1.275698e-01   1.222470e-03   1.509409e-04   3.546285e-05   1392
  1.279478e-01   1.223679e-03   1.162549e-04   4.814762e-05   600
  1.284885e-01   1.209340e-03   1.320778e-04   3.205434e-05   1416
  1.289955e-01   1.278071e-03   1.421656e-04   3.739399e-05   1152
  1.295092e-01   1.254870e-03   1.363856e-04   4.071278e-05   936
  1.299230e-01   1.274963e-03   1.462802e-04   4.391176e-05   870
  1.304147e-01   1.368038e-03   1.226502e-04   3.986744e-05   1368
  1.309604e-01   1.330144e-03   1.612530e-04   3.429478e-05   1632
  1.314267e-01   1.444053e-03   7.000699e-05   5.102206e-05   816
  1.319315e-01   1.324405e-03   1.597143e-04   3.799240e-05   1200
  1.323720e-01   1.361822e-03   1.527057e-04   3.920859e-05   1184
  1.328194e-01   1.456915e-03   1.158936e-04   4.711688e-05   984
  1.333683e-01   1.325157e-03   1.414942e-04   3.542937e-05   1572
  1.338659e-01   1.463520e-03   7.792333e-05   5.516617e-05   840
  1.343297e-01   1.295598e-03   1.812138e-04   3.566730e-05   1392
  1.348193e-01   1.330811e-03   1.330470e-04   4.255378e-05   1158
  1.352564e-01   1.430074e-03   1.211496e-04   4.196462e-05   1272
  1.357826e-01   1.461314e-03   1.234623e-04   4.226091e-05   1320
  1.362769e-01   1.374472e-03   1.208065e-04   4.314864e-05   1104
  1.367472e-01   1.376544e-03   1.367360e-04   4.031629e-05   1392
  1.372408e-01   1.303596e-03   1.478938e-04   3.809612e-05   1296
  1.377492e-01   1.333611e-03   1.544255e-04   3.664052e-05   1392
  1.382262e-01   1.350867e-03   1.132835e-04   4.189732e-05   1104
  1.386675e-01   1.340929e-03   1.426913e-04   3.635336e-05   1320
  1.392961e-01   1.383157e-03   1.089713e-04   3.886140e-05   1422
  1.396977e-01   1.413110e-03   1.357176e-04   4.522804e-05   1212
  1.401589e-01   1.340217e-03   1.483027e-04   3.828985e-05   1280
  1.406327e-01   1.451006e-03   1.544235e-04   4.173055e-05   1272
  1.410869e-01   1.477293e-03   1.336382e-04   3.728092e-05   1680
  1.416252e-01   1.278984e-03   1.262633e-04   4.103451e-05   1152
  1.421207e-01   1.374447e-03   1.462174e-04   3.482475e-05   1512
  1.426417e-01   1.337276e-03   6.173239e-05   4.723553e-05   912
  1.430535e-01   1.385540e-03   1.556147e-04   3.375608e-05   1680
  1.436012e-01   1.267531e-03   1.378563e-04   3.372343e-05   1518
  1.440071e-01   1.439648e-03   1.276288e-04   4.403878e-05   1056
  1.444347e-01   1.380684e-03   1.288698e-04   3.572366e-05   1344
  1.449875e-01   1.588916e-03   1.383780e-04   3.990578e-05   1680
  1.454876e-01   1.367807e-03   1.363571e-04   3.655030e-05   1656
  1.460341e-01   1.389846e-03   1.159057e-04   4.938693e-05   1140
  1.464444e-01   1.353936e-03   1.342100e-04   3.948536e-05   1368
  1.469271e-01   1.365027e-03   1.526647e-04   3.591141e-05   1656
  1.474179e-01   1.409522e-03   1.563614e-04   4.025738e-05   1448
  1.479520e-01   1.355758e-03   1.468912e-04   3.572066e-05   1422
  1.484453e-01   1.456580e-03   1.621619e-04   3.997198e-05   1512
  1.488673e-01   1.475335e-03   1.236275e-04   4.433437e-05   1296
  1.493554e-01   1.396377e-03   1.128801e-04   3.608016e-05   1824
  1.498832e-01   1.383160e-03   1.463660e-04   3.675941e-05   1464
  1.504163e-01   1.295165e-03   1.306107e-04   3.024860e-05   1824
  1.509111e-01   1.445470e-03   1.038421e-04   3.937112e-05   1416
  1.513416e-01   1.337767e-03   1.521007e-04   3.734807e-05   1392
  1.518062e-01   1.363028e-03   1.403562e-04   3.732823e-05   1464
  1.523732e-01   1.271701e-03   1.372200e-04   3.588132e-05   1524
  1.528113e-01   1.353636e-03   1.264504e-04   3.692414e-05   1686
  1.533176e-01   1.369102e-03   1.505644e-04   3.572504e-05   1800
  1.537528e-01   1.529036e-03   1.195338e-04   4.980065e-05   1344
  1.542356e-01   1.404089e-03   1.394596e-04   3.898307e-05   1656
  1.547196e-01   1.421100e-03   1.113514e-04   3.722931e-05   1488
  1.551402e-01   1.464800e-03   1.111701e-04   3.802356e-05   1536
  1.557262e-01   1.361283e-03   1.234973e-04   3.652635e-05   1760
  1.561802e-01   1.298790e-03   1.373667e-04   3.155537e-05   1824
  1.567053e-01   1.465346e-03   1.152763e-04   3.929425e-05   1560
  1.572105e-01   1.457007e-03   1.324056e-04   3.888438e-05   1926
  1.576857e-01   1.476486e-03   9.415777e-05   4.564004e-05   1272
  1.581194e-01   1.377899e-03   1.582320e-04   3.515706e-05   1848
  1.586895e-01   1.418878e-03   1.278379e-04   3.393418e-05   1908
  1.591231e-01   1.437922e-03   1.246890e-04   4.061855e-05   1488
  1.595806e-01   1.308221e-03   1.406224e-04   3.472204e-05   1800
  1.600766e-01   1.343267e-03   1.407610e-04   3.423534e-05   1752
  1.605517e-01   1.332477e-03   1.496769e-04   3.729727e-05   1368
  1.610272e-01   1.366981e-03   1.406675e-04   3.049117e-05   2016
  1.615501e-01   1.464187e-03   1.485794e-04   4.008818e-05   1542
  1.620327e-01   1.371163e-03   1.454994e-04   3.395661e-05   2184
  1.625669e-01   1.457066e-03   1.330990e-04   3.603586e-05   1776
  1.630283e-01   1.367378e-03   1.521522e-04   3.820822e-05   1568
  1.634682e-01   1.435933e-03   1.390081e-04   3.604950e-05   2040
  1.639468e-01   1.481127e-03   1.486121e-04   3.814321e-05   1704
  1.644478e-01   1.328131e-03   1.489728e-04   3.610142e-05   1512
  1.649202e-01   1.389983e-03   1.270742e-04   3.206046e-05   2028
  1.654509e-01   1.397001e-03   1.532841e-04   3.262577e-05   1968
  1.659362e-01   1.331214e-03   1.554838e-04   3.297265e-05   1854
  1.664110e-01   1.423170e-03   1.482240e-04   3.757563e-05   1632
  1.668977e-01   1.430706e-03   1.523128e-04   3.168435e-05   2424
  1.674021e-01   1.417421e-03   1.524713e-04   3.802415e-05   1560
  1.678285e-01   1.440746e-03   1.440852e-04   3.517892e-05   1728
  1.683437e-01   1.391392e-03   1.538043e-04   3.514283e-05   2088
  1.688623e-01   1.292899e-03   1.464052e-04   3.116495e-05   1968
  1.693394e-01   1.364395e-03   1.449552e-04   3.465954e-05   2256
  1.698178e-01   1.384654e-03   1.288813e-04   3.380209e-05   1728
  1.703172e-01   1.381984e-03   1.270494e-04   3.958296e-05   1416
  1.707596e-01   1.470816e-03   1.339356e-04   3.241956e-05   2246
  1.712606e-01   1.437701e-03   1.483321e-04   3.644100e-05   2148
  1.717398e-01   1.478038e-03   1.252967e-04   4.177879e-05   1680
  1.721909e-01   1.424389e-03   1.584012e-04   2.993072e-05   2280
  1.727331e-01   1.451838e-03   1.475065e-04   3.270719e-05   2352
  1.732395e-01   1.370416e-03   1.239422e-04   3.505642e-05   1632
  1.736402e-01   1.448142e-03   1.418228e-04   3.574403e-05   1968
  1.741900e-01   1.342139e-03   1.455103e-04   3.387940e-05   2112
  1.746998e-01   1.412450e-03   1.093039e-04   3.566066e-05   2208
  1.751952e-01   1.389035e-03   1.102112e-04   3.316965e-05   1974
  1.755862e-01   1.425958e-03   1.078165e-04   3.573935e-05   1944
  1.761144e-01   1.502087e-03   1.219820e-04   3.514226e-05   2160
  1.765722e-01   1.441477e-03   1.140807e-04   3.599921e-05   2040
  1.770670e-01   1.509340e-03   1.596015e-04   3.668885e-05   2352
  1.775745e-01   1.523063e-03   1.325904e-04   3.718433e-05   1836
  1.780376e-01   1.423551e-03   1.414413e-04   3.256372e-05   2352
  1.785577e-01   1.356946e-03   1.483527e-04   3.234964e-05   2008
  1.790344e-01   1.445489e-03   1.459431e-04   3.271081e-05   2464
  1.795659e-01   1.414462e-03   1.177095e-04   3.285496e-05   2118
  1.800019e-01   1.456906e-03   1.183276e-04   3.970870e-05   1848
  1.804507e-01   1.655257e-03   1.565861e-04   4.210157e-05   2280
  1.809928e-01   1.552881e-03   1.489508e-04   3.557464e-05   2472
  1.814993e-01   1.382994e-03   9.953927e-05   3.241222e-05   2280
  1.819245e-01   1.580694e-03   1.216700e-04   4.117317e-05   1992
  1.823831e-01   1.508640e-03   1.279126e-04   3.463405e-05   2184
  1.829118e-01   1.361976e-03   1.543068e-04   3.176335e-05   2352
  1.834214e-01   1.501540e-03   1.626118e-04   3.292938e-05   2496
  1.839203e-01   1.430004e-03   1.518813e-04   3.770335e-05   1770
  1.843678e-01   1.607860e-03   1.310496e-04   3.717458e-05   2568
  1.849057e-01   1.569907e-03   1.607377e-04   3.593297e-05   2712
  1.853947e-01   1.604952e-03   1.276489e-04   3.815021e-05   2448
  1.858830e-01   1.571946e-03   1.076015e-04   3.878177e-05   2064
  1.862881e-01   1.536096e-03   1.135758e-04   4.274481e-05   1944
  1.868133e-01   1.480603e-03   1.403079e-04   3.450131e-05   2480
  1.873491e-01   1.467563e-03   1.524155e-04   3.074097e-05   2880
  1.878237e-01   1.488781e-03   1.462067e-04   3.664174e-05   2304
  1.883193e-01   1.515024e-03   1.343278e-04   3.905028e-05   1806
  1.887589e-01   1.576037e-03   1.317346e-04   3.508334e-05   2856
  1.893097e-01   1.641715e-03   1.263374e-04   3.842693e-05   2568
  1.897288e-01   1.509516e-03   1.267515e-04   3.899940e-05   2112
  1.901850e-01   1.607988e-03   1.220840e-04   4.537185e-05   2028
  1.906744e-01   1.495301e-03   1.445115e-04   3.318092e-05   2712
  1.911714e-01   1.581192e-03   1.556884e-04   3.359795e-05   2952
  1.917055e-01   1.506211e-03   1.202957e-04   3.547330e-05   2112
  1.921372e-01   1.500886e-03   1.409804e-04   3.317930e-05   2520
  1.926559e-01   1.448919e-03   1.359784e-04   3.288048e-05   2376
  1.931282e-01   1.590516e-03   1.090048e-04   3.572737e-05   2526
  1.936186e-01   1.683242e-03   1.356536e-04   3.924310e-05   2664
  1.941040e-01   1.702187e-03   1.617960e-04   4.314563e-05   2408
  1.945694e-01   1.570054e-03   1.296049e-04   3.806907e-05   2568
  1.950440e-01   1.630237e-03   1.221942e-04   3.305481e-05   2904
  1.955589e-01   1.574103e-03   1.371053e-04   3.469392e-05   2544
  1.960480e-01   1.600256e-03   1.009875e-04   4.068859e-05   2160
  1.965096e-01   1.663238e-03   1.745958e-04   3.844636e-05   2652
  1.970194e-01   1.462166e-03   1.382439e-04   3.098080e-05   2784
  1.975101e-01   1.665765e-03   1.365199e-04   3.601906e-05   2694
  1.980185e-01   1.570293e-03   1.226932e-04   3.531935e-05   2952
  1.984602e-01   1.657943e-03   1.162128e-04   4.102341e-05   2208
  1.989102e-01   1.695997e-03   1.238599e-04   4.124920e-05   2304
  1.994125e-01   1.535120e-03   1.610662e-04   2.936789e-05   3504
  1.999983e-01   1.586121e-03   1.304210e-04   3.610431e-05   2616
  2.004552e-01   1.547239e-03   1.274108e-04   3.539583e-05   2664
  2.008953e-01   1.531249e-03   1.183758e-04   3.559941e-05   2448
  2.013388e-01   1.590614e-03   1.648584e-04   3.601309e-05   2472
  2.018606e-01   1.613911e-03   1.310718e-04   3.338976e-05   3134
  2.023516e-01   1.676067e-03   1.433541e-04   3.912781e-05   2616
  2.028419e-01   1.592466e-03   1.161223e-04   3.839497e-05   2712
  2.033463e-01   1.614826e-03   1.331755e-04   3.465051e-05   3204
  2.038284e-01   1.557559e-03   1.533782e-04   3.559308e-05   2760
  2.042862e-01   1.513324e-03   1.338200e-04   3.477729e-05   2688
  2.047911e-01   1.570347e-03   1.265264e-04   3.467449e-05   2760
  2.052376e-01   1.474697e-03   1.044749e-04   3.583927e-05   2568
  2.057517e-01   1.483964e-03   1.622443e-04   2.964057e-05   3336
  2.062452e-01   1.593487e-03   1.373220e-04   3.909328e-05   2334
  2.067435e-01   1.577925e-03   1.519616e-04   3.483352e-05   3264
  2.072092e-01   1.709921e-03   1.104877e-04   4.572854e-05   2760
  2.076868e-01   1.527578e-03   1.334378e-04   3.230283e-05   3192
  2.081730e-01   1.607781e-03   1.385370e-04   3.920449e-05   2904
  2.086902e-01   1.544633e-03   1.390027e-04   3.504885e-05   2784
  2.091231e-01   1.661759e-03   1.144018e-04   3.895350e-05   2592
  2.096156e-01   1.476398e-03   1.559460e-04   3.184328e-05   3284
  2.101389e-01   1.504320e-03   1.566406e-04   3.227971e-05   3168
  2.106071e-01   1.534458e-03   1.292397e-04   3.420919e-05   2616
  2.110994e-01   1.465938e-03   1.248775e-04   3.412051e-05   3222
  2.115781e-01   1.609064e-03   1.401164e-04   3.459584e-05   3240
  2.120418e-01   1.658955e-03   1.417503e-04   4.171244e-05   2568
  2.125690e-01   1.676169e-03   1.300629e-04   4.197563e-05   3120
  2.130097e-01   1.627256e-03   1.429850e-04   3.721433e-05   3168
  2.134838e-01   1.541512e-03   1.251725e-04   3.865141e-05   3240
  2.140024e-01   1.497904e-03   1.284239e-04   3.198705e-05   3144
  2.145062e-01   1.466281e-03   1.224103e-04   3.239618e-05   2856
  2.149823e-01   1.504972e-03   1.307392e-04   3.028040e-05   3264
  2.155212e-01   1.547506e-03   1.444609e-04   3.390635e-05   3318
  2.159452e-01   1.689570e-03   1.011723e-04   4.752524e-05   2556
  2.164506e-01   1.518182e-03   1.728209e-04   3.199026e-05   4008
  2.169623e-01   1.609303e-03   1.275720e-04   3.923290e-05   2904
  2.174000e-01   1.466189e-03   1.304469e-04   3.152452e-05   3144
  2.178983e-01   1.514160e-03   1.359922e-04   3.513180e-05   3200
  2.184140e-01   1.426163e-03   1.341212e-04   3.094189e-05   3312
  2.188763e-01   1.508566e-03   1.080957e-04   3.413467e-05   2832
  2.193924e-01   1.483447e-03   1.555565e-04   2.933556e-05   3984
  2.198717e-01   1.584107e-03   1.264601e-04   4.062293e-05   2238
  2.203092e-01   1.588623e-03   1.488218e-04   3.548528e-05   3984
  2.208520e-01   1.527814e-03   1.414250e-04   3.457790e-05   3384
  2.213029e-01   1.697718e-03   1.321942e-04   4.093022e-05   3048
  2.217737e-01   1.431868e-03   1.213801e-04   3.313223e-05   3096
  2.222656e-01   1.569126e-03   1.375807e-04   3.203216e-05   3708
  2.227545e-01   1.452281e-03   1.304078e-04   3.535301e-05   2784
  2.232087e-01   1.566983e-03   1.354535e-04   3.362910e-05   3648
  2.237247e-01   1.490965e-03   1.394108e-04   3.241487e-05   3888
  2.242738e-01   1.412631e-03   1.488252e-04   3.364472e-05   2958
  2.246837e-01   1.537739e-03   1.270361e-04   3.274584e-05   3264
  2.251777e-01   1.686314e-03   1.402443e-04   4.088422e-05   3160
  2.256445e-01   1.471432e-03   1.271016e-04   3.206905e-05   3736
  2.260868e-01   1.503539e-03   1.158193e-04   3.891613e-05   3216
  2.266085e-01   1.549219e-03   1.419303e-04   3.168363e-05   4032
  2.271526e-01   1.457116e-03   1.295798e-04   2.926301e-05   3528
  2.276165e-01   1.519196e-03   1.143819e-04   3.410480e-05   3192
  2.280803e-01   1.434662e-03   1.252686e-04   3.157002e-05   3456
  2.285834e-01   1.405665e-03   1.298903e-04   3.113609e-05   3060
  2.290876e-01   1.528207e-03   1.544545e-04   3.102281e-05   4518
  2.295790e-01   1.523124e-03   1.375990e-04   3.478257e-05   3528
  2.300307e-01   1.688550e-03   1.155591e-04   4.462782e-05   3024
  2.305122e-01   1.476374e-03   1.564624e-04   3.246571e-05   3672
  2.310028e-01   1.510942e-03   1.342922e-04   3.286206e-05   3864
  2.315474e-01   1.477637e-03   1.423480e-04   3.136341e-05   3816
  2.319928e-01   1.405783e-03   1.295052e-04   3.054369e-05   3456
  2.324198e-01   1.474480e-03   1.172315e-04   3.497747e-05   2688
  2.329230e-01   1.426293e-03   1.390930e-04   2.675877e-05   4248
  2.334218e-01   1.541913e-03   1.332244e-04   3.506235e-05   3926
  2.339228e-01   1.548823e-03   1.406621e-04   3.745968e-05   3504
  2.344067e-01   1.586798e-03   1.257540e-04   3.376707e-05   3960
  2.349411e-01   1.483276e-03   1.415697e-04   3.292525e-05   3684
  2.353994e-01   1.412588e-03   1.415603e-04   3.071412e-05   4104
  2.358576e-01   1.509223e-03   1.342621e-04   3.318052e-05   3144
  2.363498e-01   1.446399e-03   1.470632e-04   3.000593e-05   4224
  2.368909e-01   1.380836e-03   1.305314e-04   2.766010e-05   4008
  2.373532e-01   1.447021e-03   1.436052e-04   3.004703e-05   3312
  2.378293e-01   1.488497e-03   1.428317e-04   3.459927e-05   3726
  2.383356e-01   1.506980e-03   1.467057e-04   3.405792e-05   3936
  2.387852e-01   1.634650e-03   1.512247e-04   4.005635e-05   3888
  2.392518e-01   1.498816e-03   1.429975e-04   3.366942e-05   3864
  2.397372e-01   1.513303e-03   1.520184e-04   3.457927e-05   3888
  2.402373e-01   1.410507e-03   1.433767e-04   3.092596e-05   4080
  2.407309e-01   1.519153e-03   1.521663e-04   3.502497e-05   3400
  2.412345e-01   1.447625e-03   1.395519e-04   2.924503e-05   4588
  2.417438e-01   1.410447e-03   1.381276e-04   3.089861e-05   3816
  2.421888e-01   1.439657e-03   1.308874e-04   3.160238e-05   3534
  2.426599e-01   1.621214e-03   1.292818e-04   3.509900e-05   4080
  2.431528e-01   1.577552e-03   1.351361e-04   3.284041e-05   4248
  2.436477e-01   1.610612e-03   1.361762e-04   4.145065e-05   3528
  2.441045e-01   1.557732e-03   1.392215e-04   3.245452e-05   4248
  2.445661e-01   1.471763e-03   1.361726e-04   3.327881e-05   3696
  2.450802e-01   1.448950e-03   1.412982e-04   2.801129e-05   4560
  2.455678e-01   1.498228e-03   1.323495e-04   3.133677e-05   3864
  2.460685e-01   1.407146e-03   1.441083e-04   2.843409e-05   4440
  2.465431e-01   1.466312e-03   1.344565e-04   3.725318e-05   3432
  2.470417e-01   1.547684e-03   1.318374e-04   3.376273e-05   4470
  2.475323e-01   1.579626e-03   1.171596e-04   3.390003e-05   4188
  2.480144e-01   1.505561e-03   1.500979e-04   3.183443e-05   4392
  2.484933e-01   1.620267e-03   1.161150e-04   3.812620e-05   3960
  2.489913e-01   1.551939e-03   1.311762e-04   3.292578e-05   4328
  2.494737e-01   1.457964e-03   1.365155e-04   2.951565e-05   4320
  2.499612e-01   1.494828e-03   1.427527e-04   3.131648e-05   4152
  2.504133e-01   1.632865e-03   1.194148e-04   4.048208e-05   3528
  2.509246e-01   1.414744e-03   1.292483e-04   2.750880e-05   4512
  2.514030e-01   1.574063e-03   1.321235e-04   3.758821e-05   4134
  2.518889e-01   1.670750e-03   1.407559e-04   3.413904e-05   5208
  2.523561e-01   1.606319e-03   1.226327e-04   3.895049e-05   3240
  2.528396e-01   1.656858e-03   1.352583e-04   3.488773e-05   4680
  2.533316e-01   1.538101e-03   1.339167e-04   3.440955e-05   4440
  2.538242e-01   1.463670e-03   1.517493e-04   3.247398e-05   4260
  2.542967e-01   1.439088e-03   1.238886e-04   3.235719e-05   4056
  2.547833e-01   1.417989e-03   1.373522e-04   2.796479e-05   4704
  2.552940e-01   1.550768e-03   1.598328e-04   3.286511e-05   4800
  2.558338e-01   1.514430e-03   1.384828e-04   3.213808e-05   4806
  2.563004e-01   1.892312e-03   1.380453e-04   4.737208e-05   3552
  2.567447e-01   1.508763e-03   1.384155e-04   3.647595e-05   4304
  2.572463e-01   1.586417e-03   1.342317e-04   3.283199e-05   5280
  2.577424e-01   1.515339e-03   1.287726e-04   3.226034e-05   4320
  2.582120e-01   1.532691e-03   1.454180e-04   3.354350e-05   4296
  2.587071e-01   1.483157e-03   1.616686e-04   2.911715e-05   4608
  2.592079e-01   1.535389e-03   1.548872e-04   3.026014e-05   4824
  2.597037e-01   1.409997e-03   1.462245e-04   3.022625e-05   4488
  2.602357e-01   1.594984e-03   1.365163e-04   3.529035e-05   4530
  2.606750e-01   1.548943e-03   1.332969e-04   3.643483e-05   4464
  2.611146e-01   1.580544e-03   1.256224e-04   3.502800e-05   4104
  2.616192e-01   1.536260e-03   1.354472e-04   2.986856e-05   5424
  2.621157e-01   1.585805e-03   1.458006e-04   3.762062e-05   4392
  2.626209e-01   1.566404e-03   1.427447e-04   3.341346e-05   4896
  2.630796e-01   1.469851e-03   1.399190e-04   3.227265e-05   4104
  2.635583e-01   1.605613e-03   1.261700e-04   3.477011e-05   4824
  2.640634e-01   1.361040e-03   1.205890e-04   2.793997e-05   4680
  2.645034e-01   1.440415e-03   1.233362e-04   3.155374e-05   4328
  2.650142e-01   1.540291e-03   1.421747e-04   3.307866e-05   5118
  2.655274e-01   1.617492e-03   1.647184e-04   3.547882e-05   5304
  2.659905e-01   1.784034e-03   1.297081e-04   4.210156e-05   4392
  2.664951e-01   1.535428e-03   1.301864e-04   3.442545e-05   4476
  2.669364e-01   1.497060e-03   1.292906e-04   3.392642e-05   4704
  2.674274e-01   1.497206e-03   1.564908e-04   2.938850e-05   5208
  2.679435e-01   1.454347e-03   1.319479e-04   3.192951e-05   5304
  2.684190e-01   1.435725e-03   1.413346e-04   2.988779e-05   4296
  2.689066e-01   1.492997e-03   1.340217e-04   3.050101e-05   4752
  2.694189e-01   1.532940e-03   1.345359e-04   3.262698e-05   4950
  2.698794e-01   1.572353e-03   1.406262e-04   3.466162e-05   5064
  2.703399e-01   1.617876e-03   1.178265e-04   3.694315e-05   4872
  2.708057e-01   1.563829e-03   1.240390e-04   3.972904e-05   4224
  2.713029e-01   1.559087e-03   1.370167e-04   3.158894e-05   6120
  2.718321e-01   1.436262e-03   1.507358e-04   3.071864e-05   4968
  2.723121e-01   1.553120e-03   1.333881e-04   3.483101e-05   4424
  2.728088e-01   1.501411e-03   1.703749e-04   3.408345e-05   5436
  2.732993e-01   1.428487e-03   1.452596e-04   2.941300e-05   4896
  2.737736e-01   1.401583e-03   1.390702e-04   3.247652e-05   5214
  2.742308e-01   1.659740e-03   1.182169e-04   3.911143e-05   4656
  2.747387e-01   1.649508e-03   1.503032e-04   3.681090e-05   5448
  2.752241e-01   1.548115e-03   1.269422e-04   3.912996e-05   4992
  2.756994e-01   1.641000e-03   1.404898e-04   3.862571e-05   5400
  2.762219e-01   1.550494e-03   1.557062e-04   3.258956e-05   5328
  2.767032e-01   1.498135e-03   1.392299e-04   3.411232e-05   4776
  2.771561e-01   1.363801e-03   1.308295e-04   2.966871e-05   4800
  2.776593e-01   1.460476e-03   1.682401e-04   2.786776e-05   6552
  2.781857e-01   1.598101e-03   1.271030e-04   4.343276e-05   3942
  2.786419e-01   1.522336e-03   1.601990e-04   3.236529e-05   6072
  2.791470e-01   1.707526e-03   1.244164e-04   4.429176e-05   4692
  2.795705e-01   1.507306e-03   1.298888e-04   3.393831e-05   4944
  2.800665e-01   1.499099e-03   1.394107e-04   3.145307e-05   5840
  2.805759e-01   1.470632e-03   1.492333e-04   3.350331e-05   5712
  2.810773e-01   1.497827e-03   1.250671e-04   3.543478e-05   4800
  2.815348e-01   1.434883e-03   1.656330e-04   3.041098e-05   5688
  2.820359e-01   1.404952e-03   1.306810e-04   3.113756e-05   4848
  2.825324e-01   1.145296e-03   1.454557e-04   2.834738e-05   5406
  2.830037e-01   4.093236e-06   1.312973e-04   5.885264e-08   5568
  2.834769e-01   4.172243e-06   1.180275e-04   6.090988e-08   5736
  2.839884e-01   4.227042e-06   1.465826e-04   6.269219e-08   5280
  2.844524e-01   4.146403e-06   1.355263e-04   5.849045e-08   5592
  2.849301e-01   4.087927e-06   1.551417e-04   6.050890e-08   4968
  2.854352e-01   4.242191e-06   1.391053e-04   5.820220e-08   5964
  2.859279e-01   4.279751e-06   1.397517e-04   5.972524e-08   5376
  2.863756e-01   4.252188e-06   1.349389e-04   6.176347e-08   5472
  2.868946e-01   4.222172e-06   1.281532e-04   5.881091e-08   5472
  2.873693e-01   4.131663e-06   1.457059e-04   6.138408e-08   5415
  2.878292e-01   4.061181e-06   1.281660e-04   5.839085e-08   5096
  2.883268e-01   3.968614e-06   1.648183e-04   5.362420e-08   6372
  2.888302e-01   4.177795e-06   1.337920e-04   6.544401e-08   4656
  2.892814e-01   4.276840e-06   1.460580e-04   5.914885e-08   5844
  2.897668e-01   4.172971e-06   1.284189e-04   5.825191e-08   5508
  2.902812e-01   4.331305e-06   1.456803e-04   5.629433e-08   6324
  2.907860e-01   4.130844e-06   1.251396e-04   6.323026e-08   4752
  2.912474e-01   4.175516e-06   1.401041e-04   5.668305e-08   5676
  2.917468e-01   4.281408e-06   1.281684e-04   6.083815e-08   5472
  2.922209e-01   4.254244e-06   1.445704e-04   6.007631e-08   5556
  2.927301e-01   4.134387e-06   1.408810e-04   5.629511e-08   5436
  2.932217e-01   4.235117e-06   1.442016e-04   5.840010e-08   5916
  2.937264e-01   4.276508e-06   1.500331e-04   5.987504e-08   5520
  2.941809e-01   4.054925e-06   1.364480e-04   5.746718e-08   5280
  2.946466e-01   4.380981e-06   1.340724e-04   6.526026e-08   4416
  2.951720e-01   4.210271e-06   1.306879e-04   5.487675e-08   6260
  2.956655e-01   4.245379e-06   1.554038e-04   5.706102e-08   5940
  2.961126e-01   4.270265e-06   1.217066e-04   6.774920e-08   4188
  2.966047e-01   4.248025e-06   1.556122e-04   5.449128e-08   6360
  2.971222e-01   4.181216e-06   1.387995e-04   5.856378e-08   5256
  2.976029e-01   4.253571e-06   1.312113e-04   6.486068e-08   4848
  2.980147e-01   4.088068e-06   1.189499e-04   5.953349e-08   4704
  2.985217e-01   4.211728e-06   1.459205e-04   5.628528e-08   5784
  2.990374e-01   4.140215e-06   1.544008e-04   5.586602e-08   5820
  2.995352e-01   4.237101e-06   1.383100e-04   5.688419e-08   5700
  3.000361e-01   4.269900e-06   1.282634e-04   6.061344e-08   5232
  3.005375e-01   4.316772e-06   1.423193e-04   6.148895e-08   4932
  3.009817e-01   4.243714e-06   1.224997e-04   6.259901e-08   4716
  3.014485e-01   4.431691e-06   1.560382e-04   6.280082e-08   5616
  3.019287e-01   4.077866e-06   1.378046e-04   5.816830e-08   5184
  3.024240e-01   4.128429e-06   1.390111e-04   5.934105e-08   5064
  3.028912e-01   4.171224e-06   1.423406e-04   5.841520e-08   5544
  3.034093e-01   4.150179e-06   1.428860e-04   5.791880e-08   5192
  3.038807e-01   4.209217e-06   1.284053e-04   5.958137e-08   5244
  3.043764e-01   4.107015e-06   1.389360e-04   5.829384e-08   5112
  3.048691e-01   4.285753e-06   1.275010e-04   6.268652e-08   5040
  3.053213e-01   4.259834e-06   1.340439e-04   6.084400e-08   5124
  3.058494e-01   4.141872e-06   1.504823e-04   5.661102e-08   5952
  3.063369e-01   4.263098e-06   1.318531e-04   6.198752e-08   4824
  3.067788e-01   4.136848e-06   1.330892e-04   6.334459e-08   4536
  3.072903e-01   4.154609e-06   1.414616e-04   5.588882e-08   5712
  3.078157e-01   4.311565e-06   1.547976e-04   6.066530e-08   5352
  3.083112e-01   4.276764e-06   1.348344e-04   6.085279e-08   5004
  3.087539e-01   4.204777e-06   1.348711e-04   6.155103e-08   4800
  3.092296e-01   4.156674e-06   1.449374e-04   5.896960e-08   5148
  3.097567e-01   4.209610e-06   1.505363e-04   5.714859e-08   5664
  3.102329e-01   4.063649e-06   1.352034e-04   6.176143e-08   4692
  3.106729e-01   4.160840e-06   1.256056e-04   6.659463e-08   4008
  3.111861e-01   4.172969e-06   1.439712e-04   5.589023e-08   5852
  3.117078e-01   4.048522e-06   1.363273e-04   5.611125e-08   5784
  3.121712e-01   4.204152e-06   1.256700e-04   6.570267e-08   4392
  3.126481e-01   4.225550e-06   1.232703e-04   6.351162e-08   4944
  3.131489e-01   4.032509e-06   1.453336e-04   5.937996e-08   4776
  3.136211e-01   4.000421e-06   1.398188e-04   5.656719e-08   5244
  3.141336e-01   4.042242e-06   1.395722e-04   5.670609e-08   4884
  3.145636e-01   4.035064e-06   1.183681e-04   6.112881e-08   4488
  3.150636e-01   4.140974e-06   1.406525e-04   6.070528e-08   5160
  3.155671e-01   4.201586e-06   1.432039e-04   5.913544e-08   5316
  3.160521e-01   4.062562e-06   1.447892e-04   6.179095e-08   4896
  3.165249e-01   4.259642e-06   1.345344e-04   7.061667e-08   4188
  3.170014e-01   3.930302e-06   1.467406e-04   5.793854e-08   4836
  3.174880e-01   4.114511e-06   1.455680e-04   5.755165e-08   5316
  3.179808e-01   4.078163e-06   1.347408e-04   5.821078e-08   4920
  3.184417e-01   4.340617e-06   1.357413e-04   7.097695e-08   4128
  3.189362e-01   4.083174e-06   1.460260e-04   5.902431e-08   5348
  3.194229e-01   4.115975e-06   1.267067e-04   6.161155e-08   4836
  3.198876e-01   4.054167e-06   1.365306e-04   6.600395e-08   4392
  3.203882e-01   4.084890e-06   1.199532e-04   6.380295e-08   4632
  3.208388e-01   4.091995e-06   1.340287e-04   6.328222e-08   4596
  3.213563e-01   4.042189e-06   1.347844e-04   5.804687e-08   5424
  3.218683e-01   3.844986e-06   1.387362e-04   5.456924e-08   5256
  3.223958e-01   4.012644e-06   1.409032e-04   6.300372e-08   4524
  3.228350e-01   4.114775e-06   1.340268e-04   6.739790e-08   4440
  3.233270e-01   4.003306e-06   1.146101e-04   6.113673e-08   4380
  3.238085e-01   3.964423e-06   1.499870e-04   6.098448e-08   4812
  3.243210e-01   4.056008e-06   1.489725e-04   5.875184e-08   5376
  3.247896e-01   3.900435e-06   1.189892e-04   6.560846e-08   3888
  3.252385e-01   4.139531e-06   1.362564e-04   6.232495e-08   4896
  3.257395e-01   3.987694e-06   1.437728e-04   6.192373e-08   4608
  3.262654e-01   4.142291e-06   1.357127e-04   6.460649e-08   4448
  3.267232e-01   3.753772e-06   1.400926e-04   5.790726e-08   4752
  3.272056e-01   4.029503e-06   1.467382e-04   6.675042e-08   4356
  3.277129e-01   3.993779e-06   1.412082e-04   6.044110e-08   5232
  3.282173e-01   3.785081e-06   1.423025e-04   6.032684e-08   4548
  3.287063e-01   3.895175e-06   1.383360e-04   5.976049e-08   4608
  3.291837e-01   3.943581e-06   1.256671e-04   6.916317e-08   3936
  3.296343e-01   3.954739e-06   1.502088e-04   6.663481e-08   4260
  3.301407e-01   3.877913e-06   1.346643e-04   6.035506e-08   5004
  3.306038e-01   4.008169e-06   1.330711e-04   6.819378e-08   4224
  3.311115e-01   3.918292e-06   1.437697e-04   6.297444e-08   4788
  3.316047e-01   4.026406e-06   1.511985e-04   6.747340e-08   4428
  3.320852e-01   3.834539e-06   1.263467e-04   6.597464e-08   4080
  3.325477e-01   4.019859e-06   1.381486e-04   6.076228e-08   4632
  3.330347e-01   3.774515e-06   1.436640e-04   6.720058e-08   4056
  3.335467e-01   3.855428e-06   1.352621e-04   6.312194e-08   4536
  3.340144e-01   3.998661e-06   1.379585e-04   6.415697e-08   4668
  3.345266e-01   3.675926e-06   1.478669e-04   6.003771e-08   4604
  3.350255e-01   3.851868e-06   1.328598e-04   6.406625e-08   4152
  3.354859e-01   3.874243e-06   1.287622e-04   6.565833e-08   4224
  3.359739e-01   3.761743e-06   1.237953e-04   6.529092e-08   4152
  3.364615e-01   4.047895e-06   1.404246e-04   6.809403e-08   4224
  3.369356e-01   3.928207e-06   1.298644e-04   6.784584e-08   3960
  3.373922e-01   3.755162e-06   1.340119e-04   5.996111e-08   4656
  3.378910e-01   3.722944e-06   1.445961e-04   6.117516e-08   4452
  3.384025e-01   3.680350e-06   1.470057e-04   6.546092e-08   4056
  3.388784e-01   3.766797e-06   1.456648e-04   6.420529e-08   4212
  3.393606e-01   3.975297e-06   1.210536e-04   7.571637e-08   3432
  3.398492e-01   3.767650e-06   1.548628e-04   5.831067e-08   5352
  3.403267e-01   3.844684e-06   1.134185e-04   7.198018e-08   3600
  3.408466e-01   3.718020e-06   1.251027e-04   6.206328e-08   4584
  3.413005e-01   3.866625e-06   1.247343e-04   6.998439e-08   3768
  3.417680e-01   3.749121e-06   1.331557e-04   7.027723e-08   3848
  3.422347e-01   3.740161e-06   1.220886e-04   7.112406e-08   3720
  3.427639e-01   3.569849e-06   1.532392e-04   5.790935e-08   4764
  3.432311e-01   3.820508e-06   1.234001e-04   6.611023e-08   3864
  3.437109e-01   3.871769e-06   1.528459e-04   6.560164e-08   4332
  3.442342e-01   3.712922e-06   1.304937e-04   6.592858e-08   3792
  3.447018e-01   3.520816e-06   1.480185e-04   5.949985e-08   4284
  3.451974e-01   3.551264e-06   1.401572e-04   7.015618e-08   3840
  3.456664e-01   3.387956e-06   1.334113e-04   6.470662e-08   3480
  3.461427e-01   3.547317e-06   1.488614e-04   5.831882e-08   4380
  3.466576e-01   3.639926e-06   1.398292e-04   6.381835e-08   4200
  3.471635e-01   3.815445e-06   1.344014e-04   6.635838e-08   4056
  3.476333e-01   3.551403e-06   1.350788e-04   6.953874e-08   3600
  3.480735e-01   3.636705e-06   1.345848e-04   6.880408e-08   3492
  3.485878e-01   3.482577e-06   1.571647e-04   6.055311e-08   4500
  3.491126e-01   3.797413e-06   1.376975e-04   7.252356e-08   3516
  3.495636e-01   3.841218e-06   1.439500e-04   7.246936e-08   3968
  3.500690e-01   3.579079e-06   1.383484e-04   6.913383e-08   3648
  3.505165e-01   3.579285e-06   1.322992e-04   6.748745e-08   4224
  3.510237e-01   3.346317e-06   1.484940e-04   6.578961e-08   3588
  3.514997e-01   3.574348e-06   1.369683e-04   6.979629e-08   3456
  3.519786e-01   3.328033e-06   1.216448e-04   6.408100e-08   3660
  3.524735e-01   3.501759e-06   1.335194e-04   6.711422e-08   3768
  3.529347e-01   3.573156e-06   1.350276e-04   6.687206e-08   3744
  3.534301e-01   3.460293e-06   1.482149e-04   6.282854e-08   4176
  3.539572e-01   3.729989e-06   1.367120e-04   7.313109e-08   3612
  3.543928e-01   3.546130e-06   1.485682e-04   7.303968e-08   3216
  3.548913e-01   3.441060e-06   1.436402e-04   6.973861e-08   3624
  3.553925e-01   3.438457e-06   1.350690e-04   6.477776e-08   3744
  3.558768e-01   3.552417e-06   1.441176e-04   7.021288e-08   3672
  3.563547e-01   3.519540e-06   1.306896e-04   6.776641e-08   3852
  3.568482e-01   3.600924e-06   1.345097e-04   6.869097e-08   3672
  3.573731e-01   3.517440e-06   1.310574e-04   8.013888e-08   3248
  3.578115e-01   3.188135e-06   1.341465e-04   6.559081e-08   3336
  3.582900e-01   3.181673e-06   1.365492e-04   6.259919e-08   3576
  3.587793e-01   3.416927e-06   1.159180e-04   6.952223e-08   3336
  3.592778e-01   3.457666e-06   1.376902e-04   6.550027e-08   3936
  3.597697e-01   3.524658e-06   1.466440e-04   7.065219e-08   3408
  3.602575e-01   3.523416e-06   1.291957e-04   7.545314e-08   3336
  3.607316e-01   2.879722e-06   1.451163e-04   6.140407e-08   3312
  3.612054e-01   3.329525e-06   1.469319e-04   7.180720e-08   3432
  3.617101e-01   3.461962e-06   1.273841e-04   7.727550e-08   3144
  3.621706e-01   3.280610e-06   1.382881e-04   6.847789e-08   3456
  3.626887e-01   3.279696e-06   1.329107e-04   6.224847e-08   3792
  3.631568e-01   3.469300e-06   1.305556e-04   8.047251e-08   2868
  3.636625e-01   3.106948e-06   1.352551e-04   5.758520e-08   3888
  3.641351e-01   3.011431e-06   1.174435e-04   6.856675e-08   2784
  3.646004e-01   3.190454e-06   1.341238e-04   7.865091e-08   2964
  3.651086e-01   3.248348e-06   1.381212e-04   6.772777e-08   3432
  3.655924e-01   3.197038e-06   1.429694e-04   6.594739e-08   3416
  3.660820e-01   3.267594e-06   1.528218e-04   6.846864e-08   3528
  3.665830e-01   3.463406e-06   1.226504e-04   7.916727e-08   2904
  3.670262e-01   3.062818e-06   1.375270e-04   6.964339e-08   3072
  3.675416e-01   3.035714e-06   1.544586e-04   6.490631e-08   3216
  3.680569e-01   3.030184e-06   1.250951e-04   7.257252e-08   2844
  3.685093e-01   3.032388e-06   1.431483e-04   6.678641e-08   3432
  3.689737e-01   3.408908e-06   1.150574e-04   8.244314e-08   2880
  3.694925e-01   3.127629e-06   1.524100e-04   6.893016e-08   3576
  3.699812e-01   3.343697e-06   1.362332e-04   8.374835e-08   2700
  3.704492e-01   3.026151e-06   1.530237e-04   6.817881e-08   3000
  3.709392e-01   2.905038e-06   1.270553e-04   7.194571e-08   2556
  3.714151e-01   3.143686e-06   1.361780e-04   6.919755e-08   3360
  3.719070e-01   3.137812e-06   1.323185e-04   6.952475e-08   3120
  3.724371e-01   3.155617e-06   1.557809e-04   7.447047e-08   3216
  3.728935e-01   3.389461e-06   1.098680e-04   8.269037e-08   2628
  3.734065e-01   2.952411e-06   1.452297e-04   6.915860e-08   3200
  3.738745e-01   2.833496e-06   1.370102e-04   7.398847e-08   2232
  3.743471e-01   2.816057e-06   1.563929e-04   7.048837e-08   3108
  3.748177e-01   3.403073e-06   1.373821e-04   8.969899e-08   2604
  3.752991e-01   3.244000e-06   1.479994e-04   7.565399e-08   3096
  3.758288e-01   3.058769e-06   1.348469e-04   7.194491e-08   3084
  3.762884e-01   2.878665e-06   1.376092e-04   7.152055e-08   2664
  3.767621e-01   3.039864e-06   1.213497e-04   8.586725e-08   2232
  3.772262e-01   2.582347e-06   1.494845e-04   6.481743e-08   2808
  3.777344e-01   3.047434e-06   1.412112e-04   8.196100e-08   2592
  3.782089e-01   3.307115e-06   1.449703e-04   8.391571e-08   2952
  3.787074e-01   2.856523e-06   1.368697e-04   7.195597e-08   2772
  3.791921e-01   2.900237e-06   1.471948e-04   7.068304e-08   3036
  3.796993e-01   2.802246e-06   1.427797e-04   8.305950e-08   2136
  3.801616e-01   2.609458e-06   1.138671e-04   7.350083e-08   2496
  3.806364e-01   3.128679e-06   1.516625e-04   9.071653e-08   2228
  3.811316e-01   3.205424e-06   1.413981e-04   8.380629e-08   3048
  3.816243e-01   2.912672e-06   1.350676e-04   8.054753e-08   2676
  3.821140e-01   2.684218e-06   1.345571e-04   6.822330e-08   2784
  3.825820e-01   2.829687e-06   1.307225e-04   8.223445e-08   1920
  3.830514e-01   2.575447e-06   1.395126e-04   6.870007e-08   2400
  3.835600e-01   2.564201e-06   1.279618e-04   6.894822e-08   2532
  3.840860e-01   2.934721e-06   1.421350e-04   8.312029e-08   2544
  3.845592e-01   3.197502e-06   1.486925e-04   8.559559e-08   2772
  3.850254e-01   2.591813e-06   1.392746e-04   8.323899e-08   2160
  3.854884e-01   2.851860e-06   1.500120e-04   8.315502e-08   2304
  3.860241e-01   2.629889e-06   1.467945e-04   8.163527e-08   2328
  3.865043e-01   2.283398e-06   1.407449e-04   6.775348e-08   2304
  3.869492e-01   2.368603e-06   1.330938e-04   7.427103e-08   1908
  3.874552e-01   3.195804e-06   1.488569e-04   9.610793e-08   2736
  3.879425e-01   2.908385e-06   1.410418e-04   8.919213e-08   2448
  3.884609e-01   2.911799e-06   1.318665e-04   8.659847e-08   2040
  3.889299e-01   2.174869e-06   1.372999e-04   7.424062e-08   2120
  3.893809e-01   2.716300e-06   1.138355e-04   8.374713e-08   2040
  3.898664e-01   2.250845e-06   1.412334e-04   7.968654e-08   2208
  3.904158e-01   3.007095e-06   1.268062e-04   9.776362e-08   2208
  3.908608e-01   3.454264e-06   1.405255e-04   1.080538e-07   2196
  3.913207e-01   2.118057e-06   1.236152e-04   6.930137e-08   1848
  3.917886e-01   2.626592e-06   1.401960e-04   8.944804e-08   2124
  3.923120e-01   2.402168e-06   1.470626e-04   7.298675e-08   2328
  3.928231e-01   2.428433e-06   1.497225e-04   8.700884e-08   1920
  3.933200e-01   2.280506e-06   1.374435e-04   8.415322e-08   1548
  3.937619e-01   2.997756e-06   1.507712e-04   9.138358e-08   2388
  3.942832e-01   2.290557e-06   1.395210e-04   8.351171e-08   2160
  3.947606e-01   2.358380e-06   1.269906e-04   8.976973e-08   1704
  3.952179e-01   2.275954e-06   1.430661e-04   8.870208e-08   1776
  3.956506e-01   2.226602e-06   1.338203e-04   8.345645e-08   1800
  3.961977e-01   2.020840e-06   1.544832e-04   7.456068e-08   1700
  3.967087e-01   2.849756e-06   1.390936e-04   1.032541e-07   2292
  3.971846e-01   2.413330e-06   1.291201e-04   9.613990e-08   1704
  3.976337e-01   2.441773e-06   1.443780e-04   9.642829e-08   1728
  3.981255e-01   2.076001e-06   1.336251e-04   8.037502e-08   1728
  3.986075e-01   2.544807e-06   1.334994e-04   9.969055e-08   1680
  3.991202e-01   1.702084e-06   1.537953e-04   6.816276e-08   1704
  3.996310e-01   1.903107e-06   1.207753e-04   6.646248e-08   1752
  4.000877e-01   2.567747e-06   1.435789e-04   1.085201e-07   1872
  4.005817e-01   2.321730e-06   1.407232e-04   1.037571e-07   1500
  4.010829e-01   2.099978e-06   1.232237e-04   8.916142e-08   1656
  4.015697e-01   2.240790e-06   1.321192e-04   8.515723e-08   1464
  4.020023e-01   1.572609e-06   1.157232e-04   7.550102e-08   1488
  4.025329e-01   1.857616e-06   1.396693e-04   6.812931e-08   1680
  4.030178e-01   2.167943e-06   1.459194e-04   9.136063e-08   1692
  4.034716e-01   1.986104e-06   1.397252e-04   9.434388e-08   1128
  4.039751e-01   2.041406e-06   1.345433e-04   8.788602e-08   1536
  4.044663e-01   1.665345e-06   1.402479e-04   7.611899e-08   1616
  4.049637e-01   1.628136e-06   1.352429e-04   7.524994e-08   1476
  4.054650e-01   1.630195e-06   1.488381e-04   9.393577e-08   1176
  4.059124e-01   1.721870e-06   1.599107e-04   6.645412e-08   1656
  4.063997e-01   1.914857e-06   1.404668e-04   1.231306e-07   891
  4.069020e-01   1.589293e-06   1.497388e-04   6.370892e-08   1596
  4.073915e-01   1.450972e-06   1.305762e-04   7.127051e-08   1422
  4.078742e-01   1.495368e-06   1.252138e-04   6.733488e-08   1254
  4.083284e-01   1.197389e-06   1.279202e-04   5.614596e-08   918
  4.088148e-01   1.583041e-06   1.400009e-04   5.901155e-08   1614
  4.093049e-01   1.246713e-06   1.209347e-04   7.558597e-08   798
  4.097922e-01   1.180787e-06   1.550239e-04   5.152546e-08   1458
  4.102863e-01   1.337250e-06   1.419502e-04   5.272095e-08   1374
  4.107747e-01   1.064697e-06   1.212349e-04   5.982041e-08   984
  4.112591e-01   1.227425e-06   1.668024e-04   5.324356e-08   1062
  4.117525e-01   1.453112e-06   1.413965e-04   6.620124e-08   1246
  4.122317e-01   8.893149e-07   1.311095e-04   4.580458e-08   1072
  4.127436e-01   9.641330e-07   1.419832e-04   4.957150e-08   1110
  4.132166e-01   1.313560e-06   1.538182e-04   5.802856e-08   1254
  4.137139e-01   1.047445e-06   1.459816e-04   5.573021e-08   1032
  4.142557e-01   1.180332e-06   1.352509e-04   7.767687e-08   786
  4.146677e-01   1.159634e-06   1.386613e-04   4.966244e-08   1152
  4.151502e-01   9.308652e-07   1.511270e-04   4.696577e-08   1086
  4.156529e-01   6.734771e-07   1.363503e-04   2.601436e-08   912
  4.161175e-01   1.482925e-06   1.366785e-04   6.698507e-08   1062
  4.165917e-01   8.148380e-07   1.362355e-04   3.222423e-08   912
  4.171397e-01   6.959131e-07   1.520835e-04   3.867638e-08   750
  4.175668e-01   1.127711e-06   1.465336e-04   5.045184e-08   1200
  4.180611e-01   8.305324e-07   1.326977e-04   4.584573e-08   918
  4.185524e-01   6.865992e-07   1.377357e-04   3.350492e-08   876
  4.190517e-01   1.125634e-06   1.203534e-04   5.196032e-08   870
  4.194890e-01   8.788529e-07   1.403731e-04   4.197274e-08   768
  4.200015e-01   5.606004e-07   1.286594e-04   2.755981e-08   830
  4.204761e-01   8.519376e-07   1.332096e-04   3.978747e-08   1080
  4.209676e-01   7.596382e-07   1.498783e-04   3.578827e-08   840
  4.214632e-01   6.052989e-07   1.443163e-04   2.776316e-08   798
  4.220251e-01   1.068435e-06   1.145461e-04   5.662241e-08   792
  4.224609e-01   6.668303e-07   1.335978e-04   3.488146e-08   726
  4.229181e-01   4.914844e-07   1.497038e-04   1.668553e-08   864
  4.234189e-01   7.221889e-07   1.281430e-04   4.055631e-08   900
  4.239267e-01   5.553565e-07   1.424135e-04   2.329131e-08   726
  4.243623e-01   5.667562e-07   1.232527e-04   2.554556e-08   576
  4.249434e-01   7.053882e-07   1.282664e-04   3.604247e-08   840
  4.253523e-01   5.788023e-07   1.331485e-04   3.051837e-08   750
  4.258366e-01   5.173799e-07   1.335529e-04   2.380736e-08   720
  4.262936e-01   6.704323e-07   1.351090e-04   3.623609e-08   702
  4.268271e-01   5.809985e-07   1.475571e-04   2.674477e-08   696
  4.272662e-01   5.939818e-07   1.319621e-04   3.371511e-08   480
  4.277837e-01   5.850792e-07   1.250396e-04   3.282554e-08   830
  4.282419e-01   5.631140e-07   1.454616e-04   2.715418e-08   756
  4.287552e-01   5.451436e-07   1.396687e-04   2.692542e-08   624
  4.292083e-01   4.793026e-07   1.475796e-04   2.739363e-08   582
  4.297440e-01   5.910488e-07   1.132706e-04   3.437426e-08   576
  4.302073e-01   4.615314e-07   1.517064e-04   2.304985e-08   624
  4.306823e-01   5.245844e-07   1.238986e-04   2.695743e-08   702
  4.311525e-01   4.732947e-07   1.425165e-04   2.372832e-08   624
  4.317110e-01   5.147989e-07   1.378751e-04   2.398957e-08   672
  4.321659e-01   3.577648e-07   1.032125e-04   2.130591e-08   342
  4.326655e-01   4.882968e-07   1.290292e-04   2.828831e-08   660
  4.331249e-01   3.786269e-07   1.326364e-04   2.415391e-08   576
  4.335992e-01   4.070216e-07   1.289493e-04   2.341347e-08   600
  4.340787e-01   3.657759e-07   1.491476e-04   2.347715e-08   510
  4.346181e-01   4.591819e-07   1.397290e-04   2.238382e-08   600
  4.350341e-01   3.289814e-07   1.112888e-04   2.277895e-08   216
  4.355185e-01   3.651609e-07   1.354577e-04   1.800255e-08   758
  4.360833e-01   3.240277e-07   1.482975e-04   1.922716e-08   576
  4.365782e-01   4.012226e-07   1.259005e-04   2.038727e-08   528
  4.370248e-01   3.600694e-07   8.670054e-05   2.810455e-08   318
  4.375047e-01   4.329931e-07   1.497759e-04   2.184901e-08   540
  4.380721e-01   1.781763e-07   1.058893e-04   1.026012e-08   384
  4.384565e-01   3.563429e-07   1.463022e-04   2.050759e-08   576
  4.389570e-01   2.584436e-07   1.195560e-04   1.547966e-08   414
  4.394302e-01   3.826825e-07   1.335050e-04   2.276189e-08   504
  4.399357e-01   3.396616e-07   1.465573e-04   1.810383e-08   312
  4.404212e-01   3.379826e-07   1.327827e-04   2.328321e-08   414
  4.409029e-01   2.284720e-07   1.226699e-04   1.315802e-08   432
  4.413512e-01   2.766050e-07   1.624587e-04   1.569956e-08   504
  4.418701e-01   3.060437e-07   1.564660e-04   1.841720e-08   432
  4.423558e-01   2.818496e-07   1.281691e-04   1.582967e-08   354
  4.428506e-01   3.366821e-07   1.865017e-04   2.842838e-08   200
  4.432750e-01   2.346358e-07   1.323290e-04   1.339678e-08   480
  4.438485e-01   2.384828e-07   1.512148e-04   1.269086e-08   552
  4.443745e-01   2.531944e-07   9.419478e-05   1.910222e-08   366
  4.447799e-01   2.886524e-07   1.002751e-04   2.894499e-08   240
  4.452261e-01   2.988935e-07   1.401886e-04   1.687583e-08   288
  4.458541e-01   2.311632e-07   9.634579e-05   1.493291e-08   366
  4.462600e-01   1.732556e-07   1.562070e-04   1.018194e-08   408
  4.467132e-01   2.130188e-07   1.174273e-04   1.562237e-08   360
  4.471820e-01   2.397191e-07   1.094619e-04   1.460074e-08   324
  4.476367e-01   2.362678e-07   1.292780e-04   1.850559e-08   174
  4.481783e-01   2.203033e-07   1.485222e-04   1.600599e-08   264
  4.486867e-01   1.854374e-07   1.354596e-04   1.146009e-08   456
  4.491937e-01   1.889413e-07   1.362099e-04   1.117935e-08   360
  4.496105e-01   1.748625e-07   1.500483e-04   1.305566e-08   270
  4.501209e-01   2.378581e-07   1.641082e-04   1.746910e-08   240
  4.507604e-01   2.894170e-07   1.195905e-04   2.276665e-08   120
  4.510747e-01   9.461977e-08   1.248485e-04   6.133406e-09   320
  4.515822e-01   1.711182e-07   1.544785e-04   8.794853e-09   462
  4.521137e-01   1.829255e-07   8.987666e-05   1.250300e-08   276
  4.525754e-01   1.870269e-07   1.019637e-04   1.668309e-08   144
  4.530202e-01   2.677719e-07   1.070818e-04   2.816396e-08   120
  4.536115e-01   1.110062e-07   8.108908e-05   6.125994e-09   294
  4.540583e-01   1.502372e-07   1.438563e-04   9.705274e-09   384
  4.544753e-01   1.329963e-07   9.523196e-05   8.893478e-09   216
  4.548743e-01   2.138635e-07   8.843896e-05   1.766641e-08   168
  4.553251e-01   1.785567e-07   1.052282e-04   1.791074e-08   102
  4.559768e-01   1.454781e-07   1.596520e-04   1.108177e-08   168
  4.564337e-01   1.309199e-07   1.397340e-04   7.450994e-09   384
  4.569346e-01   1.426145e-07   1.419732e-04   1.046403e-08   300
  4.574008e-01   1.514193e-07   1.520225e-04   9.677297e-09   144
  4.579263e-01   1.602503e-07   1.556925e-04   1.501309e-08   102
  4.585568e-01   1.937353e-07   3.685588e-05   1.799191e-08   56
  4.588590e-01   8.802314e-08   1.199932e-04   5.975818e-09   288
  4.593328e-01   1.017102e-07   1.561557e-04   4.773681e-09   360
  4.598487e-01   1.190729e-07   8.376686e-05   8.631352e-09   126
  4.602834e-01   1.290005e-07   4.125612e-05   1.577165e-08   72
  4.607572e-01   1.793986e-07   2.185755e-05   2.628373e-08   48
  4.613754e-01   7.996340e-08   8.842417e-05   5.352771e-09   240
  4.617816e-01   1.064956e-07   1.311982e-04   5.586039e-09   306
  4.621975e-01   1.094135e-07   7.291699e-05   9.197643e-09   120
  4.626766e-01   1.430793e-07   1.794585e-04   1.618655e-08   96
  4.630248e-01   1.656842e-07   0.000000e+00   2.657102e-08   24
  4.638071e-01   7.008811e-08   1.554065e-04   6.382304e-09   120
  4.641905e-01   8.407336e-08   1.343981e-04   4.832728e-09   318
  4.646594e-01   1.040388e-07   1.436227e-04   8.055305e-09   168
  4.651731e-01   1.391160e-07   1.541232e-04   1.457342e-08   72
  4.657357e-01   1.304269e-07   0.000000e+00   2.552459e-08   24
  4.663408e-01   1.169608e-07   7.481195e-05   1.735179e-08   14
  4.666286e-01   5.766957e-08   1.179951e-04   3.596948e-09   288
  4.670757e-01   7.469293e-08   1.419546e-04   5.821397e-09   204
  4.675916e-01   1.061576e-07   2.153808e-05   1.613640e-08   48
  4.680007e-01   2.302769e-07   0.000000e+00   4.901390e-08   24
  4.684739e-01   1.093953e-07   0.000000e+00   3.641510e-08   6
  4.691541e-01   5.904541e-08   8.821950e-05   4.353688e-09   216
  4.695046e-01   9.527380e-08   1.174842e-04   6.890622e-09   192
  4.699334e-01   6.463312e-08   2.143075e-05   1.121835e-08   48
  4.703832e-01   1.086452e-07   1.712353e-04   1.529904e-08   30
  4.716555e-01   6.085082e-08   3.540978e-05   5.625162e-09   96
  4.719167e-01   5.526509e-08   1.160286e-04   3.299912e-09   228
  4.724128e-01   9.439130e-08   1.517284e-04   1.151550e-08   72
  4.730094e-01   2.014608e-07   0.000000e+00   9.246118e-08   6
  4.743680e-01   6.275700e-08   1.145631e-04   3.599978e-09   248
  4.748016e-01   7.076097e-08   1.311235e-04   7.631223e-09   72
  4.753245e-01   7.027313e-08   7.266090e-09   2.657483e-08   6
  4.769053e-01   5.556985e-08   8.141014e-05   3.318149e-09   180
  4.772205e-01   7.495046e-08   1.107713e-04   7.987890e-09   72
  4.776705e-01   9.718918e-08   0.000000e+00   2.282474e-08   6
  4.794278e-01   4.475388e-08   3.483570e-05   3.754534e-09   96
  4.796378e-01   5.807093e-08   9.563861e-05   5.440248e-09   96
  4.800471e-01   1.045641e-07   0.000000e+00   3.402370e-08   6
  4.820778e-01   5.269292e-08   9.153355e-05   3.851755e-09   140
  4.824537e-01   3.748519e-08   0.000000e+00   4.426010e-09   6
  4.846301e-01   4.547227e-08   6.146888e-05   3.952655e-09   96
  4.848898e-01   1.747497e-08   0.000000e+00   5.305088e-09   6
  4.871898e-01   6.341353e-08   3.697860e-05   7.385471e-09   60
  4.873552e-01   7.547177e-08   0.000000e+00   2.136159e-08   6
  4.897713e-01   3.175933e-08   3.748867e-05   4.674712e-09   38
  4.923442e-01   3.386549e-08   1.928513e-05   6.125226e-09   18
  4.949217e-01   7.640177e-09   7.266090e-09   1.842659e-09   6
