# power spectrum of phi
# redshift z=9.995116
# k              Pk             sigma(k)       sigma(Pk)      count
  4.487990e-03   4.169779e-10   0.000000e+00   1.680852e-10   6
  6.346976e-03   2.498104e-10   0.000000e+00   4.984930e-11   12
  7.773426e-03   1.896748e-10   8.514949e-11   3.864266e-11   8
  8.975979e-03   6.386332e-10   0.000000e+00   6.867615e-11   6
  1.003545e-02   4.453123e-10   1.605594e-10   1.419306e-10   24
  1.099328e-02   6.368854e-10   1.605594e-10   1.073744e-10   24
  1.269395e-02   2.844466e-10   0.000000e+00   1.279096e-10   12
  1.346397e-02   3.296414e-10   1.816523e-10   6.050240e-11   30
  1.419227e-02   4.154091e-10   0.000000e+00   9.152538e-11   24
  1.488498e-02   3.770872e-10   2.780971e-10   9.359341e-11   24
  1.554685e-02   4.372605e-10   1.702990e-10   8.859385e-11   8
  1.618168e-02   3.715976e-10   2.270653e-10   4.628370e-11   24
  1.679252e-02   3.483738e-10   0.000000e+00   4.899182e-11   48
  1.795196e-02   4.161099e-10   0.000000e+00   1.830603e-10   6
  1.850445e-02   3.291436e-10   2.270653e-10   4.618942e-11   48
  1.904093e-02   3.055744e-10   2.140792e-10   3.187220e-11   36
  1.956269e-02   4.343858e-10   2.270653e-10   9.097752e-11   24
  2.007090e-02   2.562269e-10   3.211188e-10   4.392084e-11   24
  2.056655e-02   2.284256e-10   0.000000e+00   3.098998e-11   48
  2.105054e-02   3.485826e-10   3.211188e-10   4.962017e-11   24
  2.198657e-02   2.788523e-10   3.211188e-10   4.380557e-11   24
  2.243995e-02   1.893940e-10   0.000000e+00   3.103093e-11   30
  2.288435e-02   2.028837e-10   0.000000e+00   2.231020e-11   72
  2.332028e-02   1.992898e-10   3.405980e-10   4.071934e-11   32
  2.416856e-02   2.597441e-10   0.000000e+00   3.004568e-11   72
  2.458173e-02   1.598309e-10   0.000000e+00   2.340357e-11   48
  2.538790e-02   8.319056e-11   0.000000e+00   2.469693e-11   12
  2.597539e-02   1.544586e-10   1.938570e-04   1.427400e-11   96
  2.655130e-02   1.916659e-10   3.211188e-10   2.422980e-11   48
  2.692794e-02   2.291958e-10   3.633045e-10   4.009471e-11   30
  2.757421e-02   2.102409e-10   1.586779e-04   1.988576e-11   96
  2.838454e-02   1.242849e-10   0.000000e+00   2.361607e-11   24
  2.885327e-02   1.714095e-10   1.642099e-04   1.383824e-11   144
  2.942972e-02   1.179299e-10   5.561942e-10   2.889696e-11   24
  3.002225e-02   1.745059e-10   1.456630e-04   1.982589e-11   96
  3.043903e-02   1.537269e-10   0.000000e+00   2.366466e-11   48
  3.137435e-02   1.849794e-10   1.080207e-04   2.104587e-11   62
  3.184971e-02   1.330409e-10   1.519035e-04   1.587937e-11   132
  3.236335e-02   8.725193e-11   4.541306e-10   1.551201e-11   24
  3.284837e-02   1.361784e-10   1.518246e-04   1.152845e-11   168
  3.373431e-02   1.550918e-10   1.492698e-04   1.295114e-11   96
  3.439955e-02   1.046867e-10   1.270423e-04   9.923875e-12   96
  3.521583e-02   1.072097e-10   1.416056e-04   8.828469e-12   168
  3.590392e-02   1.524672e-10   0.000000e+00   6.675284e-11   6
  3.618333e-02   1.185541e-10   0.000000e+00   1.163234e-11   96
  3.651563e-02   1.127563e-10   1.100713e-04   1.111985e-11   120
  3.718966e-02   8.946962e-11   1.278125e-04   7.018280e-12   144
  3.754921e-02   9.971840e-11   0.000000e+00   1.351383e-11   48
  3.823245e-02   8.981023e-11   1.304211e-04   9.556215e-12   84
  3.860715e-02   9.834207e-11   8.899106e-10   8.789048e-12   120
  3.894461e-02   7.503386e-11   1.183479e-04   8.618610e-12   80
  3.946692e-02   7.062735e-11   1.201620e-04   5.167778e-12   144
  4.014180e-02   9.038933e-11   6.422377e-10   1.679616e-11   24
  4.047145e-02   9.734394e-11   1.159510e-04   8.152861e-12   150
  4.098576e-02   8.648786e-11   1.203057e-04   6.325670e-12   120
  4.155056e-02   7.866714e-11   1.096333e-04   6.707512e-12   168
  4.210107e-02   1.098201e-10   6.422377e-10   1.823119e-11   24
  4.244743e-02   6.643634e-11   1.181082e-04   4.230366e-12   264
  4.281269e-02   5.470601e-11   6.422377e-10   7.680894e-12   48
  4.343532e-02   6.768464e-11   1.093985e-04   5.530202e-12   144
  4.412543e-02   8.032664e-11   1.076845e-04   9.685099e-12   72
  4.451927e-02   6.443899e-11   1.107671e-04   4.088456e-12   180
  4.506982e-02   6.743477e-11   8.025835e-05   4.970844e-12   198
  4.532647e-02   7.373084e-11   0.000000e+00   8.274577e-12   48
  4.589413e-02   5.780115e-11   1.086319e-04   4.367962e-12   168
  4.631540e-02   6.671142e-11   1.087222e-04   6.122129e-12   144
  4.695270e-02   6.241748e-11   1.527607e-04   3.292380e-12   248
  4.781330e-02   4.326985e-11   1.053161e-04   3.044003e-12   192
  4.839932e-02   5.616436e-11   1.626762e-04   3.667300e-12   240
  4.875204e-02   6.164479e-11   0.000000e+00   6.687123e-12   72
  4.929001e-02   6.343529e-11   9.927197e-05   5.587980e-12   126
  4.962939e-02   6.641767e-11   9.159181e-05   5.210106e-12   168
  5.027740e-02   6.264609e-11   1.001546e-04   3.477091e-12   288
  5.095853e-02   5.592942e-11   5.274950e-05   4.840593e-12   156
  5.131126e-02   4.823258e-11   8.873998e-05   4.170653e-12   168
  5.184617e-02   5.010703e-11   1.521290e-04   3.115257e-12   264
  5.233850e-02   4.450128e-11   0.000000e+00   5.390012e-12   48
  5.270435e-02   4.642207e-11   1.514052e-04   3.034671e-12   264
  5.322882e-02   4.782118e-11   8.924381e-05   3.991259e-12   144
  5.362492e-02   5.114936e-11   1.825884e-04   5.786390e-12   78
  5.420192e-02   4.278024e-11   1.186900e-04   2.379513e-12   336
  5.474604e-02   3.946633e-11   9.030373e-05   2.696710e-12   200
  5.510338e-02   3.793219e-11   1.768159e-04   2.876667e-12   192
  5.558581e-02   4.630321e-11   8.873069e-05   3.259249e-12   240
  5.602902e-02   5.019035e-11   1.778215e-04   3.518137e-12   168
  5.648434e-02   4.087144e-11   1.423690e-04   3.527325e-12   120
  5.703118e-02   4.419629e-11   1.112738e-04   2.327394e-12   324
  5.756179e-02   3.914565e-11   8.748012e-05   2.646793e-12   192
  5.792293e-02   4.283446e-11   1.568908e-04   3.053088e-12   168
  5.853721e-02   3.359063e-11   1.292197e-04   1.809080e-12   342
  5.909109e-02   4.538906e-11   1.040479e-04   2.371354e-12   336
  5.965251e-02   4.972859e-11   7.962394e-05   5.330982e-12   72
  6.003109e-02   3.970809e-11   1.273478e-04   2.633841e-12   288
  6.047058e-02   3.851351e-11   8.293768e-05   2.776868e-12   264
  6.108439e-02   3.417016e-11   1.090835e-04   1.873311e-12   384
  6.163419e-02   3.561064e-11   1.309286e-04   2.702776e-12   240
  6.186267e-02   3.537370e-11   0.000000e+00   4.296180e-12   48
  6.252352e-02   3.587515e-11   1.071736e-04   1.804020e-12   392
  6.302771e-02   3.327771e-11   1.176177e-04   1.901493e-12   294
  6.356985e-02   3.310233e-11   7.644534e-05   2.517587e-12   228
  6.392640e-02   3.839509e-11   1.160935e-04   2.495659e-12   216
  6.437004e-02   3.215977e-11   7.071608e-05   1.720305e-12   336
  6.491309e-02   3.351619e-11   8.402231e-05   1.882490e-12   360
  6.536140e-02   3.564921e-11   1.280140e-04   2.209532e-12   240
  6.582853e-02   3.420623e-11   1.514699e-04   2.451902e-12   168
  6.626426e-02   2.915406e-11   1.192252e-04   1.648157e-12   312
  6.678338e-02   2.990860e-11   7.461529e-05   1.501852e-12   336
  6.734419e-02   3.158327e-11   1.017891e-04   1.937673e-12   294
  6.776702e-02   3.540972e-11   1.356641e-04   2.193258e-12   288
  6.809058e-02   2.502659e-11   8.488954e-05   1.626106e-12   264
  6.866755e-02   2.896490e-11   1.458184e-04   1.428733e-12   480
  6.914996e-02   3.182291e-11   7.133389e-05   1.896437e-12   240
  6.974139e-02   3.128935e-11   7.213111e-05   1.813905e-12   276
  7.020800e-02   2.820580e-11   1.583420e-04   1.193435e-12   488
  7.076234e-02   3.111176e-11   6.973720e-05   2.717021e-12   240
  7.108411e-02   2.894858e-11   1.354117e-04   1.470101e-12   360
  7.153530e-02   2.441386e-11   4.817743e-05   1.783551e-12   198
  7.211554e-02   2.357211e-11   1.627935e-04   1.020172e-12   480
  7.254038e-02   2.356278e-11   6.008787e-05   1.415566e-12   288
  7.312796e-02   2.695114e-11   1.270121e-04   1.301500e-12   480
  7.365633e-02   2.661941e-11   7.825550e-05   1.181172e-12   480
  7.419894e-02   2.338266e-11   1.012105e-04   1.534289e-12   288
  7.453749e-02   2.680150e-11   1.079729e-04   1.544238e-12   288
  7.506996e-02   2.419574e-11   1.877112e-04   1.187680e-12   456
  7.560610e-02   2.686946e-11   1.767802e-04   1.361536e-12   360
  7.595177e-02   2.390556e-11   1.059672e-04   1.500331e-12   180
  7.645202e-02   2.006838e-11   1.154112e-04   8.643872e-13   486
  7.695907e-02   2.279588e-11   1.535340e-04   1.040546e-12   504
  7.747462e-02   2.390910e-11   1.192882e-04   1.116243e-12   456
  7.790209e-02   2.203077e-11   9.910745e-05   1.286630e-12   296
  7.846686e-02   2.120937e-11   9.779604e-05   9.241778e-13   528
  7.889160e-02   2.128361e-11   9.649931e-05   1.067465e-12   336
  7.951717e-02   2.065958e-11   1.070358e-04   8.607106e-13   600
  7.997507e-02   1.719137e-11   6.270729e-05   1.024684e-12   264
  8.043396e-02   1.991509e-11   6.781049e-05   9.796497e-13   360
  8.090234e-02   1.944514e-11   1.357633e-04   8.586689e-13   630
  8.141847e-02   2.284140e-11   7.007974e-05   1.078204e-12   432
  8.187631e-02   2.158575e-11   1.350259e-04   1.087087e-12   408
  8.243827e-02   1.893699e-11   8.962194e-05   1.023660e-12   324
  8.285635e-02   1.796990e-11   1.277222e-04   6.790955e-13   744
  8.336064e-02   1.628669e-11   1.021054e-04   9.091261e-13   336
  8.384245e-02   1.943425e-11   1.403689e-04   8.326916e-13   528
  8.437080e-02   1.626385e-11   7.162045e-05   9.256950e-13   408
  8.472109e-02   1.552890e-11   1.218981e-04   7.534314e-13   408
  8.529988e-02   1.603738e-11   1.006308e-04   7.485436e-13   470
  8.572148e-02   1.743877e-11   1.208902e-04   8.185273e-13   528
  8.631019e-02   1.453760e-11   1.007343e-04   5.612719e-13   624
  8.674381e-02   1.653195e-11   7.664930e-05   7.943797e-13   504
  8.719116e-02   1.402180e-11   1.067668e-04   5.886165e-13   552
  8.763489e-02   1.495653e-11   5.190111e-05   7.576187e-13   336
  8.819051e-02   1.616909e-11   1.104770e-04   7.459977e-13   528
  8.862093e-02   1.484826e-11   1.257802e-04   6.000024e-13   564
  8.912507e-02   1.335753e-11   1.157674e-04   6.413303e-13   528
  8.967166e-02   1.530763e-11   1.797324e-04   6.593879e-13   582
  9.016871e-02   1.420868e-11   1.383668e-04   5.908209e-13   624
  9.060342e-02   1.363136e-11   1.581799e-04   7.014536e-13   432
  9.112208e-02   1.408476e-11   1.759475e-04   4.789631e-13   816
  9.165576e-02   1.409945e-11   8.018898e-05   8.253138e-13   312
  9.200488e-02   1.200613e-11   1.299641e-04   5.188604e-13   552
  9.256787e-02   1.273009e-11   8.185444e-05   4.794452e-13   744
  9.297574e-02   1.325659e-11   7.646869e-05   7.323004e-13   408
  9.350218e-02   1.174488e-11   1.095830e-04   4.992961e-13   632
  9.404906e-02   1.316485e-11   1.860997e-04   5.112570e-13   750
  9.449396e-02   1.443640e-11   1.280227e-04   8.011072e-13   312
  9.498974e-02   1.212114e-11   1.890077e-04   4.249787e-13   876
  9.548011e-02   1.020615e-11   1.234108e-04   4.167448e-13   552
  9.603265e-02   1.140309e-11   1.020603e-04   4.515803e-13   696
  9.640905e-02   1.173507e-11   1.126552e-04   5.349777e-13   576
  9.692128e-02   1.071379e-11   1.192748e-04   5.030540e-13   576
  9.735848e-02   1.108307e-11   1.598285e-04   4.414047e-13   648
  9.788685e-02   1.112072e-11   1.599783e-04   4.232287e-13   672
  9.847019e-02   1.074907e-11   6.785687e-05   5.199000e-13   480
  9.884355e-02   9.871107e-12   1.050846e-04   3.639147e-13   726
  9.932431e-02   1.095519e-11   1.190745e-04   4.168591e-13   792
  9.984502e-02   1.009160e-11   1.651878e-04   3.816387e-13   768
  1.003938e-01   1.051020e-11   1.350017e-04   4.063390e-13   672
  1.008970e-01   9.958738e-12   9.055629e-05   4.002140e-13   608
  1.012613e-01   9.154052e-12   8.693679e-05   3.656291e-13   624
  1.017809e-01   8.945657e-12   1.129736e-04   3.285815e-13   684
  1.022864e-01   9.022554e-12   1.668752e-04   3.251641e-13   768
  1.027568e-01   9.451774e-12   1.334155e-04   3.293167e-13   744
  1.033173e-01   8.743972e-12   8.400635e-05   3.121267e-13   750
  1.037259e-01   8.475850e-12   1.248642e-04   4.016940e-13   600
  1.041677e-01   8.901488e-12   1.325833e-04   3.808705e-13   600
  1.047135e-01   8.733734e-12   1.527941e-04   2.859035e-13   1008
  1.051470e-01   8.865993e-12   8.474486e-05   3.427333e-13   696
  1.056273e-01   9.130595e-12   1.119517e-04   4.042243e-13   624
  1.061102e-01   8.419979e-12   1.742111e-04   3.296283e-13   840
  1.066588e-01   8.984793e-12   1.185366e-04   3.300331e-13   816
  1.071038e-01   7.729163e-12   7.873478e-05   2.651967e-13   744
  1.075531e-01   7.938700e-12   1.391901e-04   3.508006e-13   510
  1.080960e-01   8.251152e-12   1.336339e-04   2.718761e-13   1020
  1.086012e-01   8.202652e-12   1.078294e-04   2.820884e-13   912
  1.090992e-01   8.333847e-12   1.597552e-04   3.082713e-13   752
  1.095110e-01   7.853131e-12   1.325595e-04   3.307110e-13   888
  1.100730e-01   7.686229e-12   8.554013e-05   2.827839e-13   768
  1.105327e-01   7.301252e-12   1.554339e-04   2.681843e-13   720
  1.110617e-01   7.441627e-12   1.370195e-04   2.550807e-13   1056
  1.115309e-01   7.474419e-12   9.479589e-05   3.484560e-13   504
  1.119154e-01   6.219836e-12   1.480257e-04   2.432328e-13   774
  1.124652e-01   7.349394e-12   1.423615e-04   2.354849e-13   1272
  1.129816e-01   7.453853e-12   9.326921e-05   3.063062e-13   744
  1.134632e-01   6.809529e-12   1.523027e-04   2.664704e-13   768
  1.139050e-01   7.049426e-12   1.288282e-04   2.563662e-13   840
  1.144011e-01   7.045705e-12   8.734207e-05   2.375496e-13   924
  1.148789e-01   6.753693e-12   1.539839e-04   2.300333e-13   936
  1.153484e-01   6.195208e-12   1.070130e-04   2.085949e-13   840
  1.158214e-01   6.653350e-12   1.272259e-04   2.143365e-13   1008
  1.164225e-01   6.092571e-12   1.436262e-04   2.361476e-13   696
  1.167996e-01   6.267412e-12   1.276589e-04   2.284908e-13   974
  1.173599e-01   6.673499e-12   1.695459e-04   2.073078e-13   1152
  1.178471e-01   6.239434e-12   6.634378e-05   2.240448e-13   816
  1.182260e-01   6.172871e-12   1.459488e-04   2.262605e-13   816
  1.187357e-01   6.259465e-12   1.288794e-04   2.043296e-13   1152
  1.192732e-01   6.143912e-12   1.160356e-04   2.108772e-13   912
  1.197621e-01   6.423572e-12   1.409833e-04   2.149416e-13   1056
  1.201806e-01   6.084808e-12   1.205660e-04   2.881988e-13   624
  1.207435e-01   5.850517e-12   1.506027e-04   1.823872e-13   1260
  1.212292e-01   5.974856e-12   9.083716e-05   2.095521e-13   894
  1.217037e-01   6.335524e-12   1.556364e-04   1.903124e-13   1176
  1.221783e-01   5.731004e-12   1.288208e-04   2.379610e-13   840
  1.227186e-01   5.734176e-12   1.464236e-04   1.556209e-13   1440
  1.232859e-01   5.285435e-12   8.232021e-05   1.819097e-13   864
  1.237160e-01   5.836364e-12   1.412655e-04   1.910588e-13   1056
  1.241441e-01   6.129595e-12   8.328830e-05   2.809532e-13   624
  1.246641e-01   5.353295e-12   1.542356e-04   1.419585e-13   1496
  1.251612e-01   5.501125e-12   1.088958e-04   2.351773e-13   936
  1.256039e-01   5.158806e-12   1.576468e-04   1.778010e-13   966
  1.260801e-01   5.335327e-12   1.117465e-04   1.901190e-13   936
  1.265804e-01   5.627657e-12   1.382244e-04   1.664806e-13   1248
  1.270926e-01   5.159199e-12   9.744205e-05   1.727712e-13   1044
  1.275698e-01   4.849316e-12   1.509409e-04   1.489557e-13   1392
  1.279478e-01   5.038076e-12   1.162549e-04   2.096575e-13   600
  1.284885e-01   4.666993e-12   1.320778e-04   1.304997e-13   1416
  1.289955e-01   4.905855e-12   1.421656e-04   1.493240e-13   1152
  1.295092e-01   4.689485e-12   1.363856e-04   1.595871e-13   936
  1.299230e-01   4.709740e-12   1.462802e-04   1.699773e-13   870
  1.304147e-01   5.049609e-12   1.226502e-04   1.527901e-13   1368
  1.309604e-01   4.846278e-12   1.612530e-04   1.306155e-13   1632
  1.314267e-01   5.355446e-12   7.000699e-05   1.954756e-13   816
  1.319315e-01   4.583050e-12   1.597143e-04   1.381440e-13   1200
  1.323720e-01   4.685961e-12   1.527057e-04   1.414410e-13   1184
  1.328194e-01   5.051018e-12   1.158936e-04   1.690035e-13   984
  1.333683e-01   4.407409e-12   1.414942e-04   1.247300e-13   1572
  1.338659e-01   4.819519e-12   7.792333e-05   1.978896e-13   840
  1.343297e-01   4.141033e-12   1.812138e-04   1.237783e-13   1392
  1.348193e-01   4.361966e-12   1.330470e-04   1.513012e-13   1158
  1.352564e-01   4.641539e-12   1.211496e-04   1.471339e-13   1272
  1.357826e-01   4.670976e-12   1.234623e-04   1.475571e-13   1320
  1.362769e-01   4.251143e-12   1.208065e-04   1.410763e-13   1104
  1.367472e-01   4.235423e-12   1.367360e-04   1.320800e-13   1392
  1.372408e-01   3.860448e-12   1.478938e-04   1.195064e-13   1296
  1.377492e-01   3.854951e-12   1.544255e-04   1.135356e-13   1392
  1.382262e-01   3.843995e-12   1.132835e-04   1.261469e-13   1104
  1.386675e-01   3.844957e-12   1.426913e-04   1.101771e-13   1320
  1.392961e-01   3.940538e-12   1.089713e-04   1.215726e-13   1422
  1.396977e-01   4.116407e-12   1.357176e-04   1.475668e-13   1212
  1.401589e-01   3.725502e-12   1.483027e-04   1.174213e-13   1280
  1.406327e-01   3.941194e-12   1.544235e-04   1.214834e-13   1272
  1.410869e-01   3.965054e-12   1.336382e-04   1.066798e-13   1680
  1.416252e-01   3.353903e-12   1.262633e-04   1.213715e-13   1152
  1.421207e-01   3.575325e-12   1.462174e-04   9.763700e-14   1512
  1.426417e-01   3.386978e-12   6.173239e-05   1.285807e-13   912
  1.430535e-01   3.412711e-12   1.556147e-04   9.072526e-14   1680
  1.436012e-01   3.173915e-12   1.378563e-04   9.289415e-14   1518
  1.440071e-01   3.604323e-12   1.276288e-04   1.223210e-13   1056
  1.444347e-01   3.371529e-12   1.288698e-04   9.355712e-14   1344
  1.449875e-01   3.872248e-12   1.383780e-04   1.061745e-13   1680
  1.454876e-01   3.226326e-12   1.363571e-04   9.629130e-14   1656
  1.460341e-01   3.336267e-12   1.159057e-04   1.337323e-13   1140
  1.464444e-01   3.091004e-12   1.342100e-04   9.685304e-14   1368
  1.469271e-01   3.041405e-12   1.526647e-04   8.648539e-14   1656
  1.474179e-01   3.098773e-12   1.563614e-04   9.556428e-14   1448
  1.479520e-01   2.946123e-12   1.468912e-04   8.458074e-14   1422
  1.484453e-01   3.248040e-12   1.621619e-04   1.005044e-13   1512
  1.488673e-01   3.251467e-12   1.236275e-04   1.084543e-13   1296
  1.493554e-01   3.030216e-12   1.128801e-04   8.842299e-14   1824
  1.498832e-01   2.901799e-12   1.463660e-04   8.568449e-14   1464
  1.504163e-01   2.635485e-12   1.306107e-04   6.839416e-14   1824
  1.509111e-01   2.965400e-12   1.038421e-04   8.866699e-14   1416
  1.513416e-01   2.606663e-12   1.521007e-04   8.035131e-14   1392
  1.518062e-01   2.687381e-12   1.403562e-04   8.176666e-14   1464
  1.523732e-01   2.470751e-12   1.372200e-04   7.595375e-14   1524
  1.528113e-01   2.652205e-12   1.264504e-04   8.310831e-14   1686
  1.533176e-01   2.646617e-12   1.505644e-04   7.666052e-14   1800
  1.537528e-01   3.022793e-12   1.195338e-04   1.127827e-13   1344
  1.542356e-01   2.581560e-12   1.394596e-04   7.879773e-14   1656
  1.547196e-01   2.619451e-12   1.113514e-04   7.592618e-14   1488
  1.551402e-01   2.692828e-12   1.111701e-04   7.593144e-14   1536
  1.557262e-01   2.418731e-12   1.234973e-04   7.298724e-14   1760
  1.561802e-01   2.201018e-12   1.373667e-04   6.047211e-14   1824
  1.567053e-01   2.560018e-12   1.152763e-04   7.647064e-14   1560
  1.572105e-01   2.585804e-12   1.324056e-04   8.187854e-14   1926
  1.576857e-01   2.591051e-12   9.415777e-05   9.261756e-14   1272
  1.581194e-01   2.370540e-12   1.582320e-04   7.013923e-14   1848
  1.586895e-01   2.316311e-12   1.278379e-04   6.327757e-14   1908
  1.591231e-01   2.437067e-12   1.246890e-04   7.902547e-14   1488
  1.595806e-01   2.093059e-12   1.406224e-04   6.375016e-14   1800
  1.600766e-01   2.124721e-12   1.407610e-04   6.072302e-14   1752
  1.605517e-01   2.114075e-12   1.496769e-04   6.662904e-14   1368
  1.610272e-01   2.082952e-12   1.406675e-04   5.275671e-14   2016
  1.615501e-01   2.282391e-12   1.485794e-04   7.096332e-14   1542
  1.620327e-01   2.130920e-12   1.454994e-04   6.093338e-14   2184
  1.625669e-01   2.239951e-12   1.330990e-04   6.401558e-14   1776
  1.630283e-01   2.032547e-12   1.521522e-04   6.157373e-14   1568
  1.634682e-01   2.120769e-12   1.390081e-04   6.135388e-14   2040
  1.639468e-01   2.174510e-12   1.486121e-04   6.404562e-14   1704
  1.644478e-01   1.880885e-12   1.489728e-04   5.747016e-14   1512
  1.649202e-01   1.937999e-12   1.270742e-04   4.969328e-14   2028
  1.654509e-01   1.936372e-12   1.532841e-04   5.082856e-14   1968
  1.659362e-01   1.805560e-12   1.554838e-04   5.315305e-14   1854
  1.664110e-01   2.059768e-12   1.482240e-04   6.502741e-14   1632
  1.668977e-01   1.977924e-12   1.523128e-04   5.326861e-14   2424
  1.674021e-01   1.949736e-12   1.524713e-04   6.069470e-14   1560
  1.678285e-01   1.938170e-12   1.440852e-04   5.510406e-14   1728
  1.683437e-01   1.844762e-12   1.538043e-04   5.500332e-14   2088
  1.688623e-01   1.627923e-12   1.464052e-04   4.456743e-14   1968
  1.693394e-01   1.720406e-12   1.449552e-04   5.200098e-14   2256
  1.698178e-01   1.707426e-12   1.288813e-04   4.801572e-14   1728
  1.703172e-01   1.711017e-12   1.270494e-04   5.554235e-14   1416
  1.707596e-01   1.806379e-12   1.339356e-04   4.589149e-14   2246
  1.712606e-01   1.828307e-12   1.483321e-04   5.520534e-14   2148
  1.717398e-01   1.820417e-12   1.252967e-04   6.294930e-14   1680
  1.721909e-01   1.727681e-12   1.584012e-04   4.324750e-14   2280
  1.727331e-01   1.732242e-12   1.475065e-04   4.714757e-14   2352
  1.732395e-01   1.523839e-12   1.239422e-04   4.318229e-14   1632
  1.736402e-01   1.684121e-12   1.418228e-04   4.836741e-14   1968
  1.741900e-01   1.487572e-12   1.455103e-04   4.564002e-14   2112
  1.746998e-01   1.600080e-12   1.093039e-04   4.661034e-14   2208
  1.751952e-01   1.542816e-12   1.102112e-04   4.417307e-14   1974
  1.755862e-01   1.631905e-12   1.078165e-04   4.826505e-14   1944
  1.761144e-01   1.662816e-12   1.219820e-04   4.604927e-14   2160
  1.765722e-01   1.576395e-12   1.140807e-04   4.657944e-14   2040
  1.770670e-01   1.641053e-12   1.596015e-04   4.798501e-14   2352
  1.775745e-01   1.608876e-12   1.325904e-04   4.616179e-14   1836
  1.780376e-01   1.467955e-12   1.414413e-04   4.085326e-14   2352
  1.785577e-01   1.358671e-12   1.483527e-04   3.829494e-14   2008
  1.790344e-01   1.471301e-12   1.459431e-04   3.817929e-14   2464
  1.795659e-01   1.397240e-12   1.177095e-04   3.859198e-14   2118
  1.800019e-01   1.508927e-12   1.183276e-04   5.252902e-14   1848
  1.804507e-01   1.725813e-12   1.565861e-04   5.240196e-14   2280
  1.809928e-01   1.556933e-12   1.489508e-04   4.214532e-14   2472
  1.814993e-01   1.294341e-12   9.953927e-05   3.686153e-14   2280
  1.819245e-01   1.536267e-12   1.216700e-04   4.841805e-14   1992
  1.823831e-01   1.425185e-12   1.279126e-04   4.064980e-14   2184
  1.829118e-01   1.257913e-12   1.543068e-04   3.479689e-14   2352
  1.834214e-01   1.389430e-12   1.626118e-04   3.574344e-14   2496
  1.839203e-01   1.325427e-12   1.518813e-04   4.250756e-14   1770
  1.843678e-01   1.524564e-12   1.310496e-04   4.334542e-14   2568
  1.849057e-01   1.469875e-12   1.607377e-04   4.242181e-14   2712
  1.853947e-01   1.469302e-12   1.276489e-04   4.215895e-14   2448
  1.858830e-01   1.382368e-12   1.076015e-04   4.201701e-14   2064
  1.862881e-01   1.391064e-12   1.135758e-04   4.645032e-14   1944
  1.868133e-01   1.284741e-12   1.403079e-04   3.661034e-14   2480
  1.873491e-01   1.213840e-12   1.524155e-04   3.082187e-14   2880
  1.878237e-01   1.236749e-12   1.462067e-04   3.817567e-14   2304
  1.883193e-01   1.241289e-12   1.343278e-04   3.904924e-14   1806
  1.887589e-01   1.362381e-12   1.317346e-04   3.916309e-14   2856
  1.893097e-01   1.407063e-12   1.263374e-04   4.097999e-14   2568
  1.897288e-01   1.281704e-12   1.267515e-04   4.168340e-14   2112
  1.901850e-01   1.345318e-12   1.220840e-04   4.761032e-14   2028
  1.906744e-01   1.184540e-12   1.445115e-04   3.379198e-14   2712
  1.911714e-01   1.239597e-12   1.556884e-04   3.264145e-14   2952
  1.917055e-01   1.138183e-12   1.202957e-04   3.281083e-14   2112
  1.921372e-01   1.138984e-12   1.409804e-04   3.126936e-14   2520
  1.926559e-01   1.064755e-12   1.359784e-04   2.898565e-14   2376
  1.931282e-01   1.232804e-12   1.090048e-04   3.426388e-14   2526
  1.936186e-01   1.326105e-12   1.356536e-04   3.909187e-14   2664
  1.941040e-01   1.344659e-12   1.617960e-04   4.429110e-14   2408
  1.945694e-01   1.165001e-12   1.296049e-04   3.647973e-14   2568
  1.950440e-01   1.191249e-12   1.221942e-04   2.990630e-14   2904
  1.955589e-01   1.152279e-12   1.371053e-04   3.197663e-14   2544
  1.960480e-01   1.146992e-12   1.009875e-04   3.604308e-14   2160
  1.965096e-01   1.168276e-12   1.745958e-04   3.327872e-14   2652
  1.970194e-01   9.743365e-13   1.382439e-04   2.548181e-14   2784
  1.975101e-01   1.201686e-12   1.365199e-04   3.360444e-14   2694
  1.980185e-01   1.118047e-12   1.226932e-04   3.248907e-14   2952
  1.984602e-01   1.146427e-12   1.162128e-04   3.730802e-14   2208
  1.989102e-01   1.232843e-12   1.238599e-04   3.870564e-14   2304
  1.994125e-01   1.040643e-12   1.610662e-04   2.576230e-14   3504
  1.999983e-01   1.042173e-12   1.304210e-04   2.921211e-14   2616
  2.004552e-01   9.826816e-13   1.274108e-04   2.834539e-14   2664
  2.008953e-01   9.708271e-13   1.183758e-04   2.855864e-14   2448
  2.013388e-01   1.014868e-12   1.648584e-04   2.876024e-14   2472
  2.018606e-01   1.024002e-12   1.310718e-04   2.717698e-14   3134
  2.023516e-01   1.122163e-12   1.433541e-04   3.399097e-14   2616
  2.028419e-01   1.059947e-12   1.161223e-04   3.389973e-14   2712
  2.033463e-01   1.042452e-12   1.331755e-04   2.910094e-14   3204
  2.038284e-01   9.840274e-13   1.533782e-04   2.903966e-14   2760
  2.042862e-01   9.185962e-13   1.338200e-04   2.778980e-14   2688
  2.047911e-01   9.415493e-13   1.265264e-04   2.573588e-14   2760
  2.052376e-01   8.702725e-13   1.044749e-04   2.774380e-14   2568
  2.057517e-01   8.588661e-13   1.622443e-04   2.181473e-14   3336
  2.062452e-01   9.576504e-13   1.373220e-04   2.995985e-14   2334
  2.067435e-01   9.819515e-13   1.519616e-04   2.955448e-14   3264
  2.072092e-01   1.071327e-12   1.104877e-04   3.934565e-14   2760
  2.076868e-01   8.871786e-13   1.334378e-04   2.502931e-14   3192
  2.081730e-01   9.658557e-13   1.385370e-04   3.091203e-14   2904
  2.086902e-01   8.738400e-13   1.390027e-04   2.577390e-14   2784
  2.091231e-01   9.412071e-13   1.144018e-04   2.753830e-14   2592
  2.096156e-01   8.077595e-13   1.559460e-04   2.376837e-14   3284
  2.101389e-01   8.016122e-13   1.566406e-04   2.235425e-14   3168
  2.106071e-01   8.245898e-13   1.292397e-04   2.363549e-14   2616
  2.110994e-01   8.016602e-13   1.248775e-04   2.584798e-14   3222
  2.115781e-01   9.116130e-13   1.401164e-04   2.645072e-14   3240
  2.120418e-01   9.334321e-13   1.417503e-04   3.122563e-14   2568
  2.125690e-01   9.392296e-13   1.300629e-04   3.214867e-14   3120
  2.130097e-01   8.569526e-13   1.429850e-04   2.645596e-14   3168
  2.134838e-01   8.223334e-13   1.251725e-04   2.794289e-14   3240
  2.140024e-01   7.629582e-13   1.284239e-04   2.160556e-14   3144
  2.145062e-01   7.426961e-13   1.224103e-04   2.115207e-14   2856
  2.149823e-01   7.446375e-13   1.307392e-04   1.907626e-14   3264
  2.155212e-01   7.914144e-13   1.444609e-04   2.378661e-14   3318
  2.159452e-01   9.173123e-13   1.011723e-04   3.548463e-14   2556
  2.164506e-01   7.729763e-13   1.728209e-04   2.315373e-14   4008
  2.169623e-01   8.256379e-13   1.275720e-04   2.709248e-14   2904
  2.174000e-01   6.990137e-13   1.304469e-04   2.033483e-14   3144
  2.178983e-01   7.651946e-13   1.359922e-04   2.358327e-14   3200
  2.184140e-01   6.606598e-13   1.341212e-04   1.960642e-14   3312
  2.188763e-01   6.839703e-13   1.080957e-04   1.976507e-14   2832
  2.193924e-01   6.833785e-13   1.555565e-04   1.802748e-14   3984
  2.198717e-01   7.174526e-13   1.264601e-04   2.443613e-14   2238
  2.203092e-01   7.924310e-13   1.488218e-04   2.493702e-14   3984
  2.208520e-01   7.361685e-13   1.414250e-04   2.306038e-14   3384
  2.213029e-01   8.192500e-13   1.321942e-04   2.664311e-14   3048
  2.217737e-01   6.447042e-13   1.213801e-04   2.023330e-14   3096
  2.222656e-01   7.135376e-13   1.375807e-04   1.985553e-14   3708
  2.227545e-01   6.500016e-13   1.304078e-04   2.155887e-14   2784
  2.232087e-01   6.811656e-13   1.354535e-04   1.956223e-14   3648
  2.237247e-01   6.387582e-13   1.394108e-04   1.866155e-14   3888
  2.242738e-01   6.011369e-13   1.488252e-04   2.120441e-14   2958
  2.246837e-01   7.086188e-13   1.270361e-04   2.076604e-14   3264
  2.251777e-01   7.810609e-13   1.402443e-04   2.667160e-14   3160
  2.256445e-01   6.487882e-13   1.271016e-04   1.969473e-14   3736
  2.260868e-01   6.534523e-13   1.158193e-04   2.475543e-14   3216
  2.266085e-01   6.702331e-13   1.419303e-04   1.878220e-14   4032
  2.271526e-01   5.855286e-13   1.295798e-04   1.626955e-14   3528
  2.276165e-01   6.213665e-13   1.143819e-04   1.912752e-14   3192
  2.280803e-01   5.749088e-13   1.252686e-04   1.718470e-14   3456
  2.285834e-01   5.337975e-13   1.298903e-04   1.577899e-14   3060
  2.290876e-01   6.368753e-13   1.544545e-04   1.773302e-14   4518
  2.295790e-01   6.409400e-13   1.375990e-04   2.185074e-14   3528
  2.300307e-01   7.587858e-13   1.155591e-04   2.757782e-14   3024
  2.305122e-01   6.036941e-13   1.564624e-04   1.863948e-14   3672
  2.310028e-01   6.107548e-13   1.342922e-04   1.812628e-14   3864
  2.315474e-01   5.813742e-13   1.423480e-04   1.704668e-14   3816
  2.319928e-01   5.205171e-13   1.295052e-04   1.595060e-14   3456
  2.324198e-01   5.659523e-13   1.172315e-04   1.824849e-14   2688
  2.329230e-01   5.055647e-13   1.390930e-04   1.279331e-14   4248
  2.334218e-01   6.180555e-13   1.332244e-04   1.991673e-14   3926
  2.339228e-01   6.363614e-13   1.406621e-04   2.225743e-14   3504
  2.344067e-01   6.249538e-13   1.257540e-04   1.863434e-14   3960
  2.349411e-01   5.681951e-13   1.415697e-04   1.770351e-14   3684
  2.353994e-01   5.198418e-13   1.415603e-04   1.616989e-14   4104
  2.358576e-01   5.445818e-13   1.342621e-04   1.594109e-14   3144
  2.363498e-01   5.249332e-13   1.470632e-04   1.543809e-14   4224
  2.368909e-01   4.699371e-13   1.305314e-04   1.338910e-14   4008
  2.373532e-01   4.864421e-13   1.436052e-04   1.357921e-14   3312
  2.378293e-01   5.415931e-13   1.428317e-04   1.805014e-14   3726
  2.383356e-01   5.596982e-13   1.467057e-04   1.907064e-14   3936
  2.387852e-01   6.362179e-13   1.512247e-04   2.241122e-14   3888
  2.392518e-01   5.267909e-13   1.429975e-04   1.764208e-14   3864
  2.397372e-01   5.509485e-13   1.520184e-04   1.777483e-14   3888
  2.402373e-01   4.810634e-13   1.433767e-04   1.497512e-14   4080
  2.407309e-01   5.368197e-13   1.521663e-04   1.734747e-14   3400
  2.412345e-01   4.762196e-13   1.395519e-04   1.378663e-14   4588
  2.417438e-01   4.438251e-13   1.381276e-04   1.382809e-14   3816
  2.421888e-01   4.663249e-13   1.308874e-04   1.523129e-14   3534
  2.426599e-01   5.829957e-13   1.292818e-04   1.820934e-14   4080
  2.431528e-01   5.438549e-13   1.351361e-04   1.613990e-14   4248
  2.436477e-01   5.777980e-13   1.361762e-04   2.177894e-14   3528
  2.441045e-01   5.136143e-13   1.392215e-04   1.509898e-14   4248
  2.445661e-01   4.886478e-13   1.361726e-04   1.595010e-14   3696
  2.450802e-01   4.443800e-13   1.412982e-04   1.261161e-14   4560
  2.455678e-01   4.724931e-13   1.323495e-04   1.347140e-14   3864
  2.460685e-01   4.251462e-13   1.441083e-04   1.244419e-14   4440
  2.465431e-01   4.654030e-13   1.344565e-04   1.688624e-14   3432
  2.470417e-01   5.256907e-13   1.318374e-04   1.699689e-14   4470
  2.475323e-01   5.252185e-13   1.171596e-04   1.611798e-14   4188
  2.480144e-01   4.734756e-13   1.500979e-04   1.514033e-14   4392
  2.484933e-01   5.310475e-13   1.161150e-04   1.745364e-14   3960
  2.489913e-01   4.793035e-13   1.311762e-04   1.485182e-14   4328
  2.494737e-01   4.318170e-13   1.365155e-04   1.239558e-14   4320
  2.499612e-01   4.438689e-13   1.427527e-04   1.365561e-14   4152
  2.504133e-01   4.945600e-13   1.194148e-04   1.789001e-14   3528
  2.509246e-01   3.968342e-13   1.292483e-04   1.129555e-14   4512
  2.514030e-01   5.012361e-13   1.321235e-04   1.796756e-14   4134
  2.518889e-01   5.375298e-13   1.407559e-04   1.651589e-14   5208
  2.523561e-01   4.969468e-13   1.226327e-04   1.774653e-14   3240
  2.528396e-01   4.999813e-13   1.352583e-04   1.523867e-14   4680
  2.533316e-01   4.529151e-13   1.339167e-04   1.508558e-14   4440
  2.538242e-01   4.355085e-13   1.517493e-04   1.419906e-14   4260
  2.542967e-01   3.913710e-13   1.238886e-04   1.269195e-14   4056
  2.547833e-01   3.791696e-13   1.373522e-04   1.103802e-14   4704
  2.552940e-01   4.260436e-13   1.598328e-04   1.307470e-14   4800
  2.558338e-01   4.346154e-13   1.384828e-04   1.432002e-14   4806
  2.563004e-01   6.154324e-13   1.380453e-04   2.171738e-14   3552
  2.567447e-01   4.398333e-13   1.384155e-04   1.658439e-14   4304
  2.572463e-01   4.661948e-13   1.342317e-04   1.450283e-14   5280
  2.577424e-01   4.213350e-13   1.287726e-04   1.336409e-14   4320
  2.582120e-01   4.318936e-13   1.454180e-04   1.362375e-14   4296
  2.587071e-01   3.791417e-13   1.616686e-04   1.097134e-14   4608
  2.592079e-01   4.068123e-13   1.548872e-04   1.140056e-14   4824
  2.597037e-01   3.466419e-13   1.462245e-04   1.108079e-14   4488
  2.602357e-01   4.292507e-13   1.365163e-04   1.379554e-14   4530
  2.606750e-01   4.508176e-13   1.332969e-04   1.649536e-14   4464
  2.611146e-01   4.378466e-13   1.256224e-04   1.464524e-14   4104
  2.616192e-01   4.180459e-13   1.354472e-04   1.205171e-14   5424
  2.621157e-01   4.475085e-13   1.458006e-04   1.640220e-14   4392
  2.626209e-01   4.038907e-13   1.427447e-04   1.260943e-14   4896
  2.630796e-01   3.571309e-13   1.399190e-04   1.170861e-14   4104
  2.635583e-01   4.164155e-13   1.261700e-04   1.288121e-14   4824
  2.640634e-01   3.081164e-13   1.205890e-04   9.334552e-15   4680
  2.645034e-01   3.522958e-13   1.233362e-04   1.148451e-14   4328
  2.650142e-01   4.176314e-13   1.421747e-04   1.426759e-14   5118
  2.655274e-01   4.310217e-13   1.647184e-04   1.479437e-14   5304
  2.659905e-01   5.042290e-13   1.297081e-04   1.744532e-14   4392
  2.664951e-01   3.879709e-13   1.301864e-04   1.342753e-14   4476
  2.669364e-01   3.775093e-13   1.292906e-04   1.327127e-14   4704
  2.674274e-01   3.601120e-13   1.564908e-04   1.081446e-14   5208
  2.679435e-01   3.557159e-13   1.319479e-04   1.176445e-14   5304
  2.684190e-01   3.223552e-13   1.413346e-04   1.008417e-14   4296
  2.689066e-01   3.346061e-13   1.340217e-04   9.937048e-15   4752
  2.694189e-01   3.930218e-13   1.345359e-04   1.263762e-14   4950
  2.698794e-01   4.021508e-13   1.406262e-04   1.384525e-14   5064
  2.703399e-01   4.262368e-13   1.178265e-04   1.443015e-14   4872
  2.708057e-01   3.926254e-13   1.240390e-04   1.502018e-14   4224
  2.713029e-01   3.771685e-13   1.370167e-04   1.158620e-14   6120
  2.718321e-01   3.329671e-13   1.507358e-04   1.096825e-14   4968
  2.723121e-01   3.627343e-13   1.333881e-04   1.203148e-14   4424
  2.728088e-01   3.383022e-13   1.703749e-04   1.194531e-14   5436
  2.732993e-01   3.062800e-13   1.452596e-04   9.388947e-15   4896
  2.737736e-01   3.257077e-13   1.390702e-04   1.230681e-14   5214
  2.742308e-01   4.244450e-13   1.182169e-04   1.553587e-14   4656
  2.747387e-01   4.061520e-13   1.503032e-04   1.385008e-14   5448
  2.752241e-01   3.721139e-13   1.269422e-04   1.532018e-14   4992
  2.756994e-01   3.967492e-13   1.404898e-04   1.395669e-14   5400
  2.762219e-01   3.489116e-13   1.557062e-04   1.132722e-14   5328
  2.767032e-01   3.502247e-13   1.392299e-04   1.165900e-14   4776
  2.771561e-01   2.693550e-13   1.308295e-04   9.397839e-15   4800
  2.776593e-01   3.099917e-13   1.682401e-04   8.966252e-15   6552
  2.781857e-01   3.745571e-13   1.271030e-04   1.544867e-14   3942
  2.786419e-01   3.662499e-13   1.601990e-04   1.209463e-14   6072
  2.791470e-01   4.354021e-13   1.244164e-04   1.685912e-14   4692
  2.795705e-01   3.294793e-13   1.298888e-04   1.219612e-14   4944
  2.800665e-01   3.370035e-13   1.394107e-04   1.112720e-14   5840
  2.805759e-01   3.205581e-13   1.492333e-04   1.105613e-14   5712
  2.810773e-01   3.283060e-13   1.250671e-04   1.171275e-14   4800
  2.815348e-01   2.879939e-13   1.656330e-04   9.155053e-15   5688
  2.820359e-01   2.820361e-13   1.306810e-04   9.726872e-15   4848
  2.825324e-01   2.226493e-13   1.454557e-04   8.571754e-15   5406
  2.830037e-01   2.040666e-15   1.312973e-04   2.922312e-17   5568
  2.834769e-01   1.982058e-15   1.180275e-04   2.820081e-17   5736
  2.839884e-01   2.053798e-15   1.465826e-04   3.003108e-17   5280
  2.844524e-01   1.957216e-15   1.355263e-04   2.739456e-17   5592
  2.849301e-01   1.957753e-15   1.551417e-04   2.962909e-17   4968
  2.854352e-01   2.073615e-15   1.391053e-04   2.875203e-17   5964
  2.859279e-01   1.972388e-15   1.397517e-04   2.738509e-17   5376
  2.863756e-01   1.910547e-15   1.349389e-04   2.730403e-17   5472
  2.868946e-01   1.981103e-15   1.281532e-04   2.765379e-17   5472
  2.873693e-01   1.907667e-15   1.457059e-04   2.736317e-17   5415
  2.878292e-01   1.849059e-15   1.281660e-04   2.685758e-17   5096
  2.883268e-01   1.776420e-15   1.648183e-04   2.472302e-17   6372
  2.888302e-01   1.901554e-15   1.337920e-04   3.054529e-17   4656
  2.892814e-01   1.881656e-15   1.460580e-04   2.593260e-17   5844
  2.897668e-01   1.879024e-15   1.284189e-04   2.706176e-17   5508
  2.902812e-01   1.878548e-15   1.456803e-04   2.544017e-17   6324
  2.907860e-01   1.737321e-15   1.251396e-04   2.735460e-17   4752
  2.912474e-01   1.882807e-15   1.401041e-04   2.669846e-17   5676
  2.917468e-01   1.824888e-15   1.281684e-04   2.646172e-17   5472
  2.922209e-01   1.755620e-15   1.445704e-04   2.517756e-17   5556
  2.927301e-01   1.772174e-15   1.408810e-04   2.526215e-17   5436
  2.932217e-01   1.751597e-15   1.442016e-04   2.555811e-17   5916
  2.937264e-01   1.730158e-15   1.500331e-04   2.452541e-17   5520
  2.941809e-01   1.684272e-15   1.364480e-04   2.526317e-17   5280
  2.946466e-01   1.774176e-15   1.340724e-04   2.840233e-17   4416
  2.951720e-01   1.691765e-15   1.306879e-04   2.332583e-17   6260
  2.956655e-01   1.668148e-15   1.554038e-04   2.413878e-17   5940
  2.961126e-01   1.667243e-15   1.217066e-04   2.854002e-17   4188
  2.966047e-01   1.601160e-15   1.556122e-04   2.156191e-17   6360
  2.971222e-01   1.624443e-15   1.387995e-04   2.480178e-17   5256
  2.976029e-01   1.657207e-15   1.312113e-04   2.711914e-17   4848
  2.980147e-01   1.539744e-15   1.189499e-04   2.461696e-17   4704
  2.985217e-01   1.553072e-15   1.459205e-04   2.310659e-17   5784
  2.990374e-01   1.517660e-15   1.544008e-04   2.210831e-17   5820
  2.995352e-01   1.558231e-15   1.383100e-04   2.339600e-17   5700
  3.000361e-01   1.565893e-15   1.282634e-04   2.371965e-17   5232
  3.005375e-01   1.509366e-15   1.423193e-04   2.351337e-17   4932
  3.009817e-01   1.508548e-15   1.224997e-04   2.530560e-17   4716
  3.014485e-01   1.521957e-15   1.560382e-04   2.267709e-17   5616
  3.019287e-01   1.415903e-15   1.378046e-04   2.189588e-17   5184
  3.024240e-01   1.397302e-15   1.390111e-04   2.190913e-17   5064
  3.028912e-01   1.402346e-15   1.423406e-04   2.179396e-17   5544
  3.034093e-01   1.401009e-15   1.428860e-04   2.135288e-17   5192
  3.038807e-01   1.393566e-15   1.284053e-04   2.155641e-17   5244
  3.043764e-01   1.343290e-15   1.389360e-04   2.160841e-17   5112
  3.048691e-01   1.381367e-15   1.275010e-04   2.133796e-17   5040
  3.053213e-01   1.352976e-15   1.340439e-04   2.091380e-17   5124
  3.058494e-01   1.335586e-15   1.504823e-04   2.031592e-17   5952
  3.063369e-01   1.326894e-15   1.318531e-04   2.116747e-17   4824
  3.067788e-01   1.289617e-15   1.330892e-04   2.236156e-17   4536
  3.072903e-01   1.285302e-15   1.414616e-04   1.966397e-17   5712
  3.078157e-01   1.347039e-15   1.547976e-04   2.081707e-17   5352
  3.083112e-01   1.263238e-15   1.348344e-04   1.974321e-17   5004
  3.087539e-01   1.206612e-15   1.348711e-04   1.921049e-17   4800
  3.092296e-01   1.254538e-15   1.449374e-04   2.008088e-17   5148
  3.097567e-01   1.247267e-15   1.505363e-04   1.870173e-17   5664
  3.102329e-01   1.161549e-15   1.352034e-04   1.973277e-17   4692
  3.106729e-01   1.202391e-15   1.256056e-04   2.105906e-17   4008
  3.111861e-01   1.159452e-15   1.439712e-04   1.701178e-17   5852
  3.117078e-01   1.155964e-15   1.363273e-04   1.828127e-17   5784
  3.121712e-01   1.148443e-15   1.256700e-04   1.991866e-17   4392
  3.126481e-01   1.161772e-15   1.232703e-04   1.961362e-17   4944
  3.131489e-01   1.112469e-15   1.453336e-04   1.845392e-17   4776
  3.136211e-01   1.074877e-15   1.398188e-04   1.712712e-17   5244
  3.141336e-01   1.089317e-15   1.395722e-04   1.703796e-17   4884
  3.145636e-01   1.041435e-15   1.183681e-04   1.725364e-17   4488
  3.150636e-01   1.066927e-15   1.406525e-04   1.763497e-17   5160
  3.155671e-01   1.123577e-15   1.432039e-04   1.727089e-17   5316
  3.160521e-01   9.905679e-16   1.447892e-04   1.666257e-17   4896
  3.165249e-01   1.104928e-15   1.345344e-04   1.998754e-17   4188
  3.170014e-01   9.669196e-16   1.467406e-04   1.620866e-17   4836
  3.174880e-01   1.041248e-15   1.455680e-04   1.625120e-17   5316
  3.179808e-01   9.885565e-16   1.347408e-04   1.516332e-17   4920
  3.184417e-01   1.065227e-15   1.357413e-04   1.895908e-17   4128
  3.189362e-01   9.589517e-16   1.460260e-04   1.520235e-17   5348
  3.194229e-01   9.981629e-16   1.267067e-04   1.674685e-17   4836
  3.198876e-01   9.665933e-16   1.365306e-04   1.817208e-17   4392
  3.203882e-01   9.470707e-16   1.199532e-04   1.654539e-17   4632
  3.208388e-01   9.274578e-16   1.340287e-04   1.533295e-17   4596
  3.213563e-01   9.444872e-16   1.347844e-04   1.533996e-17   5424
  3.218683e-01   8.636967e-16   1.387362e-04   1.371260e-17   5256
  3.223958e-01   9.048534e-16   1.409032e-04   1.548611e-17   4524
  3.228350e-01   9.093162e-16   1.340268e-04   1.643050e-17   4440
  3.233270e-01   8.873312e-16   1.146101e-04   1.519701e-17   4380
  3.238085e-01   8.699484e-16   1.499870e-04   1.487793e-17   4812
  3.243210e-01   8.846886e-16   1.489725e-04   1.403911e-17   5376
  3.247896e-01   8.148829e-16   1.189892e-04   1.551689e-17   3888
  3.252385e-01   8.786584e-16   1.362564e-04   1.483892e-17   4896
  3.257395e-01   8.363501e-16   1.437728e-04   1.469265e-17   4608
  3.262654e-01   8.761402e-16   1.357127e-04   1.498402e-17   4448
  3.267232e-01   7.495548e-16   1.400926e-04   1.287966e-17   4752
  3.272056e-01   8.322586e-16   1.467382e-04   1.540506e-17   4356
  3.277129e-01   8.053925e-16   1.412082e-04   1.364384e-17   5232
  3.282173e-01   7.586025e-16   1.423025e-04   1.336929e-17   4548
  3.287063e-01   7.740295e-16   1.383360e-04   1.339835e-17   4608
  3.291837e-01   7.625669e-16   1.256671e-04   1.491727e-17   3936
  3.296343e-01   7.722197e-16   1.502088e-04   1.454363e-17   4260
  3.301407e-01   7.450139e-16   1.346643e-04   1.303835e-17   5004
  3.306038e-01   7.650269e-16   1.330711e-04   1.451542e-17   4224
  3.311115e-01   7.381111e-16   1.437697e-04   1.330144e-17   4788
  3.316047e-01   7.604994e-16   1.511985e-04   1.408010e-17   4428
  3.320852e-01   6.964065e-16   1.263467e-04   1.350731e-17   4080
  3.325477e-01   7.351887e-16   1.381486e-04   1.234734e-17   4632
  3.330347e-01   6.894841e-16   1.436640e-04   1.355718e-17   4056
  3.335467e-01   6.847387e-16   1.352621e-04   1.214863e-17   4536
  3.340144e-01   7.290270e-16   1.379585e-04   1.297441e-17   4668
  3.345266e-01   6.318088e-16   1.478669e-04   1.161054e-17   4604
  3.350255e-01   6.842769e-16   1.328598e-04   1.284238e-17   4152
  3.354859e-01   6.701720e-16   1.287622e-04   1.273298e-17   4224
  3.359739e-01   6.331341e-16   1.237953e-04   1.229223e-17   4152
  3.364615e-01   7.020711e-16   1.404246e-04   1.300643e-17   4224
  3.369356e-01   6.536162e-16   1.298644e-04   1.238488e-17   3960
  3.373922e-01   6.321401e-16   1.340119e-04   1.114381e-17   4656
  3.378910e-01   6.150023e-16   1.445961e-04   1.129185e-17   4452
  3.384025e-01   5.951342e-16   1.470057e-04   1.181053e-17   4056
  3.388784e-01   6.136517e-16   1.456648e-04   1.195651e-17   4212
  3.393606e-01   6.494094e-16   1.210536e-04   1.359745e-17   3432
  3.398492e-01   5.952802e-16   1.548628e-04   1.033071e-17   5352
  3.403267e-01   6.113380e-16   1.134185e-04   1.290195e-17   3600
  3.408466e-01   5.795274e-16   1.251027e-04   1.084242e-17   4584
  3.413005e-01   6.063995e-16   1.247343e-04   1.255712e-17   3768
  3.417680e-01   5.693549e-16   1.331557e-04   1.169690e-17   3848
  3.422347e-01   5.813824e-16   1.220886e-04   1.238253e-17   3720
  3.427639e-01   5.340969e-16   1.532392e-04   9.721247e-18   4764
  3.432311e-01   5.676317e-16   1.234001e-04   1.063017e-17   3864
  3.437109e-01   5.793299e-16   1.528459e-04   1.102564e-17   4332
  3.442342e-01   5.490565e-16   1.304937e-04   1.073917e-17   3792
  3.447018e-01   5.126777e-16   1.480185e-04   9.771715e-18   4284
  3.451974e-01   5.224909e-16   1.401572e-04   1.185460e-17   3840
  3.456664e-01   4.771239e-16   1.334113e-04   1.006595e-17   3480
  3.461427e-01   5.070213e-16   1.488614e-04   9.223676e-18   4380
  3.466576e-01   5.206799e-16   1.398292e-04   1.033104e-17   4200
  3.471635e-01   5.325944e-16   1.344014e-04   1.036034e-17   4056
  3.476333e-01   4.894496e-16   1.350788e-04   1.097491e-17   3600
  3.480735e-01   4.986598e-16   1.345848e-04   1.041635e-17   3492
  3.485878e-01   4.707994e-16   1.571647e-04   9.384770e-18   4500
  3.491126e-01   5.190511e-16   1.376975e-04   1.127441e-17   3516
  3.495636e-01   5.153040e-16   1.439500e-04   1.070189e-17   3968
  3.500690e-01   4.756925e-16   1.383484e-04   1.033976e-17   3648
  3.505165e-01   4.688284e-16   1.322992e-04   9.724688e-18   4224
  3.510237e-01   4.348508e-16   1.484940e-04   9.656775e-18   3588
  3.514997e-01   4.637322e-16   1.369683e-04   1.022998e-17   3456
  3.519786e-01   4.236914e-16   1.216448e-04   9.407875e-18   3660
  3.524735e-01   4.426705e-16   1.335194e-04   9.367170e-18   3768
  3.529347e-01   4.589837e-16   1.350276e-04   9.707985e-18   3744
  3.534301e-01   4.313941e-16   1.482149e-04   8.916938e-18   4176
  3.539572e-01   4.745425e-16   1.367120e-04   1.033899e-17   3612
  3.543928e-01   4.285108e-16   1.485682e-04   1.005162e-17   3216
  3.548913e-01   4.186822e-16   1.436402e-04   9.578840e-18   3624
  3.553925e-01   4.125242e-16   1.350690e-04   8.715605e-18   3744
  3.558768e-01   4.327527e-16   1.441176e-04   9.532151e-18   3672
  3.563547e-01   4.182568e-16   1.306896e-04   9.164062e-18   3852
  3.568482e-01   4.316725e-16   1.345097e-04   9.510204e-18   3672
  3.573731e-01   4.129160e-16   1.310574e-04   1.061474e-17   3248
  3.578115e-01   3.580948e-16   1.341465e-04   8.334372e-18   3336
  3.582900e-01   3.625869e-16   1.365492e-04   8.133451e-18   3576
  3.587793e-01   3.939365e-16   1.159180e-04   8.959546e-18   3336
  3.592778e-01   3.929330e-16   1.376902e-04   8.358614e-18   3936
  3.597697e-01   3.988011e-16   1.466440e-04   9.130663e-18   3408
  3.602575e-01   3.940032e-16   1.291957e-04   9.495117e-18   3336
  3.607316e-01   3.071969e-16   1.451163e-04   7.513066e-18   3312
  3.612054e-01   3.668381e-16   1.469319e-04   9.281937e-18   3432
  3.617101e-01   3.785357e-16   1.273841e-04   9.875227e-18   3144
  3.621706e-01   3.564657e-16   1.382881e-04   8.392602e-18   3456
  3.626887e-01   3.485230e-16   1.329107e-04   7.406055e-18   3792
  3.631568e-01   3.733604e-16   1.305556e-04   9.857007e-18   2868
  3.636625e-01   3.210933e-16   1.352551e-04   6.838105e-18   3888
  3.641351e-01   3.061441e-16   1.174435e-04   7.861815e-18   2784
  3.646004e-01   3.286375e-16   1.341238e-04   9.220405e-18   2964
  3.651086e-01   3.387162e-16   1.381212e-04   7.987895e-18   3432
  3.655924e-01   3.274127e-16   1.429694e-04   7.668012e-18   3416
  3.660820e-01   3.347699e-16   1.528218e-04   7.915180e-18   3528
  3.665830e-01   3.474220e-16   1.226504e-04   8.926321e-18   2904
  3.670262e-01   2.992140e-16   1.375270e-04   7.681836e-18   3072
  3.675416e-01   2.916441e-16   1.544586e-04   7.058989e-18   3216
  3.680569e-01   2.939119e-16   1.250951e-04   7.961345e-18   2844
  3.685093e-01   2.982183e-16   1.431483e-04   7.594196e-18   3432
  3.689737e-01   3.368219e-16   1.150574e-04   9.049769e-18   2880
  3.694925e-01   3.044007e-16   1.524100e-04   7.709193e-18   3576
  3.699812e-01   3.242432e-16   1.362332e-04   9.098066e-18   2700
  3.704492e-01   2.789762e-16   1.530237e-04   7.374379e-18   3000
  3.709392e-01   2.630917e-16   1.270553e-04   7.454791e-18   2556
  3.714151e-01   2.936644e-16   1.361780e-04   7.428100e-18   3360
  3.719070e-01   2.946275e-16   1.323185e-04   7.505331e-18   3120
  3.724371e-01   2.939298e-16   1.557809e-04   7.990071e-18   3216
  3.728935e-01   3.082045e-16   1.098680e-04   8.471241e-18   2628
  3.734065e-01   2.575965e-16   1.452297e-04   6.913976e-18   3200
  3.738745e-01   2.451281e-16   1.370102e-04   7.105373e-18   2232
  3.743471e-01   2.440220e-16   1.563929e-04   7.197359e-18   3108
  3.748177e-01   3.161511e-16   1.373821e-04   9.448681e-18   2604
  3.752991e-01   2.912691e-16   1.479994e-04   7.663987e-18   3096
  3.758288e-01   2.677399e-16   1.348469e-04   7.545568e-18   3084
  3.762884e-01   2.441485e-16   1.376092e-04   7.055441e-18   2664
  3.767621e-01   2.547110e-16   1.213497e-04   8.320183e-18   2232
  3.772262e-01   2.071133e-16   1.494845e-04   6.252699e-18   2808
  3.777344e-01   2.637380e-16   1.412112e-04   8.189274e-18   2592
  3.782089e-01   2.893994e-16   1.449703e-04   8.325823e-18   2952
  3.787074e-01   2.361152e-16   1.368697e-04   6.876060e-18   2772
  3.791921e-01   2.362782e-16   1.471948e-04   6.659561e-18   3036
  3.796993e-01   2.300228e-16   1.427797e-04   7.728408e-18   2136
  3.801616e-01   1.937129e-16   1.138671e-04   6.502511e-18   2496
  3.806364e-01   2.484159e-16   1.516625e-04   8.272891e-18   2228
  3.811316e-01   2.657256e-16   1.413981e-04   7.897684e-18   3048
  3.816243e-01   2.405573e-16   1.350676e-04   7.676044e-18   2676
  3.821140e-01   2.080195e-16   1.345571e-04   6.230374e-18   2784
  3.825820e-01   2.169593e-16   1.307225e-04   7.277817e-18   1920
  3.830514e-01   1.888129e-16   1.395126e-04   5.833677e-18   2400
  3.835600e-01   1.880346e-16   1.279618e-04   5.969639e-18   2532
  3.840860e-01   2.304767e-16   1.421350e-04   7.611972e-18   2544
  3.845592e-01   2.546072e-16   1.486925e-04   8.089685e-18   2772
  3.850254e-01   1.958062e-16   1.392746e-04   7.287202e-18   2160
  3.854884e-01   2.137474e-16   1.500120e-04   7.234785e-18   2304
  3.860241e-01   1.876646e-16   1.467945e-04   6.785198e-18   2328
  3.865043e-01   1.562190e-16   1.407449e-04   5.562652e-18   2304
  3.869492e-01   1.658279e-16   1.330938e-04   6.123965e-18   1908
  3.874552e-01   2.479877e-16   1.488569e-04   8.661364e-18   2736
  3.879425e-01   2.170295e-16   1.410418e-04   7.846181e-18   2448
  3.884609e-01   2.063176e-16   1.318665e-04   7.094126e-18   2040
  3.889299e-01   1.441971e-16   1.372999e-04   5.869480e-18   2120
  3.893809e-01   1.849718e-16   1.138355e-04   6.700824e-18   2040
  3.898664e-01   1.485264e-16   1.412334e-04   6.260795e-18   2208
  3.904158e-01   2.197743e-16   1.268062e-04   8.419277e-18   2208
  3.908608e-01   2.543758e-16   1.405255e-04   9.281622e-18   2196
  3.913207e-01   1.380393e-16   1.236152e-04   5.604954e-18   1848
  3.917886e-01   1.789646e-16   1.401960e-04   7.288253e-18   2124
  3.923120e-01   1.549298e-16   1.470626e-04   5.383792e-18   2328
  3.928231e-01   1.569595e-16   1.497225e-04   6.732179e-18   1920
  3.933200e-01   1.418412e-16   1.374435e-04   6.170580e-18   1548
  3.937619e-01   2.113251e-16   1.507712e-04   7.625402e-18   2388
  3.942832e-01   1.483490e-16   1.395210e-04   6.359631e-18   2160
  3.947606e-01   1.507005e-16   1.269906e-04   6.626557e-18   1704
  3.952179e-01   1.382327e-16   1.430661e-04   6.417798e-18   1776
  3.956506e-01   1.350381e-16   1.338203e-04   6.105385e-18   1800
  3.961977e-01   1.193688e-16   1.544832e-04   5.173471e-18   1700
  3.967087e-01   1.899625e-16   1.390936e-04   8.131429e-18   2292
  3.971846e-01   1.533038e-16   1.291201e-04   7.290057e-18   1704
  3.976337e-01   1.529261e-16   1.443780e-04   7.097322e-18   1728
  3.981255e-01   1.207793e-16   1.336251e-04   5.709579e-18   1728
  3.986075e-01   1.520483e-16   1.334994e-04   7.123345e-18   1680
  3.991202e-01   9.390742e-17   1.537953e-04   4.690612e-18   1704
  3.996310e-01   1.023022e-16   1.207753e-04   4.198214e-18   1752
  4.000877e-01   1.663954e-16   1.435789e-04   8.470221e-18   1872
  4.005817e-01   1.375844e-16   1.407232e-04   7.491434e-18   1500
  4.010829e-01   1.210151e-16   1.232237e-04   6.179605e-18   1656
  4.015697e-01   1.215280e-16   1.321192e-04   5.309147e-18   1464
  4.020023e-01   8.040496e-17   1.157232e-04   4.655268e-18   1488
  4.025329e-01   9.980057e-17   1.396693e-04   4.303682e-18   1680
  4.030178e-01   1.254150e-16   1.459194e-04   6.781441e-18   1692
  4.034716e-01   1.126579e-16   1.397252e-04   6.794167e-18   1128
  4.039751e-01   1.059755e-16   1.345433e-04   5.449469e-18   1536
  4.044663e-01   8.339399e-17   1.402479e-04   4.826682e-18   1616
  4.049637e-01   8.092795e-17   1.352429e-04   4.647738e-18   1476
  4.054650e-01   8.076374e-17   1.488381e-04   6.113939e-18   1176
  4.059124e-01   8.263503e-17   1.599107e-04   3.775387e-18   1656
  4.063997e-01   1.001925e-16   1.404668e-04   8.436870e-18   891
  4.069020e-01   7.643201e-17   1.497388e-04   3.690847e-18   1596
  4.073915e-01   6.396750e-17   1.305762e-04   4.157795e-18   1422
  4.078742e-01   7.079317e-17   1.252138e-04   3.700924e-18   1254
  4.083284e-01   4.884695e-17   1.279202e-04   2.718804e-18   918
  4.088148e-01   7.093474e-17   1.400009e-04   3.165077e-18   1614
  4.093049e-01   5.628004e-17   1.209347e-04   4.116529e-18   798
  4.097922e-01   5.027192e-17   1.550239e-04   2.736939e-18   1458
  4.102863e-01   5.568784e-17   1.419502e-04   2.595551e-18   1374
  4.107747e-01   4.296573e-17   1.212349e-04   3.072739e-18   984
  4.112591e-01   5.106852e-17   1.668024e-04   2.642657e-18   1062
  4.117525e-01   6.062744e-17   1.413965e-04   3.159794e-18   1246
  4.122317e-01   3.314908e-17   1.311095e-04   1.912894e-18   1072
  4.127436e-01   3.660981e-17   1.419832e-04   2.363233e-18   1110
  4.132166e-01   5.360656e-17   1.538182e-04   2.957475e-18   1254
  4.137139e-01   3.990298e-17   1.459816e-04   2.410098e-18   1032
  4.142557e-01   4.638921e-17   1.352509e-04   3.686002e-18   786
  4.146677e-01   4.384537e-17   1.386613e-04   2.090606e-18   1152
  4.151502e-01   3.498851e-17   1.511270e-04   2.167630e-18   1086
  4.156529e-01   2.224930e-17   1.363503e-04   8.705167e-19   912
  4.161175e-01   5.600742e-17   1.366785e-04   2.818975e-18   1062
  4.165917e-01   2.659505e-17   1.362355e-04   1.142206e-18   912
  4.171397e-01   2.378663e-17   1.520835e-04   1.642635e-18   750
  4.175668e-01   3.988725e-17   1.465336e-04   1.945471e-18   1200
  4.180611e-01   2.757743e-17   1.326977e-04   1.708996e-18   918
  4.185524e-01   2.187988e-17   1.377357e-04   1.274182e-18   876
  4.190517e-01   4.007284e-17   1.203534e-04   2.003505e-18   870
  4.194890e-01   2.788652e-17   1.403731e-04   1.486787e-18   768
  4.200015e-01   1.730009e-17   1.286594e-04   9.850536e-19   830
  4.204761e-01   2.802399e-17   1.332096e-04   1.446368e-18   1080
  4.209676e-01   2.344728e-17   1.498783e-04   1.215162e-18   840
  4.214632e-01   1.855882e-17   1.443163e-04   9.299286e-19   798
  4.220251e-01   3.476530e-17   1.145461e-04   1.990141e-18   792
  4.224609e-01   2.015461e-17   1.335978e-04   1.145028e-18   726
  4.229181e-01   1.387059e-17   1.497038e-04   4.858990e-19   864
  4.234189e-01   2.284999e-17   1.281430e-04   1.383257e-18   900
  4.239267e-01   1.654326e-17   1.424135e-04   7.313175e-19   726
  4.243623e-01   1.609558e-17   1.232527e-04   7.432356e-19   576
  4.249434e-01   2.182889e-17   1.282664e-04   1.227863e-18   840
  4.253523e-01   1.684195e-17   1.331485e-04   9.399974e-19   750
  4.258366e-01   1.464312e-17   1.335529e-04   6.821052e-19   720
  4.262936e-01   1.942696e-17   1.351090e-04   1.127670e-18   702
  4.268271e-01   1.638546e-17   1.475571e-04   7.890917e-19   696
  4.272662e-01   1.656278e-17   1.319621e-04   9.505036e-19   480
  4.277837e-01   1.652749e-17   1.250396e-04   1.062203e-18   830
  4.282419e-01   1.573231e-17   1.454616e-04   8.196879e-19   756
  4.287552e-01   1.462109e-17   1.396687e-04   7.250237e-19   624
  4.292083e-01   1.269781e-17   1.475796e-04   7.959593e-19   582
  4.297440e-01   1.555532e-17   1.132706e-04   9.036794e-19   576
  4.302073e-01   1.212013e-17   1.517064e-04   6.164245e-19   624
  4.306823e-01   1.382935e-17   1.238986e-04   7.160691e-19   702
  4.311525e-01   1.265156e-17   1.425165e-04   6.803587e-19   624
  4.317110e-01   1.315995e-17   1.378751e-04   6.172856e-19   672
  4.321659e-01   9.220261e-18   1.032125e-04   5.653765e-19   342
  4.326655e-01   1.243928e-17   1.290292e-04   7.132908e-19   660
  4.331249e-01   9.918180e-18   1.326364e-04   6.037920e-19   576
  4.335992e-01   1.034770e-17   1.289493e-04   5.793438e-19   600
  4.340787e-01   9.264834e-18   1.491476e-04   6.463424e-19   510
  4.346181e-01   1.137990e-17   1.397290e-04   5.461253e-19   600
  4.350341e-01   8.154217e-18   1.112888e-04   5.516008e-19   216
  4.355185e-01   8.952205e-18   1.354577e-04   4.435704e-19   758
  4.360833e-01   8.025570e-18   1.482975e-04   4.892221e-19   576
  4.365782e-01   9.750905e-18   1.259005e-04   5.014179e-19   528
  4.370248e-01   8.910829e-18   8.670054e-05   6.998279e-19   318
  4.375047e-01   1.037023e-17   1.497759e-04   5.369965e-19   540
  4.380721e-01   4.120530e-18   1.058893e-04   2.238029e-19   384
  4.384565e-01   8.348450e-18   1.463022e-04   4.722018e-19   576
  4.389570e-01   6.070544e-18   1.195560e-04   3.948428e-19   414
  4.394302e-01   9.194923e-18   1.335050e-04   5.566001e-19   504
  4.399357e-01   7.531896e-18   1.465573e-04   4.028683e-19   312
  4.404212e-01   7.902582e-18   1.327827e-04   5.141642e-19   414
  4.409029e-01   5.582056e-18   1.226699e-04   3.200977e-19   432
  4.413512e-01   6.373555e-18   1.624587e-04   3.455841e-19   504
  4.418701e-01   6.882451e-18   1.564660e-04   4.172771e-19   432
  4.423558e-01   6.551475e-18   1.281691e-04   3.699900e-19   354
  4.428506e-01   8.184407e-18   1.865017e-04   7.568119e-19   200
  4.432750e-01   5.552750e-18   1.323290e-04   2.903626e-19   480
  4.438485e-01   5.602705e-18   1.512148e-04   2.918829e-19   552
  4.443745e-01   6.179280e-18   9.419478e-05   4.986161e-19   366
  4.447799e-01   6.224567e-18   1.002751e-04   6.066018e-19   240
  4.452261e-01   6.633085e-18   1.401886e-04   3.524318e-19   288
  4.458541e-01   5.261791e-18   9.634579e-05   3.099700e-19   366
  4.462600e-01   4.105538e-18   1.562070e-04   2.302690e-19   408
  4.467132e-01   4.979256e-18   1.174273e-04   3.625973e-19   360
  4.471820e-01   5.433214e-18   1.094619e-04   3.161640e-19   324
  4.476367e-01   5.209119e-18   1.292780e-04   4.109845e-19   174
  4.481783e-01   5.100302e-18   1.485222e-04   3.433981e-19   264
  4.486867e-01   4.323834e-18   1.354596e-04   2.486073e-19   456
  4.491937e-01   4.327455e-18   1.362099e-04   2.305171e-19   360
  4.496105e-01   3.955147e-18   1.500483e-04   2.496126e-19   270
  4.501209e-01   5.256500e-18   1.641082e-04   3.536571e-19   240
  4.507604e-01   5.946144e-18   1.195905e-04   5.099408e-19   120
  4.510747e-01   2.462434e-18   1.248485e-04   1.489831e-19   320
  4.515822e-01   3.902061e-18   1.544785e-04   2.041411e-19   462
  4.521137e-01   4.291571e-18   8.987666e-05   3.011207e-19   276
  4.525754e-01   3.885875e-18   1.019637e-04   3.492063e-19   144
  4.530202e-01   5.965291e-18   1.070818e-04   5.892587e-19   120
  4.536115e-01   2.603792e-18   8.108908e-05   1.425202e-19   294
  4.540583e-01   3.494022e-18   1.438563e-04   2.173957e-19   384
  4.544753e-01   3.318332e-18   9.523196e-05   2.405797e-19   216
  4.548743e-01   4.602357e-18   8.843896e-05   3.708538e-19   168
  4.553251e-01   4.105942e-18   1.052282e-04   3.970864e-19   102
  4.559768e-01   3.511640e-18   1.596520e-04   2.659339e-19   168
  4.564337e-01   3.159113e-18   1.397340e-04   1.707133e-19   384
  4.569346e-01   3.269680e-18   1.419732e-04   2.166692e-19   300
  4.574008e-01   3.416222e-18   1.520225e-04   2.053630e-19   144
  4.579263e-01   3.540447e-18   1.556925e-04   3.056634e-19   102
  4.585568e-01   4.315537e-18   3.685588e-05   4.030147e-19   56
  4.588590e-01   2.363121e-18   1.199932e-04   1.524354e-19   288
  4.593328e-01   2.489545e-18   1.561557e-04   1.192823e-19   360
  4.598487e-01   3.141891e-18   8.376686e-05   2.278264e-19   126
  4.602834e-01   3.467534e-18   4.125612e-05   4.249695e-19   72
  4.607572e-01   3.603599e-18   2.185755e-05   6.137873e-19   48
  4.613754e-01   2.198207e-18   8.842417e-05   1.291232e-19   240
  4.617816e-01   2.490831e-18   1.311982e-04   1.311692e-19   306
  4.621975e-01   2.395351e-18   7.291699e-05   1.969058e-19   120
  4.626766e-01   3.052473e-18   1.794585e-04   3.508974e-19   96
  4.630248e-01   3.130078e-18   0.000000e+00   5.779035e-19   24
  4.638071e-01   2.006785e-18   1.554065e-04   1.687632e-19   120
  4.641905e-01   2.299259e-18   1.343981e-04   1.298027e-19   318
  4.646594e-01   2.459458e-18   1.436227e-04   2.204978e-19   168
  4.651731e-01   3.018544e-18   1.541232e-04   3.696627e-19   72
  4.657357e-01   3.376774e-18   0.000000e+00   7.837947e-19   24
  4.663408e-01   2.768212e-18   7.481195e-05   4.241518e-19   14
  4.666286e-01   1.759373e-18   1.179951e-04   1.222435e-19   288
  4.670757e-01   1.925581e-18   1.419546e-04   1.357616e-19   204
  4.675916e-01   2.262554e-18   2.153808e-05   3.261190e-19   48
  4.680007e-01   4.632250e-18   0.000000e+00   9.758120e-19   24
  4.684739e-01   2.777034e-18   0.000000e+00   9.522873e-19   6
  4.691541e-01   1.782836e-18   8.821950e-05   1.364516e-19   216
  4.695046e-01   2.610438e-18   1.174842e-04   1.923258e-19   192
  4.699334e-01   1.865999e-18   2.143075e-05   2.446407e-19   48
  4.703832e-01   1.928747e-18   1.712353e-04   3.499323e-19   30
  4.716555e-01   1.785701e-18   3.540978e-05   1.542438e-19   96
  4.719167e-01   1.716452e-18   1.160286e-04   9.751106e-20   228
  4.724128e-01   2.346644e-18   1.517284e-04   2.714647e-19   72
  4.730094e-01   5.920581e-18   0.000000e+00   2.731170e-18   6
  4.743680e-01   1.937466e-18   1.145631e-04   1.127998e-19   248
  4.748016e-01   1.951018e-18   1.311235e-04   2.518611e-19   72
  4.753245e-01   1.684397e-18   7.266090e-09   5.799631e-19   6
  4.769053e-01   1.737295e-18   8.141014e-05   1.047359e-19   180
  4.772205e-01   2.141349e-18   1.107713e-04   2.826194e-19   72
  4.776705e-01   3.322075e-18   0.000000e+00   7.727986e-19   6
  4.794278e-01   1.539472e-18   3.483570e-05   1.299015e-19   96
  4.796378e-01   1.926370e-18   9.563861e-05   1.750275e-19   96
  4.800471e-01   1.984893e-18   0.000000e+00   5.312902e-19   6
  4.820778e-01   1.668080e-18   9.153355e-05   1.075026e-19   140
  4.824537e-01   1.776788e-18   0.000000e+00   3.812856e-19   6
  4.846301e-01   1.473793e-18   6.146888e-05   1.201418e-19   96
  4.848898e-01   5.551882e-19   0.000000e+00   2.072567e-19   6
  4.871898e-01   2.047142e-18   3.697860e-05   2.470317e-19   60
  4.873552e-01   2.435065e-18   0.000000e+00   7.366597e-19   6
  4.897713e-01   1.060838e-18   3.748867e-05   1.579126e-19   38
  4.923442e-01   9.700451e-19   1.928513e-05   1.483691e-19   18
  4.949217e-01   2.878321e-19   7.266090e-09   9.332393e-20   6
