# power spectrum of delta
# redshift z=96.079122
# k              Pk             sigma(k)       sigma(Pk)      count
  4.487990e-03   1.508112e-08   0.000000e+00   6.078889e-09   6
  6.346976e-03   2.539850e-08   0.000000e+00   5.070069e-09   12
  7.773426e-03   3.802942e-08   8.514949e-11   7.742347e-09   8
  8.975979e-03   2.108215e-07   0.000000e+00   2.268619e-08   6
  1.003545e-02   2.203773e-07   1.605594e-10   7.025516e-08   24
  1.099328e-02   4.417289e-07   1.605594e-10   7.442267e-08   24
  1.269395e-02   3.380788e-07   0.000000e+00   1.521807e-07   12
  1.346397e-02   4.908958e-07   1.816523e-10   9.040382e-08   30
  1.419227e-02   7.502579e-07   0.000000e+00   1.653373e-07   24
  1.488498e-02   8.213372e-07   2.780971e-10   2.035976e-07   24
  1.554685e-02   1.133232e-06   1.702990e-10   2.296827e-07   8
  1.618168e-02   1.118449e-06   2.270653e-10   1.389615e-07   24
  1.679252e-02   1.212888e-06   0.000000e+00   1.704496e-07   48
  1.795196e-02   1.852490e-06   0.000000e+00   8.144993e-07   6
  1.850445e-02   1.666109e-06   2.270653e-10   2.339768e-07   48
  1.904093e-02   1.723784e-06   2.140792e-10   1.792770e-07   36
  1.956269e-02   2.750860e-06   2.270653e-10   5.752649e-07   24
  2.007090e-02   1.780078e-06   3.211188e-10   3.064156e-07   24
  2.056655e-02   1.749825e-06   0.000000e+00   2.379116e-07   48
  2.105054e-02   2.967774e-06   3.211188e-10   4.224779e-07   24
  2.198657e-02   2.789370e-06   3.211188e-10   4.386851e-07   24
  2.243995e-02   2.059005e-06   0.000000e+00   3.370324e-07   30
  2.288435e-02   2.368899e-06   0.000000e+00   2.616296e-07   72
  2.332028e-02   2.480117e-06   3.405980e-10   5.049981e-07   32
  2.416856e-02   3.793839e-06   0.000000e+00   4.400645e-07   72
  2.458173e-02   2.462197e-06   0.000000e+00   3.600022e-07   48
  2.538790e-02   1.479558e-06   0.000000e+00   4.401428e-07   12
  2.597539e-02   2.999429e-06   1.938570e-04   2.737272e-07   96
  2.655130e-02   4.058976e-06   3.211188e-10   5.121994e-07   48
  2.692794e-02   5.145440e-06   3.633045e-10   9.019103e-07   30
  2.757421e-02   5.094370e-06   1.586779e-04   4.758084e-07   96
  2.838454e-02   3.373610e-06   0.000000e+00   6.403573e-07   24
  2.885327e-02   5.060013e-06   1.642099e-04   4.082548e-07   144
  2.942972e-02   3.802743e-06   5.561942e-10   9.338113e-07   24
  3.002225e-02   6.087558e-06   1.456630e-04   6.980767e-07   96
  3.043903e-02   5.568040e-06   0.000000e+00   8.570310e-07   48
  3.137435e-02   7.607004e-06   1.080207e-04   8.594173e-07   62
  3.184971e-02   5.842295e-06   1.519035e-04   7.023630e-07   132
  3.236335e-02   4.068153e-06   4.541306e-10   7.253491e-07   24
  3.284837e-02   6.732375e-06   1.518246e-04   5.749339e-07   168
  3.373431e-02   8.585963e-06   1.492698e-04   7.091291e-07   96
  3.439955e-02   6.228801e-06   1.270423e-04   5.886279e-07   96
  3.521583e-02   7.090489e-06   1.416056e-04   5.853743e-07   168
  3.590392e-02   1.023453e-05   0.000000e+00   4.497620e-06   6
  3.618333e-02   8.646039e-06   0.000000e+00   8.373539e-07   96
  3.651563e-02   8.523254e-06   1.100713e-04   8.387366e-07   120
  3.718966e-02   7.252822e-06   1.278125e-04   5.752082e-07   144
  3.754921e-02   8.738965e-06   0.000000e+00   1.177839e-06   48
  3.823245e-02   8.198859e-06   1.304211e-04   8.824935e-07   84
  3.860715e-02   9.364507e-06   8.899106e-10   8.403894e-07   120
  3.894461e-02   7.470371e-06   1.183479e-04   8.540612e-07   80
  3.946692e-02   7.438846e-06   1.201620e-04   5.462872e-07   144
  4.014180e-02   9.870267e-06   6.422377e-10   1.830621e-06   24
  4.047145e-02   1.113830e-05   1.159510e-04   9.303864e-07   150
  4.098576e-02   1.045875e-05   1.203057e-04   7.604443e-07   120
  4.155056e-02   9.901288e-06   1.096333e-04   8.317525e-07   168
  4.210107e-02   1.558842e-05   6.422377e-10   2.606721e-06   24
  4.244743e-02   9.373086e-06   1.181082e-04   5.950068e-07   264
  4.281269e-02   7.601233e-06   6.422377e-10   1.065504e-06   48
  4.343532e-02   1.046557e-05   1.093985e-04   8.633933e-07   144
  4.412543e-02   1.358058e-05   1.076845e-04   1.667944e-06   72
  4.451927e-02   1.105037e-05   1.107671e-04   7.089218e-07   180
  4.506982e-02   1.214146e-05   8.025835e-05   9.094102e-07   198
  4.532647e-02   1.298838e-05   0.000000e+00   1.417676e-06   48
  4.589413e-02   1.096644e-05   1.086319e-04   8.279866e-07   168
  4.631540e-02   1.339142e-05   1.087222e-04   1.219186e-06   144
  4.695270e-02   1.312876e-05   1.527607e-04   6.861184e-07   248
  4.781330e-02   9.993248e-06   1.053161e-04   7.039857e-07   192
  4.839932e-02   1.357127e-05   1.626762e-04   8.880764e-07   240
  4.875204e-02   1.516283e-05   0.000000e+00   1.644059e-06   72
  4.929001e-02   1.632100e-05   9.927197e-05   1.424468e-06   126
  4.962939e-02   1.774359e-05   9.159181e-05   1.404637e-06   168
  5.027740e-02   1.733444e-05   1.001546e-04   9.672947e-07   288
  5.095853e-02   1.659748e-05   5.274950e-05   1.413063e-06   156
  5.131126e-02   1.450242e-05   8.873998e-05   1.265441e-06   168
  5.184617e-02   1.597771e-05   1.521290e-04   9.812298e-07   264
  5.233850e-02   1.553609e-05   0.000000e+00   1.918597e-06   48
  5.270435e-02   1.599553e-05   1.514052e-04   1.050033e-06   264
  5.322882e-02   1.684537e-05   8.924381e-05   1.399747e-06   144
  5.362492e-02   1.928419e-05   1.825884e-04   2.183096e-06   78
  5.420192e-02   1.618468e-05   1.186900e-04   8.970296e-07   336
  5.474604e-02   1.552805e-05   9.030373e-05   1.048912e-06   200
  5.510338e-02   1.549329e-05   1.768159e-04   1.175119e-06   192
  5.558581e-02   1.986797e-05   8.873069e-05   1.410205e-06   240
  5.602902e-02   2.166025e-05   1.778215e-04   1.495334e-06   168
  5.648434e-02   1.838463e-05   1.423690e-04   1.578913e-06   120
  5.703118e-02   2.109801e-05   1.112738e-04   1.123903e-06   324
  5.756179e-02   1.954975e-05   8.748012e-05   1.332975e-06   192
  5.792293e-02   2.253522e-05   1.568908e-04   1.634004e-06   168
  5.853721e-02   1.736715e-05   1.292197e-04   9.611979e-07   342
  5.909109e-02   2.462920e-05   1.040479e-04   1.259011e-06   336
  5.965251e-02   2.817494e-05   7.962394e-05   3.142564e-06   72
  6.003109e-02   2.298945e-05   1.273478e-04   1.530351e-06   288
  6.047058e-02   2.345785e-05   8.293768e-05   1.702087e-06   264
  6.108439e-02   2.152410e-05   1.090835e-04   1.164432e-06   384
  6.163419e-02   2.320631e-05   1.309286e-04   1.734927e-06   240
  6.186267e-02   2.491235e-05   0.000000e+00   3.042074e-06   48
  6.252352e-02   2.529113e-05   1.071736e-04   1.275373e-06   392
  6.302771e-02   2.386155e-05   1.176177e-04   1.354254e-06   294
  6.356985e-02   2.434684e-05   7.644534e-05   1.808074e-06   228
  6.392640e-02   2.939983e-05   1.160935e-04   1.919726e-06   216
  6.437004e-02   2.498807e-05   7.071608e-05   1.319456e-06   336
  6.491309e-02   2.734874e-05   8.402231e-05   1.565859e-06   360
  6.536140e-02   3.029583e-05   1.280140e-04   1.870816e-06   240
  6.582853e-02   2.820732e-05   1.514699e-04   1.982392e-06   168
  6.626426e-02   2.682612e-05   1.192252e-04   1.523184e-06   312
  6.678338e-02   2.725451e-05   7.461529e-05   1.388341e-06   336
  6.734419e-02   3.030319e-05   1.017891e-04   1.840517e-06   294
  6.776702e-02   3.470120e-05   1.356641e-04   2.135225e-06   288
  6.809058e-02   2.472470e-05   8.488954e-05   1.616016e-06   264
  6.866755e-02   2.945649e-05   1.458184e-04   1.494205e-06   480
  6.914996e-02   3.346477e-05   7.133389e-05   1.998730e-06   240
  6.974139e-02   3.383425e-05   7.213111e-05   1.982738e-06   276
  7.020800e-02   3.240437e-05   1.583420e-04   1.356549e-06   488
  7.076234e-02   3.784020e-05   6.973720e-05   3.334084e-06   240
  7.108411e-02   3.479172e-05   1.354117e-04   1.721317e-06   360
  7.153530e-02   2.987165e-05   4.817743e-05   2.221233e-06   198
  7.211554e-02   2.977754e-05   1.627935e-04   1.296820e-06   480
  7.254038e-02   3.035776e-05   6.008787e-05   1.843890e-06   288
  7.312796e-02   3.583485e-05   1.270121e-04   1.700105e-06   480
  7.365633e-02   3.736432e-05   7.825550e-05   1.577672e-06   480
  7.419894e-02   3.336788e-05   1.012105e-04   2.238923e-06   288
  7.453749e-02   3.797468e-05   1.079729e-04   2.156765e-06   288
  7.506996e-02   3.719942e-05   1.877112e-04   1.799240e-06   456
  7.560610e-02   4.221966e-05   1.767802e-04   2.083774e-06   360
  7.595177e-02   3.814486e-05   1.059672e-04   2.367117e-06   180
  7.645202e-02   3.289221e-05   1.154112e-04   1.401318e-06   486
  7.695907e-02   3.764813e-05   1.535340e-04   1.693629e-06   504
  7.747462e-02   4.100736e-05   1.192882e-04   1.944185e-06   456
  7.790209e-02   4.018428e-05   9.910745e-05   2.355914e-06   296
  7.846686e-02   3.872419e-05   9.779604e-05   1.705292e-06   528
  7.889160e-02   3.972077e-05   9.649931e-05   2.012676e-06   336
  7.951717e-02   4.078078e-05   1.070358e-04   1.688002e-06   600
  7.997507e-02   3.463445e-05   6.270729e-05   2.057249e-06   264
  8.043396e-02   4.145426e-05   6.781049e-05   2.032787e-06   360
  8.090234e-02   4.026120e-05   1.357633e-04   1.753877e-06   630
  8.141847e-02   4.716270e-05   7.007974e-05   2.243783e-06   432
  8.187631e-02   4.588997e-05   1.350259e-04   2.164740e-06   408
  8.243827e-02   4.282065e-05   8.962194e-05   2.316844e-06   324
  8.285635e-02   4.122363e-05   1.277222e-04   1.548192e-06   744
  8.336064e-02   4.078254e-05   1.021054e-04   2.279448e-06   336
  8.384245e-02   4.713161e-05   1.403689e-04   2.064243e-06   528
  8.437080e-02   4.055435e-05   7.162045e-05   2.157218e-06   408
  8.472109e-02   4.004741e-05   1.218981e-04   1.977751e-06   408
  8.529988e-02   4.193981e-05   1.006308e-04   1.886592e-06   470
  8.572148e-02   4.514970e-05   1.208902e-04   2.047755e-06   528
  8.631019e-02   3.956197e-05   1.007343e-04   1.466581e-06   624
  8.674381e-02   4.580644e-05   7.664930e-05   2.115186e-06   504
  8.719116e-02   4.035581e-05   1.067668e-04   1.744618e-06   552
  8.763489e-02   4.489227e-05   5.190111e-05   2.260945e-06   336
  8.819051e-02   4.868565e-05   1.104770e-04   2.122270e-06   528
  8.862093e-02   4.643611e-05   1.257802e-04   1.838811e-06   564
  8.912507e-02   4.478496e-05   1.157674e-04   2.157445e-06   528
  8.967166e-02   4.988476e-05   1.797324e-04   2.187643e-06   582
  9.016871e-02   4.653583e-05   1.383668e-04   1.847418e-06   624
  9.060342e-02   4.587502e-05   1.581799e-04   2.311099e-06   432
  9.112208e-02   4.839177e-05   1.759475e-04   1.654862e-06   816
  9.165576e-02   5.082126e-05   8.018898e-05   2.804362e-06   312
  9.200488e-02   4.503667e-05   1.299641e-04   2.009872e-06   552
  9.256787e-02   4.762634e-05   8.185444e-05   1.766938e-06   744
  9.297574e-02   5.281416e-05   7.646869e-05   2.872378e-06   408
  9.350218e-02   4.636845e-05   1.095830e-04   1.871342e-06   632
  9.404906e-02   5.448713e-05   1.860997e-04   2.007737e-06   750
  9.449396e-02   5.311552e-05   1.280227e-04   2.818629e-06   312
  9.498974e-02   5.095133e-05   1.890077e-04   1.752398e-06   876
  9.548011e-02   4.199763e-05   1.234108e-04   1.749312e-06   552
  9.603265e-02   5.226708e-05   1.020603e-04   2.056422e-06   696
  9.640905e-02   5.254182e-05   1.126552e-04   2.233649e-06   576
  9.692128e-02   4.745240e-05   1.192748e-04   2.196321e-06   576
  9.735848e-02   5.415947e-05   1.598285e-04   2.135677e-06   648
  9.788685e-02   5.429236e-05   1.599783e-04   1.990421e-06   672
  9.847019e-02   5.329568e-05   6.785687e-05   2.533385e-06   480
  9.884355e-02   5.023104e-05   1.050846e-04   1.795988e-06   726
  9.932431e-02   5.600242e-05   1.190745e-04   1.956393e-06   792
  9.984502e-02   5.214120e-05   1.651878e-04   1.908278e-06   768
  1.003938e-01   5.520581e-05   1.350017e-04   2.067471e-06   672
  1.008970e-01   5.425488e-05   9.055629e-05   2.101924e-06   608
  1.012613e-01   5.224761e-05   8.693679e-05   2.063581e-06   624
  1.017809e-01   5.297509e-05   1.129736e-04   1.920526e-06   684
  1.022864e-01   5.445020e-05   1.668752e-04   1.865394e-06   768
  1.027568e-01   5.709623e-05   1.334155e-04   1.958650e-06   744
  1.033173e-01   5.405561e-05   8.400635e-05   1.863314e-06   750
  1.037259e-01   5.112083e-05   1.248642e-04   2.223743e-06   600
  1.041677e-01   5.455683e-05   1.325833e-04   2.201580e-06   600
  1.047135e-01   5.707335e-05   1.527941e-04   1.744324e-06   1008
  1.051470e-01   5.793762e-05   8.474486e-05   2.183166e-06   696
  1.056273e-01   6.030253e-05   1.119517e-04   2.444466e-06   624
  1.061102e-01   5.906960e-05   1.742111e-04   2.166236e-06   840
  1.066588e-01   6.332752e-05   1.185366e-04   2.174620e-06   816
  1.071038e-01   5.749937e-05   7.873478e-05   1.973395e-06   744
  1.075531e-01   5.983569e-05   1.391901e-04   2.507966e-06   510
  1.080960e-01   6.169341e-05   1.336339e-04   1.975907e-06   1020
  1.086012e-01   6.126416e-05   1.078294e-04   1.940232e-06   912
  1.090992e-01   6.395313e-05   1.597552e-04   2.276807e-06   752
  1.095110e-01   6.322918e-05   1.325595e-04   2.411197e-06   888
  1.100730e-01   6.065318e-05   8.554013e-05   2.134973e-06   768
  1.105327e-01   6.264980e-05   1.554339e-04   2.250478e-06   720
  1.110617e-01   6.266822e-05   1.370195e-04   1.987896e-06   1056
  1.115309e-01   6.401500e-05   9.479589e-05   2.778504e-06   504
  1.119154e-01   6.042100e-05   1.480257e-04   2.280372e-06   774
  1.124652e-01   6.356934e-05   1.423615e-04   1.930761e-06   1272
  1.129816e-01   6.617137e-05   9.326921e-05   2.513141e-06   744
  1.134632e-01   6.142248e-05   1.523027e-04   2.182318e-06   768
  1.139050e-01   6.583000e-05   1.288282e-04   2.161226e-06   840
  1.144011e-01   6.974093e-05   8.734207e-05   2.236504e-06   924
  1.148789e-01   6.778084e-05   1.539839e-04   2.210792e-06   936
  1.153484e-01   6.368605e-05   1.070130e-04   2.086026e-06   840
  1.158214e-01   7.151397e-05   1.272259e-04   2.226412e-06   1008
  1.164225e-01   6.627165e-05   1.436262e-04   2.438477e-06   696
  1.167996e-01   6.403959e-05   1.276589e-04   2.028662e-06   974
  1.173599e-01   7.201179e-05   1.695459e-04   2.049756e-06   1152
  1.178471e-01   7.205519e-05   6.634378e-05   2.394702e-06   816
  1.182260e-01   6.583440e-05   1.459488e-04   2.148069e-06   816
  1.187357e-01   7.130442e-05   1.288794e-04   2.034701e-06   1152
  1.192732e-01   7.262186e-05   1.160356e-04   2.298364e-06   912
  1.197621e-01   7.781223e-05   1.409833e-04   2.317974e-06   1056
  1.201806e-01   7.641246e-05   1.205660e-04   3.009880e-06   624
  1.207435e-01   7.296955e-05   1.506027e-04   2.181189e-06   1260
  1.212292e-01   7.658590e-05   9.083716e-05   2.568478e-06   894
  1.217037e-01   8.122879e-05   1.556364e-04   2.188349e-06   1176
  1.221783e-01   7.055979e-05   1.288208e-04   2.601407e-06   840
  1.227186e-01   7.840258e-05   1.464236e-04   1.988666e-06   1440
  1.232859e-01   7.229805e-05   8.232021e-05   2.334004e-06   864
  1.237160e-01   8.211471e-05   1.412655e-04   2.612685e-06   1056
  1.241441e-01   8.375477e-05   8.328830e-05   3.365710e-06   624
  1.246641e-01   8.162173e-05   1.542356e-04   2.103335e-06   1496
  1.251612e-01   8.196143e-05   1.088958e-04   3.059141e-06   936
  1.256039e-01   7.939608e-05   1.576468e-04   2.545303e-06   966
  1.260801e-01   7.955673e-05   1.117465e-04   2.582050e-06   936
  1.265804e-01   8.246605e-05   1.382244e-04   2.258629e-06   1248
  1.270926e-01   7.810297e-05   9.744205e-05   2.261556e-06   1044
  1.275698e-01   8.163562e-05   1.509409e-04   2.293686e-06   1392
  1.279478e-01   7.650328e-05   1.162549e-04   2.928573e-06   600
  1.284885e-01   8.059759e-05   1.320778e-04   2.070371e-06   1416
  1.289955e-01   8.420462e-05   1.421656e-04   2.417454e-06   1152
  1.295092e-01   8.393323e-05   1.363856e-04   2.639750e-06   936
  1.299230e-01   8.544099e-05   1.462802e-04   2.888379e-06   870
  1.304147e-01   9.057332e-05   1.226502e-04   2.626908e-06   1368
  1.309604e-01   8.795487e-05   1.612530e-04   2.273942e-06   1632
  1.314267e-01   9.039191e-05   7.000699e-05   3.172685e-06   816
  1.319315e-01   9.056803e-05   1.597143e-04   2.587172e-06   1200
  1.323720e-01   9.214309e-05   1.527057e-04   2.636324e-06   1184
  1.328194e-01   9.519119e-05   1.158936e-04   3.062915e-06   984
  1.333683e-01   9.010209e-05   1.414942e-04   2.329881e-06   1572
  1.338659e-01   9.867849e-05   7.792333e-05   3.472644e-06   840
  1.343297e-01   8.949520e-05   1.812138e-04   2.325872e-06   1392
  1.348193e-01   8.830017e-05   1.330470e-04   2.714154e-06   1158
  1.352564e-01   9.424023e-05   1.211496e-04   2.625132e-06   1272
  1.357826e-01   9.626887e-05   1.234623e-04   2.594944e-06   1320
  1.362769e-01   9.312509e-05   1.208065e-04   2.888671e-06   1104
  1.367472e-01   9.163142e-05   1.367360e-04   2.558241e-06   1392
  1.372408e-01   9.007729e-05   1.478938e-04   2.571088e-06   1296
  1.377492e-01   9.398974e-05   1.544255e-04   2.500555e-06   1392
  1.382262e-01   9.479344e-05   1.132835e-04   2.837887e-06   1104
  1.386675e-01   9.171475e-05   1.426913e-04   2.424575e-06   1320
  1.392961e-01   9.428810e-05   1.089713e-04   2.499857e-06   1422
  1.396977e-01   9.217702e-05   1.357176e-04   2.667198e-06   1212
  1.401589e-01   9.193029e-05   1.483027e-04   2.463804e-06   1280
  1.406327e-01   1.004226e-04   1.544235e-04   2.808637e-06   1272
  1.410869e-01   1.022407e-04   1.336382e-04   2.523636e-06   1680
  1.416252e-01   9.030512e-05   1.262633e-04   2.678127e-06   1152
  1.421207e-01   9.530650e-05   1.462174e-04   2.315389e-06   1512
  1.426417e-01   9.474624e-05   6.173239e-05   3.182949e-06   912
  1.430535e-01   1.003560e-04   1.556147e-04   2.305980e-06   1680
  1.436012e-01   8.832038e-05   1.378563e-04   2.213298e-06   1518
  1.440071e-01   1.007985e-04   1.276288e-04   2.963743e-06   1056
  1.444347e-01   9.716851e-05   1.288698e-04   2.483213e-06   1344
  1.449875e-01   1.094921e-04   1.383780e-04   2.626266e-06   1680
  1.454876e-01   9.816088e-05   1.363571e-04   2.472341e-06   1656
  1.460341e-01   9.528983e-05   1.159057e-04   3.007855e-06   1140
  1.464444e-01   9.729817e-05   1.342100e-04   2.741041e-06   1368
  1.469271e-01   9.933228e-05   1.526647e-04   2.482323e-06   1656
  1.474179e-01   1.031500e-04   1.563614e-04   2.868285e-06   1448
  1.479520e-01   9.953191e-05   1.468912e-04   2.529534e-06   1422
  1.484453e-01   1.027504e-04   1.621619e-04   2.615157e-06   1512
  1.488673e-01   1.034702e-04   1.236275e-04   2.953528e-06   1296
  1.493554e-01   9.866983e-05   1.128801e-04   2.362676e-06   1824
  1.498832e-01   1.006337e-04   1.463660e-04   2.560576e-06   1464
  1.504163e-01   9.625346e-05   1.306107e-04   2.122513e-06   1824
  1.509111e-01   1.035326e-04   1.038421e-04   2.693165e-06   1416
  1.513416e-01   1.026470e-04   1.521007e-04   2.741333e-06   1392
  1.518062e-01   1.003348e-04   1.403562e-04   2.555293e-06   1464
  1.523732e-01   9.379239e-05   1.372200e-04   2.504946e-06   1524
  1.528113e-01   9.945150e-05   1.264504e-04   2.502129e-06   1686
  1.533176e-01   1.000835e-04   1.505644e-04   2.494706e-06   1800
  1.537528e-01   1.073395e-04   1.195338e-04   3.109962e-06   1344
  1.542356e-01   1.066263e-04   1.394596e-04   2.846576e-06   1656
  1.547196e-01   1.049901e-04   1.113514e-04   2.589258e-06   1488
  1.551402e-01   1.072671e-04   1.111701e-04   2.721262e-06   1536
  1.557262e-01   1.027880e-04   1.234973e-04   2.512439e-06   1760
  1.561802e-01   1.034836e-04   1.373667e-04   2.373690e-06   1824
  1.567053e-01   1.092156e-04   1.152763e-04   2.710154e-06   1560
  1.572105e-01   1.062211e-04   1.324056e-04   2.451845e-06   1926
  1.576857e-01   1.077483e-04   9.415777e-05   2.988803e-06   1272
  1.581194e-01   1.030605e-04   1.582320e-04   2.389455e-06   1848
  1.586895e-01   1.099908e-04   1.278379e-04   2.415665e-06   1908
  1.591231e-01   1.051953e-04   1.246890e-04   2.695953e-06   1488
  1.595806e-01   1.020660e-04   1.406224e-04   2.511455e-06   1800
  1.600766e-01   1.046943e-04   1.407610e-04   2.517906e-06   1752
  1.605517e-01   1.020626e-04   1.496769e-04   2.697477e-06   1368
  1.610272e-01   1.085059e-04   1.406675e-04   2.278334e-06   2016
  1.615501e-01   1.114395e-04   1.485794e-04   2.774263e-06   1542
  1.620327e-01   1.047546e-04   1.454994e-04   2.354634e-06   2184
  1.625669e-01   1.105670e-04   1.330990e-04   2.537454e-06   1776
  1.630283e-01   1.068265e-04   1.521522e-04   3.050968e-06   1568
  1.634682e-01   1.115688e-04   1.390081e-04   2.477938e-06   2040
  1.639468e-01   1.150209e-04   1.486121e-04   2.771423e-06   1704
  1.644478e-01   1.060132e-04   1.489728e-04   2.732198e-06   1512
  1.649202e-01   1.112278e-04   1.270742e-04   2.471331e-06   2028
  1.654509e-01   1.106868e-04   1.532841e-04   2.400535e-06   1968
  1.659362e-01   1.090525e-04   1.554838e-04   2.417116e-06   1854
  1.664110e-01   1.062233e-04   1.482240e-04   2.476591e-06   1632
  1.668977e-01   1.121655e-04   1.523128e-04   2.169300e-06   2424
  1.674021e-01   1.085805e-04   1.524713e-04   2.670709e-06   1560
  1.678285e-01   1.135255e-04   1.440852e-04   2.566754e-06   1728
  1.683437e-01   1.102136e-04   1.538043e-04   2.504294e-06   2088
  1.688623e-01   1.072699e-04   1.464052e-04   2.444121e-06   1968
  1.693394e-01   1.118812e-04   1.449552e-04   2.472300e-06   2256
  1.698178e-01   1.147550e-04   1.288813e-04   2.618136e-06   1728
  1.703172e-01   1.137560e-04   1.270494e-04   3.137443e-06   1416
  1.707596e-01   1.198861e-04   1.339356e-04   2.514153e-06   2246
  1.712606e-01   1.130309e-04   1.483321e-04   2.587221e-06   2148
  1.717398e-01   1.183811e-04   1.252967e-04   2.941911e-06   1680
  1.721909e-01   1.155800e-04   1.584012e-04   2.220521e-06   2280
  1.727331e-01   1.182580e-04   1.475065e-04   2.336303e-06   2352
  1.732395e-01   1.180065e-04   1.239422e-04   2.919437e-06   1632
  1.736402e-01   1.187995e-04   1.418228e-04   2.732723e-06   1968
  1.741900e-01   1.164967e-04   1.455103e-04   2.567010e-06   2112
  1.746998e-01   1.145219e-04   1.093039e-04   2.559547e-06   2208
  1.751952e-01   1.174180e-04   1.102112e-04   2.541012e-06   1974
  1.755862e-01   1.145131e-04   1.078165e-04   2.594251e-06   1944
  1.761144e-01   1.239895e-04   1.219820e-04   2.661827e-06   2160
  1.765722e-01   1.202802e-04   1.140807e-04   2.728461e-06   2040
  1.770670e-01   1.242803e-04   1.596015e-04   2.658502e-06   2352
  1.775745e-01   1.279237e-04   1.325904e-04   2.934854e-06   1836
  1.780376e-01   1.226594e-04   1.414413e-04   2.424438e-06   2352
  1.785577e-01   1.204979e-04   1.483527e-04   2.668000e-06   2008
  1.790344e-01   1.220483e-04   1.459431e-04   2.570876e-06   2464
  1.795659e-01   1.238390e-04   1.177095e-04   2.603100e-06   2118
  1.800019e-01   1.233374e-04   1.183276e-04   2.874112e-06   1848
  1.804507e-01   1.332232e-04   1.565861e-04   2.969533e-06   2280
  1.809928e-01   1.298883e-04   1.489508e-04   2.651032e-06   2472
  1.814993e-01   1.250367e-04   9.953927e-05   2.695185e-06   2280
  1.819245e-01   1.359131e-04   1.216700e-04   3.189475e-06   1992
  1.823831e-01   1.324653e-04   1.279126e-04   2.609371e-06   2184
  1.829118e-01   1.203520e-04   1.543068e-04   2.531206e-06   2352
  1.834214e-01   1.297646e-04   1.626118e-04   2.582433e-06   2496
  1.839203e-01   1.244564e-04   1.518813e-04   3.007336e-06   1770
  1.843678e-01   1.363124e-04   1.310496e-04   2.738473e-06   2568
  1.849057e-01   1.338685e-04   1.607377e-04   2.597676e-06   2712
  1.853947e-01   1.359864e-04   1.276489e-04   2.818583e-06   2448
  1.858830e-01   1.400603e-04   1.076015e-04   3.008882e-06   2064
  1.862881e-01   1.299657e-04   1.135758e-04   3.087542e-06   1944
  1.868133e-01   1.313748e-04   1.403079e-04   2.737693e-06   2480
  1.873491e-01   1.357993e-04   1.524155e-04   2.573709e-06   2880
  1.878237e-01   1.368576e-04   1.462067e-04   2.803730e-06   2304
  1.883193e-01   1.365997e-04   1.343278e-04   3.020742e-06   1806
  1.887589e-01   1.368120e-04   1.317346e-04   2.516775e-06   2856
  1.893097e-01   1.410746e-04   1.263374e-04   2.843153e-06   2568
  1.897288e-01   1.315356e-04   1.267515e-04   2.922034e-06   2112
  1.901850e-01   1.387793e-04   1.220840e-04   3.216634e-06   2028
  1.906744e-01   1.391985e-04   1.445115e-04   2.583059e-06   2712
  1.911714e-01   1.434131e-04   1.556884e-04   2.649774e-06   2952
  1.917055e-01   1.443295e-04   1.202957e-04   3.083691e-06   2112
  1.921372e-01   1.410480e-04   1.409804e-04   2.749530e-06   2520
  1.926559e-01   1.387470e-04   1.359784e-04   2.861220e-06   2376
  1.931282e-01   1.438764e-04   1.090048e-04   2.894961e-06   2526
  1.936186e-01   1.483605e-04   1.356536e-04   2.920309e-06   2664
  1.941040e-01   1.474250e-04   1.617960e-04   2.964651e-06   2408
  1.945694e-01   1.475373e-04   1.296049e-04   2.973870e-06   2568
  1.950440e-01   1.517898e-04   1.221942e-04   2.777560e-06   2904
  1.955589e-01   1.465700e-04   1.371053e-04   2.855947e-06   2544
  1.960480e-01   1.475037e-04   1.009875e-04   3.157771e-06   2160
  1.965096e-01   1.572086e-04   1.745958e-04   3.080525e-06   2652
  1.970194e-01   1.456380e-04   1.382439e-04   2.769584e-06   2784
  1.975101e-01   1.537917e-04   1.365199e-04   2.804931e-06   2694
  1.980185e-01   1.446126e-04   1.226932e-04   2.667197e-06   2952
  1.984602e-01   1.579627e-04   1.162128e-04   3.273864e-06   2208
  1.989102e-01   1.482700e-04   1.238599e-04   3.063168e-06   2304
  1.994125e-01   1.451856e-04   1.610662e-04   2.312470e-06   3504
  1.999983e-01   1.543340e-04   1.304210e-04   3.212900e-06   2616
  2.004552e-01   1.549111e-04   1.274108e-04   3.042323e-06   2664
  2.008953e-01   1.512795e-04   1.183758e-04   3.002858e-06   2448
  2.013388e-01   1.559953e-04   1.648584e-04   3.085202e-06   2472
  2.018606e-01   1.566768e-04   1.310718e-04   2.764481e-06   3134
  2.023516e-01   1.565098e-04   1.433541e-04   3.081766e-06   2616
  2.028419e-01   1.482594e-04   1.161223e-04   2.914681e-06   2712
  2.033463e-01   1.512800e-04   1.331755e-04   2.687831e-06   3204
  2.038284e-01   1.512700e-04   1.533782e-04   3.018018e-06   2760
  2.042862e-01   1.506424e-04   1.338200e-04   2.878426e-06   2688
  2.047911e-01   1.552254e-04   1.265264e-04   3.085165e-06   2760
  2.052376e-01   1.498927e-04   1.044749e-04   3.007676e-06   2568
  2.057517e-01   1.501878e-04   1.622443e-04   2.561560e-06   3336
  2.062452e-01   1.561048e-04   1.373220e-04   3.108997e-06   2334
  2.067435e-01   1.497369e-04   1.519616e-04   2.651205e-06   3264
  2.072092e-01   1.579539e-04   1.104877e-04   3.047221e-06   2760
  2.076868e-01   1.522955e-04   1.334378e-04   2.681771e-06   3192
  2.081730e-01   1.551585e-04   1.385370e-04   2.982480e-06   2904
  2.086902e-01   1.547887e-04   1.390027e-04   2.986010e-06   2784
  2.091231e-01   1.626601e-04   1.144018e-04   3.309531e-06   2592
  2.096156e-01   1.538425e-04   1.559460e-04   2.602038e-06   3284
  2.101389e-01   1.592849e-04   1.566406e-04   2.917161e-06   3168
  2.106071e-01   1.585166e-04   1.292397e-04   3.071221e-06   2616
  2.110994e-01   1.494874e-04   1.248775e-04   2.716598e-06   3222
  2.115781e-01   1.555083e-04   1.401164e-04   2.569004e-06   3240
  2.120418e-01   1.601559e-04   1.417503e-04   3.264531e-06   2568
  2.125690e-01   1.639217e-04   1.300629e-04   2.936785e-06   3120
  2.130097e-01   1.652833e-04   1.429850e-04   3.013987e-06   3168
  2.134838e-01   1.555557e-04   1.251725e-04   2.819589e-06   3240
  2.140024e-01   1.558411e-04   1.284239e-04   2.722956e-06   3144
  2.145062e-01   1.533588e-04   1.224103e-04   2.806320e-06   2856
  2.149823e-01   1.577494e-04   1.307392e-04   2.702382e-06   3264
  2.155212e-01   1.609687e-04   1.444609e-04   2.805139e-06   3318
  2.159452e-01   1.620096e-04   1.011723e-04   3.447022e-06   2556
  2.164506e-01   1.583796e-04   1.728209e-04   2.454269e-06   4008
  2.169623e-01   1.611576e-04   1.275720e-04   3.069014e-06   2904
  2.174000e-01   1.569184e-04   1.304469e-04   2.709078e-06   3144
  2.178983e-01   1.535210e-04   1.359922e-04   2.791849e-06   3200
  2.184140e-01   1.588745e-04   1.341212e-04   2.774830e-06   3312
  2.188763e-01   1.659586e-04   1.080957e-04   3.175466e-06   2832
  2.193924e-01   1.601564e-04   1.555565e-04   2.552561e-06   3984
  2.198717e-01   1.731496e-04   1.264601e-04   3.768687e-06   2238
  2.203092e-01   1.617601e-04   1.488218e-04   2.616907e-06   3984
  2.208520e-01   1.586828e-04   1.414250e-04   2.811769e-06   3384
  2.213029e-01   1.692672e-04   1.321942e-04   3.109152e-06   3048
  2.217737e-01   1.575361e-04   1.213801e-04   2.859142e-06   3096
  2.222656e-01   1.675156e-04   1.375807e-04   2.659320e-06   3708
  2.227545e-01   1.586441e-04   1.304078e-04   3.089264e-06   2784
  2.232087e-01   1.711104e-04   1.354535e-04   2.873035e-06   3648
  2.237247e-01   1.646850e-04   1.394108e-04   2.739708e-06   3888
  2.242738e-01   1.614588e-04   1.488252e-04   2.868252e-06   2958
  2.246837e-01   1.594716e-04   1.270361e-04   2.737010e-06   3264
  2.251777e-01   1.710841e-04   1.402443e-04   3.036270e-06   3160
  2.256445e-01   1.579924e-04   1.271016e-04   2.649600e-06   3736
  2.260868e-01   1.657342e-04   1.158193e-04   3.009385e-06   3216
  2.266085e-01   1.668495e-04   1.419303e-04   2.635916e-06   4032
  2.271526e-01   1.671560e-04   1.295798e-04   2.792370e-06   3528
  2.276165e-01   1.694586e-04   1.143819e-04   2.958415e-06   3192
  2.280803e-01   1.642074e-04   1.252686e-04   2.838098e-06   3456
  2.285834e-01   1.684843e-04   1.298903e-04   3.132176e-06   3060
  2.290876e-01   1.668538e-04   1.544545e-04   2.558930e-06   4518
  2.295790e-01   1.683788e-04   1.375990e-04   2.756232e-06   3528
  2.300307e-01   1.670594e-04   1.155591e-04   3.078850e-06   3024
  2.305122e-01   1.609374e-04   1.564624e-04   2.652342e-06   3672
  2.310028e-01   1.691759e-04   1.342922e-04   2.873566e-06   3864
  2.315474e-01   1.639020e-04   1.423480e-04   2.595147e-06   3816
  2.319928e-01   1.695802e-04   1.295052e-04   2.902959e-06   3456
  2.324198e-01   1.712931e-04   1.172315e-04   3.337362e-06   2688
  2.329230e-01   1.715475e-04   1.390930e-04   2.648923e-06   4248
  2.334218e-01   1.687454e-04   1.332244e-04   2.677980e-06   3926
  2.339228e-01   1.661413e-04   1.406621e-04   2.709251e-06   3504
  2.344067e-01   1.730769e-04   1.257540e-04   2.703314e-06   3960
  2.349411e-01   1.676171e-04   1.415697e-04   2.742064e-06   3684
  2.353994e-01   1.648799e-04   1.415603e-04   2.648847e-06   4104
  2.358576e-01   1.730230e-04   1.342621e-04   3.071416e-06   3144
  2.363498e-01   1.720320e-04   1.470632e-04   2.652024e-06   4224
  2.368909e-01   1.714521e-04   1.305314e-04   2.697974e-06   4008
  2.373532e-01   1.745324e-04   1.436052e-04   2.975288e-06   3312
  2.378293e-01   1.712082e-04   1.428317e-04   2.845186e-06   3726
  2.383356e-01   1.736687e-04   1.467057e-04   2.785424e-06   3936
  2.387852e-01   1.772517e-04   1.512247e-04   2.860589e-06   3888
  2.392518e-01   1.753160e-04   1.429975e-04   2.765428e-06   3864
  2.397372e-01   1.711411e-04   1.520184e-04   2.750764e-06   3888
  2.402373e-01   1.663805e-04   1.433767e-04   2.623310e-06   4080
  2.407309e-01   1.750777e-04   1.521663e-04   3.008106e-06   3400
  2.412345e-01   1.760835e-04   1.395519e-04   2.573317e-06   4588
  2.417438e-01   1.802014e-04   1.381276e-04   2.968028e-06   3816
  2.421888e-01   1.811433e-04   1.308874e-04   2.924349e-06   3534
  2.426599e-01   1.840191e-04   1.292818e-04   2.827413e-06   4080
  2.431528e-01   1.829957e-04   1.351361e-04   2.800297e-06   4248
  2.436477e-01   1.792707e-04   1.361762e-04   3.068487e-06   3528
  2.441045e-01   1.875892e-04   1.392215e-04   2.919441e-06   4248
  2.445661e-01   1.794503e-04   1.361726e-04   2.989899e-06   3696
  2.450802e-01   1.857994e-04   1.412982e-04   2.800479e-06   4560
  2.455678e-01   1.813371e-04   1.323495e-04   2.920771e-06   3864
  2.460685e-01   1.801414e-04   1.441083e-04   2.725096e-06   4440
  2.465431e-01   1.797311e-04   1.344565e-04   3.209123e-06   3432
  2.470417e-01   1.795542e-04   1.318374e-04   2.674752e-06   4470
  2.475323e-01   1.835602e-04   1.171596e-04   2.843748e-06   4188
  2.480144e-01   1.860223e-04   1.500979e-04   2.794093e-06   4392
  2.484933e-01   1.893279e-04   1.161150e-04   3.143719e-06   3960
  2.489913e-01   1.896136e-04   1.311762e-04   2.906392e-06   4328
  2.494737e-01   1.864405e-04   1.365155e-04   2.921691e-06   4320
  2.499612e-01   1.872664e-04   1.427527e-04   2.768833e-06   4152
  2.504133e-01   2.020861e-04   1.194148e-04   3.418652e-06   3528
  2.509246e-01   1.873001e-04   1.292483e-04   2.738637e-06   4512
  2.514030e-01   1.888963e-04   1.321235e-04   2.937272e-06   4134
  2.518889e-01   1.950071e-04   1.407559e-04   2.646283e-06   5208
  2.523561e-01   1.935130e-04   1.226327e-04   3.332077e-06   3240
  2.528396e-01   2.047850e-04   1.352583e-04   3.051849e-06   4680
  2.533316e-01   1.907988e-04   1.339167e-04   2.922325e-06   4440
  2.538242e-01   1.819093e-04   1.517493e-04   2.756325e-06   4260
  2.542967e-01   1.922520e-04   1.238886e-04   3.051492e-06   4056
  2.547833e-01   1.936497e-04   1.373522e-04   2.842264e-06   4704
  2.552940e-01   2.000573e-04   1.598328e-04   2.847650e-06   4800
  2.558338e-01   1.926705e-04   1.384828e-04   2.702294e-06   4806
  2.563004e-01   2.076066e-04   1.380453e-04   3.636303e-06   3552
  2.567447e-01   1.929736e-04   1.384155e-04   3.076518e-06   4304
  2.572463e-01   1.937523e-04   1.342317e-04   2.655131e-06   5280
  2.577424e-01   1.962693e-04   1.287726e-04   2.958829e-06   4320
  2.582120e-01   1.929427e-04   1.454180e-04   2.947023e-06   4296
  2.587071e-01   2.057492e-04   1.616686e-04   2.963810e-06   4608
  2.592079e-01   2.013381e-04   1.548872e-04   2.923674e-06   4824
  2.597037e-01   2.009451e-04   1.462245e-04   2.973393e-06   4488
  2.602357e-01   2.043193e-04   1.365163e-04   3.088004e-06   4530
  2.606750e-01   1.960435e-04   1.332969e-04   2.858646e-06   4464
  2.611146e-01   2.029403e-04   1.256224e-04   3.154261e-06   4104
  2.616192e-01   1.928140e-04   1.354472e-04   2.622158e-06   5424
  2.621157e-01   2.020232e-04   1.458006e-04   2.851743e-06   4392
  2.626209e-01   2.089646e-04   1.427447e-04   3.026215e-06   4896
  2.630796e-01   2.035474e-04   1.399190e-04   3.176966e-06   4104
  2.635583e-01   2.106593e-04   1.261700e-04   3.067477e-06   4824
  2.640634e-01   2.007006e-04   1.205890e-04   3.029118e-06   4680
  2.645034e-01   1.996698e-04   1.233362e-04   2.985984e-06   4328
  2.650142e-01   2.024809e-04   1.421747e-04   2.817476e-06   5118
  2.655274e-01   2.075057e-04   1.647184e-04   2.843512e-06   5304
  2.659905e-01   2.078980e-04   1.297081e-04   3.024515e-06   4392
  2.664951e-01   2.108765e-04   1.301864e-04   3.109347e-06   4476
  2.669364e-01   1.997823e-04   1.292906e-04   2.854184e-06   4704
  2.674274e-01   2.071021e-04   1.564908e-04   2.838590e-06   5208
  2.679435e-01   1.990094e-04   1.319479e-04   2.812322e-06   5304
  2.684190e-01   2.115165e-04   1.413346e-04   3.290907e-06   4296
  2.689066e-01   2.136253e-04   1.340217e-04   3.103872e-06   4752
  2.694189e-01   1.986953e-04   1.345359e-04   2.812050e-06   4950
  2.698794e-01   2.062337e-04   1.406262e-04   2.897791e-06   5064
  2.703399e-01   2.069628e-04   1.178265e-04   2.979202e-06   4872
  2.708057e-01   2.031470e-04   1.240390e-04   3.264550e-06   4224
  2.713029e-01   2.080276e-04   1.370167e-04   2.660639e-06   6120
  2.718321e-01   2.029217e-04   1.507358e-04   2.838273e-06   4968
  2.723121e-01   2.118599e-04   1.333881e-04   3.088289e-06   4424
  2.728088e-01   2.164532e-04   1.703749e-04   2.947956e-06   5436
  2.732993e-01   2.064810e-04   1.452596e-04   3.043843e-06   4896
  2.737736e-01   2.035431e-04   1.390702e-04   2.827238e-06   5214
  2.742308e-01   2.111824e-04   1.182169e-04   3.085850e-06   4656
  2.747387e-01   2.137907e-04   1.503032e-04   3.016720e-06   5448
  2.752241e-01   2.116771e-04   1.269422e-04   2.969298e-06   4992
  2.756994e-01   2.124260e-04   1.404898e-04   2.903353e-06   5400
  2.762219e-01   2.162936e-04   1.557062e-04   2.894519e-06   5328
  2.767032e-01   2.032677e-04   1.392299e-04   2.803261e-06   4776
  2.771561e-01   2.157745e-04   1.308295e-04   3.040887e-06   4800
  2.776593e-01   2.130038e-04   1.682401e-04   2.609265e-06   6552
  2.781857e-01   2.104791e-04   1.271030e-04   3.300259e-06   3942
  2.786419e-01   2.077613e-04   1.601990e-04   2.722077e-06   6072
  2.791470e-01   2.079394e-04   1.244164e-04   3.112722e-06   4692
  2.795705e-01   2.189650e-04   1.298888e-04   3.044163e-06   4944
  2.800665e-01   2.128620e-04   1.394107e-04   2.684304e-06   5840
  2.805759e-01   2.080899e-04   1.492333e-04   2.836670e-06   5712
  2.810773e-01   2.081473e-04   1.250671e-04   2.965499e-06   4800
  2.815348e-01   2.115812e-04   1.656330e-04   2.855459e-06   5688
  2.820359e-01   2.176692e-04   1.306810e-04   3.227932e-06   4848
  2.825324e-01   1.775703e-04   1.454557e-04   2.837724e-06   5406
  2.830037e-01   3.235104e-08   1.312973e-04   5.628999e-10   5568
  2.834769e-01   3.441788e-08   1.180275e-04   5.988285e-10   5736
  2.839884e-01   3.353803e-08   1.465826e-04   6.202555e-10   5280
  2.844524e-01   3.402381e-08   1.355263e-04   5.991219e-10   5592
  2.849301e-01   3.227110e-08   1.551417e-04   5.793921e-10   4968
  2.854352e-01   3.268004e-08   1.391053e-04   5.583497e-10   5964
  2.859279e-01   3.460266e-08   1.397517e-04   5.934535e-10   5376
  2.863756e-01   3.554489e-08   1.349389e-04   6.200071e-10   5472
  2.868946e-01   3.263881e-08   1.281532e-04   5.541602e-10   5472
  2.873693e-01   3.309265e-08   1.457059e-04   6.330553e-10   5415
  2.878292e-01   3.258399e-08   1.281660e-04   5.694736e-10   5096
  2.883268e-01   3.199397e-08   1.648183e-04   5.174669e-10   6372
  2.888302e-01   3.393688e-08   1.337920e-04   6.550972e-10   4656
  2.892814e-01   3.396120e-08   1.460580e-04   5.594414e-10   5844
  2.897668e-01   3.229520e-08   1.284189e-04   5.491662e-10   5508
  2.902812e-01   3.467500e-08   1.456803e-04   5.376067e-10   6324
  2.907860e-01   3.431984e-08   1.251396e-04   6.163666e-10   4752
  2.912474e-01   3.154812e-08   1.401041e-04   5.287604e-10   5676
  2.917468e-01   3.407836e-08   1.281684e-04   5.928162e-10   5472
  2.922209e-01   3.510243e-08   1.445704e-04   5.895015e-10   5556
  2.927301e-01   3.235186e-08   1.408810e-04   5.305614e-10   5436
  2.932217e-01   3.443542e-08   1.442016e-04   5.630864e-10   5916
  2.937264e-01   3.495364e-08   1.500331e-04   5.902212e-10   5520
  2.941809e-01   3.216206e-08   1.364480e-04   5.604290e-10   5280
  2.946466e-01   3.558793e-08   1.340724e-04   6.296966e-10   4416
  2.951720e-01   3.345094e-08   1.306879e-04   5.127334e-10   6260
  2.956655e-01   3.512578e-08   1.554038e-04   5.531492e-10   5940
  2.961126e-01   3.490507e-08   1.217066e-04   6.366834e-10   4188
  2.966047e-01   3.577665e-08   1.556122e-04   5.342988e-10   6360
  2.971222e-01   3.371651e-08   1.387995e-04   5.427233e-10   5256
  2.976029e-01   3.370946e-08   1.312113e-04   6.012390e-10   4848
  2.980147e-01   3.349770e-08   1.189499e-04   5.746243e-10   4704
  2.985217e-01   3.574001e-08   1.459205e-04   5.557021e-10   5784
  2.990374e-01   3.358262e-08   1.544008e-04   5.282775e-10   5820
  2.995352e-01   3.521399e-08   1.383100e-04   5.415578e-10   5700
  3.000361e-01   3.418540e-08   1.282634e-04   5.592747e-10   5232
  3.005375e-01   3.700065e-08   1.423193e-04   5.906014e-10   4932
  3.009817e-01   3.573901e-08   1.224997e-04   6.084895e-10   4716
  3.014485e-01   3.828991e-08   1.560382e-04   6.217232e-10   5616
  3.019287e-01   3.445595e-08   1.378046e-04   5.626438e-10   5184
  3.024240e-01   3.529150e-08   1.390111e-04   5.759732e-10   5064
  3.028912e-01   3.561406e-08   1.423406e-04   5.456983e-10   5544
  3.034093e-01   3.483568e-08   1.428860e-04   5.544623e-10   5192
  3.038807e-01   3.563968e-08   1.284053e-04   5.628910e-10   5244
  3.043764e-01   3.574804e-08   1.389360e-04   5.687553e-10   5112
  3.048691e-01   3.687304e-08   1.275010e-04   6.113524e-10   5040
  3.053213e-01   3.744778e-08   1.340439e-04   5.844643e-10   5124
  3.058494e-01   3.583093e-08   1.504823e-04   5.353736e-10   5952
  3.063369e-01   3.772620e-08   1.318531e-04   5.971248e-10   4824
  3.067788e-01   3.621544e-08   1.330892e-04   5.939136e-10   4536
  3.072903e-01   3.625703e-08   1.414616e-04   5.286393e-10   5712
  3.078157e-01   3.688392e-08   1.547976e-04   5.710672e-10   5352
  3.083112e-01   3.855099e-08   1.348344e-04   5.855886e-10   5004
  3.087539e-01   3.902354e-08   1.348711e-04   6.264822e-10   4800
  3.092296e-01   3.700526e-08   1.449374e-04   5.584985e-10   5148
  3.097567e-01   3.676504e-08   1.505363e-04   5.311387e-10   5664
  3.102329e-01   3.704070e-08   1.352034e-04   5.920475e-10   4692
  3.106729e-01   3.714439e-08   1.256056e-04   6.370169e-10   4008
  3.111861e-01   3.928396e-08   1.439712e-04   5.680977e-10   5852
  3.117078e-01   3.633689e-08   1.363273e-04   5.186450e-10   5784
  3.121712e-01   3.961911e-08   1.256700e-04   6.632898e-10   4392
  3.126481e-01   3.860219e-08   1.232703e-04   5.932307e-10   4944
  3.131489e-01   3.689752e-08   1.453336e-04   5.685954e-10   4776
  3.136211e-01   3.702314e-08   1.398188e-04   5.472466e-10   5244
  3.141336e-01   3.794487e-08   1.395722e-04   5.598356e-10   4884
  3.145636e-01   3.869899e-08   1.183681e-04   6.269314e-10   4488
  3.150636e-01   4.000718e-08   1.406525e-04   5.877761e-10   5160
  3.155671e-01   3.818402e-08   1.432039e-04   5.618659e-10   5316
  3.160521e-01   4.088875e-08   1.447892e-04   6.407121e-10   4896
  3.165249e-01   3.923250e-08   1.345344e-04   6.677315e-10   4188
  3.170014e-01   3.861669e-08   1.467406e-04   5.744555e-10   4836
  3.174880e-01   3.930120e-08   1.455680e-04   5.652854e-10   5316
  3.179808e-01   4.004879e-08   1.347408e-04   5.893979e-10   4920
  3.184417e-01   4.171204e-08   1.357413e-04   7.140149e-10   4128
  3.189362e-01   4.110425e-08   1.460260e-04   5.959008e-10   5348
  3.194229e-01   3.966870e-08   1.267067e-04   5.996285e-10   4836
  3.198876e-01   3.999869e-08   1.365306e-04   6.422259e-10   4392
  3.203882e-01   4.095031e-08   1.199532e-04   6.374570e-10   4632
  3.208388e-01   4.194455e-08   1.340287e-04   6.793123e-10   4596
  3.213563e-01   3.982467e-08   1.347844e-04   5.668074e-10   5424
  3.218683e-01   3.954959e-08   1.387362e-04   5.531882e-10   5256
  3.223958e-01   4.030809e-08   1.409032e-04   6.346887e-10   4524
  3.228350e-01   4.155456e-08   1.340268e-04   6.736962e-10   4440
  3.233270e-01   4.055285e-08   1.146101e-04   6.106343e-10   4380
  3.238085e-01   4.114316e-08   1.499870e-04   6.239696e-10   4812
  3.243210e-01   4.158388e-08   1.489725e-04   6.040455e-10   5376
  3.247896e-01   4.131477e-08   1.189892e-04   6.714635e-10   3888
  3.252385e-01   4.249114e-08   1.362564e-04   6.199137e-10   4896
  3.257395e-01   4.224850e-08   1.437728e-04   6.328137e-10   4608
  3.262654e-01   4.257960e-08   1.357127e-04   6.571269e-10   4448
  3.267232e-01   4.101475e-08   1.400926e-04   6.066999e-10   4752
  3.272056e-01   4.307304e-08   1.467382e-04   6.766625e-10   4356
  3.277129e-01   4.317779e-08   1.412082e-04   6.347059e-10   5232
  3.282173e-01   4.089046e-08   1.423025e-04   6.513088e-10   4548
  3.287063e-01   4.172899e-08   1.383360e-04   6.104336e-10   4608
  3.291837e-01   4.364121e-08   1.256671e-04   7.413257e-10   3936
  3.296343e-01   4.288719e-08   1.502088e-04   6.980080e-10   4260
  3.301407e-01   4.272895e-08   1.346643e-04   6.245617e-10   5004
  3.306038e-01   4.485226e-08   1.330711e-04   7.404202e-10   4224
  3.311115e-01   4.400941e-08   1.437697e-04   6.711927e-10   4788
  3.316047e-01   4.447280e-08   1.511985e-04   7.184592e-10   4428
  3.320852e-01   4.378807e-08   1.263467e-04   7.165333e-10   4080
  3.325477e-01   4.559679e-08   1.381486e-04   6.688799e-10   4632
  3.330347e-01   4.256696e-08   1.436640e-04   7.071056e-10   4056
  3.335467e-01   4.426621e-08   1.352621e-04   7.149296e-10   4536
  3.340144e-01   4.471907e-08   1.379585e-04   6.957859e-10   4668
  3.345266e-01   4.399911e-08   1.478669e-04   6.866969e-10   4604
  3.350255e-01   4.384575e-08   1.328598e-04   7.045590e-10   4152
  3.354859e-01   4.477596e-08   1.287622e-04   7.088322e-10   4224
  3.359739e-01   4.459882e-08   1.237953e-04   7.191642e-10   4152
  3.364615e-01   4.656902e-08   1.404246e-04   7.570874e-10   4224
  3.369356e-01   4.740381e-08   1.298644e-04   8.055395e-10   3960
  3.373922e-01   4.480640e-08   1.340119e-04   6.938745e-10   4656
  3.378910e-01   4.458374e-08   1.445961e-04   6.969599e-10   4452
  3.384025e-01   4.466588e-08   1.470057e-04   7.398387e-10   4056
  3.388784e-01   4.540325e-08   1.456648e-04   7.182260e-10   4212
  3.393606e-01   4.649048e-08   1.210536e-04   8.347094e-10   3432
  3.398492e-01   4.689122e-08   1.548628e-04   6.795035e-10   5352
  3.403267e-01   4.735966e-08   1.134185e-04   8.320523e-10   3600
  3.408466e-01   4.564400e-08   1.251027e-04   7.168121e-10   4584
  3.413005e-01   4.706958e-08   1.247343e-04   7.997728e-10   3768
  3.417680e-01   4.691642e-08   1.331557e-04   8.410631e-10   3848
  3.422347e-01   4.555201e-08   1.220886e-04   8.076184e-10   3720
  3.427639e-01   4.521775e-08   1.532392e-04   6.893748e-10   4764
  3.432311e-01   4.858365e-08   1.234001e-04   8.258949e-10   3864
  3.437109e-01   4.941343e-08   1.528459e-04   7.916752e-10   4332
  3.442342e-01   4.768297e-08   1.304937e-04   8.215845e-10   3792
  3.447018e-01   4.492411e-08   1.480185e-04   7.137909e-10   4284
  3.451974e-01   4.472541e-08   1.401572e-04   7.914374e-10   3840
  3.456664e-01   4.453181e-08   1.334113e-04   8.315799e-10   3480
  3.461427e-01   4.606696e-08   1.488614e-04   7.282905e-10   4380
  3.466576e-01   4.650056e-08   1.398292e-04   7.638050e-10   4200
  3.471635e-01   4.990719e-08   1.344014e-04   8.048755e-10   4056
  3.476333e-01   4.725893e-08   1.350788e-04   8.516026e-10   3600
  3.480735e-01   4.746296e-08   1.345848e-04   8.559520e-10   3492
  3.485878e-01   4.634686e-08   1.571647e-04   7.345894e-10   4500
  3.491126e-01   4.958128e-08   1.376975e-04   8.666279e-10   3516
  3.495636e-01   5.185120e-08   1.439500e-04   9.268998e-10   3968
  3.500690e-01   4.861838e-08   1.383484e-04   8.686434e-10   3648
  3.505165e-01   4.819560e-08   1.322992e-04   8.744907e-10   4224
  3.510237e-01   4.531847e-08   1.484940e-04   8.386062e-10   3588
  3.514997e-01   4.806710e-08   1.369683e-04   8.696343e-10   3456
  3.519786e-01   4.589611e-08   1.216448e-04   8.053541e-10   3660
  3.524735e-01   4.935815e-08   1.335194e-04   8.891539e-10   3768
  3.529347e-01   4.954388e-08   1.350276e-04   8.672266e-10   3744
  3.534301e-01   4.879482e-08   1.482149e-04   8.081144e-10   4176
  3.539572e-01   4.995690e-08   1.367120e-04   9.136223e-10   3612
  3.543928e-01   5.041507e-08   1.485682e-04   9.579824e-10   3216
  3.548913e-01   4.867917e-08   1.436402e-04   9.123725e-10   3624
  3.553925e-01   4.924928e-08   1.350690e-04   8.807685e-10   3744
  3.558768e-01   5.062185e-08   1.441176e-04   9.356505e-10   3672
  3.563547e-01   5.043031e-08   1.306896e-04   8.890951e-10   3852
  3.568482e-01   5.100531e-08   1.345097e-04   8.848775e-10   3672
  3.573731e-01   5.115263e-08   1.310574e-04   1.083982e-09   3248
  3.578115e-01   4.707215e-08   1.341465e-04   9.109718e-10   3336
  3.582900e-01   4.664971e-08   1.365492e-04   8.577810e-10   3576
  3.587793e-01   5.007220e-08   1.159180e-04   9.412653e-10   3336
  3.592778e-01   5.036515e-08   1.376902e-04   8.888970e-10   3936
  3.597697e-01   5.280006e-08   1.466440e-04   9.857547e-10   3408
  3.602575e-01   5.249319e-08   1.291957e-04   1.053046e-09   3336
  3.607316e-01   4.361070e-08   1.451163e-04   8.649513e-10   3312
  3.612054e-01   4.926235e-08   1.469319e-04   9.507745e-10   3432
  3.617101e-01   5.217914e-08   1.273841e-04   1.047825e-09   3144
  3.621706e-01   5.029077e-08   1.382881e-04   9.751266e-10   3456
  3.626887e-01   5.074951e-08   1.329107e-04   9.321216e-10   3792
  3.631568e-01   5.322134e-08   1.305556e-04   1.127029e-09   2868
  3.636625e-01   4.893985e-08   1.352551e-04   8.462983e-10   3888
  3.641351e-01   4.745119e-08   1.174435e-04   1.014938e-09   2784
  3.646004e-01   4.966307e-08   1.341238e-04   1.127916e-09   2964
  3.651086e-01   5.062717e-08   1.381212e-04   1.006146e-09   3432
  3.655924e-01   5.093181e-08   1.429694e-04   9.945833e-10   3416
  3.660820e-01   5.031575e-08   1.528218e-04   9.811063e-10   3528
  3.665830e-01   5.479615e-08   1.226504e-04   1.176224e-09   2904
  3.670262e-01   4.844246e-08   1.375270e-04   1.015392e-09   3072
  3.675416e-01   4.912463e-08   1.544586e-04   9.992960e-10   3216
  3.680569e-01   4.858966e-08   1.250951e-04   1.082742e-09   2844
  3.685093e-01   4.916905e-08   1.431483e-04   9.996074e-10   3432
  3.689737e-01   5.424378e-08   1.150574e-04   1.196320e-09   2880
  3.694925e-01   4.974456e-08   1.524100e-04   1.003294e-09   3576
  3.699812e-01   5.301584e-08   1.362332e-04   1.243124e-09   2700
  3.704492e-01   4.964686e-08   1.530237e-04   9.996552e-10   3000
  3.709392e-01   4.780118e-08   1.270553e-04   1.071647e-09   2556
  3.714151e-01   5.215868e-08   1.361780e-04   1.069747e-09   3360
  3.719070e-01   5.187626e-08   1.323185e-04   1.058764e-09   3120
  3.724371e-01   5.189562e-08   1.557809e-04   1.130718e-09   3216
  3.728935e-01   5.562238e-08   1.098680e-04   1.297918e-09   2628
  3.734065e-01   5.084209e-08   1.452297e-04   1.135338e-09   3200
  3.738745e-01   4.784858e-08   1.370102e-04   1.194207e-09   2232
  3.743471e-01   4.763305e-08   1.563929e-04   1.076661e-09   3108
  3.748177e-01   5.558874e-08   1.373821e-04   1.368278e-09   2604
  3.752991e-01   5.400301e-08   1.479994e-04   1.169231e-09   3096
  3.758288e-01   5.179595e-08   1.348469e-04   1.092068e-09   3084
  3.762884e-01   4.962065e-08   1.376092e-04   1.136152e-09   2664
  3.767621e-01   5.259129e-08   1.213497e-04   1.339987e-09   2232
  3.772262e-01   4.595297e-08   1.494845e-04   1.014160e-09   2808
  3.777344e-01   5.193709e-08   1.412112e-04   1.299712e-09   2592
  3.782089e-01   5.658176e-08   1.449703e-04   1.313951e-09   2952
  3.787074e-01   5.041422e-08   1.368697e-04   1.224592e-09   2772
  3.791921e-01   5.083144e-08   1.471948e-04   1.148631e-09   3036
  3.796993e-01   4.824833e-08   1.427797e-04   1.310974e-09   2136
  3.801616e-01   4.908950e-08   1.138671e-04   1.245712e-09   2496
  3.806364e-01   5.600846e-08   1.516625e-04   1.480773e-09   2228
  3.811316e-01   5.651917e-08   1.413981e-04   1.392716e-09   3048
  3.816243e-01   5.181949e-08   1.350676e-04   1.309280e-09   2676
  3.821140e-01   4.856674e-08   1.345571e-04   1.105654e-09   2784
  3.825820e-01   5.062043e-08   1.307225e-04   1.380089e-09   1920
  3.830514e-01   4.817182e-08   1.395126e-04   1.200417e-09   2400
  3.835600e-01   4.700497e-08   1.279618e-04   1.126860e-09   2532
  3.840860e-01   5.213621e-08   1.421350e-04   1.337971e-09   2544
  3.845592e-01   5.691754e-08   1.486925e-04   1.383492e-09   2772
  3.850254e-01   4.817469e-08   1.392746e-04   1.432546e-09   2160
  3.854884e-01   5.219048e-08   1.500120e-04   1.380878e-09   2304
  3.860241e-01   4.936492e-08   1.467945e-04   1.388051e-09   2328
  3.865043e-01   4.442411e-08   1.407449e-04   1.165139e-09   2304
  3.869492e-01   4.503234e-08   1.330938e-04   1.271701e-09   1908
  3.874552e-01   5.683676e-08   1.488569e-04   1.556023e-09   2736
  3.879425e-01   5.298191e-08   1.410418e-04   1.476989e-09   2448
  3.884609e-01   5.562726e-08   1.318665e-04   1.567794e-09   2040
  3.889299e-01   4.344188e-08   1.372999e-04   1.347673e-09   2120
  3.893809e-01   5.217480e-08   1.138355e-04   1.434635e-09   2040
  3.898664e-01   4.437571e-08   1.412334e-04   1.378551e-09   2208
  3.904158e-01   5.563232e-08   1.268062e-04   1.619149e-09   2208
  3.908608e-01   6.274720e-08   1.405255e-04   1.732161e-09   2196
  3.913207e-01   4.250167e-08   1.236152e-04   1.255008e-09   1848
  3.917886e-01   5.021213e-08   1.401960e-04   1.511324e-09   2124
  3.923120e-01   4.798028e-08   1.470626e-04   1.394608e-09   2328
  3.928231e-01   4.671627e-08   1.497225e-04   1.458228e-09   1920
  3.933200e-01   4.575952e-08   1.374435e-04   1.505939e-09   1548
  3.937619e-01   5.660129e-08   1.507712e-04   1.581681e-09   2388
  3.942832e-01   4.589990e-08   1.395210e-04   1.475041e-09   2160
  3.947606e-01   4.816580e-08   1.269906e-04   1.719285e-09   1704
  3.952179e-01   4.653576e-08   1.430661e-04   1.619695e-09   1776
  3.956506e-01   4.626741e-08   1.338203e-04   1.513131e-09   1800
  3.961977e-01   4.123536e-08   1.544832e-04   1.365302e-09   1700
  3.967087e-01   5.486031e-08   1.390936e-04   1.747451e-09   2292
  3.971846e-01   4.864181e-08   1.291201e-04   1.709585e-09   1704
  3.976337e-01   4.813749e-08   1.443780e-04   1.675320e-09   1728
  3.981255e-01   4.355719e-08   1.336251e-04   1.543100e-09   1728
  3.986075e-01   5.284583e-08   1.334994e-04   1.848505e-09   1680
  3.991202e-01   3.691805e-08   1.537953e-04   1.262142e-09   1704
  3.996310e-01   4.155384e-08   1.207753e-04   1.315500e-09   1752
  4.000877e-01   4.964334e-08   1.435789e-04   1.737031e-09   1872
  4.005817e-01   4.857924e-08   1.407232e-04   1.839004e-09   1500
  4.010829e-01   4.326869e-08   1.232237e-04   1.558913e-09   1656
  4.015697e-01   4.880188e-08   1.321192e-04   1.704610e-09   1464
  4.020023e-01   3.583624e-08   1.157232e-04   1.529492e-09   1488
  4.025329e-01   3.975197e-08   1.396693e-04   1.357296e-09   1680
  4.030178e-01   4.390648e-08   1.459194e-04   1.544809e-09   1692
  4.034716e-01   4.307334e-08   1.397252e-04   1.807987e-09   1128
  4.039751e-01   4.410819e-08   1.345433e-04   1.680823e-09   1536
  4.044663e-01   3.760389e-08   1.402479e-04   1.618754e-09   1616
  4.049637e-01   3.783482e-08   1.352429e-04   1.507103e-09   1476
  4.054650e-01   3.663115e-08   1.488381e-04   1.725378e-09   1176
  4.059124e-01   3.941751e-08   1.599107e-04   1.345298e-09   1656
  4.063997e-01   4.179206e-08   1.404668e-04   2.230233e-09   891
  4.069020e-01   3.539826e-08   1.497388e-04   1.206675e-09   1596
  4.073915e-01   3.500385e-08   1.305762e-04   1.487790e-09   1422
  4.078742e-01   3.473469e-08   1.252138e-04   1.403635e-09   1254
  4.083284e-01   3.001464e-08   1.279202e-04   1.231621e-09   918
  4.088148e-01   3.718112e-08   1.400009e-04   1.243503e-09   1614
  4.093049e-01   2.941201e-08   1.209347e-04   1.540116e-09   798
  4.097922e-01   2.934897e-08   1.550239e-04   1.090952e-09   1458
  4.102863e-01   3.277460e-08   1.419502e-04   1.158127e-09   1374
  4.107747e-01   2.730060e-08   1.212349e-04   1.234657e-09   984
  4.112591e-01   3.060946e-08   1.668024e-04   1.187080e-09   1062
  4.117525e-01   3.456472e-08   1.413965e-04   1.387246e-09   1246
  4.122317e-01   2.421859e-08   1.311095e-04   1.102929e-09   1072
  4.127436e-01   2.582043e-08   1.419832e-04   1.215443e-09   1110
  4.132166e-01   3.119574e-08   1.538182e-04   1.129388e-09   1254
  4.137139e-01   2.722383e-08   1.459816e-04   1.306722e-09   1032
  4.142557e-01   2.970019e-08   1.352509e-04   1.616905e-09   786
  4.146677e-01   2.965756e-08   1.386613e-04   1.150427e-09   1152
  4.151502e-01   2.481748e-08   1.511270e-04   1.026116e-09   1086
  4.156529e-01   1.926079e-08   1.363503e-04   7.223502e-10   912
  4.161175e-01   3.693466e-08   1.366785e-04   1.538829e-09   1062
  4.165917e-01   2.362780e-08   1.362355e-04   8.906817e-10   912
  4.171397e-01   1.987996e-08   1.520835e-04   9.103902e-10   750
  4.175668e-01   2.946936e-08   1.465336e-04   1.163282e-09   1200
  4.180611e-01   2.371187e-08   1.326977e-04   1.185250e-09   918
  4.185524e-01   2.069919e-08   1.377357e-04   8.793404e-10   876
  4.190517e-01   2.946725e-08   1.203534e-04   1.227150e-09   870
  4.194890e-01   2.548657e-08   1.403731e-04   1.126418e-09   768
  4.200015e-01   1.716913e-08   1.286594e-04   7.313514e-10   830
  4.204761e-01   2.418171e-08   1.332096e-04   1.022919e-09   1080
  4.209676e-01   2.296496e-08   1.498783e-04   1.018498e-09   840
  4.214632e-01   1.806879e-08   1.443163e-04   7.537411e-10   798
  4.220251e-01   2.979497e-08   1.145461e-04   1.449800e-09   792
  4.224609e-01   1.947260e-08   1.335978e-04   8.987507e-10   726
  4.229181e-01   1.598108e-08   1.497038e-04   5.409184e-10   864
  4.234189e-01   2.086126e-08   1.281430e-04   1.036479e-09   900
  4.239267e-01   1.677650e-08   1.424135e-04   6.497403e-10   726
  4.243623e-01   1.809648e-08   1.232527e-04   7.838599e-10   576
  4.249434e-01   2.035696e-08   1.282664e-04   9.556740e-10   840
  4.253523e-01   1.752824e-08   1.331485e-04   8.781145e-10   750
  4.258366e-01   1.617901e-08   1.335529e-04   7.127425e-10   720
  4.262936e-01   2.072260e-08   1.351090e-04   1.027933e-09   702
  4.268271e-01   1.853552e-08   1.475571e-04   8.329262e-10   696
  4.272662e-01   1.874781e-08   1.319621e-04   1.054049e-09   480
  4.277837e-01   1.818606e-08   1.250396e-04   8.320421e-10   830
  4.282419e-01   1.697697e-08   1.454616e-04   7.176023e-10   756
  4.287552e-01   1.737503e-08   1.396687e-04   8.502250e-10   624
  4.292083e-01   1.604972e-08   1.475796e-04   8.247506e-10   582
  4.297440e-01   1.960100e-08   1.132706e-04   1.082164e-09   576
  4.302073e-01   1.497555e-08   1.517064e-04   6.739646e-10   624
  4.306823e-01   1.681561e-08   1.238986e-04   7.981717e-10   702
  4.311525e-01   1.547546e-08   1.425165e-04   7.075652e-10   624
  4.317110e-01   1.726716e-08   1.378751e-04   7.958274e-10   672
  4.321659e-01   1.257500e-08   1.032125e-04   7.204276e-10   342
  4.326655e-01   1.635162e-08   1.290292e-04   9.183934e-10   660
  4.331249e-01   1.238233e-08   1.326364e-04   7.486251e-10   576
  4.335992e-01   1.400620e-08   1.289493e-04   8.088944e-10   600
  4.340787e-01   1.274133e-08   1.491476e-04   7.200085e-10   510
  4.346181e-01   1.542102e-08   1.397290e-04   7.569971e-10   600
  4.350341e-01   1.174572e-08   1.112888e-04   7.745614e-10   216
  4.355185e-01   1.274471e-08   1.354577e-04   5.723801e-10   758
  4.360833e-01   1.135947e-08   1.482975e-04   6.235925e-10   576
  4.365782e-01   1.396433e-08   1.259005e-04   6.720059e-10   528
  4.370248e-01   1.257356e-08   8.670054e-05   9.042916e-10   318
  4.375047e-01   1.494236e-08   1.497759e-04   7.248840e-10   540
  4.380721e-01   7.224170e-09   1.058893e-04   4.296819e-10   384
  4.384565e-01   1.289007e-08   1.463022e-04   6.935315e-10   576
  4.389570e-01   9.511213e-09   1.195560e-04   5.079925e-10   414
  4.394302e-01   1.319326e-08   1.335050e-04   7.176863e-10   504
  4.399357e-01   1.282831e-08   1.465573e-04   6.635997e-10   312
  4.404212e-01   1.193472e-08   1.327827e-04   7.923337e-10   414
  4.409029e-01   8.592416e-09   1.226699e-04   4.628459e-10   432
  4.413512e-01   1.013225e-08   1.624587e-04   5.483877e-10   504
  4.418701e-01   1.142950e-08   1.564660e-04   6.350571e-10   432
  4.423558e-01   1.022638e-08   1.281691e-04   5.531839e-10   354
  4.428506e-01   1.161457e-08   1.865017e-04   8.598310e-10   200
  4.432750e-01   8.514756e-09   1.323290e-04   4.894342e-10   480
  4.438485e-01   8.829432e-09   1.512148e-04   4.576223e-10   552
  4.443745e-01   8.938449e-09   9.419478e-05   5.979833e-10   366
  4.447799e-01   1.115769e-08   1.002751e-04   1.050793e-09   240
  4.452261e-01   1.115074e-08   1.401886e-04   6.028703e-10   288
  4.458541e-01   8.568168e-09   9.634579e-05   5.317509e-10   366
  4.462600e-01   6.911216e-09   1.562070e-04   3.777509e-10   408
  4.467132e-01   7.849023e-09   1.174273e-04   5.427290e-10   360
  4.471820e-01   8.595010e-09   1.094619e-04   5.059711e-10   324
  4.476367e-01   8.988916e-09   1.292780e-04   7.032649e-10   174
  4.481783e-01   8.022790e-09   1.485222e-04   5.637629e-10   264
  4.486867e-01   7.015542e-09   1.354596e-04   4.377773e-10   456
  4.491937e-01   7.304238e-09   1.362099e-04   4.518909e-10   360
  4.496105e-01   6.900315e-09   1.500483e-04   5.205560e-10   270
  4.501209e-01   8.805126e-09   1.641082e-04   6.657980e-10   240
  4.507604e-01   1.143490e-08   1.195905e-04   9.384521e-10   120
  4.510747e-01   3.807435e-09   1.248485e-04   2.317701e-10   320
  4.515822e-01   6.490450e-09   1.544785e-04   3.089359e-10   462
  4.521137e-01   6.634668e-09   8.987666e-05   3.922959e-10   276
  4.525754e-01   7.504253e-09   1.019637e-04   6.262542e-10   144
  4.530202e-01   9.752539e-09   1.070818e-04   9.680423e-10   120
  4.536115e-01   4.441956e-09   8.108908e-05   2.424127e-10   294
  4.540583e-01   5.638363e-09   1.438563e-04   3.453335e-10   384
  4.544753e-01   5.015198e-09   9.523196e-05   3.229946e-10   216
  4.548743e-01   8.016976e-09   8.843896e-05   6.479626e-10   168
  4.553251e-01   6.646924e-09   1.052282e-04   6.660724e-10   102
  4.559768e-01   5.110232e-09   1.596520e-04   4.335668e-10   168
  4.564337e-01   4.871526e-09   1.397340e-04   2.796995e-10   384
  4.569346e-01   5.663767e-09   1.419732e-04   4.644097e-10   300
  4.574008e-01   5.868497e-09   1.520225e-04   4.113611e-10   144
  4.579263e-01   6.546468e-09   1.556925e-04   6.594276e-10   102
  4.585568e-01   7.099251e-09   3.685588e-05   8.976048e-10   56
  4.588590e-01   3.245183e-09   1.199932e-04   2.065851e-10   288
  4.593328e-01   4.071206e-09   1.561557e-04   1.899663e-10   360
  4.598487e-01   4.100310e-09   8.376686e-05   3.081544e-10   126
  4.602834e-01   4.127682e-09   4.125612e-05   4.594247e-10   72
  4.607572e-01   6.836848e-09   2.185755e-05   7.871505e-10   48
  4.613754e-01   2.822621e-09   8.842417e-05   2.140652e-10   240
  4.617816e-01   4.129654e-09   1.311982e-04   2.380757e-10   306
  4.621975e-01   4.664613e-09   7.291699e-05   4.259657e-10   120
  4.626766e-01   6.119180e-09   1.794585e-04   6.820144e-10   96
  4.630248e-01   7.539166e-09   0.000000e+00   8.939292e-10   24
  4.638071e-01   2.444232e-09   1.554065e-04   2.606898e-10   120
  4.641905e-01   2.811756e-09   1.343981e-04   1.698177e-10   318
  4.646594e-01   4.264829e-09   1.436227e-04   2.688188e-10   168
  4.651731e-01   5.431859e-09   1.541232e-04   5.122224e-10   72
  4.657357e-01   3.753306e-09   0.000000e+00   4.935371e-10   24
  4.663408e-01   3.624690e-09   7.481195e-05   9.690602e-10   14
  4.666286e-01   2.091115e-09   1.179951e-04   1.170831e-10   288
  4.670757e-01   2.843791e-09   1.419546e-04   2.240778e-10   204
  4.675916e-01   4.976240e-09   2.153808e-05   6.437933e-10   48
  4.680007e-01   8.568146e-09   0.000000e+00   1.651817e-09   24
  4.684739e-01   4.088837e-09   0.000000e+00   8.337762e-10   6
  4.691541e-01   1.697878e-09   8.821950e-05   1.264780e-10   216
  4.695046e-01   2.702116e-09   1.174842e-04   1.946516e-10   192
  4.699334e-01   2.284972e-09   2.143075e-05   4.043199e-10   48
  4.703832e-01   5.860652e-09   1.712353e-04   7.613436e-10   30
  4.716555e-01   1.730302e-09   3.540978e-05   1.666657e-10   96
  4.719167e-01   1.713263e-09   1.160286e-04   1.043081e-10   228
  4.724128e-01   3.388919e-09   1.517284e-04   4.238152e-10   72
  4.730094e-01   3.574020e-09   0.000000e+00   1.277938e-09   6
  4.743680e-01   1.699762e-09   1.145631e-04   1.084274e-10   248
  4.748016e-01   2.021249e-09   1.311235e-04   2.366035e-10   72
  4.753245e-01   1.977744e-09   7.266090e-09   5.393392e-10   6
  4.769053e-01   1.129940e-09   8.141014e-05   8.242387e-11   180
  4.772205e-01   1.881592e-09   1.107713e-04   1.865851e-10   72
  4.776705e-01   1.193371e-09   0.000000e+00   3.958521e-10   6
  4.794278e-01   9.753811e-10   3.483570e-05   1.087249e-10   96
  4.796378e-01   1.164667e-09   9.563861e-05   1.095751e-10   96
  4.800471e-01   5.884296e-09   0.000000e+00   2.647055e-10   6
  4.820778e-01   8.025996e-10   9.153355e-05   6.086786e-11   140
  4.824537e-01   1.139894e-09   0.000000e+00   1.693878e-10   6
  4.846301e-01   7.560248e-10   6.146888e-05   9.121546e-11   96
  4.848898e-01   1.298192e-09   0.000000e+00   2.748040e-10   6
  4.871898e-01   5.745623e-10   3.697860e-05   7.018918e-11   60
  4.873552e-01   6.457560e-10   0.000000e+00   1.993631e-10   6
  4.897713e-01   2.588503e-10   3.748867e-05   4.082101e-11   38
  4.923442e-01   2.236287e-10   1.928513e-05   5.373067e-11   18
  4.949217e-01   5.130335e-11   7.266090e-09   1.399135e-11   6
