# power spectrum of phi_prime/H (dimensionless)
# redshift z=88.687977
# k              Pk             sigma(k)       sigma(Pk)      count
  4.487990e-03   3.799150e-12   0.000000e+00   1.531735e-12   6
  6.346976e-03   1.329192e-12   0.000000e+00   2.654333e-13   12
  7.773426e-03   5.388678e-13   8.514949e-11   1.072394e-13   8
  8.975979e-03   1.259242e-12   0.000000e+00   1.358454e-13   6
  1.003545e-02   8.119057e-13   1.605594e-10   2.586951e-13   24
  1.099328e-02   1.219508e-12   1.605594e-10   2.033469e-13   24
  1.269395e-02   5.784732e-13   0.000000e+00   2.605811e-13   12
  1.346397e-02   6.467300e-13   1.816523e-10   1.241249e-13   30
  1.419227e-02   7.121200e-13   0.000000e+00   1.577069e-13   24
  1.488498e-02   6.266525e-13   2.780971e-10   1.532584e-13   24
  1.554685e-02   7.242295e-13   1.702990e-10   1.493119e-13   8
  1.618168e-02   5.634691e-13   2.270653e-10   6.804755e-14   24
  1.679252e-02   5.324500e-13   0.000000e+00   7.398344e-14   48
  1.795196e-02   5.540233e-13   0.000000e+00   2.427241e-13   6
  1.850445e-02   5.103677e-13   2.270653e-10   7.139867e-14   48
  1.904093e-02   4.612380e-13   2.140792e-10   4.697322e-14   36
  1.956269e-02   7.421332e-13   2.270653e-10   1.525635e-13   24
  2.007090e-02   4.091716e-13   3.211188e-10   7.370139e-14   24
  2.056655e-02   3.765232e-13   0.000000e+00   5.281953e-14   48
  2.105054e-02   6.882548e-13   3.211188e-10   9.759408e-14   24
  2.198657e-02   4.868723e-13   3.211188e-10   7.864992e-14   24
  2.243995e-02   3.487632e-13   0.000000e+00   5.662732e-14   30
  2.288435e-02   3.421794e-13   0.000000e+00   3.957082e-14   72
  2.332028e-02   3.027166e-13   3.405980e-10   5.837477e-14   32
  2.416856e-02   4.913751e-13   0.000000e+00   5.845104e-14   72
  2.458173e-02   2.609971e-13   0.000000e+00   3.751436e-14   48
  2.538790e-02   1.718317e-13   0.000000e+00   5.171806e-14   12
  2.597539e-02   3.131431e-13   1.938570e-04   3.001718e-14   96
  2.655130e-02   3.923278e-13   3.211188e-10   4.783749e-14   48
  2.692794e-02   4.844589e-13   3.633045e-10   8.851747e-14   30
  2.757421e-02   3.676838e-13   1.586779e-04   3.204870e-14   96
  2.838454e-02   2.166860e-13   0.000000e+00   4.098926e-14   24
  2.885327e-02   3.921015e-13   1.642099e-04   3.395999e-14   144
  2.942972e-02   2.987427e-13   5.561942e-10   7.504079e-14   24
  3.002225e-02   4.164159e-13   1.456630e-04   4.987970e-14   96
  3.043903e-02   3.204304e-13   0.000000e+00   4.959815e-14   48
  3.137435e-02   4.203106e-13   1.080207e-04   4.476997e-14   62
  3.184971e-02   3.320980e-13   1.519035e-04   4.651589e-14   132
  3.236335e-02   2.086338e-13   4.541306e-10   3.871469e-14   24
  3.284837e-02   3.214282e-13   1.518246e-04   2.878528e-14   168
  3.373431e-02   4.354631e-13   1.492698e-04   3.749916e-14   96
  3.439955e-02   2.625901e-13   1.270423e-04   2.486001e-14   96
  3.521583e-02   3.152701e-13   1.416056e-04   2.619367e-14   168
  3.590392e-02   2.095633e-13   0.000000e+00   9.467443e-14   6
  3.618333e-02   3.233304e-13   0.000000e+00   3.048496e-14   96
  3.651563e-02   3.096963e-13   1.100713e-04   3.071715e-14   120
  3.718966e-02   2.365907e-13   1.278125e-04   2.177862e-14   144
  3.754921e-02   3.889724e-13   0.000000e+00   5.096063e-14   48
  3.823245e-02   2.633060e-13   1.304211e-04   3.363333e-14   84
  3.860715e-02   2.991050e-13   8.899106e-10   2.874914e-14   120
  3.894461e-02   2.621228e-13   1.183479e-04   3.028414e-14   80
  3.946692e-02   2.485210e-13   1.201620e-04   1.942332e-14   144
  4.014180e-02   2.309533e-13   6.422377e-10   4.244967e-14   24
  4.047145e-02   2.935243e-13   1.159510e-04   2.599618e-14   150
  4.098576e-02   2.766748e-13   1.203057e-04   2.250984e-14   120
  4.155056e-02   2.236487e-13   1.096333e-04   1.947207e-14   168
  4.210107e-02   5.602250e-13   6.422377e-10   9.782880e-14   24
  4.244743e-02   2.451938e-13   1.181082e-04   1.603339e-14   264
  4.281269e-02   1.183989e-13   6.422377e-10   1.625709e-14   48
  4.343532e-02   2.552241e-13   1.093985e-04   2.388463e-14   144
  4.412543e-02   3.798873e-13   1.076845e-04   5.450957e-14   72
  4.451927e-02   2.556621e-13   1.107671e-04   1.833303e-14   180
  4.506982e-02   2.712726e-13   8.025835e-05   2.436367e-14   198
  4.532647e-02   1.982324e-13   0.000000e+00   2.267913e-14   48
  4.589413e-02   1.948717e-13   1.086319e-04   1.706946e-14   168
  4.631540e-02   2.614368e-13   1.087222e-04   2.325497e-14   144
  4.695270e-02   2.416137e-13   1.527607e-04   1.330280e-14   248
  4.781330e-02   1.973999e-13   1.053161e-04   1.471182e-14   192
  4.839932e-02   2.539870e-13   1.626762e-04   1.797415e-14   240
  4.875204e-02   2.464197e-13   0.000000e+00   2.738298e-14   72
  4.929001e-02   2.659396e-13   9.927197e-05   2.356131e-14   126
  4.962939e-02   3.118867e-13   9.159181e-05   2.986069e-14   168
  5.027740e-02   2.511826e-13   1.001546e-04   1.694667e-14   288
  5.095853e-02   2.566864e-13   5.274950e-05   2.165646e-14   156
  5.131126e-02   1.978546e-13   8.873998e-05   2.095954e-14   168
  5.184617e-02   2.372469e-13   1.521290e-04   1.462781e-14   264
  5.233850e-02   3.112445e-13   0.000000e+00   4.418739e-14   48
  5.270435e-02   2.422874e-13   1.514052e-04   1.821943e-14   264
  5.322882e-02   2.103131e-13   8.924381e-05   1.785695e-14   144
  5.362492e-02   3.306458e-13   1.825884e-04   4.057013e-14   78
  5.420192e-02   1.946208e-13   1.186900e-04   1.137469e-14   336
  5.474604e-02   1.977108e-13   9.030373e-05   1.734375e-14   200
  5.510338e-02   1.893958e-13   1.768159e-04   1.584672e-14   192
  5.558581e-02   2.702857e-13   8.873069e-05   2.280234e-14   240
  5.602902e-02   2.358872e-13   1.778215e-04   1.792464e-14   168
  5.648434e-02   2.006566e-13   1.423690e-04   1.824263e-14   120
  5.703118e-02   2.628684e-13   1.112738e-04   1.674249e-14   324
  5.756179e-02   2.455599e-13   8.748012e-05   1.943884e-14   192
  5.792293e-02   3.284890e-13   1.568908e-04   2.644364e-14   168
  5.853721e-02   1.683612e-13   1.292197e-04   1.237786e-14   342
  5.909109e-02   2.521518e-13   1.040479e-04   1.478508e-14   336
  5.965251e-02   3.012915e-13   7.962394e-05   5.302456e-14   72
  6.003109e-02   2.266091e-13   1.273478e-04   1.908828e-14   288
  6.047058e-02   2.536491e-13   8.293768e-05   2.038268e-14   264
  6.108439e-02   2.107533e-13   1.090835e-04   1.230514e-14   384
  6.163419e-02   2.223285e-13   1.309286e-04   1.841491e-14   240
  6.186267e-02   3.265331e-13   0.000000e+00   4.043877e-14   48
  6.252352e-02   2.577749e-13   1.071736e-04   1.517185e-14   392
  6.302771e-02   2.242154e-13   1.176177e-04   1.522852e-14   294
  6.356985e-02   2.160207e-13   7.644534e-05   1.745745e-14   228
  6.392640e-02   2.602657e-13   1.160935e-04   1.913668e-14   216
  6.437004e-02   2.110167e-13   7.071608e-05   1.298467e-14   336
  6.491309e-02   2.414594e-13   8.402231e-05   1.661167e-14   360
  6.536140e-02   2.883372e-13   1.280140e-04   2.149420e-14   240
  6.582853e-02   1.689484e-13   1.514699e-04   1.396725e-14   168
  6.626426e-02   2.693155e-13   1.192252e-04   1.650483e-14   312
  6.678338e-02   2.105536e-13   7.461529e-05   1.330245e-14   336
  6.734419e-02   2.610421e-13   1.017891e-04   1.801581e-14   294
  6.776702e-02   2.967321e-13   1.356641e-04   2.304392e-14   288
  6.809058e-02   1.959834e-13   8.488954e-05   1.758552e-14   264
  6.866755e-02   2.123682e-13   1.458184e-04   1.492082e-14   480
  6.914996e-02   2.440215e-13   7.133389e-05   1.842457e-14   240
  6.974139e-02   2.267610e-13   7.213111e-05   1.722599e-14   276
  7.020800e-02   2.578098e-13   1.583420e-04   1.283540e-14   488
  7.076234e-02   3.214204e-13   6.973720e-05   3.062884e-14   240
  7.108411e-02   2.600695e-13   1.354117e-04   1.495238e-14   360
  7.153530e-02   2.007724e-13   4.817743e-05   1.780529e-14   198
  7.211554e-02   2.107054e-13   1.627935e-04   1.176302e-14   480
  7.254038e-02   2.004331e-13   6.008787e-05   1.691030e-14   288
  7.312796e-02   2.357197e-13   1.270121e-04   1.414095e-14   480
  7.365633e-02   2.618421e-13   7.825550e-05   1.187299e-14   480
  7.419894e-02   2.233150e-13   1.012105e-04   1.992172e-14   288
  7.453749e-02   1.995767e-13   1.079729e-04   1.245588e-14   288
  7.506996e-02   2.607549e-13   1.877112e-04   1.383359e-14   456
  7.560610e-02   2.874164e-13   1.767802e-04   1.693684e-14   360
  7.595177e-02   2.377459e-13   1.059672e-04   1.631609e-14   180
  7.645202e-02   2.143030e-13   1.154112e-04   1.182132e-14   486
  7.695907e-02   2.188109e-13   1.535340e-04   1.268557e-14   504
  7.747462e-02   2.411451e-13   1.192882e-04   1.429532e-14   456
  7.790209e-02   2.913234e-13   9.910745e-05   2.179718e-14   296
  7.846686e-02   2.316366e-13   9.779604e-05   1.435290e-14   528
  7.889160e-02   2.285596e-13   9.649931e-05   1.492571e-14   336
  7.951717e-02   2.615885e-13   1.070358e-04   1.269862e-14   600
  7.997507e-02   2.099218e-13   6.270729e-05   1.462392e-14   264
  8.043396e-02   2.529355e-13   6.781049e-05   1.397075e-14   360
  8.090234e-02   2.334901e-13   1.357633e-04   1.308351e-14   630
  8.141847e-02   2.246097e-13   7.007974e-05   1.558196e-14   432
  8.187631e-02   2.355039e-13   1.350259e-04   1.405208e-14   408
  8.243827e-02   2.272155e-13   8.962194e-05   1.486259e-14   324
  8.285635e-02   2.134255e-13   1.277222e-04   1.012257e-14   744
  8.336064e-02   2.718662e-13   1.021054e-04   1.781408e-14   336
  8.384245e-02   2.473944e-13   1.403689e-04   1.505988e-14   528
  8.437080e-02   2.106962e-13   7.162045e-05   1.219544e-14   408
  8.472109e-02   2.137148e-13   1.218981e-04   1.272027e-14   408
  8.529988e-02   2.155077e-13   1.006308e-04   1.112973e-14   470
  8.572148e-02   2.151299e-13   1.208902e-04   1.306621e-14   528
  8.631019e-02   1.989816e-13   1.007343e-04   9.649677e-15   624
  8.674381e-02   2.087731e-13   7.664930e-05   1.141631e-14   504
  8.719116e-02   2.007146e-13   1.067668e-04   1.212617e-14   552
  8.763489e-02   2.372602e-13   5.190111e-05   1.459847e-14   336
  8.819051e-02   2.298094e-13   1.104770e-04   1.182865e-14   528
  8.862093e-02   2.312152e-13   1.257802e-04   1.173202e-14   564
  8.912507e-02   2.610714e-13   1.157674e-04   1.539409e-14   528
  8.967166e-02   2.358001e-13   1.797324e-04   1.434989e-14   582
  9.016871e-02   2.158675e-13   1.383668e-04   1.135983e-14   624
  9.060342e-02   2.036858e-13   1.581799e-04   1.290258e-14   432
  9.112208e-02   2.157666e-13   1.759475e-04   1.091997e-14   816
  9.165576e-02   2.599745e-13   8.018898e-05   1.794033e-14   312
  9.200488e-02   2.256467e-13   1.299641e-04   1.301966e-14   552
  9.256787e-02   2.065800e-13   8.185444e-05   9.288403e-15   744
  9.297574e-02   2.710747e-13   7.646869e-05   1.738139e-14   408
  9.350218e-02   2.098912e-13   1.095830e-04   1.018738e-14   632
  9.404906e-02   2.651651e-13   1.860997e-04   1.185317e-14   750
  9.449396e-02   1.579495e-13   1.280227e-04   1.462046e-14   312
  9.498974e-02   2.222733e-13   1.890077e-04   9.643096e-15   876
  9.548011e-02   1.517680e-13   1.234108e-04   8.803526e-15   552
  9.603265e-02   2.607860e-13   1.020603e-04   1.298365e-14   696
  9.640905e-02   2.152133e-13   1.126552e-04   1.013792e-14   576
  9.692128e-02   1.719120e-13   1.192748e-04   1.065012e-14   576
  9.735848e-02   2.518373e-13   1.598285e-04   1.142410e-14   648
  9.788685e-02   2.373975e-13   1.599783e-04   1.070903e-14   672
  9.847019e-02   2.189761e-13   6.785687e-05   1.352904e-14   480
  9.884355e-02   2.186173e-13   1.050846e-04   9.929331e-15   726
  9.932431e-02   2.382732e-13   1.190745e-04   1.034074e-14   792
  9.984502e-02   2.056444e-13   1.651878e-04   1.019089e-14   768
  1.003938e-01   2.100755e-13   1.350017e-04   1.138716e-14   672
  1.008970e-01   1.993507e-13   9.055629e-05   1.006806e-14   608
  1.012613e-01   2.265539e-13   8.693679e-05   1.170191e-14   624
  1.017809e-01   2.287287e-13   1.129736e-04   1.078579e-14   684
  1.022864e-01   2.319673e-13   1.668752e-04   9.313184e-15   768
  1.027568e-01   2.188566e-13   1.334155e-04   1.035952e-14   744
  1.033173e-01   2.132665e-13   8.400635e-05   9.253080e-15   750
  1.037259e-01   1.994037e-13   1.248642e-04   1.221542e-14   600
  1.041677e-01   1.951596e-13   1.325833e-04   1.087825e-14   600
  1.047135e-01   2.218599e-13   1.527941e-04   8.520406e-15   1008
  1.051470e-01   2.056053e-13   8.474486e-05   1.008108e-14   696
  1.056273e-01   2.175762e-13   1.119517e-04   1.175100e-14   624
  1.061102e-01   2.231677e-13   1.742111e-04   9.245282e-15   840
  1.066588e-01   2.307033e-13   1.185366e-04   1.085546e-14   816
  1.071038e-01   2.202805e-13   7.873478e-05   9.663898e-15   744
  1.075531e-01   2.375121e-13   1.391901e-04   1.283979e-14   510
  1.080960e-01   2.299836e-13   1.336339e-04   1.019665e-14   1020
  1.086012e-01   1.985830e-13   1.078294e-04   7.683935e-15   912
  1.090992e-01   2.241250e-13   1.597552e-04   1.113257e-14   752
  1.095110e-01   2.394069e-13   1.325595e-04   1.128911e-14   888
  1.100730e-01   2.012250e-13   8.554013e-05   1.095098e-14   768
  1.105327e-01   2.331514e-13   1.554339e-04   1.095779e-14   720
  1.110617e-01   2.064276e-13   1.370195e-04   7.994640e-15   1056
  1.115309e-01   2.155937e-13   9.479589e-05   1.340924e-14   504
  1.119154e-01   2.631308e-13   1.480257e-04   1.121365e-14   774
  1.124652e-01   2.000203e-13   1.423615e-04   8.338629e-15   1272
  1.129816e-01   2.117577e-13   9.326921e-05   1.066118e-14   744
  1.134632e-01   1.873388e-13   1.523027e-04   8.982411e-15   768
  1.139050e-01   2.133977e-13   1.288282e-04   9.165953e-15   840
  1.144011e-01   2.570048e-13   8.734207e-05   1.181244e-14   924
  1.148789e-01   2.255237e-13   1.539839e-04   9.827735e-15   936
  1.153484e-01   2.183096e-13   1.070130e-04   9.625988e-15   840
  1.158214e-01   2.533105e-13   1.272259e-04   9.855318e-15   1008
  1.164225e-01   2.220223e-13   1.436262e-04   1.009461e-14   696
  1.167996e-01   1.946442e-13   1.276589e-04   8.820830e-15   974
  1.173599e-01   2.365597e-13   1.695459e-04   8.900168e-15   1152
  1.178471e-01   2.543556e-13   6.634378e-05   1.065128e-14   816
  1.182260e-01   1.905579e-13   1.459488e-04   8.723675e-15   816
  1.187357e-01   2.194650e-13   1.288794e-04   8.073144e-15   1152
  1.192732e-01   2.260748e-13   1.160356e-04   9.423418e-15   912
  1.197621e-01   2.538736e-13   1.409833e-04   9.754669e-15   1056
  1.201806e-01   2.716466e-13   1.205660e-04   1.300693e-14   624
  1.207435e-01   2.171851e-13   1.506027e-04   8.620557e-15   1260
  1.212292e-01   2.488562e-13   9.083716e-05   1.146850e-14   894
  1.217037e-01   2.552184e-13   1.556364e-04   8.751656e-15   1176
  1.221783e-01   1.936710e-13   1.288208e-04   1.103518e-14   840
  1.227186e-01   2.530194e-13   1.464236e-04   8.887894e-15   1440
  1.232859e-01   2.192633e-13   8.232021e-05   9.674460e-15   864
  1.237160e-01   2.473313e-13   1.412655e-04   1.054953e-14   1056
  1.241441e-01   2.479702e-13   8.328830e-05   1.380632e-14   624
  1.246641e-01   2.689453e-13   1.542356e-04   9.344834e-15   1496
  1.251612e-01   2.502683e-13   1.088958e-04   1.223504e-14   936
  1.256039e-01   2.538842e-13   1.576468e-04   1.032983e-14   966
  1.260801e-01   2.410705e-13   1.117465e-04   1.105225e-14   936
  1.265804e-01   2.141781e-13   1.382244e-04   8.573215e-15   1248
  1.270926e-01   2.166093e-13   9.744205e-05   8.692845e-15   1044
  1.275698e-01   2.642026e-13   1.509409e-04   9.311477e-15   1392
  1.279478e-01   1.967731e-13   1.162549e-04   1.188673e-14   600
  1.284885e-01   2.451816e-13   1.320778e-04   8.022744e-15   1416
  1.289955e-01   2.450041e-13   1.421656e-04   9.237802e-15   1152
  1.295092e-01   2.512555e-13   1.363856e-04   1.020343e-14   936
  1.299230e-01   2.572195e-13   1.462802e-04   1.147130e-14   870
  1.304147e-01   2.703826e-13   1.226502e-04   1.044592e-14   1368
  1.309604e-01   2.592623e-13   1.612530e-04   9.410685e-15   1632
  1.314267e-01   1.979356e-13   7.000699e-05   1.030341e-14   816
  1.319315e-01   2.908997e-13   1.597143e-04   1.106615e-14   1200
  1.323720e-01   2.799949e-13   1.527057e-04   1.096641e-14   1184
  1.328194e-01   2.409872e-13   1.158936e-04   1.119762e-14   984
  1.333683e-01   2.633352e-13   1.414942e-04   8.690472e-15   1572
  1.338659e-01   2.718373e-13   7.792333e-05   1.239824e-14   840
  1.343297e-01   2.646144e-13   1.812138e-04   8.844169e-15   1392
  1.348193e-01   2.463457e-13   1.330470e-04   1.002509e-14   1158
  1.352564e-01   2.479722e-13   1.211496e-04   9.991788e-15   1272
  1.357826e-01   2.440711e-13   1.234623e-04   8.412588e-15   1320
  1.362769e-01   2.601562e-13   1.208065e-04   1.159984e-14   1104
  1.367472e-01   2.248523e-13   1.367360e-04   8.309987e-15   1392
  1.372408e-01   2.497942e-13   1.478938e-04   9.255300e-15   1296
  1.377492e-01   2.843053e-13   1.544255e-04   1.010391e-14   1392
  1.382262e-01   2.656016e-13   1.132835e-04   9.976413e-15   1104
  1.386675e-01   2.351125e-13   1.426913e-04   8.830809e-15   1320
  1.392961e-01   2.503441e-13   1.089713e-04   9.019263e-15   1422
  1.396977e-01   2.130951e-13   1.357176e-04   8.208894e-15   1212
  1.401589e-01   2.474359e-13   1.483027e-04   9.028067e-15   1280
  1.406327e-01   2.659123e-13   1.544235e-04   1.048505e-14   1272
  1.410869e-01   2.670457e-13   1.336382e-04   9.199401e-15   1680
  1.416252e-01   2.563686e-13   1.262633e-04   1.011772e-14   1152
  1.421207e-01   2.374527e-13   1.462174e-04   7.872829e-15   1512
  1.426417e-01   2.527342e-13   6.173239e-05   1.119614e-14   912
  1.430535e-01   2.793226e-13   1.556147e-04   8.240198e-15   1680
  1.436012e-01   2.209208e-13   1.378563e-04   7.773121e-15   1518
  1.440071e-01   2.786939e-13   1.276288e-04   1.177631e-14   1056
  1.444347e-01   2.479608e-13   1.288698e-04   8.901394e-15   1344
  1.449875e-01   2.542318e-13   1.383780e-04   8.781880e-15   1680
  1.454876e-01   2.692165e-13   1.363571e-04   9.202351e-15   1656
  1.460341e-01   2.254952e-13   1.159057e-04   9.010361e-15   1140
  1.464444e-01   2.460693e-13   1.342100e-04   9.217826e-15   1368
  1.469271e-01   2.539716e-13   1.526647e-04   8.146227e-15   1656
  1.474179e-01   2.703141e-13   1.563614e-04   1.039724e-14   1448
  1.479520e-01   2.658479e-13   1.468912e-04   9.348894e-15   1422
  1.484453e-01   2.573381e-13   1.621619e-04   9.284975e-15   1512
  1.488673e-01   2.410118e-13   1.236275e-04   9.075947e-15   1296
  1.493554e-01   2.360031e-13   1.128801e-04   8.145818e-15   1824
  1.498832e-01   2.551527e-13   1.463660e-04   8.736202e-15   1464
  1.504163e-01   2.530151e-13   1.306107e-04   7.679921e-15   1824
  1.509111e-01   2.309558e-13   1.038421e-04   8.495921e-15   1416
  1.513416e-01   2.896253e-13   1.521007e-04   1.025078e-14   1392
  1.518062e-01   2.408226e-13   1.403562e-04   8.355881e-15   1464
  1.523732e-01   2.221966e-13   1.372200e-04   7.686289e-15   1524
  1.528113e-01   2.532595e-13   1.264504e-04   8.449297e-15   1686
  1.533176e-01   2.410191e-13   1.505644e-04   8.238469e-15   1800
  1.537528e-01   2.375792e-13   1.195338e-04   9.268591e-15   1344
  1.542356e-01   2.771291e-13   1.394596e-04   9.604938e-15   1656
  1.547196e-01   2.417346e-13   1.113514e-04   8.190548e-15   1488
  1.551402e-01   2.400135e-13   1.111701e-04   9.120962e-15   1536
  1.557262e-01   2.484901e-13   1.234973e-04   7.924331e-15   1760
  1.561802e-01   2.856934e-13   1.373667e-04   8.666330e-15   1824
  1.567053e-01   2.435145e-13   1.152763e-04   8.189107e-15   1560
  1.572105e-01   2.357697e-13   1.324056e-04   7.071039e-15   1926
  1.576857e-01   2.375173e-13   9.415777e-05   9.176684e-15   1272
  1.581194e-01   2.500662e-13   1.582320e-04   7.930536e-15   1848
  1.586895e-01   2.656314e-13   1.278379e-04   7.550998e-15   1908
  1.591231e-01   2.263549e-13   1.246890e-04   8.753536e-15   1488
  1.595806e-01   2.501162e-13   1.406224e-04   7.848413e-15   1800
  1.600766e-01   2.533907e-13   1.407610e-04   8.286758e-15   1752
  1.605517e-01   2.351962e-13   1.496769e-04   8.739297e-15   1368
  1.610272e-01   2.639923e-13   1.406675e-04   7.815585e-15   2016
  1.615501e-01   2.468315e-13   1.485794e-04   7.966723e-15   1542
  1.620327e-01   2.440734e-13   1.454994e-04   7.062529e-15   2184
  1.625669e-01   2.458557e-13   1.330990e-04   8.195453e-15   1776
  1.630283e-01   2.460602e-13   1.521522e-04   1.001823e-14   1568
  1.634682e-01   2.520706e-13   1.390081e-04   6.978480e-15   2040
  1.639468e-01   2.626352e-13   1.486121e-04   8.903653e-15   1704
  1.644478e-01   2.478857e-13   1.489728e-04   8.535324e-15   1512
  1.649202e-01   2.540159e-13   1.270742e-04   8.042060e-15   2028
  1.654509e-01   2.419160e-13   1.532841e-04   7.017447e-15   1968
  1.659362e-01   2.695148e-13   1.554838e-04   7.702509e-15   1854
  1.664110e-01   2.210538e-13   1.482240e-04   7.553874e-15   1632
  1.668977e-01   2.539962e-13   1.523128e-04   6.461728e-15   2424
  1.674021e-01   2.188056e-13   1.524713e-04   7.566566e-15   1560
  1.678285e-01   2.521079e-13   1.440852e-04   8.404863e-15   1728
  1.683437e-01   2.433440e-13   1.538043e-04   7.454548e-15   2088
  1.688623e-01   2.510035e-13   1.464052e-04   7.768656e-15   1968
  1.693394e-01   2.563765e-13   1.449552e-04   7.297255e-15   2256
  1.698178e-01   2.603714e-13   1.288813e-04   8.095191e-15   1728
  1.703172e-01   2.631402e-13   1.270494e-04   1.039069e-14   1416
  1.707596e-01   2.596091e-13   1.339356e-04   7.361172e-15   2246
  1.712606e-01   2.462097e-13   1.483321e-04   7.816869e-15   2148
  1.717398e-01   2.529743e-13   1.252967e-04   8.958726e-15   1680
  1.721909e-01   2.560998e-13   1.584012e-04   7.084236e-15   2280
  1.727331e-01   2.577632e-13   1.475065e-04   6.888170e-15   2352
  1.732395e-01   2.641717e-13   1.239422e-04   8.788134e-15   1632
  1.736402e-01   2.570252e-13   1.418228e-04   8.784323e-15   1968
  1.741900e-01   2.806799e-13   1.455103e-04   7.721825e-15   2112
  1.746998e-01   2.216454e-13   1.093039e-04   6.428612e-15   2208
  1.751952e-01   2.647947e-13   1.102112e-04   7.541402e-15   1974
  1.755862e-01   2.340594e-13   1.078165e-04   7.426465e-15   1944
  1.761144e-01   2.605323e-13   1.219820e-04   7.649698e-15   2160
  1.765722e-01   2.615286e-13   1.140807e-04   7.879664e-15   2040
  1.770670e-01   2.548132e-13   1.596015e-04   7.335555e-15   2352
  1.775745e-01   2.641242e-13   1.325904e-04   8.868978e-15   1836
  1.780376e-01   2.674443e-13   1.414413e-04   6.889334e-15   2352
  1.785577e-01   2.779335e-13   1.483527e-04   8.184125e-15   2008
  1.790344e-01   2.439788e-13   1.459431e-04   7.573573e-15   2464
  1.795659e-01   2.679351e-13   1.177095e-04   7.256787e-15   2118
  1.800019e-01   2.767947e-13   1.183276e-04   8.426139e-15   1848
  1.804507e-01   2.512367e-13   1.565861e-04   7.435862e-15   2280
  1.809928e-01   2.596665e-13   1.489508e-04   7.330805e-15   2472
  1.814993e-01   2.816265e-13   9.953927e-05   7.963886e-15   2280
  1.819245e-01   2.879341e-13   1.216700e-04   9.519480e-15   1992
  1.823831e-01   2.832368e-13   1.279126e-04   7.468045e-15   2184
  1.829118e-01   2.517374e-13   1.543068e-04   7.006387e-15   2352
  1.834214e-01   2.518138e-13   1.626118e-04   6.853698e-15   2496
  1.839203e-01   2.569386e-13   1.518813e-04   8.851689e-15   1770
  1.843678e-01   2.786076e-13   1.310496e-04   7.459551e-15   2568
  1.849057e-01   2.739069e-13   1.607377e-04   7.187175e-15   2712
  1.853947e-01   2.551816e-13   1.276489e-04   7.013006e-15   2448
  1.858830e-01   2.909138e-13   1.076015e-04   8.316703e-15   2064
  1.862881e-01   2.446808e-13   1.135758e-04   7.648227e-15   1944
  1.868133e-01   2.673236e-13   1.403079e-04   7.922134e-15   2480
  1.873491e-01   2.873039e-13   1.524155e-04   7.167028e-15   2880
  1.878237e-01   2.910737e-13   1.462067e-04   7.785065e-15   2304
  1.883193e-01   2.606690e-13   1.343278e-04   7.516050e-15   1806
  1.887589e-01   2.705501e-13   1.317346e-04   6.728404e-15   2856
  1.893097e-01   2.659862e-13   1.263374e-04   7.303801e-15   2568
  1.897288e-01   2.589613e-13   1.267515e-04   7.946718e-15   2112
  1.901850e-01   2.565667e-13   1.220840e-04   8.043276e-15   2028
  1.906744e-01   2.951306e-13   1.445115e-04   6.978662e-15   2712
  1.911714e-01   2.715376e-13   1.556884e-04   6.644840e-15   2952
  1.917055e-01   3.096778e-13   1.202957e-04   9.100981e-15   2112
  1.921372e-01   2.876397e-13   1.409804e-04   7.485085e-15   2520
  1.926559e-01   2.836677e-13   1.359784e-04   7.827801e-15   2376
  1.931282e-01   2.791788e-13   1.090048e-04   7.826962e-15   2526
  1.936186e-01   2.795859e-13   1.356536e-04   7.583442e-15   2664
  1.941040e-01   2.655339e-13   1.617960e-04   7.114395e-15   2408
  1.945694e-01   3.037528e-13   1.296049e-04   7.912425e-15   2568
  1.950440e-01   2.948519e-13   1.221942e-04   7.574245e-15   2904
  1.955589e-01   2.900631e-13   1.371053e-04   7.761308e-15   2544
  1.960480e-01   2.695623e-13   1.009875e-04   7.632045e-15   2160
  1.965096e-01   3.011663e-13   1.745958e-04   7.410138e-15   2652
  1.970194e-01   2.971321e-13   1.382439e-04   7.452818e-15   2784
  1.975101e-01   3.006649e-13   1.365199e-04   7.669221e-15   2694
  1.980185e-01   2.735797e-13   1.226932e-04   6.624526e-15   2952
  1.984602e-01   3.138074e-13   1.162128e-04   8.553861e-15   2208
  1.989102e-01   2.537609e-13   1.238599e-04   7.663393e-15   2304
  1.994125e-01   2.742045e-13   1.610662e-04   6.038009e-15   3504
  1.999983e-01   3.006254e-13   1.304210e-04   8.221078e-15   2616
  2.004552e-01   3.103166e-13   1.274108e-04   8.037831e-15   2664
  2.008953e-01   2.905576e-13   1.183758e-04   7.559215e-15   2448
  2.013388e-01   3.012025e-13   1.648584e-04   8.274739e-15   2472
  2.018606e-01   2.896609e-13   1.310718e-04   6.758520e-15   3134
  2.023516e-01   2.973798e-13   1.433541e-04   8.162935e-15   2616
  2.028419e-01   2.767895e-13   1.161223e-04   7.258227e-15   2712
  2.033463e-01   2.697864e-13   1.331755e-04   6.582828e-15   3204
  2.038284e-01   2.908780e-13   1.533782e-04   7.752250e-15   2760
  2.042862e-01   2.875475e-13   1.338200e-04   7.115140e-15   2688
  2.047911e-01   2.845065e-13   1.265264e-04   7.786095e-15   2760
  2.052376e-01   2.918274e-13   1.044749e-04   7.795707e-15   2568
  2.057517e-01   2.793450e-13   1.622443e-04   6.461787e-15   3336
  2.062452e-01   2.903429e-13   1.373220e-04   7.907456e-15   2334
  2.067435e-01   2.748955e-13   1.519616e-04   6.581237e-15   3264
  2.072092e-01   2.749856e-13   1.104877e-04   7.001586e-15   2760
  2.076868e-01   2.820242e-13   1.334378e-04   6.767814e-15   3192
  2.081730e-01   2.863869e-13   1.385370e-04   7.310359e-15   2904
  2.086902e-01   2.789965e-13   1.390027e-04   7.202295e-15   2784
  2.091231e-01   2.755537e-13   1.144018e-04   7.685611e-15   2592
  2.096156e-01   2.953869e-13   1.559460e-04   6.455993e-15   3284
  2.101389e-01   3.058699e-13   1.566406e-04   7.438734e-15   3168
  2.106071e-01   2.909845e-13   1.292397e-04   7.732963e-15   2616
  2.110994e-01   2.742046e-13   1.248775e-04   6.171996e-15   3222
  2.115781e-01   2.679300e-13   1.401164e-04   6.017122e-15   3240
  2.120418e-01   2.729675e-13   1.417503e-04   7.347498e-15   2568
  2.125690e-01   2.919397e-13   1.300629e-04   6.785275e-15   3120
  2.130097e-01   2.867352e-13   1.429850e-04   6.960718e-15   3168
  2.134838e-01   2.758253e-13   1.251725e-04   6.113560e-15   3240
  2.140024e-01   2.750621e-13   1.284239e-04   6.417129e-15   3144
  2.145062e-01   2.753406e-13   1.224103e-04   6.923609e-15   2856
  2.149823e-01   2.716428e-13   1.307392e-04   5.994676e-15   3264
  2.155212e-01   2.920893e-13   1.444609e-04   6.729141e-15   3318
  2.159452e-01   2.707540e-13   1.011723e-04   7.858223e-15   2556
  2.164506e-01   2.907544e-13   1.728209e-04   5.653983e-15   4008
  2.169623e-01   2.722430e-13   1.275720e-04   6.833065e-15   2904
  2.174000e-01   2.752022e-13   1.304469e-04   6.283184e-15   3144
  2.178983e-01   2.641939e-13   1.359922e-04   6.613138e-15   3200
  2.184140e-01   2.962701e-13   1.341212e-04   6.617126e-15   3312
  2.188763e-01   2.906549e-13   1.080957e-04   7.349397e-15   2832
  2.193924e-01   2.766996e-13   1.555565e-04   5.687726e-15   3984
  2.198717e-01   3.000139e-13   1.264601e-04   8.416486e-15   2238
  2.203092e-01   2.837116e-13   1.488218e-04   6.060539e-15   3984
  2.208520e-01   2.739438e-13   1.414250e-04   6.372138e-15   3384
  2.213029e-01   2.662436e-13   1.321942e-04   6.639560e-15   3048
  2.217737e-01   2.799825e-13   1.213801e-04   6.417850e-15   3096
  2.222656e-01   2.847138e-13   1.375807e-04   6.029151e-15   3708
  2.227545e-01   2.787304e-13   1.304078e-04   7.232736e-15   2784
  2.232087e-01   2.860474e-13   1.354535e-04   6.231891e-15   3648
  2.237247e-01   2.778530e-13   1.394108e-04   5.812091e-15   3888
  2.242738e-01   2.932531e-13   1.488252e-04   6.858796e-15   2958
  2.246837e-01   2.648025e-13   1.270361e-04   6.205195e-15   3264
  2.251777e-01   2.727538e-13   1.402443e-04   6.337421e-15   3160
  2.256445e-01   2.674064e-13   1.271016e-04   5.977594e-15   3736
  2.260868e-01   2.912513e-13   1.158193e-04   6.730617e-15   3216
  2.266085e-01   2.780255e-13   1.419303e-04   5.983726e-15   4032
  2.271526e-01   2.850472e-13   1.295798e-04   6.383094e-15   3528
  2.276165e-01   2.805088e-13   1.143819e-04   6.493901e-15   3192
  2.280803e-01   2.811180e-13   1.252686e-04   6.310846e-15   3456
  2.285834e-01   2.955766e-13   1.298903e-04   7.176952e-15   3060
  2.290876e-01   2.744825e-13   1.544545e-04   5.297269e-15   4518
  2.295790e-01   2.889941e-13   1.375990e-04   6.005199e-15   3528
  2.300307e-01   2.567590e-13   1.155591e-04   6.521335e-15   3024
  2.305122e-01   2.590458e-13   1.564624e-04   5.723554e-15   3672
  2.310028e-01   2.852004e-13   1.342922e-04   6.317389e-15   3864
  2.315474e-01   2.593241e-13   1.423480e-04   5.440445e-15   3816
  2.319928e-01   2.964591e-13   1.295052e-04   6.646558e-15   3456
  2.324198e-01   2.925031e-13   1.172315e-04   7.632373e-15   2688
  2.329230e-01   2.801638e-13   1.390930e-04   5.734398e-15   4248
  2.334218e-01   2.720647e-13   1.332244e-04   5.559732e-15   3926
  2.339228e-01   2.693949e-13   1.406621e-04   5.666465e-15   3504
  2.344067e-01   2.717370e-13   1.257540e-04   5.738239e-15   3960
  2.349411e-01   2.718092e-13   1.415697e-04   5.646214e-15   3684
  2.353994e-01   2.707424e-13   1.415603e-04   5.566719e-15   4104
  2.358576e-01   2.663297e-13   1.342621e-04   6.484794e-15   3144
  2.363498e-01   2.898899e-13   1.470632e-04   5.802379e-15   4224
  2.368909e-01   2.881968e-13   1.305314e-04   5.832237e-15   4008
  2.373532e-01   2.708598e-13   1.436052e-04   6.009381e-15   3312
  2.378293e-01   2.716417e-13   1.428317e-04   5.739157e-15   3726
  2.383356e-01   2.855425e-13   1.467057e-04   5.716353e-15   3936
  2.387852e-01   2.812959e-13   1.512247e-04   5.939181e-15   3888
  2.392518e-01   2.746348e-13   1.429975e-04   5.321061e-15   3864
  2.397372e-01   2.668522e-13   1.520184e-04   5.551717e-15   3888
  2.402373e-01   2.564813e-13   1.433767e-04   5.275715e-15   4080
  2.407309e-01   2.732505e-13   1.521663e-04   6.393498e-15   3400
  2.412345e-01   2.761099e-13   1.395519e-04   5.129824e-15   4588
  2.417438e-01   2.952818e-13   1.381276e-04   6.338437e-15   3816
  2.421888e-01   2.988358e-13   1.308874e-04   6.367823e-15   3534
  2.426599e-01   2.889090e-13   1.292818e-04   5.775427e-15   4080
  2.431528e-01   2.807767e-13   1.351361e-04   5.480505e-15   4248
  2.436477e-01   2.704740e-13   1.361762e-04   5.874999e-15   3528
  2.441045e-01   2.930628e-13   1.392215e-04   6.131609e-15   4248
  2.445661e-01   2.916455e-13   1.361726e-04   6.429212e-15   3696
  2.450802e-01   2.967348e-13   1.412982e-04   5.773468e-15   4560
  2.455678e-01   2.718700e-13   1.323495e-04   5.871688e-15   3864
  2.460685e-01   2.837766e-13   1.441083e-04   5.589854e-15   4440
  2.465431e-01   2.796672e-13   1.344565e-04   6.308292e-15   3432
  2.470417e-01   2.753693e-13   1.318374e-04   5.247184e-15   4470
  2.475323e-01   2.755038e-13   1.171596e-04   5.615428e-15   4188
  2.480144e-01   2.902468e-13   1.500979e-04   5.543179e-15   4392
  2.484933e-01   2.847890e-13   1.161150e-04   6.018530e-15   3960
  2.489913e-01   2.832266e-13   1.311762e-04   5.524001e-15   4328
  2.494737e-01   2.877144e-13   1.365155e-04   5.690319e-15   4320
  2.499612e-01   2.799472e-13   1.427527e-04   5.398944e-15   4152
  2.504133e-01   3.048701e-13   1.194148e-04   6.670603e-15   3528
  2.509246e-01   2.902387e-13   1.292483e-04   5.441459e-15   4512
  2.514030e-01   2.885128e-13   1.321235e-04   5.591409e-15   4134
  2.518889e-01   2.865580e-13   1.407559e-04   4.908644e-15   5208
  2.523561e-01   2.876661e-13   1.226327e-04   6.573069e-15   3240
  2.528396e-01   3.079270e-13   1.352583e-04   5.915856e-15   4680
  2.533316e-01   2.798608e-13   1.339167e-04   5.531116e-15   4440
  2.538242e-01   2.727478e-13   1.517493e-04   5.194756e-15   4260
  2.542967e-01   2.946554e-13   1.238886e-04   5.819141e-15   4056
  2.547833e-01   2.999449e-13   1.373522e-04   5.626265e-15   4704
  2.552940e-01   2.906498e-13   1.598328e-04   5.172859e-15   4800
  2.558338e-01   2.877242e-13   1.384828e-04   5.246571e-15   4806
  2.563004e-01   2.880688e-13   1.380453e-04   6.590011e-15   3552
  2.567447e-01   2.954448e-13   1.384155e-04   5.823619e-15   4304
  2.572463e-01   2.809122e-13   1.342317e-04   5.059105e-15   5280
  2.577424e-01   2.927634e-13   1.287726e-04   5.597165e-15   4320
  2.582120e-01   2.809041e-13   1.454180e-04   5.579491e-15   4296
  2.587071e-01   3.116778e-13   1.616686e-04   5.720510e-15   4608
  2.592079e-01   2.900173e-13   1.548872e-04   5.553026e-15   4824
  2.597037e-01   3.049987e-13   1.462245e-04   5.483634e-15   4488
  2.602357e-01   2.886022e-13   1.365163e-04   5.642819e-15   4530
  2.606750e-01   3.003678e-13   1.332969e-04   5.516024e-15   4464
  2.611146e-01   2.972519e-13   1.256224e-04   5.828398e-15   4104
  2.616192e-01   2.675548e-13   1.354472e-04   4.872249e-15   5424
  2.621157e-01   3.013466e-13   1.458006e-04   5.363941e-15   4392
  2.626209e-01   3.016803e-13   1.427447e-04   5.652760e-15   4896
  2.630796e-01   2.905444e-13   1.399190e-04   5.882363e-15   4104
  2.635583e-01   3.000925e-13   1.261700e-04   5.442595e-15   4824
  2.640634e-01   2.966529e-13   1.205890e-04   5.568117e-15   4680
  2.645034e-01   2.907677e-13   1.233362e-04   5.724030e-15   4328
  2.650142e-01   3.019121e-13   1.421747e-04   5.433635e-15   5118
  2.655274e-01   2.918492e-13   1.647184e-04   5.053303e-15   5304
  2.659905e-01   2.740784e-13   1.297081e-04   5.285291e-15   4392
  2.664951e-01   3.114449e-13   1.301864e-04   5.711217e-15   4476
  2.669364e-01   2.840245e-13   1.292906e-04   5.273768e-15   4704
  2.674274e-01   2.926657e-13   1.564908e-04   5.098912e-15   5208
  2.679435e-01   2.843190e-13   1.319479e-04   5.051922e-15   5304
  2.684190e-01   3.073248e-13   1.413346e-04   6.227859e-15   4296
  2.689066e-01   2.979584e-13   1.340217e-04   5.501543e-15   4752
  2.694189e-01   2.729996e-13   1.345359e-04   4.943555e-15   4950
  2.698794e-01   2.890390e-13   1.406262e-04   5.263819e-15   5064
  2.703399e-01   2.926304e-13   1.178265e-04   5.257090e-15   4872
  2.708057e-01   2.763908e-13   1.240390e-04   5.567643e-15   4224
  2.713029e-01   2.821535e-13   1.370167e-04   4.560290e-15   6120
  2.718321e-01   2.855476e-13   1.507358e-04   4.949417e-15   4968
  2.723121e-01   2.856471e-13   1.333881e-04   5.349605e-15   4424
  2.728088e-01   3.049899e-13   1.703749e-04   5.176559e-15   5436
  2.732993e-01   2.783446e-13   1.452596e-04   5.253478e-15   4896
  2.737736e-01   2.977834e-13   1.390702e-04   4.960898e-15   5214
  2.742308e-01   2.865076e-13   1.182169e-04   5.391281e-15   4656
  2.747387e-01   2.841328e-13   1.503032e-04   5.053507e-15   5448
  2.752241e-01   2.943572e-13   1.269422e-04   4.934783e-15   4992
  2.756994e-01   2.773164e-13   1.404898e-04   4.766937e-15   5400
  2.762219e-01   2.911326e-13   1.557062e-04   4.787241e-15   5328
  2.767032e-01   2.763341e-13   1.392299e-04   4.842871e-15   4776
  2.771561e-01   3.042057e-13   1.308295e-04   5.294351e-15   4800
  2.776593e-01   2.876033e-13   1.682401e-04   4.432882e-15   6552
  2.781857e-01   2.735348e-13   1.271030e-04   5.485146e-15   3942
  2.786419e-01   2.891699e-13   1.601990e-04   4.703972e-15   6072
  2.791470e-01   2.693251e-13   1.244164e-04   4.993414e-15   4692
  2.795705e-01   3.005053e-13   1.298888e-04   5.181363e-15   4944
  2.800665e-01   2.938841e-13   1.394107e-04   4.780259e-15   5840
  2.805759e-01   2.759835e-13   1.492333e-04   4.630163e-15   5712
  2.810773e-01   2.717858e-13   1.250671e-04   4.900369e-15   4800
  2.815348e-01   2.733332e-13   1.656330e-04   4.460511e-15   5688
  2.820359e-01   3.001681e-13   1.306810e-04   5.600121e-15   4848
  2.825324e-01   2.380569e-13   1.454557e-04   4.653858e-15   5406
  2.830037e-01   6.403775e-17   1.312973e-04   1.129711e-18   5568
  2.834769e-01   6.320217e-17   1.180275e-04   1.118473e-18   5736
  2.839884e-01   6.449117e-17   1.465826e-04   1.184487e-18   5280
  2.844524e-01   5.945730e-17   1.355263e-04   1.051492e-18   5592
  2.849301e-01   6.016251e-17   1.551417e-04   1.127179e-18   4968
  2.854352e-01   6.224832e-17   1.391053e-04   1.019885e-18   5964
  2.859279e-01   5.918099e-17   1.397517e-04   1.056596e-18   5376
  2.863756e-01   5.688662e-17   1.349389e-04   9.752238e-19   5472
  2.868946e-01   5.889533e-17   1.281532e-04   9.765957e-19   5472
  2.873693e-01   5.965189e-17   1.457059e-04   1.082675e-18   5415
  2.878292e-01   5.849752e-17   1.281660e-04   1.132938e-18   5096
  2.883268e-01   5.517682e-17   1.648183e-04   9.190585e-19   6372
  2.888302e-01   5.913945e-17   1.337920e-04   1.119353e-18   4656
  2.892814e-01   5.608579e-17   1.460580e-04   9.183262e-19   5844
  2.897668e-01   5.961193e-17   1.284189e-04   1.086899e-18   5508
  2.902812e-01   5.701080e-17   1.456803e-04   9.370201e-19   6324
  2.907860e-01   5.449020e-17   1.251396e-04   1.075801e-18   4752
  2.912474e-01   5.736228e-17   1.401041e-04   9.721353e-19   5676
  2.917468e-01   5.384296e-17   1.281684e-04   9.474771e-19   5472
  2.922209e-01   5.281705e-17   1.445704e-04   9.121327e-19   5556
  2.927301e-01   5.315033e-17   1.408810e-04   9.006588e-19   5436
  2.932217e-01   5.068647e-17   1.442016e-04   8.587047e-19   5916
  2.937264e-01   4.987779e-17   1.500331e-04   8.447717e-19   5520
  2.941809e-01   4.952604e-17   1.364480e-04   9.261718e-19   5280
  2.946466e-01   5.381561e-17   1.340724e-04   1.065091e-18   4416
  2.951720e-01   4.863448e-17   1.306879e-04   8.125225e-19   6260
  2.956655e-01   4.889150e-17   1.554038e-04   8.514083e-19   5940
  2.961126e-01   4.910039e-17   1.217066e-04   1.037290e-18   4188
  2.966047e-01   4.559516e-17   1.556122e-04   7.171962e-19   6360
  2.971222e-01   4.697526e-17   1.387995e-04   8.471905e-19   5256
  2.976029e-01   4.920238e-17   1.312113e-04   9.568987e-19   4848
  2.980147e-01   4.483636e-17   1.189499e-04   8.223784e-19   4704
  2.985217e-01   4.517572e-17   1.459205e-04   7.826120e-19   5784
  2.990374e-01   4.335670e-17   1.544008e-04   7.170407e-19   5820
  2.995352e-01   4.647238e-17   1.383100e-04   8.112058e-19   5700
  3.000361e-01   4.648615e-17   1.282634e-04   8.336213e-19   5232
  3.005375e-01   4.261171e-17   1.423193e-04   7.453094e-19   4932
  3.009817e-01   4.298711e-17   1.224997e-04   8.158079e-19   4716
  3.014485e-01   4.307535e-17   1.560382e-04   7.196205e-19   5616
  3.019287e-01   4.163892e-17   1.378046e-04   7.392800e-19   5184
  3.024240e-01   3.976172e-17   1.390111e-04   7.229224e-19   5064
  3.028912e-01   4.050191e-17   1.423406e-04   7.276735e-19   5544
  3.034093e-01   4.194583e-17   1.428860e-04   7.516415e-19   5192
  3.038807e-01   4.067098e-17   1.284053e-04   6.806167e-19   5244
  3.043764e-01   3.814735e-17   1.389360e-04   6.944151e-19   5112
  3.048691e-01   4.008135e-17   1.275010e-04   7.154441e-19   5040
  3.053213e-01   3.857255e-17   1.340439e-04   6.561448e-19   5124
  3.058494e-01   3.900604e-17   1.504823e-04   6.629110e-19   5952
  3.063369e-01   3.814171e-17   1.318531e-04   7.027468e-19   4824
  3.067788e-01   3.727874e-17   1.330892e-04   7.307268e-19   4536
  3.072903e-01   3.734226e-17   1.414616e-04   6.570158e-19   5712
  3.078157e-01   3.898259e-17   1.547976e-04   6.587915e-19   5352
  3.083112e-01   3.557938e-17   1.348344e-04   6.238440e-19   5004
  3.087539e-01   3.386244e-17   1.348711e-04   5.943872e-19   4800
  3.092296e-01   3.550445e-17   1.449374e-04   6.203888e-19   5148
  3.097567e-01   3.609602e-17   1.505363e-04   5.919372e-19   5664
  3.102329e-01   3.317863e-17   1.352034e-04   6.056660e-19   4692
  3.106729e-01   3.416618e-17   1.256056e-04   6.536031e-19   4008
  3.111861e-01   3.262016e-17   1.439712e-04   5.316037e-19   5852
  3.117078e-01   3.381084e-17   1.363273e-04   5.899694e-19   5784
  3.121712e-01   3.228643e-17   1.256700e-04   6.146269e-19   4392
  3.126481e-01   3.395793e-17   1.232703e-04   6.230622e-19   4944
  3.131489e-01   3.228033e-17   1.453336e-04   5.796707e-19   4776
  3.136211e-01   3.106889e-17   1.398188e-04   5.375658e-19   5244
  3.141336e-01   3.110901e-17   1.395722e-04   5.491541e-19   4884
  3.145636e-01   2.956153e-17   1.183681e-04   5.312539e-19   4488
  3.150636e-01   2.971765e-17   1.406525e-04   5.258295e-19   5160
  3.155671e-01   3.293096e-17   1.432039e-04   5.592662e-19   5316
  3.160521e-01   2.764999e-17   1.447892e-04   5.122171e-19   4896
  3.165249e-01   3.260145e-17   1.345344e-04   6.462598e-19   4188
  3.170014e-01   2.723772e-17   1.467406e-04   5.107238e-19   4836
  3.174880e-01   2.986966e-17   1.455680e-04   5.098794e-19   5316
  3.179808e-01   2.748358e-17   1.347408e-04   4.584950e-19   4920
  3.184417e-01   3.048082e-17   1.357413e-04   5.848026e-19   4128
  3.189362e-01   2.729862e-17   1.460260e-04   4.810380e-19   5348
  3.194229e-01   2.846645e-17   1.267067e-04   5.045934e-19   4836
  3.198876e-01   2.698335e-17   1.365306e-04   5.593562e-19   4392
  3.203882e-01   2.707774e-17   1.199532e-04   5.090779e-19   4632
  3.208388e-01   2.612504e-17   1.340287e-04   4.618887e-19   4596
  3.213563e-01   2.752100e-17   1.347844e-04   4.726838e-19   5424
  3.218683e-01   2.425008e-17   1.387362e-04   4.255541e-19   5256
  3.223958e-01   2.568063e-17   1.409032e-04   4.706440e-19   4524
  3.228350e-01   2.573310e-17   1.340268e-04   4.937518e-19   4440
  3.233270e-01   2.552121e-17   1.146101e-04   4.827598e-19   4380
  3.238085e-01   2.469155e-17   1.499870e-04   4.463826e-19   4812
  3.243210e-01   2.525779e-17   1.489725e-04   4.259781e-19   5376
  3.247896e-01   2.254518e-17   1.189892e-04   4.609387e-19   3888
  3.252385e-01   2.527514e-17   1.362564e-04   4.510371e-19   4896
  3.257395e-01   2.377360e-17   1.437728e-04   4.551589e-19   4608
  3.262654e-01   2.462094e-17   1.357127e-04   4.563413e-19   4448
  3.267232e-01   2.136250e-17   1.400926e-04   4.017389e-19   4752
  3.272056e-01   2.396782e-17   1.467382e-04   4.812992e-19   4356
  3.277129e-01   2.294403e-17   1.412082e-04   4.147020e-19   5232
  3.282173e-01   2.222867e-17   1.423025e-04   4.199570e-19   4548
  3.287063e-01   2.232380e-17   1.383360e-04   4.110194e-19   4608
  3.291837e-01   2.182277e-17   1.256671e-04   4.574048e-19   3936
  3.296343e-01   2.188366e-17   1.502088e-04   4.320053e-19   4260
  3.301407e-01   2.102290e-17   1.346643e-04   3.790408e-19   5004
  3.306038e-01   2.206486e-17   1.330711e-04   4.402084e-19   4224
  3.311115e-01   2.140710e-17   1.437697e-04   4.139423e-19   4788
  3.316047e-01   2.201893e-17   1.511985e-04   4.197094e-19   4428
  3.320852e-01   1.966617e-17   1.263467e-04   4.213440e-19   4080
  3.325477e-01   2.098778e-17   1.381486e-04   3.799369e-19   4632
  3.330347e-01   2.019550e-17   1.436640e-04   4.111546e-19   4056
  3.335467e-01   1.968921e-17   1.352621e-04   3.619056e-19   4536
  3.340144e-01   2.127025e-17   1.379585e-04   3.902050e-19   4668
  3.345266e-01   1.796392e-17   1.478669e-04   3.472311e-19   4604
  3.350255e-01   2.005958e-17   1.328598e-04   3.919343e-19   4152
  3.354859e-01   1.900141e-17   1.287622e-04   3.850093e-19   4224
  3.359739e-01   1.828706e-17   1.237953e-04   3.900153e-19   4152
  3.364615e-01   2.070464e-17   1.404246e-04   3.995639e-19   4224
  3.369356e-01   1.867276e-17   1.298644e-04   3.749026e-19   3960
  3.373922e-01   1.819362e-17   1.340119e-04   3.362166e-19   4656
  3.378910e-01   1.817278e-17   1.445961e-04   3.505719e-19   4452
  3.384025e-01   1.704513e-17   1.470057e-04   3.600447e-19   4056
  3.388784e-01   1.776225e-17   1.456648e-04   3.663825e-19   4212
  3.393606e-01   1.915536e-17   1.210536e-04   4.201224e-19   3432
  3.398492e-01   1.747230e-17   1.548628e-04   3.190015e-19   5352
  3.403267e-01   1.766466e-17   1.134185e-04   3.885938e-19   3600
  3.408466e-01   1.681707e-17   1.251027e-04   3.280253e-19   4584
  3.413005e-01   1.780283e-17   1.247343e-04   3.842728e-19   3768
  3.417680e-01   1.653228e-17   1.331557e-04   3.493923e-19   3848
  3.422347e-01   1.710372e-17   1.220886e-04   3.822789e-19   3720
  3.427639e-01   1.570943e-17   1.532392e-04   2.988685e-19   4764
  3.432311e-01   1.670080e-17   1.234001e-04   3.247360e-19   3864
  3.437109e-01   1.700457e-17   1.528459e-04   3.444095e-19   4332
  3.442342e-01   1.611992e-17   1.304937e-04   3.337093e-19   3792
  3.447018e-01   1.505301e-17   1.480185e-04   3.005079e-19   4284
  3.451974e-01   1.541224e-17   1.401572e-04   3.626456e-19   3840
  3.456664e-01   1.410579e-17   1.334113e-04   3.071822e-19   3480
  3.461427e-01   1.517527e-17   1.488614e-04   2.966129e-19   4380
  3.466576e-01   1.537958e-17   1.398292e-04   3.209253e-19   4200
  3.471635e-01   1.561248e-17   1.344014e-04   3.221265e-19   4056
  3.476333e-01   1.445888e-17   1.350788e-04   3.468234e-19   3600
  3.480735e-01   1.500614e-17   1.345848e-04   3.308440e-19   3492
  3.485878e-01   1.391764e-17   1.571647e-04   2.972196e-19   4500
  3.491126e-01   1.589599e-17   1.376975e-04   3.682360e-19   3516
  3.495636e-01   1.515178e-17   1.439500e-04   3.247856e-19   3968
  3.500690e-01   1.419183e-17   1.383484e-04   3.330612e-19   3648
  3.505165e-01   1.419461e-17   1.322992e-04   3.083721e-19   4224
  3.510237e-01   1.320975e-17   1.484940e-04   3.033447e-19   3588
  3.514997e-01   1.388565e-17   1.369683e-04   3.170360e-19   3456
  3.519786e-01   1.263220e-17   1.216448e-04   2.989695e-19   3660
  3.524735e-01   1.311532e-17   1.335194e-04   2.929899e-19   3768
  3.529347e-01   1.390698e-17   1.350276e-04   3.109804e-19   3744
  3.534301e-01   1.282101e-17   1.482149e-04   2.906102e-19   4176
  3.539572e-01   1.466072e-17   1.367120e-04   3.444220e-19   3612
  3.543928e-01   1.268654e-17   1.485682e-04   3.148364e-19   3216
  3.548913e-01   1.268291e-17   1.436402e-04   3.115128e-19   3624
  3.553925e-01   1.238815e-17   1.350690e-04   2.822649e-19   3744
  3.558768e-01   1.318091e-17   1.441176e-04   3.065131e-19   3672
  3.563547e-01   1.267240e-17   1.306896e-04   2.983945e-19   3852
  3.568482e-01   1.342278e-17   1.345097e-04   3.133015e-19   3672
  3.573731e-01   1.242066e-17   1.310574e-04   3.284369e-19   3248
  3.578115e-01   1.072641e-17   1.341465e-04   2.700431e-19   3336
  3.582900e-01   1.089416e-17   1.365492e-04   2.686151e-19   3576
  3.587793e-01   1.197258e-17   1.159180e-04   2.916059e-19   3336
  3.592778e-01   1.205279e-17   1.376902e-04   2.758558e-19   3936
  3.597697e-01   1.233013e-17   1.466440e-04   2.982259e-19   3408
  3.602575e-01   1.179835e-17   1.291957e-04   2.981805e-19   3336
  3.607316e-01   9.409842e-18   1.451163e-04   2.451297e-19   3312
  3.612054e-01   1.123896e-17   1.469319e-04   3.045326e-19   3432
  3.617101e-01   1.160914e-17   1.273841e-04   3.256020e-19   3144
  3.621706e-01   1.110389e-17   1.382881e-04   2.781998e-19   3456
  3.626887e-01   1.072555e-17   1.329107e-04   2.422637e-19   3792
  3.631568e-01   1.161620e-17   1.305556e-04   3.260937e-19   2868
  3.636625e-01   9.559179e-18   1.352551e-04   2.251066e-19   3888
  3.641351e-01   9.632073e-18   1.174435e-04   2.634905e-19   2784
  3.646004e-01   1.036578e-17   1.341238e-04   3.117401e-19   2964
  3.651086e-01   1.073783e-17   1.381212e-04   2.707254e-19   3432
  3.655924e-01   1.002869e-17   1.429694e-04   2.569317e-19   3416
  3.660820e-01   1.043300e-17   1.528218e-04   2.637424e-19   3528
  3.665830e-01   1.085133e-17   1.226504e-04   3.017771e-19   2904
  3.670262e-01   9.362841e-18   1.375270e-04   2.598961e-19   3072
  3.675416e-01   9.130801e-18   1.544586e-04   2.441678e-19   3216
  3.680569e-01   9.140156e-18   1.250951e-04   2.675372e-19   2844
  3.685093e-01   9.602411e-18   1.431483e-04   2.660101e-19   3432
  3.689737e-01   1.083389e-17   1.150574e-04   3.148691e-19   2880
  3.694925e-01   9.647460e-18   1.524100e-04   2.599207e-19   3576
  3.699812e-01   1.030461e-17   1.362332e-04   3.048116e-19   2700
  3.704492e-01   8.717237e-18   1.530237e-04   2.610861e-19   3000
  3.709392e-01   8.393067e-18   1.270553e-04   2.672482e-19   2556
  3.714151e-01   9.416272e-18   1.361780e-04   2.569172e-19   3360
  3.719070e-01   9.449216e-18   1.323185e-04   2.558279e-19   3120
  3.724371e-01   9.502076e-18   1.557809e-04   2.772463e-19   3216
  3.728935e-01   1.010574e-17   1.098680e-04   2.950579e-19   2628
  3.734065e-01   7.962056e-18   1.452297e-04   2.310416e-19   3200
  3.738745e-01   7.704836e-18   1.370102e-04   2.500095e-19   2232
  3.743471e-01   7.775154e-18   1.563929e-04   2.547834e-19   3108
  3.748177e-01   1.050868e-17   1.373821e-04   3.423190e-19   2604
  3.752991e-01   9.690189e-18   1.479994e-04   2.729703e-19   3096
  3.758288e-01   8.611625e-18   1.348469e-04   2.726452e-19   3084
  3.762884e-01   7.890711e-18   1.376092e-04   2.502382e-19   2664
  3.767621e-01   7.983192e-18   1.213497e-04   2.815799e-19   2232
  3.772262e-01   6.492523e-18   1.494845e-04   2.184897e-19   2808
  3.777344e-01   8.803476e-18   1.412112e-04   3.004516e-19   2592
  3.782089e-01   9.713617e-18   1.449703e-04   3.040644e-19   2952
  3.787074e-01   7.525884e-18   1.368697e-04   2.342281e-19   2772
  3.791921e-01   7.801298e-18   1.471948e-04   2.380030e-19   3036
  3.796993e-01   7.513586e-18   1.427797e-04   2.793150e-19   2136
  3.801616e-01   5.863026e-18   1.138671e-04   2.276313e-19   2496
  3.806364e-01   8.106235e-18   1.516625e-04   2.873917e-19   2228
  3.811316e-01   8.861190e-18   1.413981e-04   2.926975e-19   3048
  3.816243e-01   7.995920e-18   1.350676e-04   2.774371e-19   2676
  3.821140e-01   7.090039e-18   1.345571e-04   2.412026e-19   2784
  3.825820e-01   7.122944e-18   1.307225e-04   2.709177e-19   1920
  3.830514e-01   6.089514e-18   1.395126e-04   2.068182e-19   2400
  3.835600e-01   6.003996e-18   1.279618e-04   2.181061e-19   2532
  3.840860e-01   7.871070e-18   1.421350e-04   2.843380e-19   2544
  3.845592e-01   8.618025e-18   1.486925e-04   2.990450e-19   2772
  3.850254e-01   6.781942e-18   1.392746e-04   2.736500e-19   2160
  3.854884e-01   7.180443e-18   1.500120e-04   2.717711e-19   2304
  3.860241e-01   6.082613e-18   1.467945e-04   2.429767e-19   2328
  3.865043e-01   5.010662e-18   1.407449e-04   2.135775e-19   2304
  3.869492e-01   5.385436e-18   1.330938e-04   2.220903e-19   1908
  3.874552e-01   8.651135e-18   1.488569e-04   3.193538e-19   2736
  3.879425e-01   7.523343e-18   1.410418e-04   3.032245e-19   2448
  3.884609e-01   6.843566e-18   1.318665e-04   2.540062e-19   2040
  3.889299e-01   4.603891e-18   1.372999e-04   2.131706e-19   2120
  3.893809e-01   6.200772e-18   1.138355e-04   2.627627e-19   2040
  3.898664e-01   4.817314e-18   1.412334e-04   2.250366e-19   2208
  3.904158e-01   7.495881e-18   1.268062e-04   3.030594e-19   2208
  3.908608e-01   8.856332e-18   1.405255e-04   3.450628e-19   2196
  3.913207e-01   4.493653e-18   1.236152e-04   2.156179e-19   1848
  3.917886e-01   6.039601e-18   1.401960e-04   2.824595e-19   2124
  3.923120e-01   5.131050e-18   1.470626e-04   1.936329e-19   2328
  3.928231e-01   5.170033e-18   1.497225e-04   2.548889e-19   1920
  3.933200e-01   4.580867e-18   1.374435e-04   2.331592e-19   1548
  3.937619e-01   7.640049e-18   1.507712e-04   3.085719e-19   2388
  3.942832e-01   5.184817e-18   1.395210e-04   2.550367e-19   2160
  3.947606e-01   4.959142e-18   1.269906e-04   2.377437e-19   1704
  3.952179e-01   4.373585e-18   1.430661e-04   2.357167e-19   1776
  3.956506e-01   4.394863e-18   1.338203e-04   2.323691e-19   1800
  3.961977e-01   4.076378e-18   1.544832e-04   2.128199e-19   1700
  3.967087e-01   6.526688e-18   1.390936e-04   3.023012e-19   2292
  3.971846e-01   5.166018e-18   1.291201e-04   2.828297e-19   1704
  3.976337e-01   5.407555e-18   1.443780e-04   2.808727e-19   1728
  3.981255e-01   3.874813e-18   1.336251e-04   2.077383e-19   1728
  3.986075e-01   5.102318e-18   1.334994e-04   2.753651e-19   1680
  3.991202e-01   3.024976e-18   1.537953e-04   1.903107e-19   1704
  3.996310e-01   3.329712e-18   1.207753e-04   1.576471e-19   1752
  4.000877e-01   5.898253e-18   1.435789e-04   3.323964e-19   1872
  4.005817e-01   4.605037e-18   1.407232e-04   2.949245e-19   1500
  4.010829e-01   4.184140e-18   1.232237e-04   2.510624e-19   1656
  4.015697e-01   3.939203e-18   1.321192e-04   2.029144e-19   1464
  4.020023e-01   2.453983e-18   1.157232e-04   1.679396e-19   1488
  4.025329e-01   3.268183e-18   1.396693e-04   1.618509e-19   1680
  4.030178e-01   4.319672e-18   1.459194e-04   2.828851e-19   1692
  4.034716e-01   3.785225e-18   1.397252e-04   2.522104e-19   1128
  4.039751e-01   3.559539e-18   1.345433e-04   2.075752e-19   1536
  4.044663e-01   2.616000e-18   1.402479e-04   1.863463e-19   1616
  4.049637e-01   2.455036e-18   1.352429e-04   1.702114e-19   1476
  4.054650e-01   2.576686e-18   1.488381e-04   2.468710e-19   1176
  4.059124e-01   2.561443e-18   1.599107e-04   1.411193e-19   1656
  4.063997e-01   3.134726e-18   1.404668e-04   3.106348e-19   891
  4.069020e-01   2.396011e-18   1.497388e-04   1.397035e-19   1596
  4.073915e-01   1.840778e-18   1.305762e-04   1.608211e-19   1422
  4.078742e-01   2.253648e-18   1.252138e-04   1.385499e-19   1254
  4.083284e-01   1.314178e-18   1.279202e-04   9.102668e-20   918
  4.088148e-01   2.208249e-18   1.400009e-04   1.243912e-19   1614
  4.093049e-01   1.756147e-18   1.209347e-04   1.575749e-19   798
  4.097922e-01   1.397605e-18   1.550239e-04   9.370713e-20   1458
  4.102863e-01   1.676568e-18   1.419502e-04   8.988472e-20   1374
  4.107747e-01   1.172630e-18   1.212349e-04   1.187999e-19   984
  4.112591e-01   1.434287e-18   1.668024e-04   9.816953e-20   1062
  4.117525e-01   1.838767e-18   1.413965e-04   1.131760e-19   1246
  4.122317e-01   7.940790e-19   1.311095e-04   6.393210e-20   1072
  4.127436e-01   9.214852e-19   1.419832e-04   8.100774e-20   1110
  4.132166e-01   1.656080e-18   1.538182e-04   1.132584e-19   1254
  4.137139e-01   1.127239e-18   1.459816e-04   8.413487e-20   1032
  4.142557e-01   1.290706e-18   1.352509e-04   1.403233e-19   786
  4.146677e-01   1.257480e-18   1.386613e-04   7.128227e-20   1152
  4.151502e-01   8.987913e-19   1.511270e-04   7.825365e-20   1086
  4.156529e-01   3.954374e-19   1.363503e-04   1.764280e-20   912
  4.161175e-01   1.630683e-18   1.366785e-04   9.999099e-20   1062
  4.165917e-01   5.753840e-19   1.362355e-04   3.165568e-20   912
  4.171397e-01   6.024078e-19   1.520835e-04   6.137539e-20   750
  4.175668e-01   1.057069e-18   1.465336e-04   6.634764e-20   1200
  4.180611e-01   6.347180e-19   1.326977e-04   5.619432e-20   918
  4.185524e-01   4.684865e-19   1.377357e-04   3.931081e-20   876
  4.190517e-01   1.159362e-18   1.203534e-04   7.045684e-20   870
  4.194890e-01   6.145748e-19   1.403731e-04   4.857950e-20   768
  4.200015e-01   3.262805e-19   1.286594e-04   2.521426e-20   830
  4.204761e-01   6.861901e-19   1.332096e-04   4.468827e-20   1080
  4.209676e-01   4.947614e-19   1.498783e-04   3.963449e-20   840
  4.214632e-01   3.868520e-19   1.443163e-04   2.751065e-20   798
  4.220251e-01   8.739136e-19   1.145461e-04   6.436914e-20   792
  4.224609e-01   4.607021e-19   1.335978e-04   3.494183e-20   726
  4.229181e-01   2.324406e-19   1.497038e-04   1.064058e-20   864
  4.234189e-01   5.455612e-19   1.281430e-04   4.183522e-20   900
  4.239267e-01   3.408662e-19   1.424135e-04   2.273568e-20   726
  4.243623e-01   3.197057e-19   1.232527e-04   1.818824e-20   576
  4.249434e-01   5.337788e-19   1.282664e-04   4.311387e-20   840
  4.253523e-01   3.683494e-19   1.331485e-04   2.942320e-20   750
  4.258366e-01   2.427269e-19   1.335529e-04   1.573439e-20   720
  4.262936e-01   3.823719e-19   1.351090e-04   3.369984e-20   702
  4.268271e-01   2.751228e-19   1.475571e-04   1.681128e-20   696
  4.272662e-01   2.839651e-19   1.319621e-04   1.804536e-20   480
  4.277837e-01   3.209102e-19   1.250396e-04   2.830830e-20   830
  4.282419e-01   3.254727e-19   1.454616e-04   2.602919e-20   756
  4.287552e-01   2.672598e-19   1.396687e-04   1.922580e-20   624
  4.292083e-01   2.369504e-19   1.475796e-04   1.822924e-20   582
  4.297440e-01   2.743134e-19   1.132706e-04   2.449758e-20   576
  4.302073e-01   2.060607e-19   1.517064e-04   1.742913e-20   624
  4.306823e-01   2.473880e-19   1.238986e-04   1.673686e-20   702
  4.311525e-01   2.205895e-19   1.425165e-04   1.765847e-20   624
  4.317110e-01   2.167985e-19   1.378751e-04   1.199933e-20   672
  4.321659e-01   1.278195e-19   1.032125e-04   1.124289e-20   342
  4.326655e-01   2.178856e-19   1.290292e-04   1.476412e-20   660
  4.331249e-01   1.637425e-19   1.326364e-04   1.401173e-20   576
  4.335992e-01   1.586001e-19   1.289493e-04   9.941488e-21   600
  4.340787e-01   1.728634e-19   1.491476e-04   2.164850e-20   510
  4.346181e-01   2.001534e-19   1.397290e-04   1.211997e-20   600
  4.350341e-01   9.567123e-20   1.112888e-04   6.797934e-21   216
  4.355185e-01   1.457913e-19   1.354577e-04   7.979121e-21   758
  4.360833e-01   1.002823e-19   1.482975e-04   8.846804e-21   576
  4.365782e-01   1.772956e-19   1.259005e-04   1.089430e-20   528
  4.370248e-01   1.154694e-19   8.670054e-05   1.128313e-20   318
  4.375047e-01   1.621193e-19   1.497759e-04   9.881173e-21   540
  4.380721e-01   5.915942e-20   1.058893e-04   3.158585e-21   384
  4.384565e-01   1.127024e-19   1.463022e-04   7.989839e-21   576
  4.389570e-01   9.026842e-20   1.195560e-04   1.053725e-20   414
  4.394302e-01   1.435400e-19   1.335050e-04   9.888558e-21   504
  4.399357e-01   1.004279e-19   1.465573e-04   7.332443e-21   312
  4.404212e-01   1.197466e-19   1.327827e-04   9.822043e-21   414
  4.409029e-01   6.089084e-20   1.226699e-04   3.192495e-21   432
  4.413512e-01   1.004659e-19   1.624587e-04   9.120340e-21   504
  4.418701e-01   8.413726e-20   1.564660e-04   6.277104e-21   432
  4.423558e-01   7.812248e-20   1.281691e-04   4.302361e-21   354
  4.428506e-01   1.260203e-19   1.865017e-04   1.831218e-20   200
  4.432750e-01   7.466473e-20   1.323290e-04   5.806364e-21   480
  4.438485e-01   8.533847e-20   1.512148e-04   6.430708e-21   552
  4.443745e-01   7.441230e-20   9.419478e-05   7.808461e-21   366
  4.447799e-01   7.939120e-20   1.002751e-04   7.623074e-21   240
  4.452261e-01   9.085173e-20   1.401886e-04   6.563362e-21   288
  4.458541e-01   5.720079e-20   9.634579e-05   3.638885e-21   366
  4.462600e-01   4.809587e-20   1.562070e-04   2.413087e-21   408
  4.467132e-01   6.625272e-20   1.174273e-04   5.582732e-21   360
  4.471820e-01   6.612690e-20   1.094619e-04   3.958871e-21   324
  4.476367e-01   5.859130e-20   1.292780e-04   5.345287e-21   174
  4.481783e-01   7.614164e-20   1.485222e-04   6.615116e-21   264
  4.486867e-01   4.443729e-20   1.354596e-04   2.847230e-21   456
  4.491937e-01   5.086205e-20   1.362099e-04   2.881177e-21   360
  4.496105e-01   6.097526e-20   1.500483e-04   4.412428e-21   270
  4.501209e-01   6.310342e-20   1.641082e-04   4.830231e-21   240
  4.507604e-01   8.916074e-20   1.195905e-04   1.254865e-20   120
  4.510747e-01   4.239129e-20   1.248485e-04   2.407860e-21   320
  4.515822e-01   4.927880e-20   1.544785e-04   3.051935e-21   462
  4.521137e-01   7.112661e-20   8.987666e-05   6.171022e-21   276
  4.525754e-01   3.798387e-20   1.019637e-04   2.526845e-21   144
  4.530202e-01   7.970176e-20   1.070818e-04   8.949735e-21   120
  4.536115e-01   4.194800e-20   8.108908e-05   3.156267e-21   294
  4.540583e-01   4.338356e-20   1.438563e-04   2.153711e-21   384
  4.544753e-01   3.622226e-20   9.523196e-05   2.883373e-21   216
  4.548743e-01   5.171881e-20   8.843896e-05   4.268614e-21   168
  4.553251e-01   4.604314e-20   1.052282e-04   4.305203e-21   102
  4.559768e-01   3.791106e-20   1.596520e-04   3.009003e-21   168
  4.564337e-01   3.254906e-20   1.397340e-04   1.620701e-21   384
  4.569346e-01   3.983932e-20   1.419732e-04   2.004441e-21   300
  4.574008e-01   4.530488e-20   1.520225e-04   3.630637e-21   144
  4.579263e-01   4.220046e-20   1.556925e-04   3.574651e-21   102
  4.585568e-01   5.745254e-20   3.685588e-05   6.080075e-21   56
  4.588590e-01   2.692768e-20   1.199932e-04   1.528210e-21   288
  4.593328e-01   3.658771e-20   1.561557e-04   2.030273e-21   360
  4.598487e-01   4.037555e-20   8.376686e-05   3.766943e-21   126
  4.602834e-01   5.787729e-20   4.125612e-05   8.275608e-21   72
  4.607572e-01   3.806829e-20   2.185755e-05   6.502132e-21   48
  4.613754e-01   3.114806e-20   8.842417e-05   2.325428e-21   240
  4.617816e-01   3.207452e-20   1.311982e-04   2.210305e-21   306
  4.621975e-01   3.133629e-20   7.291699e-05   2.917252e-21   120
  4.626766e-01   3.446641e-20   1.794585e-04   3.312197e-21   96
  4.630248e-01   4.641416e-20   0.000000e+00   7.252065e-21   24
  4.638071e-01   3.198786e-20   1.554065e-04   2.617401e-21   120
  4.641905e-01   3.063232e-20   1.343981e-04   1.633327e-21   318
  4.646594e-01   3.588972e-20   1.436227e-04   2.887186e-21   168
  4.651731e-01   4.552352e-20   1.541232e-04   4.885108e-21   72
  4.657357e-01   3.504014e-20   0.000000e+00   6.718015e-21   24
  4.663408e-01   2.940964e-20   7.481195e-05   8.978428e-21   14
  4.666286e-01   2.884444e-20   1.179951e-04   1.873900e-21   288
  4.670757e-01   2.787164e-20   1.419546e-04   2.007326e-21   204
  4.675916e-01   3.243993e-20   2.153808e-05   5.125066e-21   48
  4.680007e-01   4.053953e-20   0.000000e+00   5.418021e-21   24
  4.684739e-01   4.645661e-20   0.000000e+00   8.438632e-21   6
  4.691541e-01   2.337113e-20   8.821950e-05   1.758282e-21   216
  4.695046e-01   2.809753e-20   1.174842e-04   2.007912e-21   192
  4.699334e-01   4.486819e-20   2.143075e-05   8.115178e-21   48
  4.703832e-01   4.366793e-20   1.712353e-04   6.429615e-21   30
  4.716555e-01   2.274176e-20   3.540978e-05   1.849568e-21   96
  4.719167e-01   2.731408e-20   1.160286e-04   1.573931e-21   228
  4.724128e-01   3.144990e-20   1.517284e-04   3.071744e-21   72
  4.730094e-01   2.260223e-20   0.000000e+00   8.793971e-21   6
  4.743680e-01   2.983517e-20   1.145631e-04   1.781254e-21   248
  4.748016e-01   3.021427e-20   1.311235e-04   3.974632e-21   72
  4.753245e-01   1.824940e-20   7.266090e-09   3.240781e-21   6
  4.769053e-01   2.009664e-20   8.141014e-05   1.383220e-21   180
  4.772205e-01   2.328511e-20   1.107713e-04   2.867604e-21   72
  4.776705e-01   2.678797e-20   0.000000e+00   1.106897e-20   6
  4.794278e-01   2.533293e-20   3.483570e-05   2.921533e-21   96
  4.796378e-01   2.629913e-20   9.563861e-05   3.032786e-21   96
  4.800471e-01   4.384518e-20   0.000000e+00   1.824090e-20   6
  4.820778e-01   1.968033e-20   9.153355e-05   1.370921e-21   140
  4.824537e-01   5.598678e-20   0.000000e+00   1.580475e-20   6
  4.846301e-01   2.115606e-20   6.146888e-05   1.908085e-21   96
  4.848898e-01   1.847348e-20   0.000000e+00   7.481531e-21   6
  4.871898e-01   2.064958e-20   3.697860e-05   2.511844e-21   60
  4.873552e-01   1.376848e-20   0.000000e+00   4.717544e-21   6
  4.897713e-01   1.239972e-20   3.748867e-05   1.562982e-21   38
  4.923442e-01   1.129719e-20   1.928513e-05   1.438132e-21   18
  4.949217e-01   4.017735e-21   7.266090e-09   3.552832e-22   6
