# power spectrum of delta
# redshift z=78.642623
# k              Pk             sigma(k)       sigma(Pk)      count
  4.487990e-03   1.997847e-08   0.000000e+00   8.052942e-09   6
  6.346976e-03   3.511369e-08   0.000000e+00   7.009365e-09   12
  7.773426e-03   5.353881e-08   8.514949e-11   1.089948e-08   8
  8.975979e-03   3.000579e-07   0.000000e+00   3.228813e-08   6
  1.003545e-02   3.157027e-07   1.605594e-10   1.006436e-07   24
  1.099328e-02   6.356077e-07   1.605594e-10   1.070888e-07   24
  1.269395e-02   4.893288e-07   0.000000e+00   2.202535e-07   12
  1.346397e-02   7.118138e-07   1.816523e-10   1.310667e-07   30
  1.419227e-02   1.090359e-06   0.000000e+00   2.402868e-07   24
  1.488498e-02   1.194841e-06   2.780971e-10   2.961952e-07   24
  1.554685e-02   1.649150e-06   1.702990e-10   3.342544e-07   8
  1.618168e-02   1.629969e-06   2.270653e-10   2.025287e-07   24
  1.679252e-02   1.768640e-06   0.000000e+00   2.485554e-07   48
  1.795196e-02   2.708587e-06   0.000000e+00   1.190936e-06   6
  1.850445e-02   2.434828e-06   2.270653e-10   3.418718e-07   48
  1.904093e-02   2.520890e-06   2.140792e-10   2.622421e-07   36
  1.956269e-02   4.020640e-06   2.270653e-10   8.408409e-07   24
  2.007090e-02   2.604844e-06   3.211188e-10   4.483258e-07   24
  2.056655e-02   2.560783e-06   0.000000e+00   3.481564e-07   48
  2.105054e-02   4.339408e-06   3.211188e-10   6.177262e-07   24
  2.198657e-02   4.083144e-06   3.211188e-10   6.421547e-07   24
  2.243995e-02   3.014858e-06   0.000000e+00   4.934858e-07   30
  2.288435e-02   3.470338e-06   0.000000e+00   3.831267e-07   72
  2.332028e-02   3.638197e-06   3.405980e-10   7.409976e-07   32
  2.416856e-02   5.556602e-06   0.000000e+00   6.443087e-07   72
  2.458173e-02   3.611610e-06   0.000000e+00   5.280833e-07   48
  2.538790e-02   2.167782e-06   0.000000e+00   6.448095e-07   12
  2.597539e-02   4.395138e-06   1.938570e-04   4.010869e-07   96
  2.655130e-02   5.951077e-06   3.211188e-10   7.509618e-07   48
  2.692794e-02   7.541309e-06   3.633045e-10   1.321667e-06   30
  2.757421e-02   7.479935e-06   1.586779e-04   6.992016e-07   96
  2.838454e-02   4.956862e-06   0.000000e+00   9.409134e-07   24
  2.885327e-02   7.418331e-06   1.642099e-04   5.982069e-07   144
  2.942972e-02   5.570715e-06   5.561942e-10   1.367928e-06   24
  3.002225e-02   8.926211e-06   1.456630e-04   1.023360e-06   96
  3.043903e-02   8.173025e-06   0.000000e+00   1.258032e-06   48
  3.137435e-02   1.116292e-05   1.080207e-04   1.262345e-06   62
  3.184971e-02   8.568623e-06   1.519035e-04   1.029023e-06   132
  3.236335e-02   5.967179e-06   4.541306e-10   1.063929e-06   24
  3.284837e-02   9.880585e-06   1.518246e-04   8.433712e-07   168
  3.373431e-02   1.258485e-05   1.492698e-04   1.039193e-06   96
  3.439955e-02   9.141344e-06   1.270423e-04   8.640859e-07   96
  3.521583e-02   1.039232e-05   1.416056e-04   8.579151e-07   168
  3.590392e-02   1.509305e-05   0.000000e+00   6.631462e-06   6
  3.618333e-02   1.268640e-05   0.000000e+00   1.229869e-06   96
  3.651563e-02   1.250505e-05   1.100713e-04   1.230450e-06   120
  3.718966e-02   1.064839e-05   1.278125e-04   8.436878e-07   144
  3.754921e-02   1.278264e-05   0.000000e+00   1.723032e-06   48
  3.823245e-02   1.202860e-05   1.304211e-04   1.293160e-06   84
  3.860715e-02   1.373374e-05   8.899106e-10   1.232089e-06   120
  3.894461e-02   1.093877e-05   1.183479e-04   1.250269e-06   80
  3.946692e-02   1.089616e-05   1.201620e-04   8.000845e-07   144
  4.014180e-02   1.449499e-05   6.422377e-10   2.688749e-06   24
  4.047145e-02   1.634263e-05   1.159510e-04   1.365152e-06   150
  4.098576e-02   1.533907e-05   1.203057e-04   1.115631e-06   120
  4.155056e-02   1.453937e-05   1.096333e-04   1.222468e-06   168
  4.210107e-02   2.275445e-05   6.422377e-10   3.804683e-06   24
  4.244743e-02   1.372997e-05   1.181082e-04   8.716987e-07   264
  4.281269e-02   1.118613e-05   6.422377e-10   1.567978e-06   48
  4.343532e-02   1.532958e-05   1.093985e-04   1.263426e-06   144
  4.412543e-02   1.985167e-05   1.076845e-04   2.433828e-06   72
  4.451927e-02   1.617901e-05   1.107671e-04   1.037277e-06   180
  4.506982e-02   1.777930e-05   8.025835e-05   1.329623e-06   198
  4.532647e-02   1.909610e-05   0.000000e+00   2.090476e-06   48
  4.589413e-02   1.609217e-05   1.086319e-04   1.214647e-06   168
  4.631540e-02   1.961521e-05   1.087222e-04   1.786579e-06   144
  4.695270e-02   1.923765e-05   1.527607e-04   1.006407e-06   248
  4.781330e-02   1.461735e-05   1.053161e-04   1.029494e-06   192
  4.839932e-02   1.985518e-05   1.626762e-04   1.298644e-06   240
  4.875204e-02   2.220839e-05   0.000000e+00   2.407562e-06   72
  4.929001e-02   2.390096e-05   9.927197e-05   2.087306e-06   126
  4.962939e-02   2.596664e-05   9.159181e-05   2.053715e-06   168
  5.027740e-02   2.540555e-05   1.001546e-04   1.416761e-06   288
  5.095853e-02   2.429214e-05   5.274950e-05   2.071279e-06   156
  5.131126e-02   2.125191e-05   8.873998e-05   1.852373e-06   168
  5.184617e-02   2.337482e-05   1.521290e-04   1.437801e-06   264
  5.233850e-02   2.262758e-05   0.000000e+00   2.788203e-06   48
  5.270435e-02   2.338154e-05   1.514052e-04   1.533841e-06   264
  5.322882e-02   2.466887e-05   8.924381e-05   2.050734e-06   144
  5.362492e-02   2.811068e-05   1.825884e-04   3.179131e-06   78
  5.420192e-02   2.369850e-05   1.186900e-04   1.314341e-06   336
  5.474604e-02   2.272578e-05   9.030373e-05   1.535974e-06   200
  5.510338e-02   2.266448e-05   1.768159e-04   1.718418e-06   192
  5.558581e-02   2.901230e-05   8.873069e-05   2.056987e-06   240
  5.602902e-02   3.170761e-05   1.778215e-04   2.193126e-06   168
  5.648434e-02   2.689768e-05   1.423690e-04   2.310485e-06   120
  5.703118e-02   3.079929e-05   1.112738e-04   1.638226e-06   324
  5.756179e-02   2.852850e-05   8.748012e-05   1.943409e-06   192
  5.792293e-02   3.278256e-05   1.568908e-04   2.374503e-06   168
  5.853721e-02   2.541656e-05   1.292197e-04   1.403665e-06   342
  5.909109e-02   3.600754e-05   1.040479e-04   1.842999e-06   336
  5.965251e-02   4.116646e-05   7.962394e-05   4.571670e-06   72
  6.003109e-02   3.360203e-05   1.273478e-04   2.235421e-06   288
  6.047058e-02   3.421358e-05   8.293768e-05   2.481119e-06   264
  6.108439e-02   3.142365e-05   1.090835e-04   1.701359e-06   384
  6.163419e-02   3.387885e-05   1.309286e-04   2.536761e-06   240
  6.186267e-02   3.616489e-05   0.000000e+00   4.416031e-06   48
  6.252352e-02   3.685926e-05   1.071736e-04   1.857349e-06   392
  6.302771e-02   3.482430e-05   1.176177e-04   1.976531e-06   294
  6.356985e-02   3.555693e-05   7.644534e-05   2.646364e-06   228
  6.392640e-02   4.288236e-05   1.160935e-04   2.798421e-06   216
  6.437004e-02   3.647510e-05   7.071608e-05   1.927423e-06   336
  6.491309e-02   3.985778e-05   8.402231e-05   2.277933e-06   360
  6.536140e-02   4.411068e-05   1.280140e-04   2.723405e-06   240
  6.582853e-02   4.131584e-05   1.514699e-04   2.909195e-06   168
  6.626426e-02   3.895095e-05   1.192252e-04   2.209978e-06   312
  6.678338e-02   3.974041e-05   7.461529e-05   2.020997e-06   336
  6.734419e-02   4.410466e-05   1.017891e-04   2.680377e-06   294
  6.776702e-02   5.051578e-05   1.356641e-04   3.107202e-06   288
  6.809058e-02   3.602764e-05   8.488954e-05   2.350590e-06   264
  6.866755e-02   4.295183e-05   1.458184e-04   2.171571e-06   480
  6.914996e-02   4.876960e-05   7.133389e-05   2.911003e-06   240
  6.974139e-02   4.933610e-05   7.213111e-05   2.886757e-06   276
  7.020800e-02   4.709992e-05   1.583420e-04   1.972230e-06   488
  7.076234e-02   5.488436e-05   6.973720e-05   4.830936e-06   240
  7.108411e-02   5.059804e-05   1.354117e-04   2.506905e-06   360
  7.153530e-02   4.347256e-05   4.817743e-05   3.224806e-06   198
  7.211554e-02   4.332482e-05   1.627935e-04   1.884341e-06   480
  7.254038e-02   4.419848e-05   6.008787e-05   2.678627e-06   288
  7.312796e-02   5.216428e-05   1.270121e-04   2.476306e-06   480
  7.365633e-02   5.427371e-05   7.825550e-05   2.299670e-06   480
  7.419894e-02   4.851898e-05   1.012105e-04   3.245666e-06   288
  7.453749e-02   5.535648e-05   1.079729e-04   3.146100e-06   288
  7.506996e-02   5.395403e-05   1.877112e-04   2.612819e-06   456
  7.560610e-02   6.126875e-05   1.767802e-04   3.028858e-06   360
  7.595177e-02   5.538244e-05   1.059672e-04   3.440403e-06   180
  7.645202e-02   4.775398e-05   1.154112e-04   2.033607e-06   486
  7.695907e-02   5.475415e-05   1.535340e-04   2.463421e-06   504
  7.747462e-02   5.956180e-05   1.192882e-04   2.817687e-06   456
  7.790209e-02   5.813480e-05   9.910745e-05   3.401027e-06   296
  7.846686e-02   5.620451e-05   9.779604e-05   2.469169e-06   528
  7.889160e-02   5.764339e-05   9.649931e-05   2.916003e-06   336
  7.951717e-02   5.902891e-05   1.070358e-04   2.443285e-06   600
  7.997507e-02   5.015419e-05   6.270729e-05   2.976265e-06   264
  8.043396e-02   5.996749e-05   6.781049e-05   2.939334e-06   360
  8.090234e-02   5.837313e-05   1.357633e-04   2.542073e-06   630
  8.141847e-02   6.859813e-05   7.007974e-05   3.257173e-06   432
  8.187631e-02   6.667682e-05   1.350259e-04   3.158957e-06   408
  8.243827e-02   6.205804e-05   8.962194e-05   3.355485e-06   324
  8.285635e-02   5.976009e-05   1.277222e-04   2.243339e-06   744
  8.336064e-02   5.875639e-05   1.021054e-04   3.280507e-06   336
  8.384245e-02   6.826152e-05   1.403689e-04   2.979646e-06   528
  8.437080e-02   5.871849e-05   7.162045e-05   3.139062e-06   408
  8.472109e-02   5.787773e-05   1.218981e-04   2.852810e-06   408
  8.529988e-02   6.068925e-05   1.006308e-04   2.735860e-06   470
  8.572148e-02   6.550323e-05   1.208902e-04   2.974042e-06   528
  8.631019e-02   5.727448e-05   1.007343e-04   2.126258e-06   624
  8.674381e-02   6.635689e-05   7.664930e-05   3.070988e-06   504
  8.719116e-02   5.834916e-05   1.067668e-04   2.511918e-06   552
  8.763489e-02   6.478677e-05   5.190111e-05   3.259995e-06   336
  8.819051e-02   7.042145e-05   1.104770e-04   3.081597e-06   528
  8.862093e-02   6.702325e-05   1.257802e-04   2.654956e-06   564
  8.912507e-02   6.435641e-05   1.157674e-04   3.095057e-06   528
  8.967166e-02   7.204386e-05   1.797324e-04   3.148368e-06   582
  9.016871e-02   6.729646e-05   1.383668e-04   2.675330e-06   624
  9.060342e-02   6.630182e-05   1.581799e-04   3.341923e-06   432
  9.112208e-02   6.992620e-05   1.759475e-04   2.384226e-06   816
  9.165576e-02   7.325434e-05   8.018898e-05   4.053057e-06   312
  9.200488e-02   6.478115e-05   1.299641e-04   2.878851e-06   552
  9.256787e-02   6.872084e-05   8.185444e-05   2.549341e-06   744
  9.297574e-02   7.586035e-05   7.646869e-05   4.126903e-06   408
  9.350218e-02   6.679513e-05   1.095830e-04   2.703380e-06   632
  9.404906e-02   7.832621e-05   1.860997e-04   2.892716e-06   750
  9.449396e-02   7.732689e-05   1.280227e-04   4.104979e-06   312
  9.498974e-02   7.341105e-05   1.890077e-04   2.524532e-06   876
  9.548011e-02   6.074477e-05   1.234108e-04   2.520510e-06   552
  9.603265e-02   7.498248e-05   1.020603e-04   2.944475e-06   696
  9.640905e-02   7.565865e-05   1.126552e-04   3.232802e-06   576
  9.692128e-02   6.854868e-05   1.192748e-04   3.171755e-06   576
  9.735848e-02   7.764770e-05   1.598285e-04   3.062343e-06   648
  9.788685e-02   7.797373e-05   1.599783e-04   2.862927e-06   672
  9.847019e-02   7.662850e-05   6.785687e-05   3.640728e-06   480
  9.884355e-02   7.211397e-05   1.050846e-04   2.579781e-06   726
  9.932431e-02   8.047497e-05   1.190745e-04   2.823707e-06   792
  9.984502e-02   7.501986e-05   1.651878e-04   2.743266e-06   768
  1.003938e-01   7.946926e-05   1.350017e-04   2.974350e-06   672
  1.008970e-01   7.804475e-05   9.055629e-05   3.025731e-06   608
  1.012613e-01   7.487197e-05   8.693679e-05   2.951190e-06   624
  1.017809e-01   7.583839e-05   1.129736e-04   2.746507e-06   684
  1.022864e-01   7.792335e-05   1.668752e-04   2.675148e-06   768
  1.027568e-01   8.189105e-05   1.334155e-04   2.804812e-06   744
  1.033173e-01   7.747687e-05   8.400635e-05   2.669599e-06   750
  1.037259e-01   7.348840e-05   1.248642e-04   3.204741e-06   600
  1.041677e-01   7.844459e-05   1.325833e-04   3.169231e-06   600
  1.047135e-01   8.177005e-05   1.527941e-04   2.506101e-06   1008
  1.051470e-01   8.313405e-05   8.474486e-05   3.132755e-06   696
  1.056273e-01   8.655962e-05   1.119517e-04   3.523046e-06   624
  1.061102e-01   8.450449e-05   1.742111e-04   3.112203e-06   840
  1.066588e-01   9.073365e-05   1.185366e-04   3.122792e-06   816
  1.071038e-01   8.212005e-05   7.873478e-05   2.812073e-06   744
  1.075531e-01   8.545212e-05   1.391901e-04   3.585521e-06   510
  1.080960e-01   8.829076e-05   1.336339e-04   2.821782e-06   1020
  1.086012e-01   8.788350e-05   1.078294e-04   2.794455e-06   912
  1.090992e-01   9.160294e-05   1.597552e-04   3.257623e-06   752
  1.095110e-01   9.027769e-05   1.325595e-04   3.458890e-06   888
  1.100730e-01   8.693879e-05   8.554013e-05   3.054561e-06   768
  1.105327e-01   8.928901e-05   1.554339e-04   3.202160e-06   720
  1.110617e-01   8.963329e-05   1.370195e-04   2.856148e-06   1056
  1.115309e-01   9.154146e-05   9.479589e-05   3.979866e-06   504
  1.119154e-01   8.550167e-05   1.480257e-04   3.228704e-06   774
  1.124652e-01   9.107246e-05   1.423615e-04   2.767931e-06   1272
  1.129816e-01   9.471852e-05   9.326921e-05   3.605227e-06   744
  1.134632e-01   8.796223e-05   1.523027e-04   3.137720e-06   768
  1.139050e-01   9.408537e-05   1.288282e-04   3.101751e-06   840
  1.144011e-01   9.924986e-05   8.734207e-05   3.175902e-06   924
  1.148789e-01   9.656700e-05   1.539839e-04   3.149454e-06   936
  1.153484e-01   9.063655e-05   1.070130e-04   2.961689e-06   840
  1.158214e-01   1.015362e-04   1.272259e-04   3.160740e-06   1008
  1.164225e-01   9.419266e-05   1.436262e-04   3.471092e-06   696
  1.167996e-01   9.154769e-05   1.276589e-04   2.916893e-06   974
  1.173599e-01   1.026071e-04   1.695459e-04   2.925968e-06   1152
  1.178471e-01   1.022154e-04   6.634378e-05   3.404067e-06   816
  1.182260e-01   9.414713e-05   1.459488e-04   3.084877e-06   816
  1.187357e-01   1.015737e-04   1.288794e-04   2.918129e-06   1152
  1.192732e-01   1.032947e-04   1.160356e-04   3.277299e-06   912
  1.197621e-01   1.105149e-04   1.409833e-04   3.310149e-06   1056
  1.201806e-01   1.082575e-04   1.205660e-04   4.311348e-06   624
  1.207435e-01   1.037500e-04   1.506027e-04   3.100592e-06   1260
  1.212292e-01   1.086632e-04   9.083716e-05   3.633485e-06   894
  1.217037e-01   1.154124e-04   1.556364e-04   3.119851e-06   1176
  1.221783e-01   1.007973e-04   1.288208e-04   3.723645e-06   840
  1.227186e-01   1.110938e-04   1.464236e-04   2.814695e-06   1440
  1.232859e-01   1.026178e-04   8.232021e-05   3.310050e-06   864
  1.237160e-01   1.164278e-04   1.412655e-04   3.698135e-06   1056
  1.241441e-01   1.190973e-04   8.328830e-05   4.809095e-06   624
  1.246641e-01   1.152028e-04   1.542356e-04   2.960673e-06   1496
  1.251612e-01   1.160496e-04   1.088958e-04   4.357991e-06   936
  1.256039e-01   1.122079e-04   1.576468e-04   3.600165e-06   966
  1.260801e-01   1.128244e-04   1.117465e-04   3.654873e-06   936
  1.265804e-01   1.174138e-04   1.382244e-04   3.214789e-06   1248
  1.270926e-01   1.109791e-04   9.744205e-05   3.230064e-06   1044
  1.275698e-01   1.150649e-04   1.509409e-04   3.237551e-06   1392
  1.279478e-01   1.089658e-04   1.162549e-04   4.168257e-06   600
  1.284885e-01   1.136894e-04   1.320778e-04   2.925215e-06   1416
  1.289955e-01   1.189734e-04   1.421656e-04   3.414927e-06   1152
  1.295092e-01   1.183275e-04   1.363856e-04   3.727284e-06   936
  1.299230e-01   1.204172e-04   1.462802e-04   4.066816e-06   870
  1.304147e-01   1.278465e-04   1.226502e-04   3.696802e-06   1368
  1.309604e-01   1.241702e-04   1.612530e-04   3.193517e-06   1632
  1.314267e-01   1.288572e-04   7.000699e-05   4.512482e-06   816
  1.319315e-01   1.271902e-04   1.597143e-04   3.618506e-06   1200
  1.323720e-01   1.296331e-04   1.527057e-04   3.696353e-06   1184
  1.328194e-01   1.347597e-04   1.158936e-04   4.323851e-06   984
  1.333683e-01   1.267317e-04   1.414942e-04   3.281610e-06   1572
  1.338659e-01   1.390331e-04   7.792333e-05   4.922768e-06   840
  1.343297e-01   1.256293e-04   1.812138e-04   3.278643e-06   1392
  1.348193e-01   1.246562e-04   1.330470e-04   3.832684e-06   1158
  1.352564e-01   1.331709e-04   1.211496e-04   3.719136e-06   1272
  1.357826e-01   1.360913e-04   1.234623e-04   3.691885e-06   1320
  1.362769e-01   1.310829e-04   1.208065e-04   4.051313e-06   1104
  1.367472e-01   1.294234e-04   1.367360e-04   3.626948e-06   1392
  1.372408e-01   1.264600e-04   1.478938e-04   3.607461e-06   1296
  1.377492e-01   1.314941e-04   1.544255e-04   3.496862e-06   1392
  1.382262e-01   1.328003e-04   1.132835e-04   3.983403e-06   1104
  1.386675e-01   1.289954e-04   1.426913e-04   3.407598e-06   1320
  1.392961e-01   1.326147e-04   1.089713e-04   3.525721e-06   1422
  1.396977e-01   1.305629e-04   1.357176e-04   3.815769e-06   1212
  1.401589e-01   1.291616e-04   1.483027e-04   3.473234e-06   1280
  1.406327e-01   1.409753e-04   1.544235e-04   3.935711e-06   1272
  1.410869e-01   1.435289e-04   1.336382e-04   3.535729e-06   1680
  1.416252e-01   1.263562e-04   1.262633e-04   3.762761e-06   1152
  1.421207e-01   1.338218e-04   1.462174e-04   3.254404e-06   1512
  1.426417e-01   1.325555e-04   6.173239e-05   4.467519e-06   912
  1.430535e-01   1.399551e-04   1.556147e-04   3.227323e-06   1680
  1.436012e-01   1.239374e-04   1.378563e-04   3.113276e-06   1518
  1.440071e-01   1.411251e-04   1.276288e-04   4.137348e-06   1056
  1.444347e-01   1.360971e-04   1.288698e-04   3.461981e-06   1344
  1.449875e-01   1.539268e-04   1.383780e-04   3.693865e-06   1680
  1.454876e-01   1.370056e-04   1.363571e-04   3.454587e-06   1656
  1.460341e-01   1.339874e-04   1.159057e-04   4.284106e-06   1140
  1.464444e-01   1.358849e-04   1.342100e-04   3.827805e-06   1368
  1.469271e-01   1.385262e-04   1.526647e-04   3.471957e-06   1656
  1.474179e-01   1.437120e-04   1.563614e-04   3.985989e-06   1448
  1.479520e-01   1.385649e-04   1.468912e-04   3.515715e-06   1422
  1.484453e-01   1.437885e-04   1.621619e-04   3.670174e-06   1512
  1.488673e-01   1.450561e-04   1.236275e-04   4.142317e-06   1296
  1.493554e-01   1.381418e-04   1.128801e-04   3.317171e-06   1824
  1.498832e-01   1.402827e-04   1.463660e-04   3.564181e-06   1464
  1.504163e-01   1.337397e-04   1.306107e-04   2.951774e-06   1824
  1.509111e-01   1.448150e-04   1.038421e-04   3.768030e-06   1416
  1.513416e-01   1.419475e-04   1.521007e-04   3.787064e-06   1392
  1.518062e-01   1.397641e-04   1.403562e-04   3.574281e-06   1464
  1.523732e-01   1.305954e-04   1.372200e-04   3.497997e-06   1524
  1.528113e-01   1.383762e-04   1.264504e-04   3.490903e-06   1686
  1.533176e-01   1.394413e-04   1.505644e-04   3.472012e-06   1800
  1.537528e-01   1.504548e-04   1.195338e-04   4.402803e-06   1344
  1.542356e-01   1.477081e-04   1.394596e-04   3.938767e-06   1656
  1.547196e-01   1.461579e-04   1.113514e-04   3.611661e-06   1488
  1.551402e-01   1.495477e-04   1.111701e-04   3.776852e-06   1536
  1.557262e-01   1.426099e-04   1.234973e-04   3.510927e-06   1760
  1.561802e-01   1.423764e-04   1.373667e-04   3.264720e-06   1824
  1.567053e-01   1.519086e-04   1.152763e-04   3.787528e-06   1560
  1.572105e-01   1.481390e-04   1.324056e-04   3.464224e-06   1926
  1.576857e-01   1.502458e-04   9.415777e-05   4.195650e-06   1272
  1.581194e-01   1.430569e-04   1.582320e-04   3.329080e-06   1848
  1.586895e-01   1.520398e-04   1.278379e-04   3.354848e-06   1908
  1.591231e-01   1.466587e-04   1.246890e-04   3.775908e-06   1488
  1.595806e-01   1.409168e-04   1.406224e-04   3.475535e-06   1800
  1.600766e-01   1.445695e-04   1.407610e-04   3.476684e-06   1752
  1.605517e-01   1.413106e-04   1.496769e-04   3.731661e-06   1368
  1.610272e-01   1.494878e-04   1.406675e-04   3.135827e-06   2016
  1.615501e-01   1.544976e-04   1.485794e-04   3.871604e-06   1542
  1.620327e-01   1.450176e-04   1.454994e-04   3.276369e-06   2184
  1.625669e-01   1.533001e-04   1.330990e-04   3.517156e-06   1776
  1.630283e-01   1.475123e-04   1.521522e-04   4.161975e-06   1568
  1.634682e-01   1.542042e-04   1.390081e-04   3.462949e-06   2040
  1.639468e-01   1.589226e-04   1.486121e-04   3.825227e-06   1704
  1.644478e-01   1.459643e-04   1.489728e-04   3.758641e-06   1512
  1.649202e-01   1.531304e-04   1.270742e-04   3.389974e-06   2028
  1.654509e-01   1.526486e-04   1.532841e-04   3.320580e-06   1968
  1.659362e-01   1.494605e-04   1.554838e-04   3.330568e-06   1854
  1.664110e-01   1.476311e-04   1.482240e-04   3.459240e-06   1632
  1.668977e-01   1.547209e-04   1.523128e-04   3.013798e-06   2424
  1.674021e-01   1.505158e-04   1.524713e-04   3.709790e-06   1560
  1.678285e-01   1.565347e-04   1.440852e-04   3.532414e-06   1728
  1.683437e-01   1.519045e-04   1.538043e-04   3.464773e-06   2088
  1.688623e-01   1.468654e-04   1.464052e-04   3.340285e-06   1968
  1.693394e-01   1.534117e-04   1.449552e-04   3.425592e-06   2256
  1.698178e-01   1.572011e-04   1.288813e-04   3.583269e-06   1728
  1.703172e-01   1.558366e-04   1.270494e-04   4.270167e-06   1416
  1.707596e-01   1.646544e-04   1.339356e-04   3.440869e-06   2246
  1.712606e-01   1.558151e-04   1.483321e-04   3.571577e-06   2148
  1.717398e-01   1.629263e-04   1.252967e-04   4.065868e-06   1680
  1.721909e-01   1.586752e-04   1.584012e-04   3.043278e-06   2280
  1.727331e-01   1.622879e-04   1.475065e-04   3.226976e-06   2352
  1.732395e-01   1.608960e-04   1.239422e-04   3.965750e-06   1632
  1.736402e-01   1.628842e-04   1.418228e-04   3.735007e-06   1968
  1.741900e-01   1.583818e-04   1.455103e-04   3.515204e-06   2112
  1.746998e-01   1.575647e-04   1.093039e-04   3.557646e-06   2208
  1.751952e-01   1.602822e-04   1.102112e-04   3.473863e-06   1974
  1.755862e-01   1.575326e-04   1.078165e-04   3.574620e-06   1944
  1.761144e-01   1.698977e-04   1.219820e-04   3.646166e-06   2160
  1.765722e-01   1.644543e-04   1.140807e-04   3.734980e-06   2040
  1.770670e-01   1.703911e-04   1.596015e-04   3.667319e-06   2352
  1.775745e-01   1.749929e-04   1.325904e-04   3.994315e-06   1836
  1.780376e-01   1.670726e-04   1.414413e-04   3.330355e-06   2352
  1.785577e-01   1.633250e-04   1.483527e-04   3.607642e-06   2008
  1.790344e-01   1.668821e-04   1.459431e-04   3.510063e-06   2464
  1.795659e-01   1.683318e-04   1.177095e-04   3.548365e-06   2118
  1.800019e-01   1.681017e-04   1.183276e-04   3.932839e-06   1848
  1.804507e-01   1.833395e-04   1.565861e-04   4.116977e-06   2280
  1.809928e-01   1.776809e-04   1.489508e-04   3.641741e-06   2472
  1.814993e-01   1.691371e-04   9.953927e-05   3.637771e-06   2280
  1.819245e-01   1.850835e-04   1.216700e-04   4.339185e-06   1992
  1.823831e-01   1.798893e-04   1.279126e-04   3.568009e-06   2184
  1.829118e-01   1.633567e-04   1.543068e-04   3.444846e-06   2352
  1.834214e-01   1.769026e-04   1.626118e-04   3.527433e-06   2496
  1.839203e-01   1.692320e-04   1.518813e-04   4.070415e-06   1770
  1.843678e-01   1.859441e-04   1.310496e-04   3.754271e-06   2568
  1.849057e-01   1.824525e-04   1.607377e-04   3.562349e-06   2712
  1.853947e-01   1.858219e-04   1.276489e-04   3.880849e-06   2448
  1.858830e-01   1.898652e-04   1.076015e-04   4.098513e-06   2064
  1.862881e-01   1.775714e-04   1.135758e-04   4.267358e-06   1944
  1.868133e-01   1.781644e-04   1.403079e-04   3.708578e-06   2480
  1.873491e-01   1.831485e-04   1.524155e-04   3.470599e-06   2880
  1.878237e-01   1.846134e-04   1.462067e-04   3.824465e-06   2304
  1.883193e-01   1.852020e-04   1.343278e-04   4.134684e-06   1806
  1.887589e-01   1.860763e-04   1.317346e-04   3.453482e-06   2856
  1.893097e-01   1.922472e-04   1.263374e-04   3.893846e-06   2568
  1.897288e-01   1.787323e-04   1.267515e-04   3.981981e-06   2112
  1.901850e-01   1.891032e-04   1.220840e-04   4.443092e-06   2028
  1.906744e-01   1.873657e-04   1.445115e-04   3.505071e-06   2712
  1.911714e-01   1.941694e-04   1.556884e-04   3.606001e-06   2952
  1.917055e-01   1.935607e-04   1.202957e-04   4.122306e-06   2112
  1.921372e-01   1.898103e-04   1.409804e-04   3.706278e-06   2520
  1.926559e-01   1.862420e-04   1.359784e-04   3.839045e-06   2376
  1.931282e-01   1.945743e-04   1.090048e-04   3.903390e-06   2526
  1.936186e-01   2.013949e-04   1.356536e-04   3.988323e-06   2664
  1.941040e-01   2.007327e-04   1.617960e-04   4.102465e-06   2408
  1.945694e-01   1.983115e-04   1.296049e-04   4.029413e-06   2568
  1.950440e-01   2.044889e-04   1.221942e-04   3.727859e-06   2904
  1.955589e-01   1.973628e-04   1.371053e-04   3.835738e-06   2544
  1.960480e-01   1.992341e-04   1.009875e-04   4.311230e-06   2160
  1.965096e-01   2.114752e-04   1.745958e-04   4.187440e-06   2652
  1.970194e-01   1.944150e-04   1.382439e-04   3.694762e-06   2784
  1.975101e-01   2.071793e-04   1.365199e-04   3.785922e-06   2694
  1.980185e-01   1.950206e-04   1.226932e-04   3.632753e-06   2952
  1.984602e-01   2.119375e-04   1.162128e-04   4.410220e-06   2208
  1.989102e-01   2.016669e-04   1.238599e-04   4.167291e-06   2304
  1.994125e-01   1.951806e-04   1.610662e-04   3.126593e-06   3504
  1.999983e-01   2.066079e-04   1.304210e-04   4.282701e-06   2616
  2.004552e-01   2.065201e-04   1.274108e-04   4.070123e-06   2664
  2.008953e-01   2.022115e-04   1.183758e-04   4.035280e-06   2448
  2.013388e-01   2.086046e-04   1.648584e-04   4.123290e-06   2472
  2.018606e-01   2.100266e-04   1.310718e-04   3.722333e-06   3134
  2.023516e-01   2.104123e-04   1.433541e-04   4.145115e-06   2616
  2.028419e-01   1.994711e-04   1.161223e-04   3.944540e-06   2712
  2.033463e-01   2.036175e-04   1.331755e-04   3.639587e-06   3204
  2.038284e-01   2.023641e-04   1.533782e-04   4.023714e-06   2760
  2.042862e-01   2.009947e-04   1.338200e-04   3.862459e-06   2688
  2.047911e-01   2.074738e-04   1.265264e-04   4.107145e-06   2760
  2.052376e-01   1.993095e-04   1.044749e-04   4.021846e-06   2568
  2.057517e-01   2.000553e-04   1.622443e-04   3.422832e-06   3336
  2.062452e-01   2.086071e-04   1.373220e-04   4.193949e-06   2334
  2.067435e-01   2.008890e-04   1.519616e-04   3.572594e-06   3264
  2.072092e-01   2.128725e-04   1.104877e-04   4.211333e-06   2760
  2.076868e-01   2.030751e-04   1.334378e-04   3.582181e-06   3192
  2.081730e-01   2.075742e-04   1.385370e-04   4.036183e-06   2904
  2.086902e-01   2.064212e-04   1.390027e-04   3.990304e-06   2784
  2.091231e-01   2.179079e-04   1.144018e-04   4.438952e-06   2592
  2.096156e-01   2.037725e-04   1.559460e-04   3.483909e-06   3284
  2.101389e-01   2.106132e-04   1.566406e-04   3.857991e-06   3168
  2.106071e-01   2.104301e-04   1.292397e-04   4.065127e-06   2616
  2.110994e-01   1.987169e-04   1.248775e-04   3.657756e-06   3222
  2.115781e-01   2.082836e-04   1.401164e-04   3.490472e-06   3240
  2.120418e-01   2.146011e-04   1.417503e-04   4.404028e-06   2568
  2.125690e-01   2.188587e-04   1.300629e-04   4.023719e-06   3120
  2.130097e-01   2.200331e-04   1.429850e-04   4.050479e-06   3168
  2.134838e-01   2.069962e-04   1.251725e-04   3.860626e-06   3240
  2.140024e-01   2.067395e-04   1.284239e-04   3.633290e-06   3144
  2.145062e-01   2.031509e-04   1.224103e-04   3.729859e-06   2856
  2.149823e-01   2.092421e-04   1.307392e-04   3.600586e-06   3264
  2.155212e-01   2.131630e-04   1.444609e-04   3.737878e-06   3318
  2.159452e-01   2.170618e-04   1.011723e-04   4.678885e-06   2556
  2.164506e-01   2.095374e-04   1.728209e-04   3.301185e-06   4008
  2.169623e-01   2.147281e-04   1.275720e-04   4.134829e-06   2904
  2.174000e-01   2.073533e-04   1.304469e-04   3.607005e-06   3144
  2.178983e-01   2.040005e-04   1.359922e-04   3.741258e-06   3200
  2.184140e-01   2.084437e-04   1.341212e-04   3.659431e-06   3312
  2.188763e-01   2.185069e-04   1.080957e-04   4.195769e-06   2832
  2.193924e-01   2.113786e-04   1.555565e-04   3.397374e-06   3984
  2.198717e-01   2.281919e-04   1.264601e-04   4.970803e-06   2238
  2.203092e-01   2.145538e-04   1.488218e-04   3.527950e-06   3984
  2.208520e-01   2.101545e-04   1.414250e-04   3.745102e-06   3384
  2.213029e-01   2.258979e-04   1.321942e-04   4.213134e-06   3048
  2.217737e-01   2.070529e-04   1.213801e-04   3.797773e-06   3096
  2.222656e-01   2.212039e-04   1.375807e-04   3.544144e-06   3708
  2.227545e-01   2.086863e-04   1.304078e-04   4.076744e-06   2784
  2.232087e-01   2.254540e-04   1.354535e-04   3.835400e-06   3648
  2.237247e-01   2.166447e-04   1.394108e-04   3.664595e-06   3888
  2.242738e-01   2.109054e-04   1.488252e-04   3.776278e-06   2958
  2.246837e-01   2.112224e-04   1.270361e-04   3.620009e-06   3264
  2.251777e-01   2.274423e-04   1.402443e-04   4.103086e-06   3160
  2.256445e-01   2.082567e-04   1.271016e-04   3.514320e-06   3736
  2.260868e-01   2.173884e-04   1.158193e-04   4.025217e-06   3216
  2.266085e-01   2.198258e-04   1.419303e-04   3.496730e-06   4032
  2.271526e-01   2.186553e-04   1.295798e-04   3.639856e-06   3528
  2.276165e-01   2.224715e-04   1.143819e-04   3.917376e-06   3192
  2.280803e-01   2.146246e-04   1.252686e-04   3.738527e-06   3456
  2.285834e-01   2.189310e-04   1.298903e-04   4.067484e-06   3060
  2.290876e-01   2.194680e-04   1.544545e-04   3.419200e-06   4518
  2.295790e-01   2.207561e-04   1.375990e-04   3.654773e-06   3528
  2.300307e-01   2.225670e-04   1.155591e-04   4.198775e-06   3024
  2.305122e-01   2.117840e-04   1.564624e-04   3.525947e-06   3672
  2.310028e-01   2.214125e-04   1.342922e-04   3.778780e-06   3864
  2.315474e-01   2.153301e-04   1.423480e-04   3.459774e-06   3816
  2.319928e-01   2.198951e-04   1.295052e-04   3.772109e-06   3456
  2.324198e-01   2.231282e-04   1.172315e-04   4.325919e-06   2688
  2.329230e-01   2.231385e-04   1.390930e-04   3.450296e-06   4248
  2.334218e-01   2.216167e-04   1.332244e-04   3.598691e-06   3926
  2.339228e-01   2.185960e-04   1.406621e-04   3.650333e-06   3504
  2.344067e-01   2.275784e-04   1.257540e-04   3.597401e-06   3960
  2.349411e-01   2.192406e-04   1.415697e-04   3.637156e-06   3684
  2.353994e-01   2.148150e-04   1.415603e-04   3.491766e-06   4104
  2.358576e-01   2.263962e-04   1.342621e-04   4.030429e-06   3144
  2.363498e-01   2.231730e-04   1.470632e-04   3.470941e-06   4224
  2.368909e-01   2.215430e-04   1.305314e-04   3.495694e-06   4008
  2.373532e-01   2.270333e-04   1.436052e-04   3.881039e-06   3312
  2.378293e-01   2.234890e-04   1.428317e-04   3.780235e-06   3726
  2.383356e-01   2.262760e-04   1.467057e-04   3.673674e-06   3936
  2.387852e-01   2.326178e-04   1.512247e-04   3.851808e-06   3888
  2.392518e-01   2.285091e-04   1.429975e-04   3.677766e-06   3864
  2.397372e-01   2.237035e-04   1.520184e-04   3.663802e-06   3888
  2.402373e-01   2.166278e-04   1.433767e-04   3.474467e-06   4080
  2.407309e-01   2.283064e-04   1.521663e-04   3.942745e-06   3400
  2.412345e-01   2.282313e-04   1.395519e-04   3.391570e-06   4588
  2.417438e-01   2.319381e-04   1.381276e-04   3.848793e-06   3816
  2.421888e-01   2.333363e-04   1.308874e-04   3.781032e-06   3534
  2.426599e-01   2.400444e-04   1.292818e-04   3.734906e-06   4080
  2.431528e-01   2.384783e-04   1.351361e-04   3.690271e-06   4248
  2.436477e-01   2.347418e-04   1.361762e-04   4.118096e-06   3528
  2.441045e-01   2.429851e-04   1.392215e-04   3.801495e-06   4248
  2.445661e-01   2.317309e-04   1.361726e-04   3.872931e-06   3696
  2.450802e-01   2.389934e-04   1.412982e-04   3.601473e-06   4560
  2.455678e-01   2.352497e-04   1.323495e-04   3.811860e-06   3864
  2.460685e-01   2.317082e-04   1.441083e-04   3.526281e-06   4440
  2.465431e-01   2.322621e-04   1.344565e-04   4.219483e-06   3432
  2.470417e-01   2.334413e-04   1.318374e-04   3.535782e-06   4470
  2.475323e-01   2.388908e-04   1.171596e-04   3.738103e-06   4188
  2.480144e-01   2.401329e-04   1.500979e-04   3.639925e-06   4392
  2.484933e-01   2.460881e-04   1.161150e-04   4.159247e-06   3960
  2.489913e-01   2.453615e-04   1.311762e-04   3.809223e-06   4328
  2.494737e-01   2.396996e-04   1.365155e-04   3.770678e-06   4320
  2.499612e-01   2.415189e-04   1.427527e-04   3.622811e-06   4152
  2.504133e-01   2.607614e-04   1.194148e-04   4.494325e-06   3528
  2.509246e-01   2.398119e-04   1.292483e-04   3.521658e-06   4512
  2.514030e-01   2.443825e-04   1.321235e-04   3.889363e-06   4134
  2.518889e-01   2.534141e-04   1.407559e-04   3.507540e-06   5208
  2.523561e-01   2.504157e-04   1.226327e-04   4.344861e-06   3240
  2.528396e-01   2.640201e-04   1.352583e-04   3.974713e-06   4680
  2.533316e-01   2.462706e-04   1.339167e-04   3.833505e-06   4440
  2.538242e-01   2.343431e-04   1.517493e-04   3.608232e-06   4260
  2.542967e-01   2.455538e-04   1.238886e-04   3.966064e-06   4056
  2.547833e-01   2.465725e-04   1.373522e-04   3.630537e-06   4704
  2.552940e-01   2.570140e-04   1.598328e-04   3.755671e-06   4800
  2.558338e-01   2.474908e-04   1.384828e-04   3.521743e-06   4806
  2.563004e-01   2.719070e-04   1.380453e-04   4.822232e-06   3552
  2.567447e-01   2.471837e-04   1.384155e-04   3.997396e-06   4304
  2.572463e-01   2.501298e-04   1.342317e-04   3.478599e-06   5280
  2.577424e-01   2.514105e-04   1.287726e-04   3.821748e-06   4320
  2.582120e-01   2.480721e-04   1.454180e-04   3.833319e-06   4296
  2.587071e-01   2.613095e-04   1.616686e-04   3.781037e-06   4608
  2.592079e-01   2.577456e-04   1.548872e-04   3.760340e-06   4824
  2.597037e-01   2.543063e-04   1.462245e-04   3.831948e-06   4488
  2.602357e-01   2.622954e-04   1.365163e-04   4.033120e-06   4530
  2.606750e-01   2.509176e-04   1.332969e-04   3.722481e-06   4464
  2.611146e-01   2.599465e-04   1.256224e-04   4.068144e-06   4104
  2.616192e-01   2.482365e-04   1.354472e-04   3.401052e-06   5424
  2.621157e-01   2.584130e-04   1.458006e-04   3.746754e-06   4392
  2.626209e-01   2.664906e-04   1.427447e-04   3.914379e-06   4896
  2.630796e-01   2.587392e-04   1.399190e-04   4.068734e-06   4104
  2.635583e-01   2.692319e-04   1.261700e-04   4.009984e-06   4824
  2.640634e-01   2.531807e-04   1.205890e-04   3.851949e-06   4680
  2.645034e-01   2.532576e-04   1.233362e-04   3.822886e-06   4328
  2.650142e-01   2.578036e-04   1.421747e-04   3.607734e-06   5118
  2.655274e-01   2.658461e-04   1.647184e-04   3.722671e-06   5304
  2.659905e-01   2.699665e-04   1.297081e-04   4.043675e-06   4392
  2.664951e-01   2.673653e-04   1.301864e-04   3.992585e-06   4476
  2.669364e-01   2.544781e-04   1.292906e-04   3.701450e-06   4704
  2.674274e-01   2.630089e-04   1.564908e-04   3.625858e-06   5208
  2.679435e-01   2.525756e-04   1.319479e-04   3.639342e-06   5304
  2.684190e-01   2.662107e-04   1.413346e-04   4.124131e-06   4296
  2.689066e-01   2.703937e-04   1.340217e-04   3.972162e-06   4752
  2.694189e-01   2.540396e-04   1.345359e-04   3.634360e-06   4950
  2.698794e-01   2.629950e-04   1.406262e-04   3.748951e-06   5064
  2.703399e-01   2.644315e-04   1.178265e-04   3.884558e-06   4872
  2.708057e-01   2.597259e-04   1.240390e-04   4.274357e-06   4224
  2.713029e-01   2.652208e-04   1.370167e-04   3.470949e-06   6120
  2.718321e-01   2.564894e-04   1.507358e-04   3.640890e-06   4968
  2.723121e-01   2.692275e-04   1.333881e-04   4.001366e-06   4424
  2.728088e-01   2.726878e-04   1.703749e-04   3.822019e-06   5436
  2.732993e-01   2.609732e-04   1.452596e-04   3.868751e-06   4896
  2.737736e-01   2.556337e-04   1.390702e-04   3.636157e-06   5214
  2.742308e-01   2.701802e-04   1.182169e-04   4.013664e-06   4656
  2.747387e-01   2.731186e-04   1.503032e-04   3.930956e-06   5448
  2.752241e-01   2.683029e-04   1.269422e-04   3.901902e-06   4992
  2.756994e-01   2.714268e-04   1.404898e-04   3.860395e-06   5400
  2.762219e-01   2.739908e-04   1.557062e-04   3.744218e-06   5328
  2.767032e-01   2.577630e-04   1.392299e-04   3.654737e-06   4776
  2.771561e-01   2.688953e-04   1.308295e-04   3.844763e-06   4800
  2.776593e-01   2.681103e-04   1.682401e-04   3.344871e-06   6552
  2.781857e-01   2.683678e-04   1.271030e-04   4.360824e-06   3942
  2.786419e-01   2.625733e-04   1.601990e-04   3.496844e-06   6072
  2.791470e-01   2.675896e-04   1.244164e-04   4.147592e-06   4692
  2.795705e-01   2.753975e-04   1.298888e-04   3.884753e-06   4944
  2.800665e-01   2.678475e-04   1.394107e-04   3.428815e-06   5840
  2.805759e-01   2.625657e-04   1.492333e-04   3.693833e-06   5712
  2.810773e-01   2.633223e-04   1.250671e-04   3.858312e-06   4800
  2.815348e-01   2.663731e-04   1.656330e-04   3.700367e-06   5688
  2.820359e-01   2.712733e-04   1.306810e-04   4.033700e-06   4848
  2.825324e-01   2.216249e-04   1.454557e-04   3.603521e-06   5406
  2.830037e-01   5.522139e-08   1.312973e-04   9.282747e-10   5568
  2.834769e-01   5.860313e-08   1.180275e-04   9.893584e-10   5736
  2.839884e-01   5.746337e-08   1.465826e-04   1.019640e-09   5280
  2.844524e-01   5.794875e-08   1.355263e-04   9.805144e-10   5592
  2.849301e-01   5.541475e-08   1.551417e-04   9.542122e-10   4968
  2.854352e-01   5.626648e-08   1.391053e-04   9.212831e-10   5964
  2.859279e-01   5.940052e-08   1.397517e-04   9.822669e-10   5376
  2.863756e-01   6.074510e-08   1.349389e-04   1.026614e-09   5472
  2.868946e-01   5.653076e-08   1.281532e-04   9.238168e-10   5472
  2.873693e-01   5.689639e-08   1.457059e-04   1.042676e-09   5415
  2.878292e-01   5.606753e-08   1.281660e-04   9.429909e-10   5096
  2.883268e-01   5.511839e-08   1.648183e-04   8.595020e-10   6372
  2.888302e-01   5.835486e-08   1.337920e-04   1.079857e-09   4656
  2.892814e-01   5.885705e-08   1.460580e-04   9.371135e-10   5844
  2.897668e-01   5.620927e-08   1.284189e-04   9.181969e-10   5508
  2.902812e-01   6.009164e-08   1.456803e-04   8.955647e-10   6324
  2.907860e-01   5.916013e-08   1.251396e-04   1.027042e-09   4752
  2.912474e-01   5.513175e-08   1.401041e-04   8.808093e-10   5676
  2.917468e-01   5.914792e-08   1.281684e-04   9.869928e-10   5472
  2.922209e-01   6.062522e-08   1.445704e-04   9.802515e-10   5556
  2.927301e-01   5.632635e-08   1.408810e-04   8.868275e-10   5436
  2.932217e-01   5.960998e-08   1.442016e-04   9.376267e-10   5916
  2.937264e-01   6.055689e-08   1.500331e-04   9.827496e-10   5520
  2.941809e-01   5.591769e-08   1.364480e-04   9.334616e-10   5280
  2.946466e-01   6.185763e-08   1.340724e-04   1.051533e-09   4416
  2.951720e-01   5.831880e-08   1.306879e-04   8.609408e-10   6260
  2.956655e-01   6.086869e-08   1.554038e-04   9.247895e-10   5940
  2.961126e-01   6.065083e-08   1.217066e-04   1.068213e-09   4188
  2.966047e-01   6.184518e-08   1.556122e-04   8.922434e-10   6360
  2.971222e-01   5.878877e-08   1.387995e-04   9.150898e-10   5256
  2.976029e-01   5.900022e-08   1.312113e-04   1.013842e-09   4848
  2.980147e-01   5.834072e-08   1.189499e-04   9.586686e-10   4704
  2.985217e-01   6.186683e-08   1.459205e-04   9.252032e-10   5784
  2.990374e-01   5.868562e-08   1.544008e-04   8.903110e-10   5820
  2.995352e-01   6.126421e-08   1.383100e-04   9.064760e-10   5700
  3.000361e-01   5.991893e-08   1.282634e-04   9.451325e-10   5232
  3.005375e-01   6.408998e-08   1.423193e-04   9.897091e-10   4932
  3.009817e-01   6.203628e-08   1.224997e-04   1.016777e-09   4716
  3.014485e-01   6.636597e-08   1.560382e-04   1.043929e-09   5616
  3.019287e-01   5.998476e-08   1.378046e-04   9.443185e-10   5184
  3.024240e-01   6.128505e-08   1.390111e-04   9.690000e-10   5064
  3.028912e-01   6.189600e-08   1.423406e-04   9.212615e-10   5544
  3.034093e-01   6.086301e-08   1.428860e-04   9.328637e-10   5192
  3.038807e-01   6.219199e-08   1.284053e-04   9.525442e-10   5244
  3.043764e-01   6.201236e-08   1.389360e-04   9.543626e-10   5112
  3.048691e-01   6.420172e-08   1.275010e-04   1.033267e-09   5040
  3.053213e-01   6.502131e-08   1.340439e-04   9.899984e-10   5124
  3.058494e-01   6.234785e-08   1.504823e-04   9.034868e-10   5952
  3.063369e-01   6.545901e-08   1.318531e-04   1.007931e-09   4824
  3.067788e-01   6.293639e-08   1.330892e-04   1.005101e-09   4536
  3.072903e-01   6.310659e-08   1.414616e-04   8.929108e-10   5712
  3.078157e-01   6.442827e-08   1.547976e-04   9.666273e-10   5352
  3.083112e-01   6.678674e-08   1.348344e-04   9.934137e-10   5004
  3.087539e-01   6.734702e-08   1.348711e-04   1.053304e-09   4800
  3.092296e-01   6.419316e-08   1.449374e-04   9.469581e-10   5148
  3.097567e-01   6.412117e-08   1.505363e-04   9.051303e-10   5664
  3.102329e-01   6.419158e-08   1.352034e-04   1.004342e-09   4692
  3.106729e-01   6.462702e-08   1.256056e-04   1.083026e-09   4008
  3.111861e-01   6.767677e-08   1.439712e-04   9.535703e-10   5852
  3.117078e-01   6.318816e-08   1.363273e-04   8.831178e-10   5784
  3.121712e-01   6.833118e-08   1.256700e-04   1.119353e-09   4392
  3.126481e-01   6.711230e-08   1.232703e-04   1.013251e-09   4944
  3.131489e-01   6.400739e-08   1.453336e-04   9.653235e-10   4776
  3.136211e-01   6.418731e-08   1.398188e-04   9.311443e-10   5244
  3.141336e-01   6.552070e-08   1.395722e-04   9.447804e-10   4884
  3.145636e-01   6.670985e-08   1.183681e-04   1.057684e-09   4488
  3.150636e-01   6.881333e-08   1.406525e-04   9.978122e-10   5160
  3.155671e-01   6.648730e-08   1.432039e-04   9.610174e-10   5316
  3.160521e-01   7.002203e-08   1.447892e-04   1.082799e-09   4896
  3.165249e-01   6.825630e-08   1.345344e-04   1.144141e-09   4188
  3.170014e-01   6.634668e-08   1.467406e-04   9.726201e-10   4836
  3.174880e-01   6.788513e-08   1.455680e-04   9.589307e-10   5316
  3.179808e-01   6.892176e-08   1.347408e-04   1.001571e-09   4920
  3.184417e-01   7.205653e-08   1.357413e-04   1.213255e-09   4128
  3.189362e-01   7.052969e-08   1.460260e-04   1.014587e-09   5348
  3.194229e-01   6.852291e-08   1.267067e-04   1.021243e-09   4836
  3.198876e-01   6.875574e-08   1.365306e-04   1.093865e-09   4392
  3.203882e-01   7.039844e-08   1.199532e-04   1.085375e-09   4632
  3.208388e-01   7.185533e-08   1.340287e-04   1.146706e-09   4596
  3.213563e-01   6.871717e-08   1.347844e-04   9.700573e-10   5424
  3.218683e-01   6.767543e-08   1.387362e-04   9.421643e-10   5256
  3.223958e-01   6.930548e-08   1.409032e-04   1.081764e-09   4524
  3.228350e-01   7.143439e-08   1.340268e-04   1.151808e-09   4440
  3.233270e-01   6.976449e-08   1.146101e-04   1.043846e-09   4380
  3.238085e-01   7.038011e-08   1.499870e-04   1.061531e-09   4812
  3.243210e-01   7.132842e-08   1.489725e-04   1.028706e-09   5376
  3.247896e-01   7.040155e-08   1.189892e-04   1.141824e-09   3888
  3.252385e-01   7.299744e-08   1.362564e-04   1.060201e-09   4896
  3.257395e-01   7.219652e-08   1.437728e-04   1.079967e-09   4608
  3.262654e-01   7.309683e-08   1.357127e-04   1.122627e-09   4448
  3.267232e-01   6.977601e-08   1.400926e-04   1.032320e-09   4752
  3.272056e-01   7.350594e-08   1.467382e-04   1.156107e-09   4356
  3.277129e-01   7.364887e-08   1.412082e-04   1.080657e-09   5232
  3.282173e-01   6.979269e-08   1.423025e-04   1.103619e-09   4548
  3.287063e-01   7.138149e-08   1.383360e-04   1.046154e-09   4608
  3.291837e-01   7.421848e-08   1.256671e-04   1.260890e-09   3936
  3.296343e-01   7.312098e-08   1.502088e-04   1.188138e-09   4260
  3.301407e-01   7.263892e-08   1.346643e-04   1.065024e-09   5004
  3.306038e-01   7.621635e-08   1.330711e-04   1.254572e-09   4224
  3.311115e-01   7.476501e-08   1.437697e-04   1.142144e-09   4788
  3.316047e-01   7.574689e-08   1.511985e-04   1.222289e-09   4428
  3.320852e-01   7.415783e-08   1.263467e-04   1.219713e-09   4080
  3.325477e-01   7.742825e-08   1.381486e-04   1.134056e-09   4632
  3.330347e-01   7.231639e-08   1.436640e-04   1.207530e-09   4056
  3.335467e-01   7.502051e-08   1.352621e-04   1.209759e-09   4536
  3.340144e-01   7.612355e-08   1.379585e-04   1.184333e-09   4668
  3.345266e-01   7.412880e-08   1.478669e-04   1.160584e-09   4604
  3.350255e-01   7.441275e-08   1.328598e-04   1.193796e-09   4152
  3.354859e-01   7.584991e-08   1.287622e-04   1.209048e-09   4224
  3.359739e-01   7.530591e-08   1.237953e-04   1.223454e-09   4152
  3.364615e-01   7.912402e-08   1.404246e-04   1.289650e-09   4224
  3.369356e-01   7.985588e-08   1.298644e-04   1.355866e-09   3960
  3.373922e-01   7.558369e-08   1.340119e-04   1.171356e-09   4656
  3.378910e-01   7.525533e-08   1.445961e-04   1.180570e-09   4452
  3.384025e-01   7.519527e-08   1.470057e-04   1.254680e-09   4056
  3.388784e-01   7.653062e-08   1.456648e-04   1.217900e-09   4212
  3.393606e-01   7.893860e-08   1.210536e-04   1.426727e-09   3432
  3.398492e-01   7.880664e-08   1.548628e-04   1.148913e-09   5352
  3.403267e-01   7.958640e-08   1.134185e-04   1.406615e-09   3600
  3.408466e-01   7.683164e-08   1.251027e-04   1.213114e-09   4584
  3.413005e-01   7.939348e-08   1.247343e-04   1.356168e-09   3768
  3.417680e-01   7.881258e-08   1.331557e-04   1.420216e-09   3848
  3.422347e-01   7.679666e-08   1.220886e-04   1.373065e-09   3720
  3.427639e-01   7.581902e-08   1.532392e-04   1.161082e-09   4764
  3.432311e-01   8.148013e-08   1.234001e-04   1.386504e-09   3864
  3.437109e-01   8.281594e-08   1.528459e-04   1.332484e-09   4332
  3.442342e-01   7.978047e-08   1.304937e-04   1.379396e-09   3792
  3.447018e-01   7.524840e-08   1.480185e-04   1.203019e-09   4284
  3.451974e-01   7.509216e-08   1.401572e-04   1.348385e-09   3840
  3.456664e-01   7.442000e-08   1.334113e-04   1.393454e-09   3480
  3.461427e-01   7.704032e-08   1.488614e-04   1.224662e-09   4380
  3.466576e-01   7.801274e-08   1.398292e-04   1.289659e-09   4200
  3.471635e-01   8.347780e-08   1.344014e-04   1.357419e-09   4056
  3.476333e-01   7.883224e-08   1.350788e-04   1.434363e-09   3600
  3.480735e-01   7.949472e-08   1.345848e-04   1.442088e-09   3492
  3.485878e-01   7.735251e-08   1.571647e-04   1.243809e-09   4500
  3.491126e-01   8.314200e-08   1.376975e-04   1.469708e-09   3516
  3.495636e-01   8.634219e-08   1.439500e-04   1.556526e-09   3968
  3.500690e-01   8.092529e-08   1.383484e-04   1.460186e-09   3648
  3.505165e-01   8.045159e-08   1.322992e-04   1.467406e-09   4224
  3.510237e-01   7.560088e-08   1.484940e-04   1.407031e-09   3588
  3.514997e-01   8.021240e-08   1.369683e-04   1.464749e-09   3456
  3.519786e-01   7.628490e-08   1.216448e-04   1.352235e-09   3660
  3.524735e-01   8.179831e-08   1.335194e-04   1.486706e-09   3768
  3.529347e-01   8.228288e-08   1.350276e-04   1.452464e-09   3744
  3.534301e-01   8.078455e-08   1.482149e-04   1.355042e-09   4176
  3.539572e-01   8.353099e-08   1.367120e-04   1.541919e-09   3612
  3.543928e-01   8.361694e-08   1.485682e-04   1.606060e-09   3216
  3.548913e-01   8.072370e-08   1.436402e-04   1.529557e-09   3624
  3.553925e-01   8.151931e-08   1.350690e-04   1.469209e-09   3744
  3.558768e-01   8.389283e-08   1.441176e-04   1.565743e-09   3672
  3.563547e-01   8.356275e-08   1.306896e-04   1.492622e-09   3852
  3.568482e-01   8.458501e-08   1.345097e-04   1.480774e-09   3672
  3.573731e-01   8.460497e-08   1.310574e-04   1.813966e-09   3248
  3.578115e-01   7.772409e-08   1.341465e-04   1.516585e-09   3336
  3.582900e-01   7.702421e-08   1.365492e-04   1.430167e-09   3576
  3.587793e-01   8.264749e-08   1.159180e-04   1.565816e-09   3336
  3.592778e-01   8.342747e-08   1.376902e-04   1.488492e-09   3936
  3.597697e-01   8.693437e-08   1.466440e-04   1.633433e-09   3408
  3.602575e-01   8.660089e-08   1.291957e-04   1.753007e-09   3336
  3.607316e-01   7.173759e-08   1.451163e-04   1.436715e-09   3312
  3.612054e-01   8.130732e-08   1.469319e-04   1.593249e-09   3432
  3.617101e-01   8.590911e-08   1.273841e-04   1.744323e-09   3144
  3.621706e-01   8.262267e-08   1.382881e-04   1.618291e-09   3456
  3.626887e-01   8.325181e-08   1.329107e-04   1.534018e-09   3792
  3.631568e-01   8.741384e-08   1.305556e-04   1.872709e-09   2868
  3.636625e-01   8.006301e-08   1.352551e-04   1.393963e-09   3888
  3.641351e-01   7.774558e-08   1.174435e-04   1.674972e-09   2784
  3.646004e-01   8.165746e-08   1.341238e-04   1.877889e-09   2964
  3.651086e-01   8.304938e-08   1.381212e-04   1.658948e-09   3432
  3.655924e-01   8.319939e-08   1.429694e-04   1.637611e-09   3416
  3.660820e-01   8.262301e-08   1.528218e-04   1.629359e-09   3528
  3.665830e-01   8.982515e-08   1.226504e-04   1.945682e-09   2904
  3.670262e-01   7.944971e-08   1.375270e-04   1.683571e-09   3072
  3.675416e-01   8.033156e-08   1.544586e-04   1.645383e-09   3216
  3.680569e-01   7.948507e-08   1.250951e-04   1.792881e-09   2844
  3.685093e-01   8.016778e-08   1.431483e-04   1.644292e-09   3432
  3.689737e-01   8.881717e-08   1.150574e-04   1.991362e-09   2880
  3.694925e-01   8.143520e-08   1.524100e-04   1.661464e-09   3576
  3.699812e-01   8.691195e-08   1.362332e-04   2.060666e-09   2700
  3.704492e-01   8.103788e-08   1.530237e-04   1.656274e-09   3000
  3.709392e-01   7.795023e-08   1.270553e-04   1.774420e-09   2556
  3.714151e-01   8.495531e-08   1.361780e-04   1.757385e-09   3360
  3.719070e-01   8.449363e-08   1.323185e-04   1.740569e-09   3120
  3.724371e-01   8.470465e-08   1.557809e-04   1.864845e-09   3216
  3.728935e-01   9.100734e-08   1.098680e-04   2.134300e-09   2628
  3.734065e-01   8.258301e-08   1.452297e-04   1.857447e-09   3200
  3.738745e-01   7.781574e-08   1.370102e-04   1.955590e-09   2232
  3.743471e-01   7.748942e-08   1.563929e-04   1.776800e-09   3108
  3.748177e-01   9.087545e-08   1.373821e-04   2.264265e-09   2604
  3.752991e-01   8.808168e-08   1.479994e-04   1.927716e-09   3096
  3.758288e-01   8.417462e-08   1.348469e-04   1.793949e-09   3084
  3.762884e-01   8.058497e-08   1.376092e-04   1.865406e-09   2664
  3.767621e-01   8.540725e-08   1.213497e-04   2.207700e-09   2232
  3.772262e-01   7.432672e-08   1.494845e-04   1.668773e-09   2808
  3.777344e-01   8.437961e-08   1.412112e-04   2.131276e-09   2592
  3.782089e-01   9.199558e-08   1.449703e-04   2.161087e-09   2952
  3.787074e-01   8.165982e-08   1.368697e-04   1.993177e-09   2772
  3.791921e-01   8.253200e-08   1.471948e-04   1.883294e-09   3036
  3.796993e-01   7.834302e-08   1.427797e-04   2.161869e-09   2136
  3.801616e-01   7.895781e-08   1.138671e-04   2.031996e-09   2496
  3.806364e-01   9.075761e-08   1.516625e-04   2.426632e-09   2228
  3.811316e-01   9.160450e-08   1.413981e-04   2.280348e-09   3048
  3.816243e-01   8.372793e-08   1.350676e-04   2.144644e-09   2676
  3.821140e-01   7.851930e-08   1.345571e-04   1.813870e-09   2784
  3.825820e-01   8.183356e-08   1.307225e-04   2.249789e-09   1920
  3.830514e-01   7.754405e-08   1.395126e-04   1.950868e-09   2400
  3.835600e-01   7.580692e-08   1.279618e-04   1.847461e-09   2532
  3.840860e-01   8.446848e-08   1.421350e-04   2.194753e-09   2544
  3.845592e-01   9.218296e-08   1.486925e-04   2.265859e-09   2772
  3.850254e-01   7.753272e-08   1.392746e-04   2.330778e-09   2160
  3.854884e-01   8.430384e-08   1.500120e-04   2.261222e-09   2304
  3.860241e-01   7.945522e-08   1.467945e-04   2.263196e-09   2328
  3.865043e-01   7.115235e-08   1.407449e-04   1.897555e-09   2304
  3.869492e-01   7.222809e-08   1.330938e-04   2.068440e-09   1908
  3.874552e-01   9.208304e-08   1.488569e-04   2.560570e-09   2736
  3.879425e-01   8.565880e-08   1.410418e-04   2.414490e-09   2448
  3.884609e-01   8.950778e-08   1.318665e-04   2.537981e-09   2040
  3.889299e-01   6.924992e-08   1.372999e-04   2.180051e-09   2120
  3.893809e-01   8.381196e-08   1.138355e-04   2.343308e-09   2040
  3.898664e-01   7.100330e-08   1.412334e-04   2.253315e-09   2208
  3.904158e-01   8.971266e-08   1.268062e-04   2.645973e-09   2208
  3.908608e-01   1.015690e-07   1.405255e-04   2.852411e-09   2196
  3.913207e-01   6.767971e-08   1.236152e-04   2.015468e-09   1848
  3.917886e-01   8.073102e-08   1.401960e-04   2.468357e-09   2124
  3.923120e-01   7.664192e-08   1.470626e-04   2.239946e-09   2328
  3.928231e-01   7.503777e-08   1.497225e-04   2.385775e-09   1920
  3.933200e-01   7.315346e-08   1.374435e-04   2.445466e-09   1548
  3.937619e-01   9.107306e-08   1.507712e-04   2.565064e-09   2388
  3.942832e-01   7.328229e-08   1.395210e-04   2.406948e-09   2160
  3.947606e-01   7.665658e-08   1.269906e-04   2.757350e-09   1704
  3.952179e-01   7.420895e-08   1.430661e-04   2.622906e-09   1776
  3.956506e-01   7.353869e-08   1.338203e-04   2.443146e-09   1800
  3.961977e-01   6.584209e-08   1.544832e-04   2.211991e-09   1700
  3.967087e-01   8.816914e-08   1.390936e-04   2.858697e-09   2292
  3.971846e-01   7.761417e-08   1.291201e-04   2.774099e-09   1704
  3.976337e-01   7.706872e-08   1.443780e-04   2.732074e-09   1728
  3.981255e-01   6.925024e-08   1.336251e-04   2.486159e-09   1728
  3.986075e-01   8.425395e-08   1.334994e-04   2.987874e-09   1680
  3.991202e-01   5.837582e-08   1.537953e-04   2.036159e-09   1704
  3.996310e-01   6.576717e-08   1.207753e-04   2.112728e-09   1752
  4.000877e-01   7.965685e-08   1.435789e-04   2.863256e-09   1872
  4.005817e-01   7.722469e-08   1.407232e-04   2.995322e-09   1500
  4.010829e-01   6.899039e-08   1.232237e-04   2.545424e-09   1656
  4.015697e-01   7.737178e-08   1.321192e-04   2.737431e-09   1464
  4.020023e-01   5.641539e-08   1.157232e-04   2.456563e-09   1488
  4.025329e-01   6.304608e-08   1.396693e-04   2.176001e-09   1680
  4.030178e-01   7.008800e-08   1.459194e-04   2.522807e-09   1692
  4.034716e-01   6.796039e-08   1.397252e-04   2.889541e-09   1128
  4.039751e-01   7.016687e-08   1.345433e-04   2.724638e-09   1536
  4.044663e-01   5.927263e-08   1.402479e-04   2.572644e-09   1616
  4.049637e-01   5.947122e-08   1.352429e-04   2.414861e-09   1476
  4.054650e-01   5.773729e-08   1.488381e-04   2.781738e-09   1176
  4.059124e-01   6.216769e-08   1.599107e-04   2.163415e-09   1656
  4.063997e-01   6.613662e-08   1.404668e-04   3.614098e-09   891
  4.069020e-01   5.590451e-08   1.497388e-04   1.950190e-09   1596
  4.073915e-01   5.481096e-08   1.305762e-04   2.369655e-09   1422
  4.078742e-01   5.452461e-08   1.252138e-04   2.240521e-09   1254
  4.083284e-01   4.678965e-08   1.279202e-04   1.961530e-09   918
  4.088148e-01   5.842147e-08   1.400009e-04   1.981288e-09   1614
  4.093049e-01   4.608836e-08   1.209347e-04   2.447670e-09   798
  4.097922e-01   4.564937e-08   1.550239e-04   1.734083e-09   1458
  4.102863e-01   5.121339e-08   1.419502e-04   1.841140e-09   1374
  4.107747e-01   4.234654e-08   1.212349e-04   1.967615e-09   984
  4.112591e-01   4.762322e-08   1.668024e-04   1.875360e-09   1062
  4.117525e-01   5.430161e-08   1.413965e-04   2.221054e-09   1246
  4.122317e-01   3.730662e-08   1.311095e-04   1.741203e-09   1072
  4.127436e-01   3.980680e-08   1.419832e-04   1.899042e-09   1110
  4.132166e-01   4.894330e-08   1.538182e-04   1.819505e-09   1254
  4.137139e-01   4.220832e-08   1.459816e-04   2.066804e-09   1032
  4.142557e-01   4.625900e-08   1.352509e-04   2.588711e-09   786
  4.146677e-01   4.616139e-08   1.386613e-04   1.814987e-09   1152
  4.151502e-01   3.829146e-08   1.511270e-04   1.628717e-09   1086
  4.156529e-01   2.937999e-08   1.363503e-04   1.108580e-09   912
  4.161175e-01   5.775471e-08   1.366785e-04   2.434732e-09   1062
  4.165917e-01   3.617291e-08   1.362355e-04   1.376816e-09   912
  4.171397e-01   3.038474e-08   1.520835e-04   1.416560e-09   750
  4.175668e-01   4.578708e-08   1.465336e-04   1.845106e-09   1200
  4.180611e-01   3.636864e-08   1.326977e-04   1.854101e-09   918
  4.185524e-01   3.152426e-08   1.377357e-04   1.366937e-09   876
  4.190517e-01   4.567253e-08   1.203534e-04   1.930352e-09   870
  4.194890e-01   3.906461e-08   1.403731e-04   1.742559e-09   768
  4.200015e-01   2.599269e-08   1.286594e-04   1.130813e-09   830
  4.204761e-01   3.711249e-08   1.332096e-04   1.594733e-09   1080
  4.209676e-01   3.495379e-08   1.498783e-04   1.563994e-09   840
  4.214632e-01   2.750539e-08   1.443163e-04   1.163853e-09   798
  4.220251e-01   4.590648e-08   1.145461e-04   2.267588e-09   792
  4.224609e-01   2.980852e-08   1.335978e-04   1.407560e-09   726
  4.229181e-01   2.402623e-08   1.497038e-04   8.145142e-10   864
  4.234189e-01   3.190025e-08   1.281430e-04   1.623136e-09   900
  4.239267e-01   2.547294e-08   1.424135e-04   1.000145e-09   726
  4.243623e-01   2.732705e-08   1.232527e-04   1.194096e-09   576
  4.249434e-01   3.112999e-08   1.282664e-04   1.478912e-09   840
  4.253523e-01   2.663817e-08   1.331485e-04   1.349918e-09   750
  4.258366e-01   2.444409e-08   1.335529e-04   1.089888e-09   720
  4.262936e-01   3.146264e-08   1.351090e-04   1.588286e-09   702
  4.268271e-01   2.795474e-08   1.475571e-04   1.263980e-09   696
  4.272662e-01   2.835955e-08   1.319621e-04   1.604597e-09   480
  4.277837e-01   2.755012e-08   1.250396e-04   1.299939e-09   830
  4.282419e-01   2.585841e-08   1.454616e-04   1.116866e-09   756
  4.287552e-01   2.629201e-08   1.396687e-04   1.294695e-09   624
  4.292083e-01   2.411632e-08   1.475796e-04   1.260854e-09   582
  4.297440e-01   2.953684e-08   1.132706e-04   1.651949e-09   576
  4.302073e-01   2.252527e-08   1.517064e-04   1.034776e-09   624
  4.306823e-01   2.544620e-08   1.238986e-04   1.230128e-09   702
  4.311525e-01   2.328298e-08   1.425165e-04   1.082898e-09   624
  4.317110e-01   2.590629e-08   1.378751e-04   1.199985e-09   672
  4.321659e-01   1.868472e-08   1.032125e-04   1.080124e-09   342
  4.326655e-01   2.455638e-08   1.290292e-04   1.395424e-09   660
  4.331249e-01   1.858735e-08   1.326364e-04   1.146525e-09   576
  4.335992e-01   2.088065e-08   1.289493e-04   1.211754e-09   600
  4.340787e-01   1.900880e-08   1.491476e-04   1.092514e-09   510
  4.346181e-01   2.315464e-08   1.397290e-04   1.139938e-09   600
  4.350341e-01   1.738115e-08   1.112888e-04   1.156308e-09   216
  4.355185e-01   1.902254e-08   1.354577e-04   8.696619e-10   758
  4.360833e-01   1.686748e-08   1.482975e-04   9.432070e-10   576
  4.365782e-01   2.086530e-08   1.259005e-04   1.015687e-09   528
  4.370248e-01   1.866522e-08   8.670054e-05   1.358781e-09   318
  4.375047e-01   2.235596e-08   1.497759e-04   1.091101e-09   540
  4.380721e-01   1.052626e-08   1.058893e-04   6.276174e-10   384
  4.384565e-01   1.912329e-08   1.463022e-04   1.043002e-09   576
  4.389570e-01   1.405533e-08   1.195560e-04   7.588435e-10   414
  4.394302e-01   1.967998e-08   1.335050e-04   1.087662e-09   504
  4.399357e-01   1.895948e-08   1.465573e-04   9.889083e-10   312
  4.404212e-01   1.775203e-08   1.327827e-04   1.196757e-09   414
  4.409029e-01   1.257419e-08   1.226699e-04   6.845257e-10   432
  4.413512e-01   1.503149e-08   1.624587e-04   8.252156e-10   504
  4.418701e-01   1.687066e-08   1.564660e-04   9.506327e-10   432
  4.423558e-01   1.509804e-08   1.281691e-04   8.201770e-10   354
  4.428506e-01   1.723352e-08   1.865017e-04   1.286242e-09   200
  4.432750e-01   1.256994e-08   1.323290e-04   7.337624e-10   480
  4.438485e-01   1.299764e-08   1.512148e-04   6.810567e-10   552
  4.443745e-01   1.317181e-08   9.419478e-05   8.934935e-10   366
  4.447799e-01   1.639595e-08   1.002751e-04   1.566889e-09   240
  4.452261e-01   1.644049e-08   1.401886e-04   9.003252e-10   288
  4.458541e-01   1.261333e-08   9.634579e-05   7.951137e-10   366
  4.462600e-01   9.986080e-09   1.562070e-04   5.553416e-10   408
  4.467132e-01   1.151276e-08   1.174273e-04   8.057001e-10   360
  4.471820e-01   1.268273e-08   1.094619e-04   7.536095e-10   324
  4.476367e-01   1.318383e-08   1.292780e-04   1.032257e-09   174
  4.481783e-01   1.179898e-08   1.485222e-04   8.379610e-10   264
  4.486867e-01   1.021999e-08   1.354596e-04   6.420353e-10   456
  4.491937e-01   1.063961e-08   1.362099e-04   6.633925e-10   360
  4.496105e-01   1.005267e-08   1.500483e-04   7.728315e-10   270
  4.501209e-01   1.293771e-08   1.641082e-04   9.819997e-10   240
  4.507604e-01   1.676459e-08   1.195905e-04   1.366879e-09   120
  4.510747e-01   5.433719e-09   1.248485e-04   3.356498e-10   320
  4.515822e-01   9.454205e-09   1.544785e-04   4.567343e-10   462
  4.521137e-01   9.709068e-09   8.987666e-05   5.840036e-10   276
  4.525754e-01   1.091866e-08   1.019637e-04   9.182987e-10   144
  4.530202e-01   1.434198e-08   1.070818e-04   1.437086e-09   120
  4.536115e-01   6.418445e-09   8.108908e-05   3.555194e-10   294
  4.540583e-01   8.173007e-09   1.438563e-04   5.065160e-10   384
  4.544753e-01   7.224245e-09   9.523196e-05   4.662066e-10   216
  4.548743e-01   1.176265e-08   8.843896e-05   9.540831e-10   168
  4.553251e-01   9.673924e-09   1.052282e-04   9.664991e-10   102
  4.559768e-01   7.447038e-09   1.596520e-04   6.293942e-10   168
  4.564337e-01   7.017421e-09   1.397340e-04   4.062922e-10   384
  4.569346e-01   8.173053e-09   1.419732e-04   6.750429e-10   300
  4.574008e-01   8.495912e-09   1.520225e-04   5.925450e-10   144
  4.579263e-01   9.471046e-09   1.556925e-04   9.509156e-10   102
  4.585568e-01   1.040835e-08   3.685588e-05   1.287198e-09   56
  4.588590e-01   4.616924e-09   1.199932e-04   2.958928e-10   288
  4.593328e-01   5.804040e-09   1.561557e-04   2.704144e-10   360
  4.598487e-01   5.942283e-09   8.376686e-05   4.485610e-10   126
  4.602834e-01   6.009370e-09   4.125612e-05   6.724907e-10   72
  4.607572e-01   9.978341e-09   2.185755e-05   1.169357e-09   48
  4.613754e-01   4.012053e-09   8.842417e-05   3.031915e-10   240
  4.617816e-01   5.893948e-09   1.311982e-04   3.379723e-10   306
  4.621975e-01   6.638461e-09   7.291699e-05   6.037458e-10   120
  4.626766e-01   8.770245e-09   1.794585e-04   9.755351e-10   96
  4.630248e-01   1.072725e-08   0.000000e+00   1.286054e-09   24
  4.638071e-01   3.493796e-09   1.554065e-04   3.728063e-10   120
  4.641905e-01   4.009690e-09   1.343981e-04   2.405923e-10   318
  4.646594e-01   6.050976e-09   1.436227e-04   3.766254e-10   168
  4.651731e-01   7.787262e-09   1.541232e-04   7.309421e-10   72
  4.657357e-01   5.513881e-09   0.000000e+00   7.432833e-10   24
  4.663408e-01   5.371273e-09   7.481195e-05   1.419697e-09   14
  4.666286e-01   2.926689e-09   1.179951e-04   1.658892e-10   288
  4.670757e-01   4.018189e-09   1.419546e-04   3.162613e-10   204
  4.675916e-01   7.035598e-09   2.153808e-05   9.134001e-10   48
  4.680007e-01   1.240169e-08   0.000000e+00   2.409262e-09   24
  4.684739e-01   5.835038e-09   0.000000e+00   1.269010e-09   6
  4.691541e-01   2.413656e-09   8.821950e-05   1.790374e-10   216
  4.695046e-01   3.891606e-09   1.174842e-04   2.797368e-10   192
  4.699334e-01   3.192297e-09   2.143075e-05   5.737368e-10   48
  4.703832e-01   8.239203e-09   1.712353e-04   1.061637e-09   30
  4.716555e-01   2.455413e-09   3.540978e-05   2.357114e-10   96
  4.719167e-01   2.407407e-09   1.160286e-04   1.470231e-10   228
  4.724128e-01   4.827985e-09   1.517284e-04   6.041709e-10   72
  4.730094e-01   5.382983e-09   0.000000e+00   1.979117e-09   6
  4.743680e-01   2.390830e-09   1.145631e-04   1.515868e-10   248
  4.748016e-01   2.885402e-09   1.311235e-04   3.296360e-10   72
  4.753245e-01   2.902726e-09   7.266090e-09   8.232797e-10   6
  4.769053e-01   1.629272e-09   8.141014e-05   1.173350e-10   180
  4.772205e-01   2.694515e-09   1.107713e-04   2.659065e-10   72
  4.776705e-01   1.824815e-09   0.000000e+00   6.133526e-10   6
  4.794278e-01   1.365803e-09   3.483570e-05   1.494143e-10   96
  4.796378e-01   1.659423e-09   9.563861e-05   1.566920e-10   96
  4.800471e-01   8.101080e-09   0.000000e+00   3.999595e-10   6
  4.820778e-01   1.173232e-09   9.153355e-05   9.140490e-11   140
  4.824537e-01   1.422982e-09   0.000000e+00   2.637808e-10   6
  4.846301e-01   1.077613e-09   6.146888e-05   1.271849e-10   96
  4.848898e-01   1.749003e-09   0.000000e+00   3.636196e-10   6
  4.871898e-01   8.850731e-10   3.697860e-05   1.067980e-10   60
  4.873552e-01   1.019064e-09   0.000000e+00   3.044291e-10   6
  4.897713e-01   3.952034e-10   3.748867e-05   5.918113e-11   38
  4.923442e-01   3.664790e-10   1.928513e-05   9.008672e-11   18
  4.949217e-01   7.874421e-11   7.266090e-09   2.446265e-11   6
