# power spectrum of zeta (dimensionless)
# redshift z=96.079122
# k              Pk             sigma(k)       sigma(Pk)      count
  4.487990e-03   3.838452e-21   0.000000e+00   1.036807e-21   6
  6.346976e-03   3.057584e-21   0.000000e+00   3.358457e-22   12
  7.773426e-03   9.544296e-21   8.514949e-11   4.237202e-21   8
  8.975979e-03   9.039126e-20   0.000000e+00   2.091078e-20   6
  1.003545e-02   1.581684e-20   1.605594e-10   3.686805e-21   24
  1.099328e-02   2.880756e-20   1.605594e-10   5.086464e-21   24
  1.269395e-02   2.167721e-20   0.000000e+00   3.725543e-21   12
  1.346397e-02   6.416596e-20   1.816523e-10   1.812436e-20   30
  1.419227e-02   2.094633e-20   0.000000e+00   3.732000e-21   24
  1.488498e-02   4.063166e-20   2.780971e-10   1.010576e-20   24
  1.554685e-02   1.632240e-20   1.702990e-10   5.719204e-21   8
  1.618168e-02   3.877252e-20   2.270653e-10   6.030289e-21   24
  1.679252e-02   5.342525e-20   0.000000e+00   6.661324e-21   48
  1.795196e-02   2.370836e-18   0.000000e+00   7.559498e-19   6
  1.850445e-02   2.581250e-20   2.270653e-10   3.877465e-21   48
  1.904093e-02   4.918194e-20   2.140792e-10   5.942292e-21   36
  1.956269e-02   7.318260e-20   2.270653e-10   1.323600e-20   24
  2.007090e-02   2.976710e-20   3.211188e-10   7.002278e-21   24
  2.056655e-02   4.774155e-20   0.000000e+00   5.156011e-21   48
  2.105054e-02   6.249263e-20   3.211188e-10   1.015144e-20   24
  2.198657e-02   4.368067e-20   3.211188e-10   6.678716e-21   24
  2.243995e-02   1.137915e-19   0.000000e+00   4.644987e-20   30
  2.288435e-02   7.407954e-20   0.000000e+00   7.709234e-21   72
  2.332028e-02   1.065038e-19   3.405980e-10   1.721429e-20   32
  2.416856e-02   6.634197e-20   0.000000e+00   6.358540e-21   72
  2.458173e-02   8.527590e-20   0.000000e+00   1.230995e-20   48
  2.538790e-02   3.755793e-20   0.000000e+00   8.987543e-21   12
  2.597539e-02   7.653074e-20   1.938570e-04   9.236429e-21   96
  2.655130e-02   8.774677e-20   3.211188e-10   1.074733e-20   48
  2.692794e-02   4.330219e-19   3.633045e-10   1.970378e-19   30
  2.757421e-02   8.032770e-20   1.586779e-04   8.455608e-21   96
  2.838454e-02   7.149888e-20   0.000000e+00   1.632790e-20   24
  2.885327e-02   9.893341e-20   1.642099e-04   7.891187e-21   144
  2.942972e-02   9.086884e-20   5.561942e-10   2.181591e-20   24
  3.002225e-02   5.484618e-20   1.456630e-04   4.940374e-21   96
  3.043903e-02   1.120471e-19   0.000000e+00   1.520798e-20   48
  3.137435e-02   1.889888e-19   1.080207e-04   7.547311e-20   62
  3.184971e-02   9.020626e-20   1.519035e-04   8.114834e-21   132
  3.236335e-02   6.072338e-20   4.541306e-10   9.677895e-21   24
  3.284837e-02   1.129703e-19   1.518246e-04   8.983822e-21   168
  3.373431e-02   7.564847e-20   1.492698e-04   6.913058e-21   96
  3.439955e-02   9.540242e-20   1.270423e-04   1.000530e-20   96
  3.521583e-02   5.550157e-20   1.416056e-04   4.531994e-21   168
  3.590392e-02   1.926813e-17   0.000000e+00   6.999879e-18   6
  3.618333e-02   9.005285e-20   0.000000e+00   7.098767e-21   96
  3.651563e-02   1.197065e-19   1.100713e-04   1.274615e-20   120
  3.718966e-02   1.369239e-19   1.278125e-04   1.252761e-20   144
  3.754921e-02   5.469508e-20   0.000000e+00   8.419201e-21   48
  3.823245e-02   7.776735e-20   1.304211e-04   6.091919e-21   84
  3.860715e-02   8.480860e-20   8.899106e-10   7.185999e-21   120
  3.894461e-02   7.880931e-20   1.183479e-04   6.881066e-21   80
  3.946692e-02   7.566701e-20   1.201620e-04   7.252769e-21   144
  4.014180e-02   1.174412e-19   6.422377e-10   2.506012e-20   24
  4.047145e-02   1.956161e-19   1.159510e-04   5.807193e-20   150
  4.098576e-02   1.076613e-19   1.203057e-04   1.944718e-20   120
  4.155056e-02   1.587638e-19   1.096333e-04   1.648277e-20   168
  4.210107e-02   7.814072e-20   6.422377e-10   1.129011e-20   24
  4.244743e-02   7.872508e-20   1.181082e-04   5.788171e-21   264
  4.281269e-02   2.425226e-19   6.422377e-10   3.212679e-20   48
  4.343532e-02   1.000097e-19   1.093985e-04   8.974693e-21   144
  4.412543e-02   8.579389e-20   1.076845e-04   1.110824e-20   72
  4.451927e-02   8.561727e-20   1.107671e-04   9.043324e-21   180
  4.506982e-02   4.142730e-19   8.025835e-05   1.565768e-19   198
  4.532647e-02   1.925333e-19   0.000000e+00   3.117517e-20   48
  4.589413e-02   2.507688e-19   1.086319e-04   2.704835e-20   168
  4.631540e-02   9.843679e-20   1.087222e-04   7.563714e-21   144
  4.695270e-02   1.391169e-19   1.527607e-04   1.482530e-20   248
  4.781330e-02   8.565481e-20   1.053161e-04   6.569831e-21   192
  4.839932e-02   1.052237e-19   1.626762e-04   9.023615e-21   240
  4.875204e-02   9.095916e-20   0.000000e+00   1.254175e-20   72
  4.929001e-02   2.874411e-19   9.927197e-05   1.239048e-19   126
  4.962939e-02   1.574314e-19   9.159181e-05   2.568556e-20   168
  5.027740e-02   1.892277e-19   1.001546e-04   1.824801e-20   288
  5.095853e-02   1.054545e-19   5.274950e-05   1.143077e-20   156
  5.131126e-02   1.441511e-19   8.873998e-05   1.558678e-20   168
  5.184617e-02   9.930788e-20   1.521290e-04   7.878808e-21   264
  5.233850e-02   6.123053e-20   0.000000e+00   8.937168e-21   48
  5.270435e-02   1.232529e-19   1.514052e-04   1.071182e-20   264
  5.322882e-02   9.789670e-20   8.924381e-05   1.055368e-20   144
  5.362492e-02   4.847457e-18   1.825884e-04   2.530888e-18   78
  5.420192e-02   1.668113e-19   1.186900e-04   1.572751e-20   336
  5.474604e-02   2.175155e-19   9.030373e-05   2.624495e-20   200
  5.510338e-02   9.987077e-20   1.768159e-04   7.827899e-21   192
  5.558581e-02   1.439146e-19   8.873069e-05   1.457742e-20   240
  5.602902e-02   1.493088e-19   1.778215e-04   2.167530e-20   168
  5.648434e-02   1.232868e-19   1.423690e-04   2.066307e-20   120
  5.703118e-02   9.713316e-20   1.112738e-04   8.660088e-21   324
  5.756179e-02   7.892461e-20   8.748012e-05   7.741940e-21   192
  5.792293e-02   4.897812e-20   1.568908e-04   4.035547e-21   168
  5.853721e-02   3.113617e-19   1.292197e-04   7.929540e-20   342
  5.909109e-02   2.439814e-19   1.040479e-04   2.410646e-20   336
  5.965251e-02   1.907593e-19   7.962394e-05   2.503245e-20   72
  6.003109e-02   1.668166e-19   1.273478e-04   1.881059e-20   288
  6.047058e-02   1.146364e-19   8.293768e-05   1.384544e-20   264
  6.108439e-02   1.077856e-19   1.090835e-04   6.977215e-21   384
  6.163419e-02   1.271670e-19   1.309286e-04   1.661480e-20   240
  6.186267e-02   5.389640e-20   0.000000e+00   8.322306e-21   48
  6.252352e-02   1.113739e-19   1.071736e-04   7.822098e-21   392
  6.302771e-02   7.418412e-19   1.176177e-04   2.634282e-19   294
  6.356985e-02   3.902950e-19   7.644534e-05   4.918946e-20   228
  6.392640e-02   9.706292e-20   1.160935e-04   7.810379e-21   216
  6.437004e-02   2.156675e-19   7.071608e-05   2.666921e-20   336
  6.491309e-02   1.014737e-19   8.402231e-05   8.705339e-21   360
  6.536140e-02   1.843603e-19   1.280140e-04   1.988626e-20   240
  6.582853e-02   1.540927e-19   1.514699e-04   1.556779e-20   168
  6.626426e-02   6.430963e-20   1.192252e-04   3.934454e-21   312
  6.678338e-02   1.042210e-19   7.461529e-05   7.359342e-21   336
  6.734419e-02   3.453181e-19   1.017891e-04   1.345156e-19   294
  6.776702e-02   2.659365e-19   1.356641e-04   4.372554e-20   288
  6.809058e-02   2.892532e-19   8.488954e-05   4.012243e-20   264
  6.866755e-02   1.901858e-19   1.458184e-04   1.572464e-20   480
  6.914996e-02   1.330415e-19   7.133389e-05   1.607078e-20   240
  6.974139e-02   1.642698e-19   7.213111e-05   1.582563e-20   276
  7.020800e-02   1.299723e-19   1.583420e-04   1.352413e-20   488
  7.076234e-02   6.997939e-20   6.973720e-05   4.771456e-21   240
  7.108411e-02   1.379858e-19   1.354117e-04   1.056645e-20   360
  7.153530e-02   4.201098e-18   4.817743e-05   2.192866e-18   198
  7.211554e-02   2.378334e-19   1.627935e-04   2.530301e-20   480
  7.254038e-02   2.991049e-19   6.008787e-05   3.641410e-20   288
  7.312796e-02   1.824209e-19   1.270121e-04   1.776312e-20   480
  7.365633e-02   1.179883e-19   7.825550e-05   1.389214e-20   480
  7.419894e-02   2.225392e-19   1.012105e-04   2.759800e-20   288
  7.453749e-02   1.328721e-19   1.079729e-04   1.087279e-20   288
  7.506996e-02   1.078451e-19   1.877112e-04   9.002417e-21   456
  7.560610e-02   1.356637e-19   1.767802e-04   1.135122e-20   360
  7.595177e-02   1.098014e-19   1.059672e-04   1.109499e-20   180
  7.645202e-02   3.605941e-19   1.154112e-04   1.102557e-19   486
  7.695907e-02   3.043976e-19   1.535340e-04   3.262733e-20   504
  7.747462e-02   2.445650e-19   1.192882e-04   2.479166e-20   456
  7.790209e-02   1.580979e-19   9.910745e-05   2.106901e-20   296
  7.846686e-02   1.542129e-19   9.779604e-05   1.285604e-20   528
  7.889160e-02   1.521404e-19   9.649931e-05   1.749229e-20   336
  7.951717e-02   1.342304e-19   1.070358e-04   9.522349e-21   600
  7.997507e-02   9.846877e-20   6.270729e-05   7.492367e-21   264
  8.043396e-02   9.607796e-20   6.781049e-05   7.610399e-21   360
  8.090234e-02   6.924945e-19   1.357633e-04   2.425715e-19   630
  8.141847e-02   4.190675e-19   7.007974e-05   5.197998e-20   432
  8.187631e-02   3.330941e-19   1.350259e-04   4.460582e-20   408
  8.243827e-02   1.573681e-19   8.962194e-05   1.999044e-20   324
  8.285635e-02   1.743121e-19   1.277222e-04   1.396306e-20   744
  8.336064e-02   9.944972e-20   1.021054e-04   9.908072e-21   336
  8.384245e-02   1.184261e-19   1.403689e-04   7.877139e-21   528
  8.437080e-02   1.140339e-19   7.162045e-05   9.835862e-21   408
  8.472109e-02   1.095620e-19   1.218981e-04   9.141966e-21   408
  8.529988e-02   4.181046e-19   1.006308e-04   1.539979e-19   470
  8.572148e-02   4.863539e-19   1.208902e-04   5.667546e-20   528
  8.631019e-02   2.371279e-19   1.007343e-04   2.394647e-20   624
  8.674381e-02   1.616962e-19   7.664930e-05   1.594422e-20   504
  8.719116e-02   2.112306e-19   1.067668e-04   2.292895e-20   552
  8.763489e-02   1.602027e-19   5.190111e-05   2.020745e-20   336
  8.819051e-02   1.702958e-19   1.104770e-04   1.341233e-20   528
  8.862093e-02   1.006034e-19   1.257802e-04   6.506540e-21   564
  8.912507e-02   1.050750e-19   1.157674e-04   9.413736e-21   528
  8.967166e-02   2.663982e-18   1.797324e-04   1.353383e-18   582
  9.016871e-02   4.167069e-19   1.383668e-04   4.551902e-20   624
  9.060342e-02   1.928131e-19   1.581799e-04   2.121909e-20   432
  9.112208e-02   2.409673e-19   1.759475e-04   2.261432e-20   816
  9.165576e-02   3.472758e-19   8.018898e-05   4.944856e-20   312
  9.200488e-02   1.010695e-19   1.299641e-04   1.029559e-20   552
  9.256787e-02   1.716198e-19   8.185444e-05   1.231177e-20   744
  9.297574e-02   1.144492e-19   7.646869e-05   1.145507e-20   408
  9.350218e-02   1.139245e-19   1.095830e-04   7.080548e-21   632
  9.404906e-02   3.088339e-19   1.860997e-04   1.191509e-19   750
  9.449396e-02   5.946388e-19   1.280227e-04   9.436374e-20   312
  9.498974e-02   3.012956e-19   1.890077e-04   3.437221e-20   876
  9.548011e-02   3.356410e-19   1.234108e-04   3.734822e-20   552
  9.603265e-02   1.708550e-19   1.020603e-04   1.675811e-20   696
  9.640905e-02   1.374702e-19   1.126552e-04   1.670694e-20   576
  9.692128e-02   2.255328e-19   1.192748e-04   1.661002e-20   576
  9.735848e-02   1.185462e-19   1.598285e-04   8.094931e-21   648
  9.788685e-02   1.117989e-19   1.599783e-04   7.014051e-21   672
  9.847019e-02   1.137761e-19   6.785687e-05   8.742888e-21   480
  9.884355e-02   9.880636e-19   1.050846e-04   3.570183e-19   726
  9.932431e-02   4.255073e-19   1.190745e-04   5.206517e-20   792
  9.984502e-02   3.694429e-19   1.651878e-04   4.484989e-20   768
  1.003938e-01   2.601291e-19   1.350017e-04   2.648643e-20   672
  1.008970e-01   1.293104e-19   9.055629e-05   9.828002e-21   608
  1.012613e-01   1.639016e-19   8.693679e-05   1.209158e-20   624
  1.017809e-01   1.422013e-19   1.129736e-04   1.200421e-20   684
  1.022864e-01   1.288148e-19   1.668752e-04   9.437657e-21   768
  1.027568e-01   1.055729e-19   1.334155e-04   5.658771e-21   744
  1.033173e-01   5.465667e-19   8.400635e-05   1.647865e-19   750
  1.037259e-01   5.562966e-19   1.248642e-04   7.028291e-20   600
  1.041677e-01   3.544164e-19   1.325833e-04   3.998158e-20   600
  1.047135e-01   2.145150e-19   1.527941e-04   1.872958e-20   1008
  1.051470e-01   2.329003e-19   8.474486e-05   2.733042e-20   696
  1.056273e-01   2.237500e-19   1.119517e-04   1.821437e-20   624
  1.061102e-01   1.244508e-19   1.742111e-04   1.045833e-20   840
  1.066588e-01   1.334787e-19   1.185366e-04   1.039062e-20   816
  1.071038e-01   1.000862e-19   7.873478e-05   5.709936e-21   744
  1.075531e-01   4.591636e-18   1.391901e-04   2.375311e-18   510
  1.080960e-01   4.726011e-19   1.336339e-04   4.649417e-20   1020
  1.086012e-01   2.580241e-19   1.078294e-04   2.762217e-20   912
  1.090992e-01   3.542359e-19   1.597552e-04   4.206351e-20   752
  1.095110e-01   1.571546e-19   1.325595e-04   1.364730e-20   888
  1.100730e-01   2.265801e-19   8.554013e-05   1.878094e-20   768
  1.105327e-01   1.531080e-19   1.554339e-04   1.374029e-20   720
  1.110617e-01   1.370879e-19   1.370195e-04   7.575929e-21   1056
  1.115309e-01   1.656909e-19   9.479589e-05   1.397215e-20   504
  1.119154e-01   3.499453e-19   1.480257e-04   1.723615e-19   774
  1.124652e-01   4.664060e-19   1.423615e-04   4.995331e-20   1272
  1.129816e-01   3.940348e-19   9.326921e-05   4.727851e-20   744
  1.134632e-01   2.482337e-19   1.523027e-04   2.792666e-20   768
  1.139050e-01   2.637538e-19   1.288282e-04   2.538110e-20   840
  1.144011e-01   2.109448e-19   8.734207e-05   1.776204e-20   924
  1.148789e-01   1.340302e-19   1.539839e-04   9.028924e-21   936
  1.153484e-01   1.345047e-19   1.070130e-04   8.706896e-21   840
  1.158214e-01   1.099615e-19   1.272259e-04   7.597732e-21   1008
  1.164225e-01   1.145789e-19   1.436262e-04   7.746802e-21   696
  1.167996e-01   1.217590e-18   1.276589e-04   3.845866e-19   974
  1.173599e-01   5.856923e-19   1.695459e-04   6.842537e-20   1152
  1.178471e-01   1.751489e-19   6.634378e-05   1.972768e-20   816
  1.182260e-01   3.714394e-19   1.459488e-04   3.443645e-20   816
  1.187357e-01   1.699943e-19   1.288794e-04   1.133661e-20   1152
  1.192732e-01   1.626780e-19   1.160356e-04   1.383520e-20   912
  1.197621e-01   1.631757e-19   1.409833e-04   1.148192e-20   1056
  1.201806e-01   1.268198e-19   1.205660e-04   9.498404e-21   624
  1.207435e-01   1.316566e-19   1.506027e-04   8.775116e-21   1260
  1.212292e-01   6.739798e-19   9.083716e-05   1.900100e-19   894
  1.217037e-01   5.340339e-19   1.556364e-04   5.769503e-20   1176
  1.221783e-01   3.882365e-19   1.288208e-04   3.935487e-20   840
  1.227186e-01   2.761964e-19   1.464236e-04   2.540634e-20   1440
  1.232859e-01   2.396087e-19   8.232021e-05   1.955664e-20   864
  1.237160e-01   1.638092e-19   1.412655e-04   1.269307e-20   1056
  1.241441e-01   2.099993e-19   8.328830e-05   2.151028e-20   624
  1.246641e-01   1.113938e-19   1.542356e-04   5.638357e-21   1496
  1.251612e-01   1.157380e-19   1.088958e-04   6.984809e-21   936
  1.256039e-01   3.578310e-18   1.576468e-04   1.718746e-18   966
  1.260801e-01   5.196218e-19   1.117465e-04   5.970244e-20   936
  1.265804e-01   3.756596e-19   1.382244e-04   3.760865e-20   1248
  1.270926e-01   3.507365e-19   9.744205e-05   3.915276e-20   1044
  1.275698e-01   1.893675e-19   1.509409e-04   1.576848e-20   1392
  1.279478e-01   2.705745e-19   1.162549e-04   2.470744e-20   600
  1.284885e-01   1.428547e-19   1.320778e-04   9.236598e-21   1416
  1.289955e-01   1.589525e-19   1.421656e-04   9.888306e-21   1152
  1.295092e-01   1.302481e-19   1.363856e-04   7.668682e-21   936
  1.299230e-01   4.451260e-19   1.462802e-04   2.079739e-19   870
  1.304147e-01   5.873904e-19   1.226502e-04   6.729451e-20   1368
  1.309604e-01   3.781078e-19   1.612530e-04   3.569161e-20   1632
  1.314267e-01   3.263665e-19   7.000699e-05   2.908502e-20   816
  1.319315e-01   2.381557e-19   1.597143e-04   2.315183e-20   1200
  1.323720e-01   2.255446e-19   1.527057e-04   1.877781e-20   1184
  1.328194e-01   1.747642e-19   1.158936e-04   1.078004e-20   984
  1.333683e-01   1.366118e-19   1.414942e-04   8.413078e-21   1572
  1.338659e-01   1.326954e-19   7.792333e-05   8.113710e-21   840
  1.343297e-01   1.322500e-19   1.812138e-04   7.547659e-21   1392
  1.348193e-01   1.691678e-18   1.330470e-04   4.267812e-19   1158
  1.352564e-01   4.432737e-19   1.211496e-04   6.101700e-20   1272
  1.357826e-01   3.714310e-19   1.234623e-04   3.344090e-20   1320
  1.362769e-01   2.267355e-19   1.208065e-04   1.883138e-20   1104
  1.367472e-01   1.976632e-19   1.367360e-04   1.561913e-20   1392
  1.372408e-01   2.047316e-19   1.478938e-04   1.585843e-20   1296
  1.377492e-01   1.592811e-19   1.544255e-04   1.152070e-20   1392
  1.382262e-01   1.308393e-19   1.132835e-04   9.940235e-21   1104
  1.386675e-01   1.364337e-19   1.426913e-04   8.112927e-21   1320
  1.392961e-01   7.429266e-19   1.089713e-04   1.616958e-19   1422
  1.396977e-01   7.116135e-19   1.357176e-04   7.112312e-20   1212
  1.401589e-01   3.342463e-19   1.483027e-04   3.248191e-20   1280
  1.406327e-01   2.817657e-19   1.544235e-04   3.299553e-20   1272
  1.410869e-01   2.492802e-19   1.336382e-04   1.749057e-20   1680
  1.416252e-01   2.232476e-19   1.262633e-04   2.029766e-20   1152
  1.421207e-01   1.536462e-19   1.462174e-04   8.386038e-21   1512
  1.426417e-01   1.389364e-19   6.173239e-05   9.423557e-21   912
  1.430535e-01   1.432144e-19   1.556147e-04   1.143562e-20   1680
  1.436012e-01   2.918351e-18   1.378563e-04   1.378011e-18   1518
  1.440071e-01   6.558146e-19   1.276288e-04   7.470467e-20   1056
  1.444347e-01   4.366250e-19   1.288698e-04   4.726303e-20   1344
  1.449875e-01   2.926519e-19   1.383780e-04   3.162586e-20   1680
  1.454876e-01   2.779675e-19   1.363571e-04   2.191207e-20   1656
  1.460341e-01   2.664146e-19   1.159057e-04   2.024161e-20   1140
  1.464444e-01   1.551502e-19   1.342100e-04   1.117116e-20   1368
  1.469271e-01   1.483177e-19   1.526647e-04   7.935815e-21   1656
  1.474179e-01   1.587647e-19   1.563614e-04   1.170921e-20   1448
  1.479520e-01   4.466166e-19   1.468912e-04   1.602327e-19   1422
  1.484453e-01   6.920692e-19   1.621619e-04   8.138590e-20   1512
  1.488673e-01   5.219307e-19   1.236275e-04   6.183513e-20   1296
  1.493554e-01   3.176037e-19   1.128801e-04   2.486328e-20   1824
  1.498832e-01   3.284198e-19   1.463660e-04   2.630284e-20   1464
  1.504163e-01   1.708127e-19   1.306107e-04   1.047465e-20   1824
  1.509111e-01   1.758296e-19   1.038421e-04   1.253288e-20   1416
  1.513416e-01   1.513080e-19   1.521007e-04   9.093091e-21   1392
  1.518062e-01   1.531118e-19   1.403562e-04   9.851788e-21   1464
  1.523732e-01   1.377921e-19   1.372200e-04   6.888649e-21   1524
  1.528113e-01   1.507804e-18   1.264504e-04   3.526551e-19   1686
  1.533176e-01   4.970759e-19   1.505644e-04   6.148743e-20   1800
  1.537528e-01   4.252051e-19   1.195338e-04   3.907572e-20   1344
  1.542356e-01   2.807574e-19   1.394596e-04   2.186337e-20   1656
  1.547196e-01   1.977332e-19   1.113514e-04   1.512431e-20   1488
  1.551402e-01   2.247953e-19   1.111701e-04   1.592087e-20   1536
  1.557262e-01   1.683050e-19   1.234973e-04   1.308919e-20   1760
  1.561802e-01   1.407513e-19   1.373667e-04   8.790110e-21   1824
  1.567053e-01   1.417554e-19   1.152763e-04   8.757900e-21   1560
  1.572105e-01   9.550850e-19   1.324056e-04   1.491149e-19   1926
  1.576857e-01   4.887547e-19   9.415777e-05   5.444115e-20   1272
  1.581194e-01   4.987247e-19   1.582320e-04   4.151337e-20   1848
  1.586895e-01   2.417734e-19   1.278379e-04   1.788272e-20   1908
  1.591231e-01   2.704651e-19   1.246890e-04   2.298090e-20   1488
  1.595806e-01   1.883532e-19   1.406224e-04   1.529082e-20   1800
  1.600766e-01   1.602993e-19   1.407610e-04   8.796186e-21   1752
  1.605517e-01   2.088980e-19   1.496769e-04   2.003722e-20   1368
  1.610272e-01   1.366576e-19   1.406675e-04   8.453499e-21   2016
  1.615501e-01   3.292769e-18   1.485794e-04   1.551136e-18   1542
  1.620327e-01   6.022152e-19   1.454994e-04   5.493764e-20   2184
  1.625669e-01   4.503708e-19   1.330990e-04   5.044617e-20   1776
  1.630283e-01   3.588531e-19   1.521522e-04   3.244985e-20   1568
  1.634682e-01   2.440597e-19   1.390081e-04   1.877008e-20   2040
  1.639468e-01   2.469778e-19   1.486121e-04   1.586428e-20   1704
  1.644478e-01   1.848384e-19   1.489728e-04   1.212458e-20   1512
  1.649202e-01   1.709891e-19   1.270742e-04   1.142298e-20   2028
  1.654509e-01   1.439039e-19   1.532841e-04   7.797445e-21   1968
  1.659362e-01   4.096150e-19   1.554838e-04   1.370980e-19   1854
  1.664110e-01   8.970842e-19   1.482240e-04   1.007276e-19   1632
  1.668977e-01   4.268908e-19   1.523128e-04   3.766166e-20   2424
  1.674021e-01   3.884649e-19   1.524713e-04   3.534243e-20   1560
  1.678285e-01   3.173918e-19   1.440852e-04   2.689428e-20   1728
  1.683437e-01   2.386821e-19   1.538043e-04   1.478720e-20   2088
  1.688623e-01   1.618723e-19   1.464052e-04   9.203390e-21   1968
  1.693394e-01   1.590729e-19   1.449552e-04   9.682483e-21   2256
  1.698178e-01   1.396205e-19   1.288813e-04   8.017051e-21   1728
  1.703172e-01   1.630797e-19   1.270494e-04   9.762971e-21   1416
  1.707596e-01   1.387181e-18   1.339356e-04   2.995809e-19   2246
  1.712606e-01   5.695752e-19   1.483321e-04   6.772470e-20   2148
  1.717398e-01   3.668647e-19   1.252967e-04   3.782987e-20   1680
  1.721909e-01   3.310880e-19   1.584012e-04   2.345488e-20   2280
  1.727331e-01   2.712422e-19   1.475065e-04   1.811554e-20   2352
  1.732395e-01   1.758235e-19   1.239422e-04   1.582780e-20   1632
  1.736402e-01   2.006396e-19   1.418228e-04   1.314608e-20   1968
  1.741900e-01   1.600420e-19   1.455103e-04   1.036220e-20   2112
  1.746998e-01   1.339788e-19   1.093039e-04   5.465390e-21   2208
  1.751952e-01   1.119202e-18   1.102112e-04   1.636163e-19   1974
  1.755862e-01   5.610683e-19   1.078165e-04   4.934700e-20   1944
  1.761144e-01   4.367606e-19   1.219820e-04   4.213773e-20   2160
  1.765722e-01   3.502452e-19   1.140807e-04   2.731344e-20   2040
  1.770670e-01   2.555988e-19   1.596015e-04   1.895183e-20   2352
  1.775745e-01   1.667225e-19   1.325904e-04   1.106768e-20   1836
  1.780376e-01   2.097465e-19   1.414413e-04   1.724165e-20   2352
  1.785577e-01   1.914103e-19   1.483527e-04   1.230983e-20   2008
  1.790344e-01   1.468540e-19   1.459431e-04   6.900363e-21   2464
  1.795659e-01   2.672021e-18   1.177095e-04   1.193170e-18   2118
  1.800019e-01   7.384255e-19   1.183276e-04   7.639155e-20   1848
  1.804507e-01   5.138475e-19   1.565861e-04   5.152747e-20   2280
  1.809928e-01   3.474376e-19   1.489508e-04   2.602857e-20   2472
  1.814993e-01   2.889314e-19   9.953927e-05   2.225945e-20   2280
  1.819245e-01   2.199041e-19   1.216700e-04   1.507214e-20   1992
  1.823831e-01   2.138584e-19   1.279126e-04   1.435478e-20   2184
  1.829118e-01   1.883697e-19   1.543068e-04   1.143957e-20   2352
  1.834214e-01   1.523158e-19   1.626118e-04   7.757950e-21   2496
  1.839203e-01   6.182182e-19   1.518813e-04   1.575779e-19   1770
  1.843678e-01   7.996293e-19   1.310496e-04   7.688750e-20   2568
  1.849057e-01   4.259315e-19   1.607377e-04   3.382640e-20   2712
  1.853947e-01   3.656681e-19   1.276489e-04   2.952381e-20   2448
  1.858830e-01   2.313296e-19   1.076015e-04   1.524125e-20   2064
  1.862881e-01   2.598875e-19   1.135758e-04   1.832178e-20   1944
  1.868133e-01   2.103877e-19   1.403079e-04   1.368994e-20   2480
  1.873491e-01   1.628887e-19   1.524155e-04   8.165837e-21   2880
  1.878237e-01   1.510052e-19   1.462067e-04   8.012926e-21   2304
  1.883193e-01   9.097793e-19   1.343278e-04   3.605623e-19   1806
  1.887589e-01   9.167114e-19   1.317346e-04   9.680092e-20   2856
  1.893097e-01   5.964991e-19   1.263374e-04   5.748874e-20   2568
  1.897288e-01   3.806778e-19   1.267515e-04   3.054159e-20   2112
  1.901850e-01   3.501053e-19   1.220840e-04   2.718587e-20   2028
  1.906744e-01   2.737706e-19   1.445115e-04   1.964760e-20   2712
  1.911714e-01   2.049142e-19   1.556884e-04   1.310231e-20   2952
  1.917055e-01   1.566693e-19   1.202957e-04   9.706618e-21   2112
  1.921372e-01   1.681976e-19   1.409804e-04   1.016350e-20   2520
  1.926559e-01   1.521967e-19   1.359784e-04   8.946120e-21   2376
  1.931282e-01   1.086248e-18   1.090048e-04   1.395764e-19   2526
  1.936186e-01   5.612463e-19   1.356536e-04   4.847370e-20   2664
  1.941040e-01   5.192631e-19   1.617960e-04   4.322114e-20   2408
  1.945694e-01   3.341643e-19   1.296049e-04   2.773144e-20   2568
  1.950440e-01   2.333164e-19   1.221942e-04   1.713164e-20   2904
  1.955589e-01   2.904959e-19   1.371053e-04   2.160038e-20   2544
  1.960480e-01   1.508898e-19   1.009875e-04   8.919611e-21   2160
  1.965096e-01   2.055554e-19   1.745958e-04   1.206101e-20   2652
  1.970194e-01   1.464696e-19   1.382439e-04   8.275592e-21   2784
  1.975101e-01   2.394348e-18   1.365199e-04   9.057432e-19   2694
  1.980185e-01   4.978465e-19   1.226932e-04   4.833737e-20   2952
  1.984602e-01   4.541375e-19   1.162128e-04   5.299361e-20   2208
  1.989102e-01   5.164380e-19   1.238599e-04   4.045785e-20   2304
  1.994125e-01   2.866726e-19   1.610662e-04   1.772041e-20   3504
  1.999983e-01   2.691634e-19   1.304210e-04   1.785498e-20   2616
  2.004552e-01   1.724917e-19   1.274108e-04   1.062405e-20   2664
  2.008953e-01   1.935800e-19   1.183758e-04   1.270842e-20   2448
  2.013388e-01   1.676795e-19   1.648584e-04   8.155529e-21   2472
  2.018606e-01   4.675420e-19   1.310718e-04   8.879167e-20   3134
  2.023516e-01   9.153834e-19   1.433541e-04   9.354662e-20   2616
  2.028419e-01   5.202992e-19   1.161223e-04   4.101775e-20   2712
  2.033463e-01   3.788379e-19   1.331755e-04   2.946115e-20   3204
  2.038284e-01   3.246200e-19   1.533782e-04   2.031514e-20   2760
  2.042862e-01   2.187651e-19   1.338200e-04   1.346568e-20   2688
  2.047911e-01   2.087357e-19   1.265264e-04   1.420972e-20   2760
  2.052376e-01   1.777562e-19   1.044749e-04   1.075433e-20   2568
  2.057517e-01   1.585003e-19   1.622443e-04   7.280899e-21   3336
  2.062452e-01   7.545586e-19   1.373220e-04   2.634652e-19   2334
  2.067435e-01   1.135546e-18   1.519616e-04   1.099546e-19   3264
  2.072092e-01   5.178727e-19   1.104877e-04   3.995946e-20   2760
  2.076868e-01   3.724723e-19   1.334378e-04   2.926860e-20   3192
  2.081730e-01   3.511461e-19   1.385370e-04   2.502040e-20   2904
  2.086902e-01   2.830059e-19   1.390027e-04   2.100199e-20   2784
  2.091231e-01   2.422082e-19   1.144018e-04   1.586358e-20   2592
  2.096156e-01   1.818035e-19   1.559460e-04   1.069442e-20   3284
  2.101389e-01   1.606096e-19   1.566406e-04   9.108073e-21   3168
  2.106071e-01   1.915629e-19   1.292397e-04   1.041070e-20   2616
  2.110994e-01   1.057842e-18   1.248775e-04   1.186520e-19   3222
  2.115781e-01   6.158863e-19   1.401164e-04   4.734676e-20   3240
  2.120418e-01   4.800276e-19   1.417503e-04   3.927901e-20   2568
  2.125690e-01   3.739976e-19   1.300629e-04   3.125515e-20   3120
  2.130097e-01   2.274684e-19   1.429850e-04   1.457527e-20   3168
  2.134838e-01   2.737286e-19   1.251725e-04   2.173286e-20   3240
  2.140024e-01   2.144736e-19   1.284239e-04   1.265522e-20   3144
  2.145062e-01   1.854201e-19   1.224103e-04   1.028048e-20   2856
  2.149823e-01   1.659777e-19   1.307392e-04   8.761897e-21   3264
  2.155212e-01   1.853712e-18   1.444609e-04   6.372358e-19   3318
  2.159452e-01   7.080906e-19   1.011723e-04   6.892402e-20   2556
  2.164506e-01   4.882133e-19   1.728209e-04   3.979500e-20   4008
  2.169623e-01   4.879090e-19   1.275720e-04   3.678489e-20   2904
  2.174000e-01   2.218513e-19   1.304469e-04   1.535419e-20   3144
  2.178983e-01   3.106847e-19   1.359922e-04   1.864809e-20   3200
  2.184140e-01   2.020754e-19   1.341212e-04   1.205950e-20   3312
  2.188763e-01   1.596125e-19   1.080957e-04   8.396067e-21   2832
  2.193924e-01   1.863603e-19   1.555565e-04   9.127262e-21   3984
  2.198717e-01   6.005469e-19   1.264601e-04   1.096348e-19   2238
  2.203092e-01   8.423394e-19   1.488218e-04   7.708445e-20   3984
  2.208520e-01   4.990935e-19   1.414250e-04   3.819005e-20   3384
  2.213029e-01   4.338085e-19   1.321942e-04   3.642837e-20   3048
  2.217737e-01   3.108193e-19   1.213801e-04   2.120664e-20   3096
  2.222656e-01   2.550547e-19   1.375807e-04   1.652778e-20   3708
  2.227545e-01   2.374630e-19   1.304078e-04   1.423871e-20   2784
  2.232087e-01   1.758541e-19   1.354535e-04   8.545756e-21   3648
  2.237247e-01   1.726080e-19   1.394108e-04   8.234076e-21   3888
  2.242738e-01   7.328062e-19   1.488252e-04   1.837510e-19   2958
  2.246837e-01   1.201423e-18   1.270361e-04   1.208219e-19   3264
  2.251777e-01   5.402154e-19   1.402443e-04   4.030441e-20   3160
  2.256445e-01   4.234413e-19   1.271016e-04   3.267029e-20   3736
  2.260868e-01   3.906764e-19   1.158193e-04   3.005424e-20   3216
  2.266085e-01   2.999534e-19   1.419303e-04   1.931877e-20   4032
  2.271526e-01   2.263252e-19   1.295798e-04   1.424398e-20   3528
  2.276165e-01   1.721314e-19   1.143819e-04   8.017926e-21   3192
  2.280803e-01   1.992600e-19   1.252686e-04   1.226121e-20   3456
  2.285834e-01   1.645036e-19   1.298903e-04   9.023240e-21   3060
  2.290876e-01   9.334738e-19   1.544545e-04   9.202672e-20   4518
  2.295790e-01   7.393324e-19   1.375990e-04   5.513298e-20   3528
  2.300307e-01   5.015096e-19   1.155591e-04   4.124630e-20   3024
  2.305122e-01   3.608334e-19   1.564624e-04   2.496046e-20   3672
  2.310028e-01   3.128249e-19   1.342922e-04   2.343476e-20   3864
  2.315474e-01   2.333858e-19   1.423480e-04   1.380065e-20   3816
  2.319928e-01   1.847612e-19   1.295052e-04   1.010666e-20   3456
  2.324198e-01   2.092357e-19   1.172315e-04   1.314860e-20   2688
  2.329230e-01   1.406051e-19   1.390930e-04   6.211988e-21   4248
  2.334218e-01   1.453746e-18   1.332244e-04   4.046668e-19   3926
  2.339228e-01   8.294807e-19   1.406621e-04   7.100448e-20   3504
  2.344067e-01   5.119579e-19   1.257540e-04   3.720340e-20   3960
  2.349411e-01   4.420410e-19   1.415697e-04   3.427320e-20   3684
  2.353994e-01   2.674954e-19   1.415603e-04   1.748099e-20   4104
  2.358576e-01   2.501736e-19   1.342621e-04   1.665728e-20   3144
  2.363498e-01   2.432083e-19   1.470632e-04   1.297379e-20   4224
  2.368909e-01   1.823712e-19   1.305314e-04   1.045452e-20   4008
  2.373532e-01   1.831270e-19   1.436052e-04   8.823784e-21   3312
  2.378293e-01   5.998981e-19   1.428317e-04   6.968404e-20   3726
  2.383356e-01   9.267899e-19   1.467057e-04   9.035629e-20   3936
  2.387852e-01   5.803401e-19   1.512247e-04   4.201664e-20   3888
  2.392518e-01   3.602083e-19   1.429975e-04   3.048728e-20   3864
  2.397372e-01   3.383686e-19   1.520184e-04   2.124530e-20   3888
  2.402373e-01   2.599123e-19   1.433767e-04   1.897356e-20   4080
  2.407309e-01   2.692094e-19   1.521663e-04   1.513093e-20   3400
  2.412345e-01   1.834497e-19   1.395519e-04   9.069666e-21   4588
  2.417438e-01   1.518823e-19   1.381276e-04   7.102984e-21   3816
  2.421888e-01   6.281442e-19   1.308874e-04   1.322076e-19   3534
  2.426599e-01   1.257247e-18   1.292818e-04   1.155815e-19   4080
  2.431528e-01   5.330747e-19   1.351361e-04   3.891223e-20   4248
  2.436477e-01   5.706097e-19   1.361762e-04   4.213767e-20   3528
  2.441045e-01   2.734647e-19   1.392215e-04   1.889392e-20   4248
  2.445661e-01   3.380529e-19   1.361726e-04   2.291366e-20   3696
  2.450802e-01   2.273573e-19   1.412982e-04   1.237009e-20   4560
  2.455678e-01   1.982981e-19   1.323495e-04   1.194401e-20   3864
  2.460685e-01   1.820934e-19   1.441083e-04   9.566923e-21   4440
  2.465431e-01   2.195221e-19   1.344565e-04   1.224861e-20   3432
  2.470417e-01   1.185272e-18   1.318374e-04   1.062619e-19   4470
  2.475323e-01   6.204980e-19   1.171596e-04   4.716582e-20   4188
  2.480144e-01   4.800130e-19   1.500979e-04   3.818538e-20   4392
  2.484933e-01   3.597500e-19   1.161150e-04   2.518073e-20   3960
  2.489913e-01   3.131231e-19   1.311762e-04   2.565653e-20   4328
  2.494737e-01   2.508961e-19   1.365155e-04   1.434160e-20   4320
  2.499612e-01   2.297494e-19   1.427527e-04   1.264061e-20   4152
  2.504133e-01   1.868057e-19   1.194148e-04   1.009570e-20   3528
  2.509246e-01   1.875415e-19   1.292483e-04   8.810048e-21   4512
  2.514030e-01   1.249331e-18   1.321235e-04   2.389615e-19   4134
  2.518889e-01   7.039869e-19   1.407559e-04   5.580044e-20   5208
  2.523561e-01   6.430365e-19   1.226327e-04   5.691579e-20   3240
  2.528396e-01   4.120319e-19   1.352583e-04   2.776729e-20   4680
  2.533316e-01   3.262602e-19   1.339167e-04   2.157684e-20   4440
  2.538242e-01   3.082833e-19   1.517493e-04   1.766429e-20   4260
  2.542967e-01   1.959452e-19   1.238886e-04   1.073589e-20   4056
  2.547833e-01   2.014447e-19   1.373522e-04   1.147671e-20   4704
  2.552940e-01   2.019978e-19   1.598328e-04   9.566642e-21   4800
  2.558338e-01   8.042916e-19   1.384828e-04   9.066554e-20   4806
  2.563004e-01   9.605478e-19   1.380453e-04   7.491407e-20   3552
  2.567447e-01   5.929906e-19   1.384155e-04   5.202239e-20   4304
  2.572463e-01   3.774504e-19   1.342317e-04   2.194447e-20   5280
  2.577424e-01   3.285055e-19   1.287726e-04   2.511296e-20   4320
  2.582120e-01   2.699088e-19   1.454180e-04   1.511683e-20   4296
  2.587071e-01   2.190490e-19   1.616686e-04   1.177810e-20   4608
  2.592079e-01   2.072526e-19   1.548872e-04   9.897016e-21   4824
  2.597037e-01   1.753364e-19   1.462245e-04   8.278895e-21   4488
  2.602357e-01   6.836590e-19   1.365163e-04   1.083261e-19   4530
  2.606750e-01   1.189370e-18   1.332969e-04   1.151120e-19   4464
  2.611146e-01   6.644303e-19   1.256224e-04   4.956294e-20   4104
  2.616192e-01   4.819493e-19   1.354472e-04   3.262043e-20   5424
  2.621157e-01   4.311409e-19   1.458006e-04   2.993087e-20   4392
  2.626209e-01   2.781762e-19   1.427447e-04   1.588666e-20   4896
  2.630796e-01   1.847441e-19   1.399190e-04   9.186733e-21   4104
  2.635583e-01   2.612270e-19   1.261700e-04   1.502449e-20   4824
  2.640634e-01   1.574403e-19   1.205890e-04   8.182874e-21   4680
  2.645034e-01   2.014811e-19   1.233362e-04   1.131242e-20   4328
  2.650142e-01   1.196735e-18   1.421747e-04   1.076805e-19   5118
  2.655274e-01   6.538248e-19   1.647184e-04   4.653489e-20   5304
  2.659905e-01   5.770800e-19   1.297081e-04   4.671366e-20   4392
  2.664951e-01   3.357927e-19   1.301864e-04   2.353029e-20   4476
  2.669364e-01   3.249478e-19   1.292906e-04   2.658685e-20   4704
  2.674274e-01   2.759141e-19   1.564908e-04   1.573570e-20   5208
  2.679435e-01   2.255111e-19   1.319479e-04   1.169877e-20   5304
  2.684190e-01   1.969925e-19   1.413346e-04   1.001402e-20   4296
  2.689066e-01   1.939141e-19   1.340217e-04   1.056513e-20   4752
  2.694189e-01   1.035565e-18   1.345359e-04   1.100754e-19   4950
  2.698794e-01   7.543641e-19   1.406262e-04   6.130185e-20   5064
  2.703399e-01   6.866466e-19   1.178265e-04   5.234775e-20   4872
  2.708057e-01   4.217207e-19   1.240390e-04   3.038040e-20   4224
  2.713029e-01   3.334816e-19   1.370167e-04   1.869428e-20   6120
  2.718321e-01   2.819910e-19   1.507358e-04   1.667047e-20   4968
  2.723121e-01   2.430637e-19   1.333881e-04   1.479946e-20   4424
  2.728088e-01   1.927010e-19   1.703749e-04   9.096700e-21   5436
  2.732993e-01   2.124690e-19   1.452596e-04   1.129027e-20   4896
  2.737736e-01   8.860312e-19   1.390702e-04   1.019655e-19   5214
  2.742308e-01   8.857107e-19   1.182169e-04   6.768517e-20   4656
  2.747387e-01   6.245300e-19   1.503032e-04   5.032232e-20   5448
  2.752241e-01   4.140957e-19   1.269422e-04   2.829883e-20   4992
  2.756994e-01   3.547015e-19   1.404898e-04   2.554932e-20   5400
  2.762219e-01   2.952266e-19   1.557062e-04   1.599144e-20   5328
  2.767032e-01   2.593799e-19   1.392299e-04   1.383459e-20   4776
  2.771561e-01   1.594300e-19   1.308295e-04   8.836753e-21   4800
  2.776593e-01   2.215954e-19   1.682401e-04   1.002001e-20   6552
  2.781857e-01   8.011908e-19   1.271030e-04   1.438546e-19   3942
  2.786419e-01   1.170060e-18   1.601990e-04   1.017591e-19   6072
  2.791470e-01   7.113618e-19   1.244164e-04   5.294760e-20   4692
  2.795705e-01   5.158195e-19   1.298888e-04   3.854327e-20   4944
  2.800665e-01   3.673641e-19   1.394107e-04   2.458001e-20   5840
  2.805759e-01   2.845377e-19   1.492333e-04   1.705552e-20   5712
  2.810773e-01   2.345809e-19   1.250671e-04   1.487431e-20   4800
  2.815348e-01   2.505027e-19   1.656330e-04   1.346670e-20   5688
  2.820359e-01   2.076995e-19   1.306810e-04   1.122862e-20   4848
  2.825324e-01   2.273084e-19   1.454557e-04   1.749065e-20   5406
  2.830037e-01   1.354972e-18   1.312973e-04   1.180849e-19   5568
  2.834769e-01   6.812852e-19   1.180275e-04   5.110695e-20   5736
  2.839884e-01   5.680113e-19   1.465826e-04   4.538303e-20   5280
  2.844524e-01   3.767286e-19   1.355263e-04   2.830653e-20   5592
  2.849301e-01   3.188104e-19   1.551417e-04   1.936795e-20   4968
  2.854352e-01   2.639777e-19   1.391053e-04   1.326588e-20   5964
  2.859279e-01   1.910750e-19   1.397517e-04   9.963259e-21   5376
  2.863756e-01   2.399383e-19   1.349389e-04   1.207926e-20   5472
  2.868946e-01   1.944813e-19   1.281532e-04   1.062929e-20   5472
  2.873693e-01   6.920956e-19   1.457059e-04   7.034477e-20   5415
  2.878292e-01   4.318397e-19   1.281660e-04   4.317541e-20   5096
  2.883268e-01   4.230721e-19   1.648183e-04   3.656327e-20   6372
  2.888302e-01   3.316079e-19   1.337920e-04   2.361909e-20   4656
  2.892814e-01   2.158516e-19   1.460580e-04   1.397860e-20   5844
  2.897668e-01   1.840722e-19   1.284189e-04   1.071866e-20   5508
  2.902812e-01   1.751949e-19   1.456803e-04   9.732284e-21   6324
  2.907860e-01   1.852046e-19   1.251396e-04   1.083098e-20   4752
  2.912474e-01   1.485394e-19   1.401041e-04   6.973628e-21   5676
  2.917468e-01   1.470557e-19   1.281684e-04   7.120057e-21   5472
  2.922209e-01   1.360620e-19   1.445704e-04   6.291744e-21   5556
  2.927301e-01   1.196532e-19   1.408810e-04   4.191692e-21   5436
  2.932217e-01   1.055205e-19   1.442016e-04   3.493234e-21   5916
  2.937264e-01   9.629922e-20   1.500331e-04   3.293556e-21   5520
  2.941809e-01   1.075987e-19   1.364480e-04   3.762755e-21   5280
  2.946466e-01   1.125905e-19   1.340724e-04   4.617532e-21   4416
  2.951720e-01   9.632602e-20   1.306879e-04   3.100602e-21   6260
  2.956655e-01   9.572605e-20   1.554038e-04   3.172991e-21   5940
  2.961126e-01   8.535192e-20   1.217066e-04   3.087695e-21   4188
  2.966047e-01   7.919398e-20   1.556122e-04   2.251961e-21   6360
  2.971222e-01   8.543215e-20   1.387995e-04   2.509733e-21   5256
  2.976029e-01   7.850976e-20   1.312113e-04   2.471775e-21   4848
  2.980147e-01   7.874797e-20   1.189499e-04   2.615610e-21   4704
  2.985217e-01   7.524352e-20   1.459205e-04   2.197396e-21   5784
  2.990374e-01   6.303463e-20   1.544008e-04   2.013932e-21   5820
  2.995352e-01   7.116432e-20   1.383100e-04   1.926389e-21   5700
  3.000361e-01   7.474589e-20   1.282634e-04   2.172461e-21   5232
  3.005375e-01   5.898795e-20   1.423193e-04   1.713127e-21   4932
  3.009817e-01   6.780083e-20   1.224997e-04   2.212219e-21   4716
  3.014485e-01   6.522535e-20   1.560382e-04   1.750698e-21   5616
  3.019287e-01   5.970687e-20   1.378046e-04   1.481508e-21   5184
  3.024240e-01   5.865518e-20   1.390111e-04   1.584390e-21   5064
  3.028912e-01   5.880704e-20   1.423406e-04   1.604625e-21   5544
  3.034093e-01   5.527634e-20   1.428860e-04   1.320208e-21   5192
  3.038807e-01   5.585231e-20   1.284053e-04   1.425557e-21   5244
  3.043764e-01   5.848503e-20   1.389360e-04   1.509147e-21   5112
  3.048691e-01   5.092997e-20   1.275010e-04   1.188529e-21   5040
  3.053213e-01   5.132486e-20   1.340439e-04   1.246021e-21   5124
  3.058494e-01   5.600027e-20   1.504823e-04   1.254041e-21   5952
  3.063369e-01   5.015097e-20   1.318531e-04   1.194679e-21   4824
  3.067788e-01   4.803839e-20   1.330892e-04   1.313030e-21   4536
  3.072903e-01   4.780647e-20   1.414616e-04   1.040653e-21   5712
  3.078157e-01   5.051105e-20   1.547976e-04   1.142060e-21   5352
  3.083112e-01   4.567255e-20   1.348344e-04   1.094813e-21   5004
  3.087539e-01   4.318787e-20   1.348711e-04   1.093927e-21   4800
  3.092296e-01   4.703543e-20   1.449374e-04   1.081167e-21   5148
  3.097567e-01   4.863024e-20   1.505363e-04   1.121157e-21   5664
  3.102329e-01   4.531921e-20   1.352034e-04   1.107739e-21   4692
  3.106729e-01   4.478701e-20   1.256056e-04   1.154241e-21   4008
  3.111861e-01   4.132372e-20   1.439712e-04   8.311780e-22   5852
  3.117078e-01   4.260660e-20   1.363273e-04   8.753528e-22   5784
  3.121712e-01   3.978572e-20   1.256700e-04   9.269722e-22   4392
  3.126481e-01   4.013798e-20   1.232703e-04   8.428901e-22   4944
  3.131489e-01   4.188872e-20   1.453336e-04   9.564379e-22   4776
  3.136211e-01   4.132042e-20   1.398188e-04   8.868189e-22   5244
  3.141336e-01   3.981464e-20   1.395722e-04   9.371898e-22   4884
  3.145636e-01   3.688858e-20   1.183681e-04   7.953273e-22   4488
  3.150636e-01   3.588118e-20   1.406525e-04   7.170977e-22   5160
  3.155671e-01   4.012605e-20   1.432039e-04   8.656556e-22   5316
  3.160521e-01   3.369566e-20   1.447892e-04   6.927856e-22   4896
  3.165249e-01   3.655229e-20   1.345344e-04   8.167109e-22   4188
  3.170014e-01   3.416855e-20   1.467406e-04   7.630176e-22   4836
  3.174880e-01   3.844507e-20   1.455680e-04   8.573422e-22   5316
  3.179808e-01   3.444805e-20   1.347408e-04   6.538342e-22   4920
  3.184417e-01   3.792911e-20   1.357413e-04   8.870421e-22   4128
  3.189362e-01   3.340934e-20   1.460260e-04   6.337846e-22   5348
  3.194229e-01   3.469447e-20   1.267067e-04   7.364551e-22   4836
  3.198876e-01   3.575555e-20   1.365306e-04   7.808506e-22   4392
  3.203882e-01   3.292494e-20   1.199532e-04   7.040934e-22   4632
  3.208388e-01   3.256019e-20   1.340287e-04   7.183090e-22   4596
  3.213563e-01   3.634268e-20   1.347844e-04   7.214563e-22   5424
  3.218683e-01   3.043733e-20   1.387362e-04   6.199430e-22   5256
  3.223958e-01   3.138501e-20   1.409032e-04   6.083346e-22   4524
  3.228350e-01   2.991317e-20   1.340268e-04   6.135493e-22   4440
  3.233270e-01   3.372133e-20   1.146101e-04   8.181166e-22   4380
  3.238085e-01   3.129122e-20   1.499870e-04   6.226219e-22   4812
  3.243210e-01   2.961009e-20   1.489725e-04   5.364917e-22   5376
  3.247896e-01   2.904081e-20   1.189892e-04   6.142265e-22   3888
  3.252385e-01   3.003114e-20   1.362564e-04   6.030669e-22   4896
  3.257395e-01   3.060534e-20   1.437728e-04   6.293753e-22   4608
  3.262654e-01   2.900749e-20   1.357127e-04   5.470067e-22   4448
  3.267232e-01   2.675872e-20   1.400926e-04   5.216902e-22   4752
  3.272056e-01   2.999047e-20   1.467382e-04   6.446266e-22   4356
  3.277129e-01   2.790897e-20   1.412082e-04   5.341822e-22   5232
  3.282173e-01   2.561893e-20   1.423025e-04   5.037757e-22   4548
  3.287063e-01   2.735325e-20   1.383360e-04   5.460998e-22   4608
  3.291837e-01   2.787790e-20   1.256671e-04   6.245110e-22   3936
  3.296343e-01   2.657490e-20   1.502088e-04   5.554913e-22   4260
  3.301407e-01   2.636458e-20   1.346643e-04   4.973152e-22   5004
  3.306038e-01   2.844330e-20   1.330711e-04   6.025638e-22   4224
  3.311115e-01   2.567866e-20   1.437697e-04   4.881978e-22   4788
  3.316047e-01   2.705223e-20   1.511985e-04   5.173005e-22   4428
  3.320852e-01   2.444837e-20   1.263467e-04   5.240732e-22   4080
  3.325477e-01   2.383348e-20   1.381486e-04   4.651325e-22   4632
  3.330347e-01   2.557252e-20   1.436640e-04   5.313133e-22   4056
  3.335467e-01   2.572525e-20   1.352621e-04   4.969753e-22   4536
  3.340144e-01   2.645447e-20   1.379585e-04   5.002270e-22   4668
  3.345266e-01   2.424767e-20   1.478669e-04   4.956128e-22   4604
  3.350255e-01   2.439595e-20   1.328598e-04   5.201853e-22   4152
  3.354859e-01   2.341163e-20   1.287622e-04   4.803501e-22   4224
  3.359739e-01   2.282769e-20   1.237953e-04   4.570975e-22   4152
  3.364615e-01   2.356640e-20   1.404246e-04   4.922623e-22   4224
  3.369356e-01   2.141133e-20   1.298644e-04   4.171104e-22   3960
  3.373922e-01   2.449452e-20   1.340119e-04   4.666751e-22   4656
  3.378910e-01   2.419168e-20   1.445961e-04   4.837608e-22   4452
  3.384025e-01   2.174572e-20   1.470057e-04   4.407221e-22   4056
  3.388784e-01   2.335808e-20   1.456648e-04   4.651583e-22   4212
  3.393606e-01   2.370611e-20   1.210536e-04   5.608278e-22   3432
  3.398492e-01   2.184493e-20   1.548628e-04   3.864703e-22   5352
  3.403267e-01   2.075184e-20   1.134185e-04   4.399528e-22   3600
  3.408466e-01   2.070439e-20   1.251027e-04   3.922420e-22   4584
  3.413005e-01   2.121912e-20   1.247343e-04   4.636202e-22   3768
  3.417680e-01   2.117055e-20   1.331557e-04   4.459990e-22   3848
  3.422347e-01   2.034628e-20   1.220886e-04   4.391109e-22   3720
  3.427639e-01   2.011055e-20   1.532392e-04   3.983309e-22   4764
  3.432311e-01   1.967513e-20   1.234001e-04   3.861721e-22   3864
  3.437109e-01   1.911039e-20   1.528459e-04   3.752785e-22   4332
  3.442342e-01   2.103877e-20   1.304937e-04   4.441378e-22   3792
  3.447018e-01   2.088240e-20   1.480185e-04   4.493590e-22   4284
  3.451974e-01   1.926886e-20   1.401572e-04   4.153527e-22   3840
  3.456664e-01   2.047883e-20   1.334113e-04   4.645442e-22   3480
  3.461427e-01   1.981518e-20   1.488614e-04   3.582801e-22   4380
  3.466576e-01   2.104920e-20   1.398292e-04   4.369269e-22   4200
  3.471635e-01   1.783047e-20   1.344014e-04   3.555246e-22   4056
  3.476333e-01   1.744949e-20   1.350788e-04   3.651709e-22   3600
  3.480735e-01   1.850479e-20   1.345848e-04   4.027551e-22   3492
  3.485878e-01   1.860755e-20   1.571647e-04   3.963500e-22   4500
  3.491126e-01   1.836742e-20   1.376975e-04   4.023715e-22   3516
  3.495636e-01   1.758881e-20   1.439500e-04   3.434448e-22   3968
  3.500690e-01   1.734634e-20   1.383484e-04   3.571119e-22   3648
  3.505165e-01   1.767977e-20   1.322992e-04   3.656778e-22   4224
  3.510237e-01   1.717217e-20   1.484940e-04   3.904865e-22   3588
  3.514997e-01   1.738728e-20   1.369683e-04   3.793953e-22   3456
  3.519786e-01   1.737963e-20   1.216448e-04   3.781261e-22   3660
  3.524735e-01   1.647602e-20   1.335194e-04   3.467942e-22   3768
  3.529347e-01   1.825455e-20   1.350276e-04   3.909323e-22   3744
  3.534301e-01   1.704450e-20   1.482149e-04   3.675742e-22   4176
  3.539572e-01   1.731820e-20   1.367120e-04   3.900045e-22   3612
  3.543928e-01   1.542037e-20   1.485682e-04   3.475681e-22   3216
  3.548913e-01   1.639036e-20   1.436402e-04   3.821938e-22   3624
  3.553925e-01   1.551895e-20   1.350690e-04   3.513278e-22   3744
  3.558768e-01   1.548289e-20   1.441176e-04   3.335261e-22   3672
  3.563547e-01   1.466359e-20   1.306896e-04   3.015095e-22   3852
  3.568482e-01   1.581002e-20   1.345097e-04   3.412892e-22   3672
  3.573731e-01   1.589821e-20   1.310574e-04   3.898907e-22   3248
  3.578115e-01   1.410320e-20   1.341465e-04   3.680013e-22   3336
  3.582900e-01   1.436707e-20   1.365492e-04   3.395759e-22   3576
  3.587793e-01   1.505198e-20   1.159180e-04   3.644363e-22   3336
  3.592778e-01   1.576836e-20   1.376902e-04   3.467042e-22   3936
  3.597697e-01   1.516328e-20   1.466440e-04   3.416979e-22   3408
  3.602575e-01   1.559505e-20   1.291957e-04   3.722220e-22   3336
  3.607316e-01   1.184875e-20   1.451163e-04   2.805812e-22   3312
  3.612054e-01   1.338386e-20   1.469319e-04   3.108636e-22   3432
  3.617101e-01   1.411338e-20   1.273841e-04   3.366417e-22   3144
  3.621706e-01   1.369140e-20   1.382881e-04   3.086467e-22   3456
  3.626887e-01   1.330093e-20   1.329107e-04   2.992873e-22   3792
  3.631568e-01   1.300356e-20   1.305556e-04   3.534244e-22   2868
  3.636625e-01   1.259014e-20   1.352551e-04   2.695907e-22   3888
  3.641351e-01   1.178298e-20   1.174435e-04   3.130524e-22   2784
  3.646004e-01   1.235271e-20   1.341238e-04   3.336772e-22   2964
  3.651086e-01   1.339619e-20   1.381212e-04   3.151861e-22   3432
  3.655924e-01   1.223492e-20   1.429694e-04   2.912179e-22   3416
  3.660820e-01   1.278424e-20   1.528218e-04   3.079264e-22   3528
  3.665830e-01   1.122462e-20   1.226504e-04   2.922556e-22   2904
  3.670262e-01   1.164648e-20   1.375270e-04   2.963468e-22   3072
  3.675416e-01   1.202136e-20   1.544586e-04   3.164102e-22   3216
  3.680569e-01   1.100308e-20   1.250951e-04   2.791024e-22   2844
  3.685093e-01   1.133571e-20   1.431483e-04   2.899111e-22   3432
  3.689737e-01   1.130305e-20   1.150574e-04   2.950444e-22   2880
  3.694925e-01   1.123185e-20   1.524100e-04   2.644364e-22   3576
  3.699812e-01   1.058744e-20   1.362332e-04   2.764627e-22   2700
  3.704492e-01   1.013957e-20   1.530237e-04   2.871307e-22   3000
  3.709392e-01   9.427720e-21   1.270553e-04   2.658188e-22   2556
  3.714151e-01   1.018190e-20   1.361780e-04   2.638652e-22   3360
  3.719070e-01   1.076705e-20   1.323185e-04   2.693545e-22   3120
  3.724371e-01   1.059404e-20   1.557809e-04   2.798606e-22   3216
  3.728935e-01   1.066315e-20   1.098680e-04   2.872800e-22   2628
  3.734065e-01   9.095855e-21   1.452297e-04   2.600903e-22   3200
  3.738745e-01   8.615092e-21   1.370102e-04   2.763487e-22   2232
  3.743471e-01   8.522455e-21   1.563929e-04   2.399394e-22   3108
  3.748177e-01   9.781353e-21   1.373821e-04   2.663157e-22   2604
  3.752991e-01   9.319536e-21   1.479994e-04   2.400933e-22   3096
  3.758288e-01   8.242907e-21   1.348469e-04   2.232933e-22   3084
  3.762884e-01   7.724986e-21   1.376092e-04   2.253385e-22   2664
  3.767621e-01   8.645608e-21   1.213497e-04   2.956843e-22   2232
  3.772262e-01   6.597485e-21   1.494845e-04   1.983993e-22   2808
  3.777344e-01   8.747117e-21   1.412112e-04   2.304651e-22   2592
  3.782089e-01   8.925715e-21   1.449703e-04   2.417324e-22   2952
  3.787074e-01   7.004023e-21   1.368697e-04   2.045489e-22   2772
  3.791921e-01   7.332046e-21   1.471948e-04   1.985881e-22   3036
  3.796993e-01   7.188023e-21   1.427797e-04   2.535743e-22   2136
  3.801616e-01   6.162151e-21   1.138671e-04   1.888402e-22   2496
  3.806364e-01   7.442217e-21   1.516625e-04   2.480415e-22   2228
  3.811316e-01   6.799892e-21   1.413981e-04   1.849648e-22   3048
  3.816243e-01   7.140797e-21   1.350676e-04   2.149043e-22   2676
  3.821140e-01   5.977401e-21   1.345571e-04   1.739409e-22   2784
  3.825820e-01   6.315679e-21   1.307225e-04   2.231509e-22   1920
  3.830514e-01   4.858643e-21   1.395126e-04   1.593500e-22   2400
  3.835600e-01   5.525244e-21   1.279618e-04   2.030003e-22   2532
  3.840860e-01   6.085176e-21   1.421350e-04   2.090540e-22   2544
  3.845592e-01   6.392492e-21   1.486925e-04   1.863005e-22   2772
  3.850254e-01   5.449565e-21   1.392746e-04   2.042259e-22   2160
  3.854884e-01   5.590706e-21   1.500120e-04   1.917910e-22   2304
  3.860241e-01   4.820329e-21   1.467945e-04   1.732334e-22   2328
  3.865043e-01   4.165996e-21   1.407449e-04   1.690583e-22   2304
  3.869492e-01   4.394238e-21   1.330938e-04   1.639953e-22   1908
  3.874552e-01   5.295254e-21   1.488569e-04   1.600805e-22   2736
  3.879425e-01   4.746004e-21   1.410418e-04   1.434947e-22   2448
  3.884609e-01   4.260993e-21   1.318665e-04   1.431667e-22   2040
  3.889299e-01   3.174369e-21   1.372999e-04   1.232174e-22   2120
  3.893809e-01   3.489246e-21   1.138355e-04   1.356430e-22   2040
  3.898664e-01   3.099864e-21   1.412334e-04   1.252947e-22   2208
  3.904158e-01   3.966817e-21   1.268062e-04   1.458377e-22   2208
  3.908608e-01   4.573541e-21   1.405255e-04   1.690766e-22   2196
  3.913207e-01   2.784167e-21   1.236152e-04   1.202140e-22   1848
  3.917886e-01   3.372283e-21   1.401960e-04   1.229325e-22   2124
  3.923120e-01   2.661818e-21   1.470626e-04   9.448827e-23   2328
  3.928231e-01   2.565295e-21   1.497225e-04   1.016928e-22   1920
  3.933200e-01   2.438544e-21   1.374435e-04   1.058997e-22   1548
  3.937619e-01   3.185277e-21   1.507712e-04   1.109148e-22   2388
  3.942832e-01   2.665864e-21   1.395210e-04   9.313567e-23   2160
  3.947606e-01   2.365049e-21   1.269906e-04   9.262957e-23   1704
  3.952179e-01   1.833441e-21   1.430661e-04   7.284097e-23   1776
  3.956506e-01   1.913913e-21   1.338203e-04   7.809236e-23   1800
  3.961977e-01   1.882449e-21   1.544832e-04   7.892493e-23   1700
  3.967087e-01   2.131581e-21   1.390936e-04   7.956398e-23   2292
  3.971846e-01   2.003628e-21   1.291201e-04   8.327991e-23   1704
  3.976337e-01   2.099083e-21   1.443780e-04   8.295000e-23   1728
  3.981255e-01   1.562814e-21   1.336251e-04   6.648043e-23   1728
  3.986075e-01   1.798746e-21   1.334994e-04   6.510997e-23   1680
  3.991202e-01   1.217644e-21   1.537953e-04   4.934781e-23   1704
  3.996310e-01   1.182477e-21   1.207753e-04   4.149276e-23   1752
  4.000877e-01   1.587365e-21   1.435789e-04   6.351002e-23   1872
  4.005817e-01   1.485595e-21   1.407232e-04   6.419860e-23   1500
  4.010829e-01   1.131238e-21   1.232237e-04   4.535880e-23   1656
  4.015697e-01   1.120812e-21   1.321192e-04   4.719166e-23   1464
  4.020023e-01   9.185168e-22   1.157232e-04   4.496885e-23   1488
  4.025329e-01   9.183595e-22   1.396693e-04   3.294785e-23   1680
  4.030178e-01   1.161786e-21   1.459194e-04   5.207023e-23   1692
  4.034716e-01   1.125097e-21   1.397252e-04   5.613513e-23   1128
  4.039751e-01   1.000795e-21   1.345433e-04   3.821726e-23   1536
  4.044663e-01   7.841989e-22   1.402479e-04   3.624278e-23   1616
  4.049637e-01   7.734892e-22   1.352429e-04   2.900464e-23   1476
  4.054650e-01   7.110493e-22   1.488381e-04   2.978232e-23   1176
  4.059124e-01   7.862866e-22   1.599107e-04   2.576539e-23   1656
  4.063997e-01   1.005638e-21   1.404668e-04   1.059181e-22   891
  4.069020e-01   7.688003e-22   1.497388e-04   4.780419e-23   1596
  4.073915e-01   6.621547e-22   1.305762e-04   2.904008e-23   1422
  4.078742e-01   6.894941e-22   1.252138e-04   2.783343e-23   1254
  4.083284e-01   5.221757e-22   1.279202e-04   1.825152e-23   918
  4.088148e-01   6.449900e-22   1.400009e-04   2.121003e-23   1614
  4.093049e-01   6.347465e-22   1.209347e-04   3.655951e-23   798
  4.097922e-01   5.582829e-22   1.550239e-04   2.112191e-23   1458
  4.102863e-01   5.621232e-22   1.419502e-04   1.782565e-23   1374
  4.107747e-01   4.836655e-22   1.212349e-04   1.819703e-23   984
  4.112591e-01   5.610712e-22   1.668024e-04   2.985267e-23   1062
  4.117525e-01   6.251195e-22   1.413965e-04   2.102460e-23   1246
  4.122317e-01   4.044454e-22   1.311095e-04   1.506497e-23   1072
  4.127436e-01   4.146147e-22   1.419832e-04   1.483942e-23   1110
  4.132166e-01   4.944231e-22   1.538182e-04   1.810407e-23   1254
  4.137139e-01   4.381630e-22   1.459816e-04   1.814007e-23   1032
  4.142557e-01   4.281323e-22   1.352509e-04   2.163850e-23   786
  4.146677e-01   4.468277e-22   1.386613e-04   1.462413e-23   1152
  4.151502e-01   4.473211e-22   1.511270e-04   1.626691e-23   1086
  4.156529e-01   3.819896e-22   1.363503e-04   1.388696e-23   912
  4.161175e-01   5.378716e-22   1.366785e-04   2.290886e-23   1062
  4.165917e-01   4.032267e-22   1.362355e-04   1.391675e-23   912
  4.171397e-01   3.742915e-22   1.520835e-04   1.543165e-23   750
  4.175668e-01   4.282003e-22   1.465336e-04   1.379333e-23   1200
  4.180611e-01   3.892040e-22   1.326977e-04   1.514636e-23   918
  4.185524e-01   3.526282e-22   1.377357e-04   1.231262e-23   876
  4.190517e-01   4.308638e-22   1.203534e-04   1.807934e-23   870
  4.194890e-01   3.769160e-22   1.403731e-04   1.447780e-23   768
  4.200015e-01   3.097938e-22   1.286594e-04   1.149388e-23   830
  4.204761e-01   3.645086e-22   1.332096e-04   1.120275e-23   1080
  4.209676e-01   3.476696e-22   1.498783e-04   1.336416e-23   840
  4.214632e-01   3.780157e-22   1.443163e-04   1.506730e-23   798
  4.220251e-01   4.279165e-22   1.145461e-04   1.695877e-23   792
  4.224609e-01   3.736426e-22   1.335978e-04   2.657794e-23   726
  4.229181e-01   3.125179e-22   1.497038e-04   1.114429e-23   864
  4.234189e-01   3.206393e-22   1.281430e-04   1.380167e-23   900
  4.239267e-01   3.149966e-22   1.424135e-04   1.412423e-23   726
  4.243623e-01   3.295044e-22   1.232527e-04   1.469483e-23   576
  4.249434e-01   3.333511e-22   1.282664e-04   1.292671e-23   840
  4.253523e-01   2.725921e-22   1.331485e-04   1.040556e-23   750
  4.258366e-01   2.725640e-22   1.335529e-04   9.703125e-24   720
  4.262936e-01   2.987717e-22   1.351090e-04   1.232773e-23   702
  4.268271e-01   3.242671e-22   1.475571e-04   1.275785e-23   696
  4.272662e-01   2.799554e-22   1.319621e-04   1.350641e-23   480
  4.277837e-01   2.846903e-22   1.250396e-04   1.047992e-23   830
  4.282419e-01   3.127516e-22   1.454616e-04   1.210759e-23   756
  4.287552e-01   3.060745e-22   1.396687e-04   1.320807e-23   624
  4.292083e-01   2.605160e-22   1.475796e-04   1.205881e-23   582
  4.297440e-01   2.929998e-22   1.132706e-04   1.554764e-23   576
  4.302073e-01   2.659827e-22   1.517064e-04   1.108594e-23   624
  4.306823e-01   2.449083e-22   1.238986e-04   9.255561e-24   702
  4.311525e-01   2.752856e-22   1.425165e-04   1.200413e-23   624
  4.317110e-01   2.867117e-22   1.378751e-04   1.152768e-23   672
  4.321659e-01   2.238321e-22   1.032125e-04   1.241385e-23   342
  4.326655e-01   2.666973e-22   1.290292e-04   1.152620e-23   660
  4.331249e-01   2.449006e-22   1.326364e-04   1.121901e-23   576
  4.335992e-01   2.319868e-22   1.289493e-04   1.009025e-23   600
  4.340787e-01   2.910217e-22   1.491476e-04   1.367034e-23   510
  4.346181e-01   2.706398e-22   1.397290e-04   1.152526e-23   600
  4.350341e-01   2.314423e-22   1.112888e-04   1.724661e-23   216
  4.355185e-01   2.398779e-22   1.354577e-04   8.506762e-24   758
  4.360833e-01   2.168788e-22   1.482975e-04   1.025058e-23   576
  4.365782e-01   2.723047e-22   1.259005e-04   1.163582e-23   528
  4.370248e-01   2.769639e-22   8.670054e-05   1.879631e-23   318
  4.375047e-01   2.664621e-22   1.497759e-04   1.214960e-23   540
  4.380721e-01   1.711068e-22   1.058893e-04   9.099128e-24   384
  4.384565e-01   2.466072e-22   1.463022e-04   1.105545e-23   576
  4.389570e-01   2.098987e-22   1.195560e-04   1.021117e-23   414
  4.394302e-01   2.650604e-22   1.335050e-04   1.232940e-23   504
  4.399357e-01   2.766191e-22   1.465573e-04   1.645219e-23   312
  4.404212e-01   2.132598e-22   1.327827e-04   1.000066e-23   414
  4.409029e-01   1.747619e-22   1.226699e-04   8.064881e-24   432
  4.413512e-01   1.907006e-22   1.624587e-04   8.733554e-24   504
  4.418701e-01   2.392381e-22   1.564660e-04   1.104430e-23   432
  4.423558e-01   2.064053e-22   1.281691e-04   9.361853e-24   354
  4.428506e-01   2.233755e-22   1.865017e-04   1.799362e-23   200
  4.432750e-01   1.957510e-22   1.323290e-04   9.251846e-24   480
  4.438485e-01   1.962308e-22   1.512148e-04   8.490890e-24   552
  4.443745e-01   1.923336e-22   9.419478e-05   1.093948e-23   366
  4.447799e-01   1.956068e-22   1.002751e-04   1.337850e-23   240
  4.452261e-01   2.490237e-22   1.401886e-04   1.474185e-23   288
  4.458541e-01   1.824018e-22   9.634579e-05   8.835726e-24   366
  4.462600e-01   1.928465e-22   1.562070e-04   1.009888e-23   408
  4.467132e-01   2.402039e-22   1.174273e-04   1.502168e-23   360
  4.471820e-01   2.009147e-22   1.094619e-04   1.147716e-23   324
  4.476367e-01   1.866049e-22   1.292780e-04   1.466473e-23   174
  4.481783e-01   1.755469e-22   1.485222e-04   1.049996e-23   264
  4.486867e-01   1.911691e-22   1.354596e-04   8.498152e-24   456
  4.491937e-01   1.885622e-22   1.362099e-04   9.789092e-24   360
  4.496105e-01   1.881774e-22   1.500483e-04   1.366437e-23   270
  4.501209e-01   1.716575e-22   1.641082e-04   9.943564e-24   240
  4.507604e-01   2.553911e-22   1.195905e-04   2.376928e-23   120
  4.510747e-01   1.510279e-22   1.248485e-04   8.395447e-24   320
  4.515822e-01   1.926394e-22   1.544785e-04   8.950104e-24   462
  4.521137e-01   1.861785e-22   8.987666e-05   1.207059e-23   276
  4.525754e-01   1.693002e-22   1.019637e-04   1.496800e-23   144
  4.530202e-01   1.778131e-22   1.070818e-04   1.478598e-23   120
  4.536115e-01   1.633944e-22   8.108908e-05   9.740857e-24   294
  4.540583e-01   1.741243e-22   1.438563e-04   8.243788e-24   384
  4.544753e-01   1.588501e-22   9.523196e-05   1.049655e-23   216
  4.548743e-01   1.710303e-22   8.843896e-05   1.361460e-23   168
  4.553251e-01   1.769831e-22   1.052282e-04   2.042561e-23   102
  4.559768e-01   1.675565e-22   1.596520e-04   1.368295e-23   168
  4.564337e-01   1.791758e-22   1.397340e-04   9.785272e-24   384
  4.569346e-01   1.771936e-22   1.419732e-04   1.119439e-23   300
  4.574008e-01   2.214708e-22   1.520225e-04   1.804284e-23   144
  4.579263e-01   1.788492e-22   1.556925e-04   1.429987e-23   102
  4.585568e-01   1.710998e-22   3.685588e-05   1.639843e-23   56
  4.588590e-01   1.607513e-22   1.199932e-04   9.306305e-24   288
  4.593328e-01   1.646281e-22   1.561557e-04   8.613980e-24   360
  4.598487e-01   1.938194e-22   8.376686e-05   1.797983e-23   126
  4.602834e-01   1.812134e-22   4.125612e-05   1.636438e-23   72
  4.607572e-01   1.310218e-22   2.185755e-05   1.799326e-23   48
  4.613754e-01   1.608359e-22   8.842417e-05   8.922010e-24   240
  4.617816e-01   1.571534e-22   1.311982e-04   8.270470e-24   306
  4.621975e-01   1.814951e-22   7.291699e-05   1.333670e-23   120
  4.626766e-01   1.984678e-22   1.794585e-04   1.777252e-23   96
  4.630248e-01   1.824005e-22   0.000000e+00   3.731541e-23   24
  4.638071e-01   1.404942e-22   1.554065e-04   1.030295e-23   120
  4.641905e-01   1.549770e-22   1.343981e-04   9.747448e-24   318
  4.646594e-01   1.474428e-22   1.436227e-04   1.285065e-23   168
  4.651731e-01   1.284968e-22   1.541232e-04   1.306644e-23   72
  4.657357e-01   2.046410e-22   0.000000e+00   2.831709e-23   24
  4.663408e-01   1.176232e-22   7.481195e-05   2.453641e-23   14
  4.666286e-01   1.542456e-22   1.179951e-04   9.272362e-24   288
  4.670757e-01   1.719778e-22   1.419546e-04   1.171650e-23   204
  4.675916e-01   1.721976e-22   2.153808e-05   2.322527e-23   48
  4.680007e-01   2.403428e-22   0.000000e+00   3.748362e-23   24
  4.684739e-01   7.286180e-23   0.000000e+00   1.882787e-23   6
  4.691541e-01   1.391535e-22   8.821950e-05   1.016571e-23   216
  4.695046e-01   1.272148e-22   1.174842e-04   7.650526e-24   192
  4.699334e-01   1.610321e-22   2.143075e-05   1.984061e-23   48
  4.703832e-01   1.583894e-22   1.712353e-04   2.006301e-23   30
  4.716555e-01   1.534715e-22   3.540978e-05   1.483905e-23   96
  4.719167e-01   1.387699e-22   1.160286e-04   7.540552e-24   228
  4.724128e-01   1.623948e-22   1.517284e-04   1.299716e-23   72
  4.730094e-01   1.642892e-22   0.000000e+00   4.980253e-23   6
  4.743680e-01   1.411973e-22   1.145631e-04   9.588441e-24   248
  4.748016e-01   1.437038e-22   1.311235e-04   1.474880e-23   72
  4.753245e-01   9.288186e-23   7.266090e-09   5.090771e-23   6
  4.769053e-01   1.160098e-22   8.141014e-05   8.750976e-24   180
  4.772205e-01   1.143870e-22   1.107713e-04   1.542028e-23   72
  4.776705e-01   8.825193e-23   0.000000e+00   2.730343e-23   6
  4.794278e-01   1.809684e-22   3.483570e-05   1.617091e-23   96
  4.796378e-01   1.415733e-22   9.563861e-05   1.327728e-23   96
  4.800471e-01   4.914163e-23   0.000000e+00   1.617581e-23   6
  4.820778e-01   1.224981e-22   9.153355e-05   1.051931e-23   140
  4.824537e-01   1.510180e-22   0.000000e+00   4.700987e-23   6
  4.846301e-01   1.368550e-22   6.146888e-05   1.715775e-23   96
  4.848898e-01   9.418236e-23   0.000000e+00   2.368491e-23   6
  4.871898e-01   1.450938e-22   3.697860e-05   1.583257e-23   60
  4.873552e-01   5.860974e-23   0.000000e+00   2.220668e-23   6
  4.897713e-01   1.232162e-22   3.748867e-05   1.467288e-23   38
  4.923442e-01   1.666930e-22   1.928513e-05   2.842731e-23   18
  4.949217e-01   1.684941e-22   7.266090e-09   7.553083e-23   6
