# power spectrum of phi
# redshift z=19.720714
# k              Pk             sigma(k)       sigma(Pk)      count
  4.487990e-03   4.190015e-10   0.000000e+00   1.688960e-10   6
  6.346976e-03   2.511455e-10   0.000000e+00   5.012601e-11   12
  7.773426e-03   1.908668e-10   8.514949e-11   3.886518e-11   8
  8.975979e-03   6.416927e-10   0.000000e+00   6.902880e-11   6
  1.003545e-02   4.477030e-10   1.605594e-10   1.427094e-10   24
  1.099328e-02   6.407603e-10   1.605594e-10   1.079914e-10   24
  1.269395e-02   2.862373e-10   0.000000e+00   1.287757e-10   12
  1.346397e-02   3.320422e-10   1.816523e-10   6.102675e-11   30
  1.419227e-02   4.176141e-10   0.000000e+00   9.202256e-11   24
  1.488498e-02   3.797587e-10   2.780971e-10   9.419630e-11   24
  1.554685e-02   4.407479e-10   1.702990e-10   8.931906e-11   8
  1.618168e-02   3.742869e-10   2.270653e-10   4.655916e-11   24
  1.679252e-02   3.510907e-10   0.000000e+00   4.935631e-11   48
  1.795196e-02   4.184681e-10   0.000000e+00   1.840441e-10   6
  1.850445e-02   3.316652e-10   2.270653e-10   4.653142e-11   48
  1.904093e-02   3.076474e-10   2.140792e-10   3.206399e-11   36
  1.956269e-02   4.382704e-10   2.270653e-10   9.171942e-11   24
  2.007090e-02   2.581937e-10   3.211188e-10   4.435281e-11   24
  2.056655e-02   2.302546e-10   0.000000e+00   3.127455e-11   48
  2.105054e-02   3.527954e-10   3.211188e-10   5.021942e-11   24
  2.198657e-02   2.812709e-10   3.211188e-10   4.421338e-11   24
  2.243995e-02   1.914556e-10   0.000000e+00   3.134683e-11   30
  2.288435e-02   2.046253e-10   0.000000e+00   2.252584e-11   72
  2.332028e-02   2.006711e-10   3.405980e-10   4.096119e-11   32
  2.416856e-02   2.626080e-10   0.000000e+00   3.038340e-11   72
  2.458173e-02   1.611383e-10   0.000000e+00   2.357693e-11   48
  2.538790e-02   8.422085e-11   0.000000e+00   2.502733e-11   12
  2.597539e-02   1.562729e-10   1.938570e-04   1.445506e-11   96
  2.655130e-02   1.940500e-10   3.211188e-10   2.450579e-11   48
  2.692794e-02   2.320164e-10   3.633045e-10   4.061482e-11   30
  2.757421e-02   2.119410e-10   1.586779e-04   2.001695e-11   96
  2.838454e-02   1.255140e-10   0.000000e+00   2.383685e-11   24
  2.885327e-02   1.737534e-10   1.642099e-04   1.403796e-11   144
  2.942972e-02   1.196212e-10   5.561942e-10   2.934630e-11   24
  3.002225e-02   1.769932e-10   1.456630e-04   2.013764e-11   96
  3.043903e-02   1.554634e-10   0.000000e+00   2.393165e-11   48
  3.137435e-02   1.873892e-10   1.080207e-04   2.127821e-11   62
  3.184971e-02   1.349813e-10   1.519035e-04   1.617377e-11   132
  3.236335e-02   8.839673e-11   4.541306e-10   1.574145e-11   24
  3.284837e-02   1.380046e-10   1.518246e-04   1.168088e-11   168
  3.373431e-02   1.577391e-10   1.492698e-04   1.317101e-11   96
  3.439955e-02   1.062690e-10   1.270423e-04   1.005807e-11   96
  3.521583e-02   1.090945e-10   1.416056e-04   8.988097e-12   168
  3.590392e-02   1.531492e-10   0.000000e+00   6.717444e-11   6
  3.618333e-02   1.204227e-10   0.000000e+00   1.177087e-11   96
  3.651563e-02   1.145593e-10   1.100713e-04   1.129100e-11   120
  3.718966e-02   9.089028e-11   1.278125e-04   7.141193e-12   144
  3.754921e-02   1.022057e-10   0.000000e+00   1.380960e-11   48
  3.823245e-02   9.143527e-11   1.304211e-04   9.768890e-12   84
  3.860715e-02   1.001708e-10   8.899106e-10   8.963701e-12   120
  3.894461e-02   7.652150e-11   1.183479e-04   8.781131e-12   80
  3.946692e-02   7.213244e-11   1.201620e-04   5.284354e-12   144
  4.014180e-02   9.152179e-11   6.422377e-10   1.699263e-11   24
  4.047145e-02   9.905650e-11   1.159510e-04   8.279658e-12   150
  4.098576e-02   8.817791e-11   1.203057e-04   6.448776e-12   120
  4.155056e-02   7.990413e-11   1.096333e-04   6.797132e-12   168
  4.210107e-02   1.134019e-10   6.422377e-10   1.890143e-11   24
  4.244743e-02   6.795909e-11   1.181082e-04   4.320190e-12   264
  4.281269e-02   5.532130e-11   6.422377e-10   7.759832e-12   48
  4.343532e-02   6.926346e-11   1.093985e-04   5.673951e-12   144
  4.412543e-02   8.273280e-11   1.076845e-04   1.001122e-11   72
  4.451927e-02   6.595490e-11   1.107671e-04   4.193575e-12   180
  4.506982e-02   6.905604e-11   8.025835e-05   5.105445e-12   198
  4.532647e-02   7.475134e-11   0.000000e+00   8.351203e-12   48
  4.589413e-02   5.897368e-11   1.086319e-04   4.445074e-12   168
  4.631540e-02   6.841007e-11   1.087222e-04   6.265055e-12   144
  4.695270e-02   6.385824e-11   1.527607e-04   3.362489e-12   248
  4.781330e-02   4.449216e-11   1.053161e-04   3.127659e-12   192
  4.839932e-02   5.776321e-11   1.626762e-04   3.779192e-12   240
  4.875204e-02   6.318229e-11   0.000000e+00   6.848344e-12   72
  4.929001e-02   6.501605e-11   9.927197e-05   5.706827e-12   126
  4.962939e-02   6.832626e-11   9.159181e-05   5.369488e-12   168
  5.027740e-02   6.417793e-11   1.001546e-04   3.567953e-12   288
  5.095853e-02   5.753887e-11   5.274950e-05   4.961769e-12   156
  5.131126e-02   4.943514e-11   8.873998e-05   4.282066e-12   168
  5.184617e-02   5.150288e-11   1.521290e-04   3.192458e-12   264
  5.233850e-02   4.644879e-11   0.000000e+00   5.642245e-12   48
  5.270435e-02   4.795272e-11   1.514052e-04   3.132414e-12   264
  5.322882e-02   4.923100e-11   8.924381e-05   4.101305e-12   144
  5.362492e-02   5.288222e-11   1.825884e-04   5.987419e-12   78
  5.420192e-02   4.401017e-11   1.186900e-04   2.442818e-12   336
  5.474604e-02   4.057258e-11   9.030373e-05   2.767841e-12   200
  5.510338e-02   3.917940e-11   1.768159e-04   2.974422e-12   192
  5.558581e-02   4.790817e-11   8.873069e-05   3.380303e-12   240
  5.602902e-02   5.159022e-11   1.778215e-04   3.604798e-12   168
  5.648434e-02   4.214574e-11   1.423690e-04   3.631503e-12   120
  5.703118e-02   4.576547e-11   1.112738e-04   2.415219e-12   324
  5.756179e-02   4.070421e-11   8.748012e-05   2.759360e-12   192
  5.792293e-02   4.465824e-11   1.568908e-04   3.201001e-12   168
  5.853721e-02   3.462498e-11   1.292197e-04   1.877073e-12   342
  5.909109e-02   4.692761e-11   1.040479e-04   2.437224e-12   336
  5.965251e-02   5.144864e-11   7.962394e-05   5.554518e-12   72
  6.003109e-02   4.106071e-11   1.273478e-04   2.726587e-12   288
  6.047058e-02   3.999623e-11   8.293768e-05   2.888411e-12   264
  6.108439e-02   3.547804e-11   1.090835e-04   1.935783e-12   384
  6.163419e-02   3.695524e-11   1.309286e-04   2.797312e-12   240
  6.186267e-02   3.725183e-11   0.000000e+00   4.537974e-12   48
  6.252352e-02   3.744517e-11   1.071736e-04   1.881631e-12   392
  6.302771e-02   3.463810e-11   1.176177e-04   1.974653e-12   294
  6.356985e-02   3.436438e-11   7.644534e-05   2.599048e-12   228
  6.392640e-02   4.008098e-11   1.160935e-04   2.608608e-12   216
  6.437004e-02   3.342396e-11   7.071608e-05   1.780911e-12   336
  6.491309e-02   3.493544e-11   8.402231e-05   1.970627e-12   360
  6.536140e-02   3.731995e-11   1.280140e-04   2.308209e-12   240
  6.582853e-02   3.536956e-11   1.514699e-04   2.519883e-12   168
  6.626426e-02   3.063793e-11   1.192252e-04   1.733275e-12   312
  6.678338e-02   3.119931e-11   7.461529e-05   1.570955e-12   336
  6.734419e-02   3.306385e-11   1.017891e-04   2.022877e-12   294
  6.776702e-02   3.706020e-11   1.356641e-04   2.288520e-12   288
  6.809058e-02   2.611568e-11   8.488954e-05   1.694801e-12   264
  6.866755e-02   3.020929e-11   1.458184e-04   1.498341e-12   480
  6.914996e-02   3.323564e-11   7.133389e-05   1.981095e-12   240
  6.974139e-02   3.263219e-11   7.213111e-05   1.893857e-12   276
  7.020800e-02   2.965498e-11   1.583420e-04   1.250432e-12   488
  7.076234e-02   3.293850e-11   6.973720e-05   2.884959e-12   240
  7.108411e-02   3.042459e-11   1.354117e-04   1.534201e-12   360
  7.153530e-02   2.561669e-11   4.817743e-05   1.873803e-12   198
  7.211554e-02   2.471048e-11   1.627935e-04   1.069130e-12   480
  7.254038e-02   2.471531e-11   6.008787e-05   1.482309e-12   288
  7.312796e-02   2.823733e-11   1.270121e-04   1.354487e-12   480
  7.365633e-02   2.809433e-11   7.825550e-05   1.230261e-12   480
  7.419894e-02   2.459638e-11   1.012105e-04   1.618478e-12   288
  7.453749e-02   2.805212e-11   1.079729e-04   1.609798e-12   288
  7.506996e-02   2.561008e-11   1.877112e-04   1.252527e-12   456
  7.560610e-02   2.840974e-11   1.767802e-04   1.428224e-12   360
  7.595177e-02   2.526112e-11   1.059672e-04   1.581871e-12   180
  7.645202e-02   2.124122e-11   1.154112e-04   9.099908e-13   486
  7.695907e-02   2.401728e-11   1.535340e-04   1.088905e-12   504
  7.747462e-02   2.524470e-11   1.192882e-04   1.181304e-12   456
  7.790209e-02   2.344286e-11   9.910745e-05   1.363648e-12   296
  7.846686e-02   2.248527e-11   9.779604e-05   9.789492e-13   528
  7.889160e-02   2.255328e-11   9.649931e-05   1.131326e-12   336
  7.951717e-02   2.200501e-11   1.070358e-04   9.146043e-13   600
  7.997507e-02   1.831356e-11   6.270729e-05   1.085889e-12   264
  8.043396e-02   2.124909e-11   6.781049e-05   1.042024e-12   360
  8.090234e-02   2.060043e-11   1.357633e-04   9.040156e-13   630
  8.141847e-02   2.410532e-11   7.007974e-05   1.137034e-12   432
  8.187631e-02   2.278759e-11   1.350259e-04   1.127105e-12   408
  8.243827e-02   2.018582e-11   8.962194e-05   1.089463e-12   324
  8.285635e-02   1.912460e-11   1.277222e-04   7.207804e-13   744
  8.336064e-02   1.755571e-11   1.021054e-04   9.772855e-13   336
  8.384245e-02   2.071271e-11   1.403689e-04   8.891189e-13   528
  8.437080e-02   1.734866e-11   7.162045e-05   9.698801e-13   408
  8.472109e-02   1.660734e-11   1.218981e-04   8.097991e-13   408
  8.529988e-02   1.711290e-11   1.006308e-04   7.902175e-13   470
  8.572148e-02   1.848951e-11   1.208902e-04   8.577184e-13   528
  8.631019e-02   1.548956e-11   1.007343e-04   5.902334e-13   624
  8.674381e-02   1.763345e-11   7.664930e-05   8.374582e-13   504
  8.719116e-02   1.500542e-11   1.067668e-04   6.322789e-13   552
  8.763489e-02   1.609318e-11   5.190111e-05   8.117724e-13   336
  8.819051e-02   1.733902e-11   1.104770e-04   7.881969e-13   528
  8.862093e-02   1.595718e-11   1.257802e-04   6.403096e-13   564
  8.912507e-02   1.450379e-11   1.157674e-04   6.949151e-13   528
  8.967166e-02   1.644272e-11   1.797324e-04   7.083236e-13   582
  9.016871e-02   1.520233e-11   1.383668e-04   6.226423e-13   624
  9.060342e-02   1.460741e-11   1.581799e-04   7.458398e-13   432
  9.112208e-02   1.507398e-11   1.759475e-04   5.109686e-13   816
  9.165576e-02   1.518235e-11   8.018898e-05   8.730611e-13   312
  9.200488e-02   1.298996e-11   1.299641e-04   5.634491e-13   552
  9.256787e-02   1.373251e-11   8.185444e-05   5.139140e-13   744
  9.297574e-02   1.442791e-11   7.646869e-05   7.927012e-13   408
  9.350218e-02   1.269947e-11   1.095830e-04   5.316943e-13   632
  9.404906e-02   1.432828e-11   1.860997e-04   5.470456e-13   750
  9.449396e-02   1.524017e-11   1.280227e-04   8.313742e-13   312
  9.498974e-02   1.312456e-11   1.890077e-04   4.561662e-13   876
  9.548011e-02   1.095008e-11   1.234108e-04   4.472873e-13   552
  9.603265e-02   1.245888e-11   1.020603e-04   4.899088e-13   696
  9.640905e-02   1.270841e-11   1.126552e-04   5.695580e-13   576
  9.692128e-02   1.153931e-11   1.192748e-04   5.383345e-13   576
  9.735848e-02   1.214179e-11   1.598285e-04   4.822088e-13   648
  9.788685e-02   1.211143e-11   1.599783e-04   4.553827e-13   672
  9.847019e-02   1.171137e-11   6.785687e-05   5.618249e-13   480
  9.884355e-02   1.076244e-11   1.050846e-04   3.924999e-13   726
  9.932431e-02   1.189332e-11   1.190745e-04   4.413314e-13   792
  9.984502e-02   1.094475e-11   1.651878e-04   4.077304e-13   768
  1.003938e-01   1.138767e-11   1.350017e-04   4.341540e-13   672
  1.008970e-01   1.086519e-11   9.055629e-05   4.309446e-13   608
  1.012613e-01   1.002979e-11   8.693679e-05   3.967765e-13   624
  1.017809e-01   9.860824e-12   1.129736e-04   3.597170e-13   684
  1.022864e-01   9.927440e-12   1.668752e-04   3.519063e-13   768
  1.027568e-01   1.038360e-11   1.334155e-04   3.583551e-13   744
  1.033173e-01   9.597197e-12   8.400635e-05   3.372196e-13   750
  1.037259e-01   9.207710e-12   1.248642e-04   4.239184e-13   600
  1.041677e-01   9.669023e-12   1.325833e-04   4.054374e-13   600
  1.047135e-01   9.590275e-12   1.527941e-04   3.072014e-13   1008
  1.051470e-01   9.698457e-12   8.474486e-05   3.715380e-13   696
  1.056273e-01   9.964517e-12   1.119517e-04   4.295490e-13   624
  1.061102e-01   9.293209e-12   1.742111e-04   3.580840e-13   840
  1.066588e-01   9.892589e-12   1.185366e-04   3.552664e-13   816
  1.071038e-01   8.582614e-12   7.873478e-05   2.929716e-13   744
  1.075531e-01   8.806427e-12   1.391901e-04   3.816234e-13   510
  1.080960e-01   9.086545e-12   1.336339e-04   2.947408e-13   1020
  1.086012e-01   9.004478e-12   1.078294e-04   3.018480e-13   912
  1.090992e-01   9.156737e-12   1.597552e-04   3.330436e-13   752
  1.095110e-01   8.686993e-12   1.325595e-04   3.550604e-13   888
  1.100730e-01   8.434085e-12   8.554013e-05   3.038236e-13   768
  1.105327e-01   8.138271e-12   1.554339e-04   2.950763e-13   720
  1.110617e-01   8.233352e-12   1.370195e-04   2.763134e-13   1056
  1.115309e-01   8.274738e-12   9.479589e-05   3.767139e-13   504
  1.119154e-01   7.043072e-12   1.480257e-04   2.715755e-13   774
  1.124652e-01   8.090559e-12   1.423615e-04   2.541838e-13   1272
  1.129816e-01   8.216389e-12   9.326921e-05   3.286703e-13   744
  1.134632e-01   7.517394e-12   1.523027e-04   2.855161e-13   768
  1.139050e-01   7.809751e-12   1.288282e-04   2.750373e-13   840
  1.144011e-01   7.870015e-12   8.734207e-05   2.588630e-13   924
  1.148789e-01   7.553200e-12   1.539839e-04   2.526820e-13   936
  1.153484e-01   6.934922e-12   1.070130e-04   2.296577e-13   840
  1.158214e-01   7.498858e-12   1.272259e-04   2.383793e-13   1008
  1.164225e-01   6.861920e-12   1.436262e-04   2.613357e-13   696
  1.167996e-01   6.926429e-12   1.276589e-04   2.419265e-13   974
  1.173599e-01   7.434747e-12   1.695459e-04   2.238780e-13   1152
  1.178471e-01   7.036196e-12   6.634378e-05   2.461254e-13   816
  1.182260e-01   6.814294e-12   1.459488e-04   2.406324e-13   816
  1.187357e-01   6.999087e-12   1.288794e-04   2.196629e-13   1152
  1.192732e-01   6.903639e-12   1.160356e-04   2.307191e-13   912
  1.197621e-01   7.219377e-12   1.409833e-04   2.334776e-13   1056
  1.201806e-01   6.871048e-12   1.205660e-04   3.099947e-13   624
  1.207435e-01   6.586686e-12   1.506027e-04   2.018489e-13   1260
  1.212292e-01   6.726790e-12   9.083716e-05   2.301921e-13   894
  1.217037e-01   7.115455e-12   1.556364e-04   2.060306e-13   1176
  1.221783e-01   6.369915e-12   1.288208e-04   2.535918e-13   840
  1.227186e-01   6.488356e-12   1.464236e-04   1.709586e-13   1440
  1.232859e-01   5.960591e-12   8.232021e-05   1.997639e-13   864
  1.237160e-01   6.607362e-12   1.412655e-04   2.135519e-13   1056
  1.241441e-01   6.863776e-12   8.328830e-05   3.024685e-13   624
  1.246641e-01   6.130996e-12   1.542356e-04   1.599355e-13   1496
  1.251612e-01   6.241657e-12   1.088958e-04   2.562286e-13   936
  1.256039e-01   5.878871e-12   1.576468e-04   1.973405e-13   966
  1.260801e-01   6.006811e-12   1.117465e-04   2.053819e-13   936
  1.265804e-01   6.306982e-12   1.382244e-04   1.810203e-13   1248
  1.270926e-01   5.799520e-12   9.744205e-05   1.855558e-13   1044
  1.275698e-01   5.564401e-12   1.509409e-04   1.654278e-13   1392
  1.279478e-01   5.643712e-12   1.162549e-04   2.272865e-13   600
  1.284885e-01   5.362687e-12   1.320778e-04   1.456519e-13   1416
  1.289955e-01   5.605680e-12   1.421656e-04   1.667770e-13   1152
  1.295092e-01   5.390945e-12   1.363856e-04   1.783327e-13   936
  1.299230e-01   5.416118e-12   1.462802e-04   1.900160e-13   870
  1.304147e-01   5.763735e-12   1.226502e-04   1.703080e-13   1368
  1.309604e-01   5.524020e-12   1.612530e-04   1.448574e-13   1632
  1.314267e-01   6.021127e-12   7.000699e-05   2.156869e-13   816
  1.319315e-01   5.286546e-12   1.597143e-04   1.545036e-13   1200
  1.323720e-01   5.386467e-12   1.527057e-04   1.581610e-13   1184
  1.328194e-01   5.757856e-12   1.158936e-04   1.889638e-13   984
  1.333683e-01   5.088720e-12   1.414942e-04   1.394239e-13   1572
  1.338659e-01   5.561366e-12   7.792333e-05   2.177451e-13   840
  1.343297e-01   4.820609e-12   1.812138e-04   1.376210e-13   1392
  1.348193e-01   4.975547e-12   1.330470e-04   1.646357e-13   1158
  1.352564e-01   5.280545e-12   1.211496e-04   1.604230e-13   1272
  1.357826e-01   5.318810e-12   1.234623e-04   1.601503e-13   1320
  1.362769e-01   4.894676e-12   1.208065e-04   1.571022e-13   1104
  1.367472e-01   4.863126e-12   1.367360e-04   1.465616e-13   1392
  1.372408e-01   4.485899e-12   1.478938e-04   1.342948e-13   1296
  1.377492e-01   4.501396e-12   1.544255e-04   1.274077e-13   1392
  1.382262e-01   4.499262e-12   1.132835e-04   1.429316e-13   1104
  1.386675e-01   4.454364e-12   1.426913e-04   1.235809e-13   1320
  1.392961e-01   4.537580e-12   1.089713e-04   1.328926e-13   1422
  1.396977e-01   4.664726e-12   1.357176e-04   1.573452e-13   1212
  1.401589e-01   4.294197e-12   1.483027e-04   1.282293e-13   1280
  1.406327e-01   4.574537e-12   1.544235e-04   1.353719e-13   1272
  1.410869e-01   4.600334e-12   1.336382e-04   1.192977e-13   1680
  1.416252e-01   3.911025e-12   1.262633e-04   1.321155e-13   1152
  1.421207e-01   4.161020e-12   1.462174e-04   1.088258e-13   1512
  1.426417e-01   3.966587e-12   6.173239e-05   1.448571e-13   912
  1.430535e-01   4.033539e-12   1.556147e-04   1.020950e-13   1680
  1.436012e-01   3.699020e-12   1.378563e-04   1.024891e-13   1518
  1.440071e-01   4.163180e-12   1.276288e-04   1.332339e-13   1056
  1.444347e-01   3.929240e-12   1.288698e-04   1.045893e-13   1344
  1.449875e-01   4.490811e-12   1.383780e-04   1.172528e-13   1680
  1.454876e-01   3.773538e-12   1.363571e-04   1.059032e-13   1656
  1.460341e-01   3.843156e-12   1.159057e-04   1.446500e-13   1140
  1.464444e-01   3.633565e-12   1.342100e-04   1.092641e-13   1368
  1.469271e-01   3.603976e-12   1.526647e-04   9.807640e-14   1656
  1.474179e-01   3.677622e-12   1.563614e-04   1.083927e-13   1448
  1.479520e-01   3.490442e-12   1.468912e-04   9.538642e-14   1422
  1.484453e-01   3.764323e-12   1.621619e-04   1.091206e-13   1512
  1.488673e-01   3.774597e-12   1.236275e-04   1.185962e-13   1296
  1.493554e-01   3.526192e-12   1.128801e-04   9.617561e-14   1824
  1.498832e-01   3.415285e-12   1.463660e-04   9.487276e-14   1464
  1.504163e-01   3.127114e-12   1.306107e-04   7.648679e-14   1824
  1.509111e-01   3.489847e-12   1.038421e-04   9.908950e-14   1416
  1.513416e-01   3.132363e-12   1.521007e-04   9.109805e-14   1392
  1.518062e-01   3.196528e-12   1.403562e-04   9.178619e-14   1464
  1.523732e-01   2.936702e-12   1.372200e-04   8.620590e-14   1524
  1.528113e-01   3.114784e-12   1.264504e-04   9.040562e-14   1686
  1.533176e-01   3.113544e-12   1.505644e-04   8.500290e-14   1800
  1.537528e-01   3.496580e-12   1.195338e-04   1.214818e-13   1344
  1.542356e-01   3.083754e-12   1.394596e-04   8.929029e-14   1656
  1.547196e-01   3.108578e-12   1.113514e-04   8.522995e-14   1488
  1.551402e-01   3.186486e-12   1.111701e-04   8.574662e-14   1536
  1.557262e-01   2.892894e-12   1.234973e-04   8.196390e-14   1760
  1.561802e-01   2.682206e-12   1.373667e-04   6.875924e-14   1824
  1.567053e-01   3.053550e-12   1.152763e-04   8.600579e-14   1560
  1.572105e-01   3.038319e-12   1.324056e-04   8.779800e-14   1926
  1.576857e-01   3.043027e-12   9.415777e-05   1.004597e-13   1272
  1.581194e-01   2.796953e-12   1.582320e-04   7.637466e-14   1848
  1.586895e-01   2.793694e-12   1.278379e-04   7.094643e-14   1908
  1.591231e-01   2.868993e-12   1.246890e-04   8.644793e-14   1488
  1.595806e-01   2.522949e-12   1.406224e-04   7.115368e-14   1800
  1.600766e-01   2.561544e-12   1.407610e-04   6.865724e-14   1752
  1.605517e-01   2.531080e-12   1.496769e-04   7.474565e-14   1368
  1.610272e-01   2.535557e-12   1.406675e-04   5.979218e-14   2016
  1.615501e-01   2.727532e-12   1.485794e-04   7.916676e-14   1542
  1.620327e-01   2.533162e-12   1.454994e-04   6.696448e-14   2184
  1.625669e-01   2.664796e-12   1.330990e-04   7.042467e-14   1776
  1.630283e-01   2.448358e-12   1.521522e-04   7.053305e-14   1568
  1.634682e-01   2.551966e-12   1.390081e-04   6.850467e-14   2040
  1.639468e-01   2.607656e-12   1.486121e-04   7.131137e-14   1704
  1.644478e-01   2.288597e-12   1.489728e-04   6.553255e-14   1512
  1.649202e-01   2.365336e-12   1.270742e-04   5.714732e-14   2028
  1.654509e-01   2.355933e-12   1.532841e-04   5.802252e-14   1968
  1.659362e-01   2.205300e-12   1.554838e-04   5.910655e-14   1854
  1.664110e-01   2.422345e-12   1.482240e-04   6.955477e-14   1632
  1.668977e-01   2.366049e-12   1.523128e-04   5.737061e-14   2424
  1.674021e-01   2.332605e-12   1.524713e-04   6.693695e-14   1560
  1.678285e-01   2.330863e-12   1.440852e-04   6.093782e-14   1728
  1.683437e-01   2.225552e-12   1.538043e-04   6.064664e-14   2088
  1.688623e-01   2.003948e-12   1.464052e-04   5.107238e-14   1968
  1.693394e-01   2.105096e-12   1.449552e-04   5.805668e-14   2256
  1.698178e-01   2.104763e-12   1.288813e-04   5.466589e-14   1728
  1.703172e-01   2.089780e-12   1.270494e-04   6.319512e-14   1416
  1.707596e-01   2.208475e-12   1.339356e-04   5.178485e-14   2246
  1.712606e-01   2.179751e-12   1.483321e-04   5.994374e-14   2148
  1.717398e-01   2.200235e-12   1.252967e-04   6.835426e-14   1680
  1.721909e-01   2.091564e-12   1.584012e-04   4.759197e-14   2280
  1.727331e-01   2.101794e-12   1.475065e-04   5.182456e-14   2352
  1.732395e-01   1.915158e-12   1.239422e-04   5.126802e-14   1632
  1.736402e-01   2.053115e-12   1.418228e-04   5.439292e-14   1968
  1.741900e-01   1.848471e-12   1.455103e-04   5.102118e-14   2112
  1.746998e-01   1.959864e-12   1.093039e-04   5.298950e-14   2208
  1.751952e-01   1.895123e-12   1.102112e-04   4.914462e-14   1974
  1.755862e-01   1.966624e-12   1.078165e-04   5.330816e-14   1944
  1.761144e-01   2.026355e-12   1.219820e-04   5.124697e-14   2160
  1.765722e-01   1.922691e-12   1.140807e-04   5.191280e-14   2040
  1.770670e-01   2.000885e-12   1.596015e-04   5.311827e-14   2352
  1.775745e-01   1.984305e-12   1.325904e-04   5.209521e-14   1836
  1.780376e-01   1.822181e-12   1.414413e-04   4.571891e-14   2352
  1.785577e-01   1.701124e-12   1.483527e-04   4.375307e-14   2008
  1.790344e-01   1.823432e-12   1.459431e-04   4.401722e-14   2464
  1.795659e-01   1.746065e-12   1.177095e-04   4.388174e-14   2118
  1.800019e-01   1.826767e-12   1.183276e-04   5.597882e-14   1848
  1.804507e-01   2.080337e-12   1.565861e-04   5.753046e-14   2280
  1.809928e-01   1.904045e-12   1.489508e-04   4.719749e-14   2472
  1.814993e-01   1.632269e-12   9.953927e-05   4.169414e-14   2280
  1.819245e-01   1.892307e-12   1.216700e-04   5.392855e-14   1992
  1.823831e-01   1.771784e-12   1.279126e-04   4.518082e-14   2184
  1.829118e-01   1.573626e-12   1.543068e-04   3.975478e-14   2352
  1.834214e-01   1.732406e-12   1.626118e-04   4.090090e-14   2496
  1.839203e-01   1.637825e-12   1.518813e-04   4.719692e-14   1770
  1.843678e-01   1.855302e-12   1.310496e-04   4.739111e-14   2568
  1.849057e-01   1.790944e-12   1.607377e-04   4.586138e-14   2712
  1.853947e-01   1.805056e-12   1.276489e-04   4.695837e-14   2448
  1.858830e-01   1.726161e-12   1.076015e-04   4.702193e-14   2064
  1.862881e-01   1.704322e-12   1.135758e-04   5.187973e-14   1944
  1.868133e-01   1.599977e-12   1.403079e-04   4.100810e-14   2480
  1.873491e-01   1.542474e-12   1.524155e-04   3.527367e-14   2880
  1.878237e-01   1.559642e-12   1.462067e-04   4.288098e-14   2304
  1.883193e-01   1.574121e-12   1.343278e-04   4.459809e-14   1806
  1.887589e-01   1.670015e-12   1.317346e-04   4.210906e-14   2856
  1.893097e-01   1.722374e-12   1.263374e-04   4.480170e-14   2568
  1.897288e-01   1.568366e-12   1.267515e-04   4.524319e-14   2112
  1.901850e-01   1.657346e-12   1.220840e-04   5.224196e-14   2028
  1.906744e-01   1.489488e-12   1.445115e-04   3.731925e-14   2712
  1.911714e-01   1.564495e-12   1.556884e-04   3.681413e-14   2952
  1.917055e-01   1.455932e-12   1.202957e-04   3.773969e-14   2112
  1.921372e-01   1.448870e-12   1.409804e-04   3.556619e-14   2520
  1.926559e-01   1.368909e-12   1.359784e-04   3.381708e-14   2376
  1.931282e-01   1.534437e-12   1.090048e-04   3.818814e-14   2526
  1.936186e-01   1.632514e-12   1.356536e-04   4.267656e-14   2664
  1.941040e-01   1.645465e-12   1.617960e-04   4.758753e-14   2408
  1.945694e-01   1.464292e-12   1.296049e-04   4.027374e-14   2568
  1.950440e-01   1.503315e-12   1.221942e-04   3.372347e-14   2904
  1.955589e-01   1.446610e-12   1.371053e-04   3.563583e-14   2544
  1.960480e-01   1.451644e-12   1.009875e-04   4.097610e-14   2160
  1.965096e-01   1.487149e-12   1.745958e-04   3.807231e-14   2652
  1.970194e-01   1.267873e-12   1.382439e-04   2.966831e-14   2784
  1.975101e-01   1.492645e-12   1.365199e-04   3.664855e-14   2694
  1.980185e-01   1.391561e-12   1.226932e-04   3.554272e-14   2952
  1.984602e-01   1.443772e-12   1.162128e-04   4.084516e-14   2208
  1.989102e-01   1.510339e-12   1.238599e-04   4.168679e-14   2304
  1.994125e-01   1.315387e-12   1.610662e-04   2.860350e-14   3504
  1.999983e-01   1.330626e-12   1.304210e-04   3.335064e-14   2616
  2.004552e-01   1.271767e-12   1.274108e-04   3.257723e-14   2664
  2.008953e-01   1.253414e-12   1.183758e-04   3.265813e-14   2448
  2.013388e-01   1.302371e-12   1.648584e-04   3.292958e-14   2472
  2.018606e-01   1.312125e-12   1.310718e-04   3.061149e-14   3134
  2.023516e-01   1.390060e-12   1.433541e-04   3.696394e-14   2616
  2.028419e-01   1.311328e-12   1.161223e-04   3.646677e-14   2712
  2.033463e-01   1.305505e-12   1.331755e-04   3.189278e-14   3204
  2.038284e-01   1.241364e-12   1.533782e-04   3.214438e-14   2760
  2.042862e-01   1.177401e-12   1.338200e-04   3.092429e-14   2688
  2.047911e-01   1.211839e-12   1.265264e-04   2.963025e-14   2760
  2.052376e-01   1.122773e-12   1.044749e-04   3.125264e-14   2568
  2.057517e-01   1.115726e-12   1.622443e-04   2.507784e-14   3336
  2.062452e-01   1.214939e-12   1.373220e-04   3.380031e-14   2334
  2.067435e-01   1.217381e-12   1.519616e-04   3.143268e-14   3264
  2.072092e-01   1.319991e-12   1.104877e-04   4.168868e-14   2760
  2.076868e-01   1.131332e-12   1.334378e-04   2.760301e-14   3192
  2.081730e-01   1.205338e-12   1.385370e-04   3.384760e-14   2904
  2.086902e-01   1.121434e-12   1.390027e-04   2.889827e-14   2784
  2.091231e-01   1.206207e-12   1.144018e-04   3.153089e-14   2592
  2.096156e-01   1.044854e-12   1.559460e-04   2.637787e-14   3284
  2.101389e-01   1.048399e-12   1.566406e-04   2.555854e-14   3168
  2.106071e-01   1.070232e-12   1.292397e-04   2.703632e-14   2616
  2.110994e-01   1.026320e-12   1.248775e-04   2.813685e-14   3222
  2.115781e-01   1.142868e-12   1.401164e-04   2.865674e-14   3240
  2.120418e-01   1.170077e-12   1.417503e-04   3.402225e-14   2568
  2.125690e-01   1.172403e-12   1.300629e-04   3.473378e-14   3120
  2.130097e-01   1.103050e-12   1.429850e-04   2.929225e-14   3168
  2.134838e-01   1.046906e-12   1.251725e-04   3.084945e-14   3240
  2.140024e-01   9.911020e-13   1.284239e-04   2.438796e-14   3144
  2.145062e-01   9.642095e-13   1.224103e-04   2.429614e-14   2856
  2.149823e-01   9.758512e-13   1.307392e-04   2.211262e-14   3264
  2.155212e-01   1.012473e-12   1.444609e-04   2.604901e-14   3318
  2.159452e-01   1.136541e-12   1.011723e-04   3.778825e-14   2556
  2.164506e-01   9.831972e-13   1.728209e-04   2.486918e-14   4008
  2.169623e-01   1.044456e-12   1.275720e-04   2.966367e-14   2904
  2.174000e-01   9.157097e-13   1.304469e-04   2.292914e-14   3144
  2.178983e-01   9.677790e-13   1.359922e-04   2.608260e-14   3200
  2.184140e-01   8.689688e-13   1.341212e-04   2.209087e-14   3312
  2.188763e-01   9.095462e-13   1.080957e-04   2.327846e-14   2832
  2.193924e-01   8.976212e-13   1.555565e-04   2.054552e-14   3984
  2.198717e-01   9.458980e-13   1.264601e-04   2.782899e-14   2238
  2.203092e-01   9.905005e-13   1.488218e-04   2.653839e-14   3984
  2.208520e-01   9.328310e-13   1.414250e-04   2.500533e-14   3384
  2.213029e-01   1.037931e-12   1.321942e-04   2.926636e-14   3048
  2.217737e-01   8.401554e-13   1.213801e-04   2.270654e-14   3096
  2.222656e-01   9.234606e-13   1.375807e-04   2.217729e-14   3708
  2.227545e-01   8.441155e-13   1.304078e-04   2.416427e-14   2784
  2.232087e-01   8.970656e-13   1.354535e-04   2.239381e-14   3648
  2.237247e-01   8.434983e-13   1.394108e-04   2.138903e-14   3888
  2.242738e-01   7.910107e-13   1.488252e-04   2.310204e-14   2958
  2.246837e-01   8.939208e-13   1.270361e-04   2.245348e-14   3264
  2.251777e-01   9.796704e-13   1.402443e-04   2.850100e-14   3160
  2.256445e-01   8.324976e-13   1.271016e-04   2.161014e-14   3736
  2.260868e-01   8.390578e-13   1.158193e-04   2.660411e-14   3216
  2.266085e-01   8.613467e-13   1.419303e-04   2.084238e-14   4032
  2.271526e-01   7.794484e-13   1.295798e-04   1.845276e-14   3528
  2.276165e-01   8.167543e-13   1.143819e-04   2.165434e-14   3192
  2.280803e-01   7.610429e-13   1.252686e-04   1.967058e-14   3456
  2.285834e-01   7.228903e-13   1.298903e-04   1.855725e-14   3060
  2.290876e-01   8.203130e-13   1.544545e-04   1.968368e-14   4518
  2.295790e-01   8.157305e-13   1.375990e-04   2.307771e-14   3528
  2.300307e-01   9.367607e-13   1.155591e-04   2.954570e-14   3024
  2.305122e-01   7.774251e-13   1.564624e-04   2.049261e-14   3672
  2.310028e-01   7.870556e-13   1.342922e-04   2.022492e-14   3864
  2.315474e-01   7.583260e-13   1.423480e-04   1.912322e-14   3816
  2.319928e-01   6.973864e-13   1.295052e-04   1.815848e-14   3456
  2.324198e-01   7.418363e-13   1.172315e-04   2.066544e-14   2688
  2.329230e-01   6.890827e-13   1.390930e-04   1.506721e-14   4248
  2.334218e-01   7.880307e-13   1.332244e-04   2.165557e-14   3926
  2.339228e-01   7.980546e-13   1.406621e-04   2.367555e-14   3504
  2.344067e-01   7.996212e-13   1.257540e-04   2.043546e-14   3960
  2.349411e-01   7.334475e-13   1.415697e-04   1.952236e-14   3684
  2.353994e-01   6.829369e-13   1.415603e-04   1.796779e-14   4104
  2.358576e-01   7.225684e-13   1.342621e-04   1.846488e-14   3144
  2.363498e-01   6.888524e-13   1.470632e-04   1.726758e-14   4224
  2.368909e-01   6.347943e-13   1.305314e-04   1.531584e-14   4008
  2.373532e-01   6.625853e-13   1.436052e-04   1.600921e-14   3312
  2.378293e-01   7.049721e-13   1.428317e-04   1.986926e-14   3726
  2.383356e-01   7.167192e-13   1.467057e-04   2.023256e-14   3936
  2.387852e-01   7.953915e-13   1.512247e-04   2.391907e-14   3888
  2.392518e-01   6.911034e-13   1.429975e-04   1.920095e-14   3864
  2.397372e-01   7.079041e-13   1.520184e-04   1.957894e-14   3888
  2.402373e-01   6.369603e-13   1.433767e-04   1.688073e-14   4080
  2.407309e-01   6.966279e-13   1.521663e-04   1.933112e-14   3400
  2.412345e-01   6.373069e-13   1.395519e-04   1.564235e-14   4588
  2.417438e-01   6.063320e-13   1.381276e-04   1.603078e-14   3816
  2.421888e-01   6.243964e-13   1.308874e-04   1.698233e-14   3534
  2.426599e-01   7.389038e-13   1.292818e-04   1.959688e-14   4080
  2.431528e-01   7.034789e-13   1.351361e-04   1.772816e-14   4248
  2.436477e-01   7.297713e-13   1.361762e-04   2.327320e-14   3528
  2.441045e-01   6.741799e-13   1.392215e-04   1.698036e-14   4248
  2.445661e-01   6.371640e-13   1.361726e-04   1.763716e-14   3696
  2.450802e-01   6.015008e-13   1.412982e-04   1.422562e-14   4560
  2.455678e-01   6.305925e-13   1.323495e-04   1.560990e-14   3864
  2.460685e-01   5.761904e-13   1.441083e-04   1.423147e-14   4440
  2.465431e-01   6.140179e-13   1.344565e-04   1.902905e-14   3432
  2.470417e-01   6.672650e-13   1.318374e-04   1.815177e-14   4470
  2.475323e-01   6.731574e-13   1.171596e-04   1.761318e-14   4188
  2.480144e-01   6.210227e-13   1.500979e-04   1.644424e-14   4392
  2.484933e-01   6.825327e-13   1.161150e-04   1.939087e-14   3960
  2.489913e-01   6.317841e-13   1.311762e-04   1.647107e-14   4328
  2.494737e-01   5.787057e-13   1.365155e-04   1.412814e-14   4320
  2.499612e-01   5.932359e-13   1.427527e-04   1.537576e-14   4152
  2.504133e-01   6.528451e-13   1.194148e-04   2.002938e-14   3528
  2.509246e-01   5.421762e-13   1.292483e-04   1.297516e-14   4512
  2.514030e-01   6.411624e-13   1.321235e-04   1.924266e-14   4134
  2.518889e-01   6.819071e-13   1.407559e-04   1.753529e-14   5208
  2.523561e-01   6.413719e-13   1.226327e-04   1.928451e-14   3240
  2.528396e-01   6.513845e-13   1.352583e-04   1.688071e-14   4680
  2.533316e-01   5.960738e-13   1.339167e-04   1.665444e-14   4440
  2.538242e-01   5.682753e-13   1.517493e-04   1.569257e-14   4260
  2.542967e-01   5.325122e-13   1.238886e-04   1.465271e-14   4056
  2.547833e-01   5.183500e-13   1.373522e-04   1.267226e-14   4704
  2.552940e-01   5.746313e-13   1.598328e-04   1.498936e-14   4800
  2.558338e-01   5.703445e-13   1.384828e-04   1.547887e-14   4806
  2.563004e-01   7.604485e-13   1.380453e-04   2.316110e-14   3552
  2.567447e-01   5.683060e-13   1.384155e-04   1.770180e-14   4304
  2.572463e-01   6.011560e-13   1.342317e-04   1.570300e-14   5280
  2.577424e-01   5.559244e-13   1.287726e-04   1.478781e-14   4320
  2.582120e-01   5.660413e-13   1.454180e-04   1.527002e-14   4296
  2.587071e-01   5.174614e-13   1.616686e-04   1.261093e-14   4608
  2.592079e-01   5.464986e-13   1.548872e-04   1.313355e-14   4824
  2.597037e-01   4.804453e-13   1.462245e-04   1.286367e-14   4488
  2.602357e-01   5.681839e-13   1.365163e-04   1.555373e-14   4530
  2.606750e-01   5.711852e-13   1.332969e-04   1.739854e-14   4464
  2.611146e-01   5.666699e-13   1.256224e-04   1.584555e-14   4104
  2.616192e-01   5.468381e-13   1.354472e-04   1.328560e-14   5424
  2.621157e-01   5.713918e-13   1.458006e-04   1.752515e-14   4392
  2.626209e-01   5.387591e-13   1.427447e-04   1.431161e-14   4896
  2.630796e-01   4.889941e-13   1.399190e-04   1.344421e-14   4104
  2.635583e-01   5.521296e-13   1.261700e-04   1.468750e-14   4824
  2.640634e-01   4.346086e-13   1.205890e-04   1.102977e-14   4680
  2.645034e-01   4.770902e-13   1.233362e-04   1.312879e-14   4328
  2.650142e-01   5.347710e-13   1.421747e-04   1.503615e-14   5118
  2.655274e-01   5.566384e-13   1.647184e-04   1.582120e-14   5304
  2.659905e-01   6.346075e-13   1.297081e-04   1.878516e-14   4392
  2.664951e-01   5.109162e-13   1.301864e-04   1.471407e-14   4476
  2.669364e-01   4.978941e-13   1.292906e-04   1.454390e-14   4704
  2.674274e-01   4.850623e-13   1.564908e-04   1.212131e-14   5208
  2.679435e-01   4.732498e-13   1.319479e-04   1.319685e-14   5304
  2.684190e-01   4.458489e-13   1.413346e-04   1.166061e-14   4296
  2.689066e-01   4.637477e-13   1.340217e-04   1.171015e-14   4752
  2.694189e-01   5.074357e-13   1.345359e-04   1.373287e-14   4950
  2.698794e-01   5.187475e-13   1.406262e-04   1.483130e-14   5064
  2.703399e-01   5.411806e-13   1.178265e-04   1.562236e-14   4872
  2.708057e-01   5.092068e-13   1.240390e-04   1.643190e-14   4224
  2.713029e-01   4.971488e-13   1.370167e-04   1.285631e-14   6120
  2.718321e-01   4.456160e-13   1.507358e-04   1.225762e-14   4968
  2.723121e-01   4.839904e-13   1.333881e-04   1.366511e-14   4424
  2.728088e-01   4.571881e-13   1.703749e-04   1.347424e-14   5436
  2.732993e-01   4.239447e-13   1.452596e-04   1.094880e-14   4896
  2.737736e-01   4.300617e-13   1.390702e-04   1.325427e-14   5214
  2.742308e-01   5.366247e-13   1.182169e-04   1.640441e-14   4656
  2.747387e-01   5.220459e-13   1.503032e-04   1.496161e-14   5448
  2.752241e-01   4.809793e-13   1.269422e-04   1.628798e-14   4992
  2.756994e-01   5.133685e-13   1.404898e-04   1.538058e-14   5400
  2.762219e-01   4.644308e-13   1.557062e-04   1.258685e-14   5328
  2.767032e-01   4.573915e-13   1.392299e-04   1.309232e-14   4776
  2.771561e-01   3.791941e-13   1.308295e-04   1.081761e-14   4800
  2.776593e-01   4.217971e-13   1.682401e-04   1.030127e-14   6552
  2.781857e-01   4.860296e-13   1.271030e-04   1.697712e-14   3942
  2.786419e-01   4.657817e-13   1.601990e-04   1.290955e-14   6072
  2.791470e-01   5.407843e-13   1.244164e-04   1.793725e-14   4692
  2.795705e-01   4.361765e-13   1.298888e-04   1.316414e-14   4944
  2.800665e-01   4.409875e-13   1.394107e-04   1.215838e-14   5840
  2.805759e-01   4.242395e-13   1.492333e-04   1.241066e-14   5712
  2.810773e-01   4.336968e-13   1.250671e-04   1.314428e-14   4800
  2.815348e-01   3.960557e-13   1.656330e-04   1.063968e-14   5688
  2.820359e-01   3.849443e-13   1.306810e-04   1.110546e-14   4848
  2.825324e-01   3.083932e-13   1.454557e-04   9.904643e-15   5406
  2.830037e-01   8.471508e-16   1.312973e-04   1.182709e-17   5568
  2.834769e-01   8.387764e-16   1.180275e-04   1.178275e-17   5736
  2.839884e-01   8.570412e-16   1.465826e-04   1.224385e-17   5280
  2.844524e-01   8.228267e-16   1.355263e-04   1.119608e-17   5592
  2.849301e-01   8.182299e-16   1.551417e-04   1.196101e-17   4968
  2.854352e-01   8.563615e-16   1.391053e-04   1.146737e-17   5964
  2.859279e-01   8.321235e-16   1.397517e-04   1.125095e-17   5376
  2.863756e-01   8.112693e-16   1.349389e-04   1.136813e-17   5472
  2.868946e-01   8.266289e-16   1.281532e-04   1.120793e-17   5472
  2.873693e-01   7.984342e-16   1.457059e-04   1.129135e-17   5415
  2.878292e-01   7.775935e-16   1.281660e-04   1.093524e-17   5096
  2.883268e-01   7.493199e-16   1.648183e-04   1.002785e-17   6372
  2.888302e-01   7.980704e-16   1.337920e-04   1.230392e-17   4656
  2.892814e-01   7.989458e-16   1.460580e-04   1.074610e-17   5844
  2.897668e-01   7.892365e-16   1.284189e-04   1.090803e-17   5508
  2.902812e-01   7.981363e-16   1.456803e-04   1.037178e-17   6324
  2.907860e-01   7.438824e-16   1.251396e-04   1.124813e-17   4752
  2.912474e-01   7.826837e-16   1.401041e-04   1.067335e-17   5676
  2.917468e-01   7.729696e-16   1.281684e-04   1.082388e-17   5472
  2.922209e-01   7.534799e-16   1.445704e-04   1.044230e-17   5556
  2.927301e-01   7.467878e-16   1.408810e-04   1.016405e-17   5436
  2.932217e-01   7.464997e-16   1.442016e-04   1.041478e-17   5916
  2.937264e-01   7.429759e-16   1.500331e-04   1.022870e-17   5520
  2.941809e-01   7.124172e-16   1.364480e-04   1.017183e-17   5280
  2.946466e-01   7.605036e-16   1.340724e-04   1.153700e-17   4416
  2.951720e-01   7.227202e-16   1.306879e-04   9.550700e-18   6260
  2.956655e-01   7.191219e-16   1.554038e-04   9.851825e-18   5940
  2.961126e-01   7.197884e-16   1.217066e-04   1.171237e-17   4188
  2.966047e-01   6.969821e-16   1.556122e-04   9.008331e-18   6360
  2.971222e-01   6.991176e-16   1.387995e-04   1.009334e-17   5256
  2.976029e-01   7.117197e-16   1.312113e-04   1.116662e-17   4848
  2.980147e-01   6.656405e-16   1.189499e-04   1.002739e-17   4704
  2.985217e-01   6.773360e-16   1.459205e-04   9.386128e-18   5784
  2.990374e-01   6.614842e-16   1.544008e-04   9.200238e-18   5820
  2.995352e-01   6.777839e-16   1.383100e-04   9.526829e-18   5700
  3.000361e-01   6.810873e-16   1.282634e-04   9.867707e-18   5232
  3.005375e-01   6.673445e-16   1.423193e-04   9.817420e-18   4932
  3.009817e-01   6.578899e-16   1.224997e-04   1.022942e-17   4716
  3.014485e-01   6.764814e-16   1.560382e-04   9.719162e-18   5616
  3.019287e-01   6.262505e-16   1.378046e-04   9.215501e-18   5184
  3.024240e-01   6.171417e-16   1.390111e-04   9.199780e-18   5064
  3.028912e-01   6.238143e-16   1.423406e-04   9.164907e-18   5544
  3.034093e-01   6.213499e-16   1.428860e-04   9.035915e-18   5192
  3.038807e-01   6.219052e-16   1.284053e-04   9.163729e-18   5244
  3.043764e-01   5.978980e-16   1.389360e-04   8.992022e-18   5112
  3.048691e-01   6.186122e-16   1.275010e-04   9.281412e-18   5040
  3.053213e-01   6.093154e-16   1.340439e-04   9.009291e-18   5124
  3.058494e-01   5.968712e-16   1.504823e-04   8.625439e-18   5952
  3.063369e-01   6.004988e-16   1.318531e-04   9.120854e-18   4824
  3.067788e-01   5.805303e-16   1.330892e-04   9.484955e-18   4536
  3.072903e-01   5.800898e-16   1.414616e-04   8.350621e-18   5712
  3.078157e-01   6.037684e-16   1.547976e-04   8.909593e-18   5352
  3.083112e-01   5.764661e-16   1.348344e-04   8.601830e-18   5004
  3.087539e-01   5.578527e-16   1.348711e-04   8.480572e-18   4800
  3.092296e-01   5.661973e-16   1.449374e-04   8.548633e-18   5148
  3.097567e-01   5.672942e-16   1.505363e-04   8.154318e-18   5664
  3.102329e-01   5.325000e-16   1.352034e-04   8.557538e-18   4692
  3.106729e-01   5.502923e-16   1.256056e-04   9.188398e-18   4008
  3.111861e-01   5.359441e-16   1.439712e-04   7.506446e-18   5852
  3.117078e-01   5.293765e-16   1.363273e-04   7.910429e-18   5784
  3.121712e-01   5.346864e-16   1.256700e-04   8.844951e-18   4392
  3.126481e-01   5.384857e-16   1.232703e-04   8.640469e-18   4944
  3.131489e-01   5.135534e-16   1.453336e-04   8.068548e-18   4776
  3.136211e-01   4.988402e-16   1.398188e-04   7.534384e-18   5244
  3.141336e-01   5.034409e-16   1.395722e-04   7.477582e-18   4884
  3.145636e-01   4.894134e-16   1.183681e-04   7.771580e-18   4488
  3.150636e-01   5.004847e-16   1.406525e-04   7.838130e-18   5160
  3.155671e-01   5.196472e-16   1.432039e-04   7.662183e-18   5316
  3.160521e-01   4.736510e-16   1.447892e-04   7.627247e-18   4896
  3.165249e-01   5.151220e-16   1.345344e-04   9.013903e-18   4188
  3.170014e-01   4.568400e-16   1.467406e-04   7.240936e-18   4836
  3.174880e-01   4.875108e-16   1.455680e-04   7.238930e-18   5316
  3.179808e-01   4.690721e-16   1.347408e-04   6.993729e-18   4920
  3.184417e-01   5.024395e-16   1.357413e-04   8.600393e-18   4128
  3.189362e-01   4.600750e-16   1.460260e-04   7.055971e-18   5348
  3.194229e-01   4.705380e-16   1.267067e-04   7.522398e-18   4836
  3.198876e-01   4.584479e-16   1.365306e-04   8.184909e-18   4392
  3.203882e-01   4.542928e-16   1.199532e-04   7.582194e-18   4632
  3.208388e-01   4.492260e-16   1.340287e-04   7.240725e-18   4596
  3.213563e-01   4.499535e-16   1.347844e-04   6.984216e-18   5424
  3.218683e-01   4.162975e-16   1.387362e-04   6.346250e-18   5256
  3.223958e-01   4.343397e-16   1.409032e-04   7.172472e-18   4524
  3.228350e-01   4.391475e-16   1.340268e-04   7.641328e-18   4440
  3.233270e-01   4.284612e-16   1.146101e-04   7.022764e-18   4380
  3.238085e-01   4.208130e-16   1.499870e-04   6.918228e-18   4812
  3.243210e-01   4.274379e-16   1.489725e-04   6.585104e-18   5376
  3.247896e-01   3.969981e-16   1.189892e-04   7.199343e-18   3888
  3.252385e-01   4.263760e-16   1.362564e-04   6.864546e-18   4896
  3.257395e-01   4.093558e-16   1.437728e-04   6.862025e-18   4608
  3.262654e-01   4.253706e-16   1.357127e-04   7.025058e-18   4448
  3.267232e-01   3.714364e-16   1.400926e-04   6.141343e-18   4752
  3.272056e-01   4.069731e-16   1.467382e-04   7.255432e-18   4356
  3.277129e-01   3.975336e-16   1.412082e-04   6.483103e-18   5232
  3.282173e-01   3.739178e-16   1.423025e-04   6.342480e-18   4548
  3.287063e-01   3.817328e-16   1.383360e-04   6.310228e-18   4608
  3.291837e-01   3.809742e-16   1.256671e-04   7.148113e-18   3936
  3.296343e-01   3.805241e-16   1.502088e-04   6.899076e-18   4260
  3.301407e-01   3.692671e-16   1.346643e-04   6.145582e-18   5004
  3.306038e-01   3.826443e-16   1.330711e-04   6.985500e-18   4224
  3.311115e-01   3.691357e-16   1.437697e-04   6.399423e-18   4788
  3.316047e-01   3.781746e-16   1.511985e-04   6.748561e-18   4428
  3.320852e-01   3.504829e-16   1.263467e-04   6.525562e-18   4080
  3.325477e-01   3.698462e-16   1.381486e-04   5.978552e-18   4632
  3.330347e-01   3.461815e-16   1.436640e-04   6.555529e-18   4056
  3.335467e-01   3.464724e-16   1.352621e-04   5.993542e-18   4536
  3.340144e-01   3.651496e-16   1.379585e-04   6.272482e-18   4668
  3.345266e-01   3.230543e-16   1.478669e-04   5.726938e-18   4604
  3.350255e-01   3.432930e-16   1.328598e-04   6.160543e-18   4152
  3.354859e-01   3.399598e-16   1.287622e-04   6.216268e-18   4224
  3.359739e-01   3.237748e-16   1.237953e-04   6.050878e-18   4152
  3.364615e-01   3.555848e-16   1.404246e-04   6.380805e-18   4224
  3.369356e-01   3.339877e-16   1.298644e-04   6.158737e-18   3960
  3.373922e-01   3.226085e-16   1.340119e-04   5.507301e-18   4656
  3.378910e-01   3.146539e-16   1.445961e-04   5.566223e-18   4452
  3.384025e-01   3.058116e-16   1.470057e-04   5.843109e-18   4056
  3.388784e-01   3.140264e-16   1.456648e-04   5.814229e-18   4212
  3.393606e-01   3.335210e-16   1.210536e-04   6.796888e-18   3432
  3.398492e-01   3.093040e-16   1.548628e-04   5.153958e-18   5352
  3.403267e-01   3.145033e-16   1.134185e-04   6.364788e-18   3600
  3.408466e-01   3.000680e-16   1.251027e-04   5.406105e-18   4584
  3.413005e-01   3.134058e-16   1.247343e-04   6.185749e-18   3768
  3.417680e-01   2.973365e-16   1.331557e-04   5.923464e-18   3848
  3.422347e-01   2.994399e-16   1.220886e-04   6.169231e-18   3720
  3.427639e-01   2.791815e-16   1.532392e-04   4.861430e-18   4764
  3.432311e-01   2.979633e-16   1.234001e-04   5.473804e-18   3864
  3.437109e-01   3.024489e-16   1.528459e-04   5.537951e-18   4332
  3.442342e-01   2.876257e-16   1.304937e-04   5.494082e-18   3792
  3.447018e-01   2.678117e-16   1.480185e-04   4.908374e-18   4284
  3.451974e-01   2.713457e-16   1.401572e-04   5.866481e-18   3840
  3.456664e-01   2.530207e-16   1.334113e-04   5.256509e-18   3480
  3.461427e-01   2.658260e-16   1.488614e-04   4.696453e-18   4380
  3.466576e-01   2.730746e-16   1.398292e-04   5.195958e-18   4200
  3.471635e-01   2.818534e-16   1.344014e-04   5.256169e-18   4056
  3.476333e-01   2.593516e-16   1.350788e-04   5.538507e-18   3600
  3.480735e-01   2.649999e-16   1.345848e-04   5.412187e-18   3492
  3.485878e-01   2.504817e-16   1.571647e-04   4.794565e-18   4500
  3.491126e-01   2.748354e-16   1.376975e-04   5.681872e-18   3516
  3.495636e-01   2.746013e-16   1.439500e-04   5.554954e-18   3968
  3.500690e-01   2.537794e-16   1.383484e-04   5.294666e-18   3648
  3.505165e-01   2.517689e-16   1.322992e-04   5.107135e-18   4224
  3.510237e-01   2.331212e-16   1.484940e-04   4.964408e-18   3588
  3.514997e-01   2.481106e-16   1.369683e-04   5.268120e-18   3456
  3.519786e-01   2.279640e-16   1.216448e-04   4.818378e-18   3660
  3.524735e-01   2.393282e-16   1.335194e-04   4.918026e-18   3768
  3.529347e-01   2.459884e-16   1.350276e-04   5.012041e-18   3744
  3.534301e-01   2.321696e-16   1.482149e-04   4.594206e-18   4176
  3.539572e-01   2.537141e-16   1.367120e-04   5.337116e-18   3612
  3.543928e-01   2.341132e-16   1.485682e-04   5.276650e-18   3216
  3.548913e-01   2.270352e-16   1.436402e-04   5.020447e-18   3624
  3.553925e-01   2.248007e-16   1.350690e-04   4.593237e-18   3744
  3.558768e-01   2.352646e-16   1.441176e-04   5.025328e-18   3672
  3.563547e-01   2.283973e-16   1.306896e-04   4.824018e-18   3852
  3.568482e-01   2.336237e-16   1.345097e-04   4.859935e-18   3672
  3.573731e-01   2.270723e-16   1.310574e-04   5.681443e-18   3248
  3.578115e-01   1.990785e-16   1.341465e-04   4.505538e-18   3336
  3.582900e-01   1.993567e-16   1.365492e-04   4.284564e-18   3576
  3.587793e-01   2.157792e-16   1.159180e-04   4.711220e-18   3336
  3.592778e-01   2.162712e-16   1.376902e-04   4.454180e-18   3936
  3.597697e-01   2.193400e-16   1.466440e-04   4.786883e-18   3408
  3.602575e-01   2.180974e-16   1.291957e-04   5.074211e-18   3336
  3.607316e-01   1.705698e-16   1.451163e-04   4.019430e-18   3312
  3.612054e-01   2.015399e-16   1.469319e-04   4.812823e-18   3432
  3.617101e-01   2.095715e-16   1.273841e-04   5.119296e-18   3144
  3.621706e-01   1.980080e-16   1.382881e-04   4.498320e-18   3456
  3.626887e-01   1.949101e-16   1.329107e-04   4.003364e-18   3792
  3.631568e-01   2.064377e-16   1.305556e-04   5.218686e-18   2868
  3.636625e-01   1.804919e-16   1.352551e-04   3.660695e-18   3888
  3.641351e-01   1.722908e-16   1.174435e-04   4.265656e-18   2784
  3.646004e-01   1.852406e-16   1.341238e-04   5.048508e-18   2964
  3.651086e-01   1.889664e-16   1.381212e-04   4.300167e-18   3432
  3.655924e-01   1.833710e-16   1.429694e-04   4.155124e-18   3416
  3.660820e-01   1.864866e-16   1.528218e-04   4.272484e-18   3528
  3.665830e-01   1.965159e-16   1.226504e-04   4.906508e-18   2904
  3.670262e-01   1.695020e-16   1.375270e-04   4.185379e-18   3072
  3.675416e-01   1.667585e-16   1.544586e-04   3.907760e-18   3216
  3.680569e-01   1.664692e-16   1.250951e-04   4.366658e-18   2844
  3.685093e-01   1.678136e-16   1.431483e-04   4.078476e-18   3432
  3.689737e-01   1.893262e-16   1.150574e-04   4.968075e-18   2880
  3.694925e-01   1.712660e-16   1.524100e-04   4.187756e-18   3576
  3.699812e-01   1.827494e-16   1.362332e-04   4.991407e-18   2700
  3.704492e-01   1.596549e-16   1.530237e-04   3.998726e-18   3000
  3.709392e-01   1.502758e-16   1.270553e-04   4.086797e-18   2556
  3.714151e-01   1.673318e-16   1.361780e-04   4.046958e-18   3360
  3.719070e-01   1.663861e-16   1.323185e-04   4.037481e-18   3120
  3.724371e-01   1.671397e-16   1.557809e-04   4.373154e-18   3216
  3.728935e-01   1.772987e-16   1.098680e-04   4.729358e-18   2628
  3.734065e-01   1.507368e-16   1.452297e-04   3.930010e-18   3200
  3.738745e-01   1.419159e-16   1.370102e-04   3.992485e-18   2232
  3.743471e-01   1.408069e-16   1.563929e-04   3.961509e-18   3108
  3.748177e-01   1.790508e-16   1.373821e-04   5.215510e-18   2604
  3.752991e-01   1.662938e-16   1.479994e-04   4.246797e-18   3096
  3.758288e-01   1.533400e-16   1.348469e-04   4.022653e-18   3084
  3.762884e-01   1.419987e-16   1.376092e-04   3.929140e-18   2664
  3.767621e-01   1.491092e-16   1.213497e-04   4.635902e-18   2232
  3.772262e-01   1.217303e-16   1.494845e-04   3.436791e-18   2808
  3.777344e-01   1.514651e-16   1.412112e-04   4.533511e-18   2592
  3.782089e-01   1.664807e-16   1.449703e-04   4.638324e-18   2952
  3.787074e-01   1.381484e-16   1.368697e-04   3.895519e-18   2772
  3.791921e-01   1.386319e-16   1.471948e-04   3.746501e-18   3036
  3.796993e-01   1.328762e-16   1.427797e-04   4.334309e-18   2136
  3.801616e-01   1.176590e-16   1.138671e-04   3.747793e-18   2496
  3.806364e-01   1.471772e-16   1.516625e-04   4.694983e-18   2228
  3.811316e-01   1.549181e-16   1.413981e-04   4.494240e-18   3048
  3.816243e-01   1.390797e-16   1.350676e-04   4.290869e-18   2676
  3.821140e-01   1.230322e-16   1.345571e-04   3.501170e-18   2784
  3.825820e-01   1.277302e-16   1.307225e-04   4.141046e-18   1920
  3.830514e-01   1.134101e-16   1.395126e-04   3.361925e-18   2400
  3.835600e-01   1.116146e-16   1.279618e-04   3.365006e-18   2532
  3.840860e-01   1.346806e-16   1.421350e-04   4.257917e-18   2544
  3.845592e-01   1.488130e-16   1.486925e-04   4.488528e-18   2772
  3.850254e-01   1.165555e-16   1.392746e-04   4.221564e-18   2160
  3.854884e-01   1.267697e-16   1.500120e-04   4.117369e-18   2304
  3.860241e-01   1.128027e-16   1.467945e-04   3.890271e-18   2328
  3.865043e-01   9.504978e-17   1.407449e-04   3.207602e-18   2304
  3.869492e-01   9.981411e-17   1.330938e-04   3.513581e-18   1908
  3.874552e-01   1.446433e-16   1.488569e-04   4.900241e-18   2736
  3.879425e-01   1.283772e-16   1.410418e-04   4.413071e-18   2448
  3.884609e-01   1.253362e-16   1.318665e-04   4.144335e-18   2040
  3.889299e-01   8.802783e-17   1.372999e-04   3.446752e-18   2120
  3.893809e-01   1.121657e-16   1.138355e-04   3.867097e-18   2040
  3.898664e-01   9.080454e-17   1.412334e-04   3.670030e-18   2208
  3.904158e-01   1.298420e-16   1.268062e-04   4.729921e-18   2208
  3.908608e-01   1.501027e-16   1.405255e-04   5.230492e-18   2196
  3.913207e-01   8.383768e-17   1.236152e-04   3.128925e-18   1848
  3.917886e-01   1.078481e-16   1.401960e-04   4.170332e-18   2124
  3.923120e-01   9.504289e-17   1.470626e-04   3.219324e-18   2328
  3.928231e-01   9.503888e-17   1.497225e-04   3.837513e-18   1920
  3.933200e-01   8.732458e-17   1.374435e-04   3.608290e-18   1548
  3.937619e-01   1.256636e-16   1.507712e-04   4.324729e-18   2388
  3.942832e-01   9.044313e-17   1.395210e-04   3.763307e-18   2160
  3.947606e-01   9.283957e-17   1.269906e-04   3.941242e-18   1704
  3.952179e-01   8.613197e-17   1.430661e-04   3.808908e-18   1776
  3.956506e-01   8.405663e-17   1.338203e-04   3.541848e-18   1800
  3.961977e-01   7.446660e-17   1.544832e-04   3.075823e-18   1700
  3.967087e-01   1.141093e-16   1.390936e-04   4.641276e-18   2292
  3.971846e-01   9.358201e-17   1.291201e-04   4.257614e-18   1704
  3.976337e-01   9.256935e-17   1.443780e-04   4.083896e-18   1728
  3.981255e-01   7.517110e-17   1.336251e-04   3.413824e-18   1728
  3.986075e-01   9.520732e-17   1.334994e-04   4.204848e-18   1680
  3.991202e-01   5.927144e-17   1.537953e-04   2.763758e-18   1704
  3.996310e-01   6.540624e-17   1.207753e-04   2.553260e-18   1752
  4.000877e-01   9.924013e-17   1.435789e-04   4.764518e-18   1872
  4.005817e-01   8.519565e-17   1.407232e-04   4.402317e-18   1500
  4.010829e-01   7.459894e-17   1.232237e-04   3.616766e-18   1656
  4.015697e-01   7.793449e-17   1.321192e-04   3.282532e-18   1464
  4.020023e-01   5.253656e-17   1.157232e-04   2.958625e-18   1488
  4.025329e-01   6.268209e-17   1.396693e-04   2.591717e-18   1680
  4.030178e-01   7.634472e-17   1.459194e-04   3.790087e-18   1692
  4.034716e-01   6.950567e-17   1.397252e-04   3.898902e-18   1128
  4.039751e-01   6.860419e-17   1.345433e-04   3.405260e-18   1536
  4.044663e-01   5.369568e-17   1.402479e-04   2.983249e-18   1616
  4.049637e-01   5.290382e-17   1.352429e-04   2.848154e-18   1476
  4.054650e-01   5.182921e-17   1.488381e-04   3.553627e-18   1176
  4.059124e-01   5.422873e-17   1.599107e-04   2.388810e-18   1656
  4.063997e-01   6.339858e-17   1.404668e-04   4.982595e-18   891
  4.069020e-01   4.881323e-17   1.497388e-04   2.212052e-18   1596
  4.073915e-01   4.298120e-17   1.305762e-04   2.548918e-18   1422
  4.078742e-01   4.587361e-17   1.252138e-04   2.324484e-18   1254
  4.083284e-01   3.336158e-17   1.279202e-04   1.747962e-18   918
  4.088148e-01   4.681896e-17   1.400009e-04   1.973861e-18   1614
  4.093049e-01   3.652323e-17   1.209347e-04   2.488495e-18   798
  4.097922e-01   3.346015e-17   1.550239e-04   1.709642e-18   1458
  4.102863e-01   3.742895e-17   1.419502e-04   1.664488e-18   1374
  4.107747e-01   2.904577e-17   1.212349e-04   1.907596e-18   984
  4.112591e-01   3.396605e-17   1.668024e-04   1.673625e-18   1062
  4.117525e-01   4.053121e-17   1.413965e-04   2.022357e-18   1246
  4.122317e-01   2.311775e-17   1.311095e-04   1.340853e-18   1072
  4.127436e-01   2.507907e-17   1.419832e-04   1.554707e-18   1110
  4.132166e-01   3.551709e-17   1.538182e-04   1.791225e-18   1254
  4.137139e-01   2.750264e-17   1.459816e-04   1.646313e-18   1032
  4.142557e-01   3.126963e-17   1.352509e-04   2.353209e-18   786
  4.146677e-01   3.006082e-17   1.386613e-04   1.378117e-18   1152
  4.151502e-01   2.390930e-17   1.511270e-04   1.383366e-18   1086
  4.156529e-01   1.544977e-17   1.363503e-04   6.116124e-19   912
  4.161175e-01   3.835388e-17   1.366785e-04   1.874552e-18   1062
  4.165917e-01   1.926719e-17   1.362355e-04   8.131351e-19   912
  4.171397e-01   1.654676e-17   1.520835e-04   1.069558e-18   750
  4.175668e-01   2.773657e-17   1.465336e-04   1.314319e-18   1200
  4.180611e-01   1.968116e-17   1.326977e-04   1.211479e-18   918
  4.185524e-01   1.596180e-17   1.377357e-04   8.974088e-19   876
  4.190517e-01   2.737448e-17   1.203534e-04   1.336623e-18   870
  4.194890e-01   2.009880e-17   1.403731e-04   1.038525e-18   768
  4.200015e-01   1.231837e-17   1.286594e-04   6.728310e-19   830
  4.204761e-01   1.980820e-17   1.332096e-04   9.972602e-19   1080
  4.209676e-01   1.708462e-17   1.498783e-04   8.760750e-19   840
  4.214632e-01   1.319695e-17   1.443163e-04   6.560448e-19   798
  4.220251e-01   2.469292e-17   1.145461e-04   1.405934e-18   792
  4.224609e-01   1.452845e-17   1.335978e-04   8.240759e-19   726
  4.229181e-01   1.013237e-17   1.497038e-04   3.524928e-19   864
  4.234189e-01   1.602762e-17   1.281430e-04   9.686285e-19   900
  4.239267e-01   1.165498e-17   1.424135e-04   5.076950e-19   726
  4.243623e-01   1.174088e-17   1.232527e-04   5.451751e-19   576
  4.249434e-01   1.519461e-17   1.282664e-04   8.354786e-19   840
  4.253523e-01   1.205094e-17   1.331485e-04   6.871107e-19   750
  4.258366e-01   1.042933e-17   1.335529e-04   4.983215e-19   720
  4.262936e-01   1.409417e-17   1.351090e-04   8.318632e-19   702
  4.268271e-01   1.174514e-17   1.475571e-04   5.696998e-19   696
  4.272662e-01   1.195446e-17   1.319621e-04   7.063892e-19   480
  4.277837e-01   1.187918e-17   1.250396e-04   7.365309e-19   830
  4.282419e-01   1.121316e-17   1.454616e-04   5.749864e-19   756
  4.287552e-01   1.060165e-17   1.396687e-04   5.384081e-19   624
  4.292083e-01   9.444451e-18   1.475796e-04   5.893074e-19   582
  4.297440e-01   1.162121e-17   1.132706e-04   7.119065e-19   576
  4.302073e-01   8.756069e-18   1.517064e-04   4.626442e-19   624
  4.306823e-01   1.000805e-17   1.238986e-04   5.349055e-19   702
  4.311525e-01   9.065749e-18   1.425165e-04   4.893111e-19   624
  4.317110e-01   9.651142e-18   1.378751e-04   4.627854e-19   672
  4.321659e-01   6.508363e-18   1.032125e-04   4.063856e-19   342
  4.326655e-01   9.081688e-18   1.290292e-04   5.496934e-19   660
  4.331249e-01   6.959347e-18   1.326364e-04   4.676934e-19   576
  4.335992e-01   7.404095e-18   1.289493e-04   4.405470e-19   600
  4.340787e-01   6.622116e-18   1.491476e-04   4.592115e-19   510
  4.346181e-01   8.261101e-18   1.397290e-04   4.163325e-19   600
  4.350341e-01   5.693634e-18   1.112888e-04   3.963184e-19   216
  4.355185e-01   6.427073e-18   1.354577e-04   3.264002e-19   758
  4.360833e-01   5.617759e-18   1.482975e-04   3.589536e-19   576
  4.365782e-01   7.073265e-18   1.259005e-04   3.733722e-19   528
  4.370248e-01   6.123155e-18   8.670054e-05   4.865492e-19   318
  4.375047e-01   7.522659e-18   1.497759e-04   3.920284e-19   540
  4.380721e-01   2.922164e-18   1.058893e-04   1.701740e-19   384
  4.384565e-01   6.030362e-18   1.463022e-04   3.570748e-19   576
  4.389570e-01   4.292922e-18   1.195560e-04   2.715447e-19   414
  4.394302e-01   6.475877e-18   1.335050e-04   4.006901e-19   504
  4.399357e-01   5.554532e-18   1.465573e-04   3.032964e-19   312
  4.404212e-01   5.613310e-18   1.327827e-04   4.015332e-19   414
  4.409029e-01   3.625542e-18   1.226699e-04   2.121138e-19   432
  4.413512e-01   4.490493e-18   1.624587e-04   2.643243e-19   504
  4.418701e-01   4.918822e-18   1.564660e-04   3.046292e-19   432
  4.423558e-01   4.477706e-18   1.281691e-04   2.539176e-19   354
  4.428506e-01   5.372573e-18   1.865017e-04   4.666695e-19   200
  4.432750e-01   3.666444e-18   1.323290e-04   2.146758e-19   480
  4.438485e-01   3.688888e-18   1.512148e-04   2.017338e-19   552
  4.443745e-01   3.918334e-18   9.419478e-05   3.110808e-19   366
  4.447799e-01   4.506916e-18   1.002751e-04   4.703899e-19   240
  4.452261e-01   4.582407e-18   1.401886e-04   2.615697e-19   288
  4.458541e-01   3.487716e-18   9.634579e-05   2.302180e-19   366
  4.462600e-01   2.567621e-18   1.562070e-04   1.541755e-19   408
  4.467132e-01   3.180236e-18   1.174273e-04   2.407474e-19   360
  4.471820e-01   3.551194e-18   1.094619e-04   2.180028e-19   324
  4.476367e-01   3.471212e-18   1.292780e-04   2.733437e-19   174
  4.481783e-01   3.259017e-18   1.485222e-04   2.420007e-19   264
  4.486867e-01   2.685957e-18   1.354596e-04   1.710185e-19   456
  4.491937e-01   2.704221e-18   1.362099e-04   1.622946e-19   360
  4.496105e-01   2.491026e-18   1.500483e-04   1.914521e-19   270
  4.501209e-01   3.412255e-18   1.641082e-04   2.537368e-19   240
  4.507604e-01   4.152483e-18   1.195905e-04   3.287705e-19   120
  4.510747e-01   1.296414e-18   1.248485e-04   8.480508e-20   320
  4.515822e-01   2.372079e-18   1.544785e-04   1.247611e-19   462
  4.521137e-01   2.535688e-18   8.987666e-05   1.760947e-19   276
  4.525754e-01   2.560340e-18   1.019637e-04   2.284466e-19   144
  4.530202e-01   3.725325e-18   1.070818e-04   3.966273e-19   120
  4.536115e-01   1.495831e-18   8.108908e-05   8.383747e-20   294
  4.540583e-01   2.010329e-18   1.438563e-04   1.321219e-19   384
  4.544753e-01   1.759242e-18   9.523196e-05   1.176393e-19   216
  4.548743e-01   2.866707e-18   8.843896e-05   2.399478e-19   168
  4.553251e-01   2.377550e-18   1.052282e-04   2.385829e-19   102
  4.559768e-01   1.902661e-18   1.596520e-04   1.465274e-19   168
  4.564337e-01   1.694711e-18   1.397340e-04   9.822942e-20   384
  4.569346e-01   1.843373e-18   1.419732e-04   1.372799e-19   300
  4.574008e-01   1.942174e-18   1.520225e-04   1.241559e-19   144
  4.579263e-01   2.063890e-18   1.556925e-04   1.929992e-19   102
  4.585568e-01   2.485461e-18   3.685588e-05   2.320742e-19   56
  4.588590e-01   1.089463e-18   1.199932e-04   7.397117e-20   288
  4.593328e-01   1.266276e-18   1.561557e-04   5.981139e-20   360
  4.598487e-01   1.483222e-18   8.376686e-05   1.078295e-19   126
  4.602834e-01   1.604076e-18   4.125612e-05   1.961223e-19   72
  4.607572e-01   2.234084e-18   2.185755e-05   3.272968e-19   48
  4.613754e-01   9.633858e-19   8.842417e-05   6.455702e-20   240
  4.617816e-01   1.281216e-18   1.311982e-04   6.749693e-20   306
  4.621975e-01   1.314890e-18   7.291699e-05   1.105341e-19   120
  4.626766e-01   1.722137e-18   1.794585e-04   1.948184e-19   96
  4.630248e-01   1.996366e-18   0.000000e+00   3.201841e-19   24
  4.638071e-01   8.269895e-19   1.554065e-04   7.596104e-20   120
  4.641905e-01   9.787708e-19   1.343981e-04   5.645749e-20   318
  4.646594e-01   1.210639e-18   1.436227e-04   9.375871e-20   168
  4.651731e-01   1.621350e-18   1.541232e-04   1.698312e-19   72
  4.657357e-01   1.522990e-18   0.000000e+00   2.980658e-19   24
  4.663408e-01   1.349300e-18   7.481195e-05   2.050496e-19   14
  4.666286e-01   6.487831e-19   1.179951e-04   4.046780e-20   288
  4.670757e-01   8.414784e-19   1.419546e-04   6.558941e-20   204
  4.675916e-01   1.197978e-18   2.153808e-05   1.820973e-19   48
  4.680007e-01   2.602157e-18   0.000000e+00   5.538684e-19   24
  4.684739e-01   1.237963e-18   0.000000e+00   4.120640e-19   6
  4.691541e-01   6.434022e-19   8.821950e-05   4.743793e-20   216
  4.695046e-01   1.039319e-18   1.174842e-04   7.516617e-20   192
  4.699334e-01   7.060288e-19   2.143075e-05   1.225416e-19   48
  4.703832e-01   1.188606e-18   1.712353e-04   1.673530e-19   30
  4.716555e-01   6.422377e-19   3.540978e-05   5.936349e-20   96
  4.719167e-01   5.837484e-19   1.160286e-04   3.485801e-20   228
  4.724128e-01   9.989237e-19   1.517284e-04   1.219019e-19   72
  4.730094e-01   2.135294e-18   0.000000e+00   9.800220e-19   6
  4.743680e-01   6.419867e-19   1.145631e-04   3.682499e-20   248
  4.748016e-01   7.248684e-19   1.311235e-04   7.819656e-20   72
  4.753245e-01   7.210142e-19   7.266090e-09   2.726513e-19   6
  4.769053e-01   5.506942e-19   8.141014e-05   3.288339e-20   180
  4.772205e-01   7.434418e-19   1.107713e-04   7.922784e-20   72
  4.776705e-01   9.653434e-19   0.000000e+00   2.267024e-19   6
  4.794278e-01   4.296597e-19   3.483570e-05   3.604890e-20   96
  4.796378e-01   5.578673e-19   9.563861e-05   5.227589e-20   96
  4.800471e-01   1.005761e-18   0.000000e+00   3.272668e-19   6
  4.820778e-01   4.902793e-19   9.153355e-05   3.583777e-20   140
  4.824537e-01   3.490812e-19   0.000000e+00   4.123533e-20   6
  4.846301e-01   4.099212e-19   6.146888e-05   3.563134e-20   96
  4.848898e-01   1.576813e-19   0.000000e+00   4.788375e-20   6
  4.871898e-01   5.539695e-19   3.697860e-05   6.452463e-20   60
  4.873552e-01   6.596940e-19   0.000000e+00   1.867124e-19   6
  4.897713e-01   2.688778e-19   3.748867e-05   3.957941e-20   38
  4.923442e-01   2.777867e-19   1.928513e-05   5.025027e-20   18
  4.949217e-01   6.074171e-20   7.266090e-09   1.463786e-20   6
