# power spectrum of phi_prime/H (dimensionless)
# redshift z=96.079122
# k              Pk             sigma(k)       sigma(Pk)      count
  4.487990e-03   0.000000e+00   0.000000e+00   0.000000e+00   6
  6.346976e-03   0.000000e+00   0.000000e+00   0.000000e+00   12
  7.773426e-03   0.000000e+00   8.514949e-11   0.000000e+00   8
  8.975979e-03   0.000000e+00   0.000000e+00   0.000000e+00   6
  1.003545e-02   0.000000e+00   1.605594e-10   0.000000e+00   24
  1.099328e-02   0.000000e+00   1.605594e-10   0.000000e+00   24
  1.269395e-02   0.000000e+00   0.000000e+00   0.000000e+00   12
  1.346397e-02   0.000000e+00   1.816523e-10   0.000000e+00   30
  1.419227e-02   0.000000e+00   0.000000e+00   0.000000e+00   24
  1.488498e-02   0.000000e+00   2.780971e-10   0.000000e+00   24
  1.554685e-02   0.000000e+00   1.702990e-10   0.000000e+00   8
  1.618168e-02   0.000000e+00   2.270653e-10   0.000000e+00   24
  1.679252e-02   0.000000e+00   0.000000e+00   0.000000e+00   48
  1.795196e-02   0.000000e+00   0.000000e+00   0.000000e+00   6
  1.850445e-02   0.000000e+00   2.270653e-10   0.000000e+00   48
  1.904093e-02   0.000000e+00   2.140792e-10   0.000000e+00   36
  1.956269e-02   0.000000e+00   2.270653e-10   0.000000e+00   24
  2.007090e-02   0.000000e+00   3.211188e-10   0.000000e+00   24
  2.056655e-02   0.000000e+00   0.000000e+00   0.000000e+00   48
  2.105054e-02   0.000000e+00   3.211188e-10   0.000000e+00   24
  2.198657e-02   0.000000e+00   3.211188e-10   0.000000e+00   24
  2.243995e-02   0.000000e+00   0.000000e+00   0.000000e+00   30
  2.288435e-02   0.000000e+00   0.000000e+00   0.000000e+00   72
  2.332028e-02   0.000000e+00   3.405980e-10   0.000000e+00   32
  2.416856e-02   0.000000e+00   0.000000e+00   0.000000e+00   72
  2.458173e-02   0.000000e+00   0.000000e+00   0.000000e+00   48
  2.538790e-02   0.000000e+00   0.000000e+00   0.000000e+00   12
  2.597539e-02   0.000000e+00   1.938570e-04   0.000000e+00   96
  2.655130e-02   0.000000e+00   3.211188e-10   0.000000e+00   48
  2.692794e-02   0.000000e+00   3.633045e-10   0.000000e+00   30
  2.757421e-02   0.000000e+00   1.586779e-04   0.000000e+00   96
  2.838454e-02   0.000000e+00   0.000000e+00   0.000000e+00   24
  2.885327e-02   0.000000e+00   1.642099e-04   0.000000e+00   144
  2.942972e-02   0.000000e+00   5.561942e-10   0.000000e+00   24
  3.002225e-02   0.000000e+00   1.456630e-04   0.000000e+00   96
  3.043903e-02   0.000000e+00   0.000000e+00   0.000000e+00   48
  3.137435e-02   0.000000e+00   1.080207e-04   0.000000e+00   62
  3.184971e-02   0.000000e+00   1.519035e-04   0.000000e+00   132
  3.236335e-02   0.000000e+00   4.541306e-10   0.000000e+00   24
  3.284837e-02   0.000000e+00   1.518246e-04   0.000000e+00   168
  3.373431e-02   0.000000e+00   1.492698e-04   0.000000e+00   96
  3.439955e-02   0.000000e+00   1.270423e-04   0.000000e+00   96
  3.521583e-02   0.000000e+00   1.416056e-04   0.000000e+00   168
  3.590392e-02   0.000000e+00   0.000000e+00   0.000000e+00   6
  3.618333e-02   0.000000e+00   0.000000e+00   0.000000e+00   96
  3.651563e-02   0.000000e+00   1.100713e-04   0.000000e+00   120
  3.718966e-02   0.000000e+00   1.278125e-04   0.000000e+00   144
  3.754921e-02   0.000000e+00   0.000000e+00   0.000000e+00   48
  3.823245e-02   0.000000e+00   1.304211e-04   0.000000e+00   84
  3.860715e-02   0.000000e+00   8.899106e-10   0.000000e+00   120
  3.894461e-02   0.000000e+00   1.183479e-04   0.000000e+00   80
  3.946692e-02   0.000000e+00   1.201620e-04   0.000000e+00   144
  4.014180e-02   0.000000e+00   6.422377e-10   0.000000e+00   24
  4.047145e-02   0.000000e+00   1.159510e-04   0.000000e+00   150
  4.098576e-02   0.000000e+00   1.203057e-04   0.000000e+00   120
  4.155056e-02   0.000000e+00   1.096333e-04   0.000000e+00   168
  4.210107e-02   0.000000e+00   6.422377e-10   0.000000e+00   24
  4.244743e-02   0.000000e+00   1.181082e-04   0.000000e+00   264
  4.281269e-02   0.000000e+00   6.422377e-10   0.000000e+00   48
  4.343532e-02   0.000000e+00   1.093985e-04   0.000000e+00   144
  4.412543e-02   0.000000e+00   1.076845e-04   0.000000e+00   72
  4.451927e-02   0.000000e+00   1.107671e-04   0.000000e+00   180
  4.506982e-02   0.000000e+00   8.025835e-05   0.000000e+00   198
  4.532647e-02   0.000000e+00   0.000000e+00   0.000000e+00   48
  4.589413e-02   0.000000e+00   1.086319e-04   0.000000e+00   168
  4.631540e-02   0.000000e+00   1.087222e-04   0.000000e+00   144
  4.695270e-02   0.000000e+00   1.527607e-04   0.000000e+00   248
  4.781330e-02   0.000000e+00   1.053161e-04   0.000000e+00   192
  4.839932e-02   0.000000e+00   1.626762e-04   0.000000e+00   240
  4.875204e-02   0.000000e+00   0.000000e+00   0.000000e+00   72
  4.929001e-02   0.000000e+00   9.927197e-05   0.000000e+00   126
  4.962939e-02   0.000000e+00   9.159181e-05   0.000000e+00   168
  5.027740e-02   0.000000e+00   1.001546e-04   0.000000e+00   288
  5.095853e-02   0.000000e+00   5.274950e-05   0.000000e+00   156
  5.131126e-02   0.000000e+00   8.873998e-05   0.000000e+00   168
  5.184617e-02   0.000000e+00   1.521290e-04   0.000000e+00   264
  5.233850e-02   0.000000e+00   0.000000e+00   0.000000e+00   48
  5.270435e-02   0.000000e+00   1.514052e-04   0.000000e+00   264
  5.322882e-02   0.000000e+00   8.924381e-05   0.000000e+00   144
  5.362492e-02   0.000000e+00   1.825884e-04   0.000000e+00   78
  5.420192e-02   0.000000e+00   1.186900e-04   0.000000e+00   336
  5.474604e-02   0.000000e+00   9.030373e-05   0.000000e+00   200
  5.510338e-02   0.000000e+00   1.768159e-04   0.000000e+00   192
  5.558581e-02   0.000000e+00   8.873069e-05   0.000000e+00   240
  5.602902e-02   0.000000e+00   1.778215e-04   0.000000e+00   168
  5.648434e-02   0.000000e+00   1.423690e-04   0.000000e+00   120
  5.703118e-02   0.000000e+00   1.112738e-04   0.000000e+00   324
  5.756179e-02   0.000000e+00   8.748012e-05   0.000000e+00   192
  5.792293e-02   0.000000e+00   1.568908e-04   0.000000e+00   168
  5.853721e-02   0.000000e+00   1.292197e-04   0.000000e+00   342
  5.909109e-02   0.000000e+00   1.040479e-04   0.000000e+00   336
  5.965251e-02   0.000000e+00   7.962394e-05   0.000000e+00   72
  6.003109e-02   0.000000e+00   1.273478e-04   0.000000e+00   288
  6.047058e-02   0.000000e+00   8.293768e-05   0.000000e+00   264
  6.108439e-02   0.000000e+00   1.090835e-04   0.000000e+00   384
  6.163419e-02   0.000000e+00   1.309286e-04   0.000000e+00   240
  6.186267e-02   0.000000e+00   0.000000e+00   0.000000e+00   48
  6.252352e-02   0.000000e+00   1.071736e-04   0.000000e+00   392
  6.302771e-02   0.000000e+00   1.176177e-04   0.000000e+00   294
  6.356985e-02   0.000000e+00   7.644534e-05   0.000000e+00   228
  6.392640e-02   0.000000e+00   1.160935e-04   0.000000e+00   216
  6.437004e-02   0.000000e+00   7.071608e-05   0.000000e+00   336
  6.491309e-02   0.000000e+00   8.402231e-05   0.000000e+00   360
  6.536140e-02   0.000000e+00   1.280140e-04   0.000000e+00   240
  6.582853e-02   0.000000e+00   1.514699e-04   0.000000e+00   168
  6.626426e-02   0.000000e+00   1.192252e-04   0.000000e+00   312
  6.678338e-02   0.000000e+00   7.461529e-05   0.000000e+00   336
  6.734419e-02   0.000000e+00   1.017891e-04   0.000000e+00   294
  6.776702e-02   0.000000e+00   1.356641e-04   0.000000e+00   288
  6.809058e-02   0.000000e+00   8.488954e-05   0.000000e+00   264
  6.866755e-02   0.000000e+00   1.458184e-04   0.000000e+00   480
  6.914996e-02   0.000000e+00   7.133389e-05   0.000000e+00   240
  6.974139e-02   0.000000e+00   7.213111e-05   0.000000e+00   276
  7.020800e-02   0.000000e+00   1.583420e-04   0.000000e+00   488
  7.076234e-02   0.000000e+00   6.973720e-05   0.000000e+00   240
  7.108411e-02   0.000000e+00   1.354117e-04   0.000000e+00   360
  7.153530e-02   0.000000e+00   4.817743e-05   0.000000e+00   198
  7.211554e-02   0.000000e+00   1.627935e-04   0.000000e+00   480
  7.254038e-02   0.000000e+00   6.008787e-05   0.000000e+00   288
  7.312796e-02   0.000000e+00   1.270121e-04   0.000000e+00   480
  7.365633e-02   0.000000e+00   7.825550e-05   0.000000e+00   480
  7.419894e-02   0.000000e+00   1.012105e-04   0.000000e+00   288
  7.453749e-02   0.000000e+00   1.079729e-04   0.000000e+00   288
  7.506996e-02   0.000000e+00   1.877112e-04   0.000000e+00   456
  7.560610e-02   0.000000e+00   1.767802e-04   0.000000e+00   360
  7.595177e-02   0.000000e+00   1.059672e-04   0.000000e+00   180
  7.645202e-02   0.000000e+00   1.154112e-04   0.000000e+00   486
  7.695907e-02   0.000000e+00   1.535340e-04   0.000000e+00   504
  7.747462e-02   0.000000e+00   1.192882e-04   0.000000e+00   456
  7.790209e-02   0.000000e+00   9.910745e-05   0.000000e+00   296
  7.846686e-02   0.000000e+00   9.779604e-05   0.000000e+00   528
  7.889160e-02   0.000000e+00   9.649931e-05   0.000000e+00   336
  7.951717e-02   0.000000e+00   1.070358e-04   0.000000e+00   600
  7.997507e-02   0.000000e+00   6.270729e-05   0.000000e+00   264
  8.043396e-02   0.000000e+00   6.781049e-05   0.000000e+00   360
  8.090234e-02   0.000000e+00   1.357633e-04   0.000000e+00   630
  8.141847e-02   0.000000e+00   7.007974e-05   0.000000e+00   432
  8.187631e-02   0.000000e+00   1.350259e-04   0.000000e+00   408
  8.243827e-02   0.000000e+00   8.962194e-05   0.000000e+00   324
  8.285635e-02   0.000000e+00   1.277222e-04   0.000000e+00   744
  8.336064e-02   0.000000e+00   1.021054e-04   0.000000e+00   336
  8.384245e-02   0.000000e+00   1.403689e-04   0.000000e+00   528
  8.437080e-02   0.000000e+00   7.162045e-05   0.000000e+00   408
  8.472109e-02   0.000000e+00   1.218981e-04   0.000000e+00   408
  8.529988e-02   0.000000e+00   1.006308e-04   0.000000e+00   470
  8.572148e-02   0.000000e+00   1.208902e-04   0.000000e+00   528
  8.631019e-02   0.000000e+00   1.007343e-04   0.000000e+00   624
  8.674381e-02   0.000000e+00   7.664930e-05   0.000000e+00   504
  8.719116e-02   0.000000e+00   1.067668e-04   0.000000e+00   552
  8.763489e-02   0.000000e+00   5.190111e-05   0.000000e+00   336
  8.819051e-02   0.000000e+00   1.104770e-04   0.000000e+00   528
  8.862093e-02   0.000000e+00   1.257802e-04   0.000000e+00   564
  8.912507e-02   0.000000e+00   1.157674e-04   0.000000e+00   528
  8.967166e-02   0.000000e+00   1.797324e-04   0.000000e+00   582
  9.016871e-02   0.000000e+00   1.383668e-04   0.000000e+00   624
  9.060342e-02   0.000000e+00   1.581799e-04   0.000000e+00   432
  9.112208e-02   0.000000e+00   1.759475e-04   0.000000e+00   816
  9.165576e-02   0.000000e+00   8.018898e-05   0.000000e+00   312
  9.200488e-02   0.000000e+00   1.299641e-04   0.000000e+00   552
  9.256787e-02   0.000000e+00   8.185444e-05   0.000000e+00   744
  9.297574e-02   0.000000e+00   7.646869e-05   0.000000e+00   408
  9.350218e-02   0.000000e+00   1.095830e-04   0.000000e+00   632
  9.404906e-02   0.000000e+00   1.860997e-04   0.000000e+00   750
  9.449396e-02   0.000000e+00   1.280227e-04   0.000000e+00   312
  9.498974e-02   0.000000e+00   1.890077e-04   0.000000e+00   876
  9.548011e-02   0.000000e+00   1.234108e-04   0.000000e+00   552
  9.603265e-02   0.000000e+00   1.020603e-04   0.000000e+00   696
  9.640905e-02   0.000000e+00   1.126552e-04   0.000000e+00   576
  9.692128e-02   0.000000e+00   1.192748e-04   0.000000e+00   576
  9.735848e-02   0.000000e+00   1.598285e-04   0.000000e+00   648
  9.788685e-02   0.000000e+00   1.599783e-04   0.000000e+00   672
  9.847019e-02   0.000000e+00   6.785687e-05   0.000000e+00   480
  9.884355e-02   0.000000e+00   1.050846e-04   0.000000e+00   726
  9.932431e-02   0.000000e+00   1.190745e-04   0.000000e+00   792
  9.984502e-02   0.000000e+00   1.651878e-04   0.000000e+00   768
  1.003938e-01   0.000000e+00   1.350017e-04   0.000000e+00   672
  1.008970e-01   0.000000e+00   9.055629e-05   0.000000e+00   608
  1.012613e-01   0.000000e+00   8.693679e-05   0.000000e+00   624
  1.017809e-01   0.000000e+00   1.129736e-04   0.000000e+00   684
  1.022864e-01   0.000000e+00   1.668752e-04   0.000000e+00   768
  1.027568e-01   0.000000e+00   1.334155e-04   0.000000e+00   744
  1.033173e-01   0.000000e+00   8.400635e-05   0.000000e+00   750
  1.037259e-01   0.000000e+00   1.248642e-04   0.000000e+00   600
  1.041677e-01   0.000000e+00   1.325833e-04   0.000000e+00   600
  1.047135e-01   0.000000e+00   1.527941e-04   0.000000e+00   1008
  1.051470e-01   0.000000e+00   8.474486e-05   0.000000e+00   696
  1.056273e-01   0.000000e+00   1.119517e-04   0.000000e+00   624
  1.061102e-01   0.000000e+00   1.742111e-04   0.000000e+00   840
  1.066588e-01   0.000000e+00   1.185366e-04   0.000000e+00   816
  1.071038e-01   0.000000e+00   7.873478e-05   0.000000e+00   744
  1.075531e-01   0.000000e+00   1.391901e-04   0.000000e+00   510
  1.080960e-01   0.000000e+00   1.336339e-04   0.000000e+00   1020
  1.086012e-01   0.000000e+00   1.078294e-04   0.000000e+00   912
  1.090992e-01   0.000000e+00   1.597552e-04   0.000000e+00   752
  1.095110e-01   0.000000e+00   1.325595e-04   0.000000e+00   888
  1.100730e-01   0.000000e+00   8.554013e-05   0.000000e+00   768
  1.105327e-01   0.000000e+00   1.554339e-04   0.000000e+00   720
  1.110617e-01   0.000000e+00   1.370195e-04   0.000000e+00   1056
  1.115309e-01   0.000000e+00   9.479589e-05   0.000000e+00   504
  1.119154e-01   0.000000e+00   1.480257e-04   0.000000e+00   774
  1.124652e-01   0.000000e+00   1.423615e-04   0.000000e+00   1272
  1.129816e-01   0.000000e+00   9.326921e-05   0.000000e+00   744
  1.134632e-01   0.000000e+00   1.523027e-04   0.000000e+00   768
  1.139050e-01   0.000000e+00   1.288282e-04   0.000000e+00   840
  1.144011e-01   0.000000e+00   8.734207e-05   0.000000e+00   924
  1.148789e-01   0.000000e+00   1.539839e-04   0.000000e+00   936
  1.153484e-01   0.000000e+00   1.070130e-04   0.000000e+00   840
  1.158214e-01   0.000000e+00   1.272259e-04   0.000000e+00   1008
  1.164225e-01   0.000000e+00   1.436262e-04   0.000000e+00   696
  1.167996e-01   0.000000e+00   1.276589e-04   0.000000e+00   974
  1.173599e-01   0.000000e+00   1.695459e-04   0.000000e+00   1152
  1.178471e-01   0.000000e+00   6.634378e-05   0.000000e+00   816
  1.182260e-01   0.000000e+00   1.459488e-04   0.000000e+00   816
  1.187357e-01   0.000000e+00   1.288794e-04   0.000000e+00   1152
  1.192732e-01   0.000000e+00   1.160356e-04   0.000000e+00   912
  1.197621e-01   0.000000e+00   1.409833e-04   0.000000e+00   1056
  1.201806e-01   0.000000e+00   1.205660e-04   0.000000e+00   624
  1.207435e-01   0.000000e+00   1.506027e-04   0.000000e+00   1260
  1.212292e-01   0.000000e+00   9.083716e-05   0.000000e+00   894
  1.217037e-01   0.000000e+00   1.556364e-04   0.000000e+00   1176
  1.221783e-01   0.000000e+00   1.288208e-04   0.000000e+00   840
  1.227186e-01   0.000000e+00   1.464236e-04   0.000000e+00   1440
  1.232859e-01   0.000000e+00   8.232021e-05   0.000000e+00   864
  1.237160e-01   0.000000e+00   1.412655e-04   0.000000e+00   1056
  1.241441e-01   0.000000e+00   8.328830e-05   0.000000e+00   624
  1.246641e-01   0.000000e+00   1.542356e-04   0.000000e+00   1496
  1.251612e-01   0.000000e+00   1.088958e-04   0.000000e+00   936
  1.256039e-01   0.000000e+00   1.576468e-04   0.000000e+00   966
  1.260801e-01   0.000000e+00   1.117465e-04   0.000000e+00   936
  1.265804e-01   0.000000e+00   1.382244e-04   0.000000e+00   1248
  1.270926e-01   0.000000e+00   9.744205e-05   0.000000e+00   1044
  1.275698e-01   0.000000e+00   1.509409e-04   0.000000e+00   1392
  1.279478e-01   0.000000e+00   1.162549e-04   0.000000e+00   600
  1.284885e-01   0.000000e+00   1.320778e-04   0.000000e+00   1416
  1.289955e-01   0.000000e+00   1.421656e-04   0.000000e+00   1152
  1.295092e-01   0.000000e+00   1.363856e-04   0.000000e+00   936
  1.299230e-01   0.000000e+00   1.462802e-04   0.000000e+00   870
  1.304147e-01   0.000000e+00   1.226502e-04   0.000000e+00   1368
  1.309604e-01   0.000000e+00   1.612530e-04   0.000000e+00   1632
  1.314267e-01   0.000000e+00   7.000699e-05   0.000000e+00   816
  1.319315e-01   0.000000e+00   1.597143e-04   0.000000e+00   1200
  1.323720e-01   0.000000e+00   1.527057e-04   0.000000e+00   1184
  1.328194e-01   0.000000e+00   1.158936e-04   0.000000e+00   984
  1.333683e-01   0.000000e+00   1.414942e-04   0.000000e+00   1572
  1.338659e-01   0.000000e+00   7.792333e-05   0.000000e+00   840
  1.343297e-01   0.000000e+00   1.812138e-04   0.000000e+00   1392
  1.348193e-01   0.000000e+00   1.330470e-04   0.000000e+00   1158
  1.352564e-01   0.000000e+00   1.211496e-04   0.000000e+00   1272
  1.357826e-01   0.000000e+00   1.234623e-04   0.000000e+00   1320
  1.362769e-01   0.000000e+00   1.208065e-04   0.000000e+00   1104
  1.367472e-01   0.000000e+00   1.367360e-04   0.000000e+00   1392
  1.372408e-01   0.000000e+00   1.478938e-04   0.000000e+00   1296
  1.377492e-01   0.000000e+00   1.544255e-04   0.000000e+00   1392
  1.382262e-01   0.000000e+00   1.132835e-04   0.000000e+00   1104
  1.386675e-01   0.000000e+00   1.426913e-04   0.000000e+00   1320
  1.392961e-01   0.000000e+00   1.089713e-04   0.000000e+00   1422
  1.396977e-01   0.000000e+00   1.357176e-04   0.000000e+00   1212
  1.401589e-01   0.000000e+00   1.483027e-04   0.000000e+00   1280
  1.406327e-01   0.000000e+00   1.544235e-04   0.000000e+00   1272
  1.410869e-01   0.000000e+00   1.336382e-04   0.000000e+00   1680
  1.416252e-01   0.000000e+00   1.262633e-04   0.000000e+00   1152
  1.421207e-01   0.000000e+00   1.462174e-04   0.000000e+00   1512
  1.426417e-01   0.000000e+00   6.173239e-05   0.000000e+00   912
  1.430535e-01   0.000000e+00   1.556147e-04   0.000000e+00   1680
  1.436012e-01   0.000000e+00   1.378563e-04   0.000000e+00   1518
  1.440071e-01   0.000000e+00   1.276288e-04   0.000000e+00   1056
  1.444347e-01   0.000000e+00   1.288698e-04   0.000000e+00   1344
  1.449875e-01   0.000000e+00   1.383780e-04   0.000000e+00   1680
  1.454876e-01   0.000000e+00   1.363571e-04   0.000000e+00   1656
  1.460341e-01   0.000000e+00   1.159057e-04   0.000000e+00   1140
  1.464444e-01   0.000000e+00   1.342100e-04   0.000000e+00   1368
  1.469271e-01   0.000000e+00   1.526647e-04   0.000000e+00   1656
  1.474179e-01   0.000000e+00   1.563614e-04   0.000000e+00   1448
  1.479520e-01   0.000000e+00   1.468912e-04   0.000000e+00   1422
  1.484453e-01   0.000000e+00   1.621619e-04   0.000000e+00   1512
  1.488673e-01   0.000000e+00   1.236275e-04   0.000000e+00   1296
  1.493554e-01   0.000000e+00   1.128801e-04   0.000000e+00   1824
  1.498832e-01   0.000000e+00   1.463660e-04   0.000000e+00   1464
  1.504163e-01   0.000000e+00   1.306107e-04   0.000000e+00   1824
  1.509111e-01   0.000000e+00   1.038421e-04   0.000000e+00   1416
  1.513416e-01   0.000000e+00   1.521007e-04   0.000000e+00   1392
  1.518062e-01   0.000000e+00   1.403562e-04   0.000000e+00   1464
  1.523732e-01   0.000000e+00   1.372200e-04   0.000000e+00   1524
  1.528113e-01   0.000000e+00   1.264504e-04   0.000000e+00   1686
  1.533176e-01   0.000000e+00   1.505644e-04   0.000000e+00   1800
  1.537528e-01   0.000000e+00   1.195338e-04   0.000000e+00   1344
  1.542356e-01   0.000000e+00   1.394596e-04   0.000000e+00   1656
  1.547196e-01   0.000000e+00   1.113514e-04   0.000000e+00   1488
  1.551402e-01   0.000000e+00   1.111701e-04   0.000000e+00   1536
  1.557262e-01   0.000000e+00   1.234973e-04   0.000000e+00   1760
  1.561802e-01   0.000000e+00   1.373667e-04   0.000000e+00   1824
  1.567053e-01   0.000000e+00   1.152763e-04   0.000000e+00   1560
  1.572105e-01   0.000000e+00   1.324056e-04   0.000000e+00   1926
  1.576857e-01   0.000000e+00   9.415777e-05   0.000000e+00   1272
  1.581194e-01   0.000000e+00   1.582320e-04   0.000000e+00   1848
  1.586895e-01   0.000000e+00   1.278379e-04   0.000000e+00   1908
  1.591231e-01   0.000000e+00   1.246890e-04   0.000000e+00   1488
  1.595806e-01   0.000000e+00   1.406224e-04   0.000000e+00   1800
  1.600766e-01   0.000000e+00   1.407610e-04   0.000000e+00   1752
  1.605517e-01   0.000000e+00   1.496769e-04   0.000000e+00   1368
  1.610272e-01   0.000000e+00   1.406675e-04   0.000000e+00   2016
  1.615501e-01   0.000000e+00   1.485794e-04   0.000000e+00   1542
  1.620327e-01   0.000000e+00   1.454994e-04   0.000000e+00   2184
  1.625669e-01   0.000000e+00   1.330990e-04   0.000000e+00   1776
  1.630283e-01   0.000000e+00   1.521522e-04   0.000000e+00   1568
  1.634682e-01   0.000000e+00   1.390081e-04   0.000000e+00   2040
  1.639468e-01   0.000000e+00   1.486121e-04   0.000000e+00   1704
  1.644478e-01   0.000000e+00   1.489728e-04   0.000000e+00   1512
  1.649202e-01   0.000000e+00   1.270742e-04   0.000000e+00   2028
  1.654509e-01   0.000000e+00   1.532841e-04   0.000000e+00   1968
  1.659362e-01   0.000000e+00   1.554838e-04   0.000000e+00   1854
  1.664110e-01   0.000000e+00   1.482240e-04   0.000000e+00   1632
  1.668977e-01   0.000000e+00   1.523128e-04   0.000000e+00   2424
  1.674021e-01   0.000000e+00   1.524713e-04   0.000000e+00   1560
  1.678285e-01   0.000000e+00   1.440852e-04   0.000000e+00   1728
  1.683437e-01   0.000000e+00   1.538043e-04   0.000000e+00   2088
  1.688623e-01   0.000000e+00   1.464052e-04   0.000000e+00   1968
  1.693394e-01   0.000000e+00   1.449552e-04   0.000000e+00   2256
  1.698178e-01   0.000000e+00   1.288813e-04   0.000000e+00   1728
  1.703172e-01   0.000000e+00   1.270494e-04   0.000000e+00   1416
  1.707596e-01   0.000000e+00   1.339356e-04   0.000000e+00   2246
  1.712606e-01   0.000000e+00   1.483321e-04   0.000000e+00   2148
  1.717398e-01   0.000000e+00   1.252967e-04   0.000000e+00   1680
  1.721909e-01   0.000000e+00   1.584012e-04   0.000000e+00   2280
  1.727331e-01   0.000000e+00   1.475065e-04   0.000000e+00   2352
  1.732395e-01   0.000000e+00   1.239422e-04   0.000000e+00   1632
  1.736402e-01   0.000000e+00   1.418228e-04   0.000000e+00   1968
  1.741900e-01   0.000000e+00   1.455103e-04   0.000000e+00   2112
  1.746998e-01   0.000000e+00   1.093039e-04   0.000000e+00   2208
  1.751952e-01   0.000000e+00   1.102112e-04   0.000000e+00   1974
  1.755862e-01   0.000000e+00   1.078165e-04   0.000000e+00   1944
  1.761144e-01   0.000000e+00   1.219820e-04   0.000000e+00   2160
  1.765722e-01   0.000000e+00   1.140807e-04   0.000000e+00   2040
  1.770670e-01   0.000000e+00   1.596015e-04   0.000000e+00   2352
  1.775745e-01   0.000000e+00   1.325904e-04   0.000000e+00   1836
  1.780376e-01   0.000000e+00   1.414413e-04   0.000000e+00   2352
  1.785577e-01   0.000000e+00   1.483527e-04   0.000000e+00   2008
  1.790344e-01   0.000000e+00   1.459431e-04   0.000000e+00   2464
  1.795659e-01   0.000000e+00   1.177095e-04   0.000000e+00   2118
  1.800019e-01   0.000000e+00   1.183276e-04   0.000000e+00   1848
  1.804507e-01   0.000000e+00   1.565861e-04   0.000000e+00   2280
  1.809928e-01   0.000000e+00   1.489508e-04   0.000000e+00   2472
  1.814993e-01   0.000000e+00   9.953927e-05   0.000000e+00   2280
  1.819245e-01   0.000000e+00   1.216700e-04   0.000000e+00   1992
  1.823831e-01   0.000000e+00   1.279126e-04   0.000000e+00   2184
  1.829118e-01   0.000000e+00   1.543068e-04   0.000000e+00   2352
  1.834214e-01   0.000000e+00   1.626118e-04   0.000000e+00   2496
  1.839203e-01   0.000000e+00   1.518813e-04   0.000000e+00   1770
  1.843678e-01   0.000000e+00   1.310496e-04   0.000000e+00   2568
  1.849057e-01   0.000000e+00   1.607377e-04   0.000000e+00   2712
  1.853947e-01   0.000000e+00   1.276489e-04   0.000000e+00   2448
  1.858830e-01   0.000000e+00   1.076015e-04   0.000000e+00   2064
  1.862881e-01   0.000000e+00   1.135758e-04   0.000000e+00   1944
  1.868133e-01   0.000000e+00   1.403079e-04   0.000000e+00   2480
  1.873491e-01   0.000000e+00   1.524155e-04   0.000000e+00   2880
  1.878237e-01   0.000000e+00   1.462067e-04   0.000000e+00   2304
  1.883193e-01   0.000000e+00   1.343278e-04   0.000000e+00   1806
  1.887589e-01   0.000000e+00   1.317346e-04   0.000000e+00   2856
  1.893097e-01   0.000000e+00   1.263374e-04   0.000000e+00   2568
  1.897288e-01   0.000000e+00   1.267515e-04   0.000000e+00   2112
  1.901850e-01   0.000000e+00   1.220840e-04   0.000000e+00   2028
  1.906744e-01   0.000000e+00   1.445115e-04   0.000000e+00   2712
  1.911714e-01   0.000000e+00   1.556884e-04   0.000000e+00   2952
  1.917055e-01   0.000000e+00   1.202957e-04   0.000000e+00   2112
  1.921372e-01   0.000000e+00   1.409804e-04   0.000000e+00   2520
  1.926559e-01   0.000000e+00   1.359784e-04   0.000000e+00   2376
  1.931282e-01   0.000000e+00   1.090048e-04   0.000000e+00   2526
  1.936186e-01   0.000000e+00   1.356536e-04   0.000000e+00   2664
  1.941040e-01   0.000000e+00   1.617960e-04   0.000000e+00   2408
  1.945694e-01   0.000000e+00   1.296049e-04   0.000000e+00   2568
  1.950440e-01   0.000000e+00   1.221942e-04   0.000000e+00   2904
  1.955589e-01   0.000000e+00   1.371053e-04   0.000000e+00   2544
  1.960480e-01   0.000000e+00   1.009875e-04   0.000000e+00   2160
  1.965096e-01   0.000000e+00   1.745958e-04   0.000000e+00   2652
  1.970194e-01   0.000000e+00   1.382439e-04   0.000000e+00   2784
  1.975101e-01   0.000000e+00   1.365199e-04   0.000000e+00   2694
  1.980185e-01   0.000000e+00   1.226932e-04   0.000000e+00   2952
  1.984602e-01   0.000000e+00   1.162128e-04   0.000000e+00   2208
  1.989102e-01   0.000000e+00   1.238599e-04   0.000000e+00   2304
  1.994125e-01   0.000000e+00   1.610662e-04   0.000000e+00   3504
  1.999983e-01   0.000000e+00   1.304210e-04   0.000000e+00   2616
  2.004552e-01   0.000000e+00   1.274108e-04   0.000000e+00   2664
  2.008953e-01   0.000000e+00   1.183758e-04   0.000000e+00   2448
  2.013388e-01   0.000000e+00   1.648584e-04   0.000000e+00   2472
  2.018606e-01   0.000000e+00   1.310718e-04   0.000000e+00   3134
  2.023516e-01   0.000000e+00   1.433541e-04   0.000000e+00   2616
  2.028419e-01   0.000000e+00   1.161223e-04   0.000000e+00   2712
  2.033463e-01   0.000000e+00   1.331755e-04   0.000000e+00   3204
  2.038284e-01   0.000000e+00   1.533782e-04   0.000000e+00   2760
  2.042862e-01   0.000000e+00   1.338200e-04   0.000000e+00   2688
  2.047911e-01   0.000000e+00   1.265264e-04   0.000000e+00   2760
  2.052376e-01   0.000000e+00   1.044749e-04   0.000000e+00   2568
  2.057517e-01   0.000000e+00   1.622443e-04   0.000000e+00   3336
  2.062452e-01   0.000000e+00   1.373220e-04   0.000000e+00   2334
  2.067435e-01   0.000000e+00   1.519616e-04   0.000000e+00   3264
  2.072092e-01   0.000000e+00   1.104877e-04   0.000000e+00   2760
  2.076868e-01   0.000000e+00   1.334378e-04   0.000000e+00   3192
  2.081730e-01   0.000000e+00   1.385370e-04   0.000000e+00   2904
  2.086902e-01   0.000000e+00   1.390027e-04   0.000000e+00   2784
  2.091231e-01   0.000000e+00   1.144018e-04   0.000000e+00   2592
  2.096156e-01   0.000000e+00   1.559460e-04   0.000000e+00   3284
  2.101389e-01   0.000000e+00   1.566406e-04   0.000000e+00   3168
  2.106071e-01   0.000000e+00   1.292397e-04   0.000000e+00   2616
  2.110994e-01   0.000000e+00   1.248775e-04   0.000000e+00   3222
  2.115781e-01   0.000000e+00   1.401164e-04   0.000000e+00   3240
  2.120418e-01   0.000000e+00   1.417503e-04   0.000000e+00   2568
  2.125690e-01   0.000000e+00   1.300629e-04   0.000000e+00   3120
  2.130097e-01   0.000000e+00   1.429850e-04   0.000000e+00   3168
  2.134838e-01   0.000000e+00   1.251725e-04   0.000000e+00   3240
  2.140024e-01   0.000000e+00   1.284239e-04   0.000000e+00   3144
  2.145062e-01   0.000000e+00   1.224103e-04   0.000000e+00   2856
  2.149823e-01   0.000000e+00   1.307392e-04   0.000000e+00   3264
  2.155212e-01   0.000000e+00   1.444609e-04   0.000000e+00   3318
  2.159452e-01   0.000000e+00   1.011723e-04   0.000000e+00   2556
  2.164506e-01   0.000000e+00   1.728209e-04   0.000000e+00   4008
  2.169623e-01   0.000000e+00   1.275720e-04   0.000000e+00   2904
  2.174000e-01   0.000000e+00   1.304469e-04   0.000000e+00   3144
  2.178983e-01   0.000000e+00   1.359922e-04   0.000000e+00   3200
  2.184140e-01   0.000000e+00   1.341212e-04   0.000000e+00   3312
  2.188763e-01   0.000000e+00   1.080957e-04   0.000000e+00   2832
  2.193924e-01   0.000000e+00   1.555565e-04   0.000000e+00   3984
  2.198717e-01   0.000000e+00   1.264601e-04   0.000000e+00   2238
  2.203092e-01   0.000000e+00   1.488218e-04   0.000000e+00   3984
  2.208520e-01   0.000000e+00   1.414250e-04   0.000000e+00   3384
  2.213029e-01   0.000000e+00   1.321942e-04   0.000000e+00   3048
  2.217737e-01   0.000000e+00   1.213801e-04   0.000000e+00   3096
  2.222656e-01   0.000000e+00   1.375807e-04   0.000000e+00   3708
  2.227545e-01   0.000000e+00   1.304078e-04   0.000000e+00   2784
  2.232087e-01   0.000000e+00   1.354535e-04   0.000000e+00   3648
  2.237247e-01   0.000000e+00   1.394108e-04   0.000000e+00   3888
  2.242738e-01   0.000000e+00   1.488252e-04   0.000000e+00   2958
  2.246837e-01   0.000000e+00   1.270361e-04   0.000000e+00   3264
  2.251777e-01   0.000000e+00   1.402443e-04   0.000000e+00   3160
  2.256445e-01   0.000000e+00   1.271016e-04   0.000000e+00   3736
  2.260868e-01   0.000000e+00   1.158193e-04   0.000000e+00   3216
  2.266085e-01   0.000000e+00   1.419303e-04   0.000000e+00   4032
  2.271526e-01   0.000000e+00   1.295798e-04   0.000000e+00   3528
  2.276165e-01   0.000000e+00   1.143819e-04   0.000000e+00   3192
  2.280803e-01   0.000000e+00   1.252686e-04   0.000000e+00   3456
  2.285834e-01   0.000000e+00   1.298903e-04   0.000000e+00   3060
  2.290876e-01   0.000000e+00   1.544545e-04   0.000000e+00   4518
  2.295790e-01   0.000000e+00   1.375990e-04   0.000000e+00   3528
  2.300307e-01   0.000000e+00   1.155591e-04   0.000000e+00   3024
  2.305122e-01   0.000000e+00   1.564624e-04   0.000000e+00   3672
  2.310028e-01   0.000000e+00   1.342922e-04   0.000000e+00   3864
  2.315474e-01   0.000000e+00   1.423480e-04   0.000000e+00   3816
  2.319928e-01   0.000000e+00   1.295052e-04   0.000000e+00   3456
  2.324198e-01   0.000000e+00   1.172315e-04   0.000000e+00   2688
  2.329230e-01   0.000000e+00   1.390930e-04   0.000000e+00   4248
  2.334218e-01   0.000000e+00   1.332244e-04   0.000000e+00   3926
  2.339228e-01   0.000000e+00   1.406621e-04   0.000000e+00   3504
  2.344067e-01   0.000000e+00   1.257540e-04   0.000000e+00   3960
  2.349411e-01   0.000000e+00   1.415697e-04   0.000000e+00   3684
  2.353994e-01   0.000000e+00   1.415603e-04   0.000000e+00   4104
  2.358576e-01   0.000000e+00   1.342621e-04   0.000000e+00   3144
  2.363498e-01   0.000000e+00   1.470632e-04   0.000000e+00   4224
  2.368909e-01   0.000000e+00   1.305314e-04   0.000000e+00   4008
  2.373532e-01   0.000000e+00   1.436052e-04   0.000000e+00   3312
  2.378293e-01   0.000000e+00   1.428317e-04   0.000000e+00   3726
  2.383356e-01   0.000000e+00   1.467057e-04   0.000000e+00   3936
  2.387852e-01   0.000000e+00   1.512247e-04   0.000000e+00   3888
  2.392518e-01   0.000000e+00   1.429975e-04   0.000000e+00   3864
  2.397372e-01   0.000000e+00   1.520184e-04   0.000000e+00   3888
  2.402373e-01   0.000000e+00   1.433767e-04   0.000000e+00   4080
  2.407309e-01   0.000000e+00   1.521663e-04   0.000000e+00   3400
  2.412345e-01   0.000000e+00   1.395519e-04   0.000000e+00   4588
  2.417438e-01   0.000000e+00   1.381276e-04   0.000000e+00   3816
  2.421888e-01   0.000000e+00   1.308874e-04   0.000000e+00   3534
  2.426599e-01   0.000000e+00   1.292818e-04   0.000000e+00   4080
  2.431528e-01   0.000000e+00   1.351361e-04   0.000000e+00   4248
  2.436477e-01   0.000000e+00   1.361762e-04   0.000000e+00   3528
  2.441045e-01   0.000000e+00   1.392215e-04   0.000000e+00   4248
  2.445661e-01   0.000000e+00   1.361726e-04   0.000000e+00   3696
  2.450802e-01   0.000000e+00   1.412982e-04   0.000000e+00   4560
  2.455678e-01   0.000000e+00   1.323495e-04   0.000000e+00   3864
  2.460685e-01   0.000000e+00   1.441083e-04   0.000000e+00   4440
  2.465431e-01   0.000000e+00   1.344565e-04   0.000000e+00   3432
  2.470417e-01   0.000000e+00   1.318374e-04   0.000000e+00   4470
  2.475323e-01   0.000000e+00   1.171596e-04   0.000000e+00   4188
  2.480144e-01   0.000000e+00   1.500979e-04   0.000000e+00   4392
  2.484933e-01   0.000000e+00   1.161150e-04   0.000000e+00   3960
  2.489913e-01   0.000000e+00   1.311762e-04   0.000000e+00   4328
  2.494737e-01   0.000000e+00   1.365155e-04   0.000000e+00   4320
  2.499612e-01   0.000000e+00   1.427527e-04   0.000000e+00   4152
  2.504133e-01   0.000000e+00   1.194148e-04   0.000000e+00   3528
  2.509246e-01   0.000000e+00   1.292483e-04   0.000000e+00   4512
  2.514030e-01   0.000000e+00   1.321235e-04   0.000000e+00   4134
  2.518889e-01   0.000000e+00   1.407559e-04   0.000000e+00   5208
  2.523561e-01   0.000000e+00   1.226327e-04   0.000000e+00   3240
  2.528396e-01   0.000000e+00   1.352583e-04   0.000000e+00   4680
  2.533316e-01   0.000000e+00   1.339167e-04   0.000000e+00   4440
  2.538242e-01   0.000000e+00   1.517493e-04   0.000000e+00   4260
  2.542967e-01   0.000000e+00   1.238886e-04   0.000000e+00   4056
  2.547833e-01   0.000000e+00   1.373522e-04   0.000000e+00   4704
  2.552940e-01   0.000000e+00   1.598328e-04   0.000000e+00   4800
  2.558338e-01   0.000000e+00   1.384828e-04   0.000000e+00   4806
  2.563004e-01   0.000000e+00   1.380453e-04   0.000000e+00   3552
  2.567447e-01   0.000000e+00   1.384155e-04   0.000000e+00   4304
  2.572463e-01   0.000000e+00   1.342317e-04   0.000000e+00   5280
  2.577424e-01   0.000000e+00   1.287726e-04   0.000000e+00   4320
  2.582120e-01   0.000000e+00   1.454180e-04   0.000000e+00   4296
  2.587071e-01   0.000000e+00   1.616686e-04   0.000000e+00   4608
  2.592079e-01   0.000000e+00   1.548872e-04   0.000000e+00   4824
  2.597037e-01   0.000000e+00   1.462245e-04   0.000000e+00   4488
  2.602357e-01   0.000000e+00   1.365163e-04   0.000000e+00   4530
  2.606750e-01   0.000000e+00   1.332969e-04   0.000000e+00   4464
  2.611146e-01   0.000000e+00   1.256224e-04   0.000000e+00   4104
  2.616192e-01   0.000000e+00   1.354472e-04   0.000000e+00   5424
  2.621157e-01   0.000000e+00   1.458006e-04   0.000000e+00   4392
  2.626209e-01   0.000000e+00   1.427447e-04   0.000000e+00   4896
  2.630796e-01   0.000000e+00   1.399190e-04   0.000000e+00   4104
  2.635583e-01   0.000000e+00   1.261700e-04   0.000000e+00   4824
  2.640634e-01   0.000000e+00   1.205890e-04   0.000000e+00   4680
  2.645034e-01   0.000000e+00   1.233362e-04   0.000000e+00   4328
  2.650142e-01   0.000000e+00   1.421747e-04   0.000000e+00   5118
  2.655274e-01   0.000000e+00   1.647184e-04   0.000000e+00   5304
  2.659905e-01   0.000000e+00   1.297081e-04   0.000000e+00   4392
  2.664951e-01   0.000000e+00   1.301864e-04   0.000000e+00   4476
  2.669364e-01   0.000000e+00   1.292906e-04   0.000000e+00   4704
  2.674274e-01   0.000000e+00   1.564908e-04   0.000000e+00   5208
  2.679435e-01   0.000000e+00   1.319479e-04   0.000000e+00   5304
  2.684190e-01   0.000000e+00   1.413346e-04   0.000000e+00   4296
  2.689066e-01   0.000000e+00   1.340217e-04   0.000000e+00   4752
  2.694189e-01   0.000000e+00   1.345359e-04   0.000000e+00   4950
  2.698794e-01   0.000000e+00   1.406262e-04   0.000000e+00   5064
  2.703399e-01   0.000000e+00   1.178265e-04   0.000000e+00   4872
  2.708057e-01   0.000000e+00   1.240390e-04   0.000000e+00   4224
  2.713029e-01   0.000000e+00   1.370167e-04   0.000000e+00   6120
  2.718321e-01   0.000000e+00   1.507358e-04   0.000000e+00   4968
  2.723121e-01   0.000000e+00   1.333881e-04   0.000000e+00   4424
  2.728088e-01   0.000000e+00   1.703749e-04   0.000000e+00   5436
  2.732993e-01   0.000000e+00   1.452596e-04   0.000000e+00   4896
  2.737736e-01   0.000000e+00   1.390702e-04   0.000000e+00   5214
  2.742308e-01   0.000000e+00   1.182169e-04   0.000000e+00   4656
  2.747387e-01   0.000000e+00   1.503032e-04   0.000000e+00   5448
  2.752241e-01   0.000000e+00   1.269422e-04   0.000000e+00   4992
  2.756994e-01   0.000000e+00   1.404898e-04   0.000000e+00   5400
  2.762219e-01   0.000000e+00   1.557062e-04   0.000000e+00   5328
  2.767032e-01   0.000000e+00   1.392299e-04   0.000000e+00   4776
  2.771561e-01   0.000000e+00   1.308295e-04   0.000000e+00   4800
  2.776593e-01   0.000000e+00   1.682401e-04   0.000000e+00   6552
  2.781857e-01   0.000000e+00   1.271030e-04   0.000000e+00   3942
  2.786419e-01   0.000000e+00   1.601990e-04   0.000000e+00   6072
  2.791470e-01   0.000000e+00   1.244164e-04   0.000000e+00   4692
  2.795705e-01   0.000000e+00   1.298888e-04   0.000000e+00   4944
  2.800665e-01   0.000000e+00   1.394107e-04   0.000000e+00   5840
  2.805759e-01   0.000000e+00   1.492333e-04   0.000000e+00   5712
  2.810773e-01   0.000000e+00   1.250671e-04   0.000000e+00   4800
  2.815348e-01   0.000000e+00   1.656330e-04   0.000000e+00   5688
  2.820359e-01   0.000000e+00   1.306810e-04   0.000000e+00   4848
  2.825324e-01   0.000000e+00   1.454557e-04   0.000000e+00   5406
  2.830037e-01   0.000000e+00   1.312973e-04   0.000000e+00   5568
  2.834769e-01   0.000000e+00   1.180275e-04   0.000000e+00   5736
  2.839884e-01   0.000000e+00   1.465826e-04   0.000000e+00   5280
  2.844524e-01   0.000000e+00   1.355263e-04   0.000000e+00   5592
  2.849301e-01   0.000000e+00   1.551417e-04   0.000000e+00   4968
  2.854352e-01   0.000000e+00   1.391053e-04   0.000000e+00   5964
  2.859279e-01   0.000000e+00   1.397517e-04   0.000000e+00   5376
  2.863756e-01   0.000000e+00   1.349389e-04   0.000000e+00   5472
  2.868946e-01   0.000000e+00   1.281532e-04   0.000000e+00   5472
  2.873693e-01   0.000000e+00   1.457059e-04   0.000000e+00   5415
  2.878292e-01   0.000000e+00   1.281660e-04   0.000000e+00   5096
  2.883268e-01   0.000000e+00   1.648183e-04   0.000000e+00   6372
  2.888302e-01   0.000000e+00   1.337920e-04   0.000000e+00   4656
  2.892814e-01   0.000000e+00   1.460580e-04   0.000000e+00   5844
  2.897668e-01   0.000000e+00   1.284189e-04   0.000000e+00   5508
  2.902812e-01   0.000000e+00   1.456803e-04   0.000000e+00   6324
  2.907860e-01   0.000000e+00   1.251396e-04   0.000000e+00   4752
  2.912474e-01   0.000000e+00   1.401041e-04   0.000000e+00   5676
  2.917468e-01   0.000000e+00   1.281684e-04   0.000000e+00   5472
  2.922209e-01   0.000000e+00   1.445704e-04   0.000000e+00   5556
  2.927301e-01   0.000000e+00   1.408810e-04   0.000000e+00   5436
  2.932217e-01   0.000000e+00   1.442016e-04   0.000000e+00   5916
  2.937264e-01   0.000000e+00   1.500331e-04   0.000000e+00   5520
  2.941809e-01   0.000000e+00   1.364480e-04   0.000000e+00   5280
  2.946466e-01   0.000000e+00   1.340724e-04   0.000000e+00   4416
  2.951720e-01   0.000000e+00   1.306879e-04   0.000000e+00   6260
  2.956655e-01   0.000000e+00   1.554038e-04   0.000000e+00   5940
  2.961126e-01   0.000000e+00   1.217066e-04   0.000000e+00   4188
  2.966047e-01   0.000000e+00   1.556122e-04   0.000000e+00   6360
  2.971222e-01   0.000000e+00   1.387995e-04   0.000000e+00   5256
  2.976029e-01   0.000000e+00   1.312113e-04   0.000000e+00   4848
  2.980147e-01   0.000000e+00   1.189499e-04   0.000000e+00   4704
  2.985217e-01   0.000000e+00   1.459205e-04   0.000000e+00   5784
  2.990374e-01   0.000000e+00   1.544008e-04   0.000000e+00   5820
  2.995352e-01   0.000000e+00   1.383100e-04   0.000000e+00   5700
  3.000361e-01   0.000000e+00   1.282634e-04   0.000000e+00   5232
  3.005375e-01   0.000000e+00   1.423193e-04   0.000000e+00   4932
  3.009817e-01   0.000000e+00   1.224997e-04   0.000000e+00   4716
  3.014485e-01   0.000000e+00   1.560382e-04   0.000000e+00   5616
  3.019287e-01   0.000000e+00   1.378046e-04   0.000000e+00   5184
  3.024240e-01   0.000000e+00   1.390111e-04   0.000000e+00   5064
  3.028912e-01   0.000000e+00   1.423406e-04   0.000000e+00   5544
  3.034093e-01   0.000000e+00   1.428860e-04   0.000000e+00   5192
  3.038807e-01   0.000000e+00   1.284053e-04   0.000000e+00   5244
  3.043764e-01   0.000000e+00   1.389360e-04   0.000000e+00   5112
  3.048691e-01   0.000000e+00   1.275010e-04   0.000000e+00   5040
  3.053213e-01   0.000000e+00   1.340439e-04   0.000000e+00   5124
  3.058494e-01   0.000000e+00   1.504823e-04   0.000000e+00   5952
  3.063369e-01   0.000000e+00   1.318531e-04   0.000000e+00   4824
  3.067788e-01   0.000000e+00   1.330892e-04   0.000000e+00   4536
  3.072903e-01   0.000000e+00   1.414616e-04   0.000000e+00   5712
  3.078157e-01   0.000000e+00   1.547976e-04   0.000000e+00   5352
  3.083112e-01   0.000000e+00   1.348344e-04   0.000000e+00   5004
  3.087539e-01   0.000000e+00   1.348711e-04   0.000000e+00   4800
  3.092296e-01   0.000000e+00   1.449374e-04   0.000000e+00   5148
  3.097567e-01   0.000000e+00   1.505363e-04   0.000000e+00   5664
  3.102329e-01   0.000000e+00   1.352034e-04   0.000000e+00   4692
  3.106729e-01   0.000000e+00   1.256056e-04   0.000000e+00   4008
  3.111861e-01   0.000000e+00   1.439712e-04   0.000000e+00   5852
  3.117078e-01   0.000000e+00   1.363273e-04   0.000000e+00   5784
  3.121712e-01   0.000000e+00   1.256700e-04   0.000000e+00   4392
  3.126481e-01   0.000000e+00   1.232703e-04   0.000000e+00   4944
  3.131489e-01   0.000000e+00   1.453336e-04   0.000000e+00   4776
  3.136211e-01   0.000000e+00   1.398188e-04   0.000000e+00   5244
  3.141336e-01   0.000000e+00   1.395722e-04   0.000000e+00   4884
  3.145636e-01   0.000000e+00   1.183681e-04   0.000000e+00   4488
  3.150636e-01   0.000000e+00   1.406525e-04   0.000000e+00   5160
  3.155671e-01   0.000000e+00   1.432039e-04   0.000000e+00   5316
  3.160521e-01   0.000000e+00   1.447892e-04   0.000000e+00   4896
  3.165249e-01   0.000000e+00   1.345344e-04   0.000000e+00   4188
  3.170014e-01   0.000000e+00   1.467406e-04   0.000000e+00   4836
  3.174880e-01   0.000000e+00   1.455680e-04   0.000000e+00   5316
  3.179808e-01   0.000000e+00   1.347408e-04   0.000000e+00   4920
  3.184417e-01   0.000000e+00   1.357413e-04   0.000000e+00   4128
  3.189362e-01   0.000000e+00   1.460260e-04   0.000000e+00   5348
  3.194229e-01   0.000000e+00   1.267067e-04   0.000000e+00   4836
  3.198876e-01   0.000000e+00   1.365306e-04   0.000000e+00   4392
  3.203882e-01   0.000000e+00   1.199532e-04   0.000000e+00   4632
  3.208388e-01   0.000000e+00   1.340287e-04   0.000000e+00   4596
  3.213563e-01   0.000000e+00   1.347844e-04   0.000000e+00   5424
  3.218683e-01   0.000000e+00   1.387362e-04   0.000000e+00   5256
  3.223958e-01   0.000000e+00   1.409032e-04   0.000000e+00   4524
  3.228350e-01   0.000000e+00   1.340268e-04   0.000000e+00   4440
  3.233270e-01   0.000000e+00   1.146101e-04   0.000000e+00   4380
  3.238085e-01   0.000000e+00   1.499870e-04   0.000000e+00   4812
  3.243210e-01   0.000000e+00   1.489725e-04   0.000000e+00   5376
  3.247896e-01   0.000000e+00   1.189892e-04   0.000000e+00   3888
  3.252385e-01   0.000000e+00   1.362564e-04   0.000000e+00   4896
  3.257395e-01   0.000000e+00   1.437728e-04   0.000000e+00   4608
  3.262654e-01   0.000000e+00   1.357127e-04   0.000000e+00   4448
  3.267232e-01   0.000000e+00   1.400926e-04   0.000000e+00   4752
  3.272056e-01   0.000000e+00   1.467382e-04   0.000000e+00   4356
  3.277129e-01   0.000000e+00   1.412082e-04   0.000000e+00   5232
  3.282173e-01   0.000000e+00   1.423025e-04   0.000000e+00   4548
  3.287063e-01   0.000000e+00   1.383360e-04   0.000000e+00   4608
  3.291837e-01   0.000000e+00   1.256671e-04   0.000000e+00   3936
  3.296343e-01   0.000000e+00   1.502088e-04   0.000000e+00   4260
  3.301407e-01   0.000000e+00   1.346643e-04   0.000000e+00   5004
  3.306038e-01   0.000000e+00   1.330711e-04   0.000000e+00   4224
  3.311115e-01   0.000000e+00   1.437697e-04   0.000000e+00   4788
  3.316047e-01   0.000000e+00   1.511985e-04   0.000000e+00   4428
  3.320852e-01   0.000000e+00   1.263467e-04   0.000000e+00   4080
  3.325477e-01   0.000000e+00   1.381486e-04   0.000000e+00   4632
  3.330347e-01   0.000000e+00   1.436640e-04   0.000000e+00   4056
  3.335467e-01   0.000000e+00   1.352621e-04   0.000000e+00   4536
  3.340144e-01   0.000000e+00   1.379585e-04   0.000000e+00   4668
  3.345266e-01   0.000000e+00   1.478669e-04   0.000000e+00   4604
  3.350255e-01   0.000000e+00   1.328598e-04   0.000000e+00   4152
  3.354859e-01   0.000000e+00   1.287622e-04   0.000000e+00   4224
  3.359739e-01   0.000000e+00   1.237953e-04   0.000000e+00   4152
  3.364615e-01   0.000000e+00   1.404246e-04   0.000000e+00   4224
  3.369356e-01   0.000000e+00   1.298644e-04   0.000000e+00   3960
  3.373922e-01   0.000000e+00   1.340119e-04   0.000000e+00   4656
  3.378910e-01   0.000000e+00   1.445961e-04   0.000000e+00   4452
  3.384025e-01   0.000000e+00   1.470057e-04   0.000000e+00   4056
  3.388784e-01   0.000000e+00   1.456648e-04   0.000000e+00   4212
  3.393606e-01   0.000000e+00   1.210536e-04   0.000000e+00   3432
  3.398492e-01   0.000000e+00   1.548628e-04   0.000000e+00   5352
  3.403267e-01   0.000000e+00   1.134185e-04   0.000000e+00   3600
  3.408466e-01   0.000000e+00   1.251027e-04   0.000000e+00   4584
  3.413005e-01   0.000000e+00   1.247343e-04   0.000000e+00   3768
  3.417680e-01   0.000000e+00   1.331557e-04   0.000000e+00   3848
  3.422347e-01   0.000000e+00   1.220886e-04   0.000000e+00   3720
  3.427639e-01   0.000000e+00   1.532392e-04   0.000000e+00   4764
  3.432311e-01   0.000000e+00   1.234001e-04   0.000000e+00   3864
  3.437109e-01   0.000000e+00   1.528459e-04   0.000000e+00   4332
  3.442342e-01   0.000000e+00   1.304937e-04   0.000000e+00   3792
  3.447018e-01   0.000000e+00   1.480185e-04   0.000000e+00   4284
  3.451974e-01   0.000000e+00   1.401572e-04   0.000000e+00   3840
  3.456664e-01   0.000000e+00   1.334113e-04   0.000000e+00   3480
  3.461427e-01   0.000000e+00   1.488614e-04   0.000000e+00   4380
  3.466576e-01   0.000000e+00   1.398292e-04   0.000000e+00   4200
  3.471635e-01   0.000000e+00   1.344014e-04   0.000000e+00   4056
  3.476333e-01   0.000000e+00   1.350788e-04   0.000000e+00   3600
  3.480735e-01   0.000000e+00   1.345848e-04   0.000000e+00   3492
  3.485878e-01   0.000000e+00   1.571647e-04   0.000000e+00   4500
  3.491126e-01   0.000000e+00   1.376975e-04   0.000000e+00   3516
  3.495636e-01   0.000000e+00   1.439500e-04   0.000000e+00   3968
  3.500690e-01   0.000000e+00   1.383484e-04   0.000000e+00   3648
  3.505165e-01   0.000000e+00   1.322992e-04   0.000000e+00   4224
  3.510237e-01   0.000000e+00   1.484940e-04   0.000000e+00   3588
  3.514997e-01   0.000000e+00   1.369683e-04   0.000000e+00   3456
  3.519786e-01   0.000000e+00   1.216448e-04   0.000000e+00   3660
  3.524735e-01   0.000000e+00   1.335194e-04   0.000000e+00   3768
  3.529347e-01   0.000000e+00   1.350276e-04   0.000000e+00   3744
  3.534301e-01   0.000000e+00   1.482149e-04   0.000000e+00   4176
  3.539572e-01   0.000000e+00   1.367120e-04   0.000000e+00   3612
  3.543928e-01   0.000000e+00   1.485682e-04   0.000000e+00   3216
  3.548913e-01   0.000000e+00   1.436402e-04   0.000000e+00   3624
  3.553925e-01   0.000000e+00   1.350690e-04   0.000000e+00   3744
  3.558768e-01   0.000000e+00   1.441176e-04   0.000000e+00   3672
  3.563547e-01   0.000000e+00   1.306896e-04   0.000000e+00   3852
  3.568482e-01   0.000000e+00   1.345097e-04   0.000000e+00   3672
  3.573731e-01   0.000000e+00   1.310574e-04   0.000000e+00   3248
  3.578115e-01   0.000000e+00   1.341465e-04   0.000000e+00   3336
  3.582900e-01   0.000000e+00   1.365492e-04   0.000000e+00   3576
  3.587793e-01   0.000000e+00   1.159180e-04   0.000000e+00   3336
  3.592778e-01   0.000000e+00   1.376902e-04   0.000000e+00   3936
  3.597697e-01   0.000000e+00   1.466440e-04   0.000000e+00   3408
  3.602575e-01   0.000000e+00   1.291957e-04   0.000000e+00   3336
  3.607316e-01   0.000000e+00   1.451163e-04   0.000000e+00   3312
  3.612054e-01   0.000000e+00   1.469319e-04   0.000000e+00   3432
  3.617101e-01   0.000000e+00   1.273841e-04   0.000000e+00   3144
  3.621706e-01   0.000000e+00   1.382881e-04   0.000000e+00   3456
  3.626887e-01   0.000000e+00   1.329107e-04   0.000000e+00   3792
  3.631568e-01   0.000000e+00   1.305556e-04   0.000000e+00   2868
  3.636625e-01   0.000000e+00   1.352551e-04   0.000000e+00   3888
  3.641351e-01   0.000000e+00   1.174435e-04   0.000000e+00   2784
  3.646004e-01   0.000000e+00   1.341238e-04   0.000000e+00   2964
  3.651086e-01   0.000000e+00   1.381212e-04   0.000000e+00   3432
  3.655924e-01   0.000000e+00   1.429694e-04   0.000000e+00   3416
  3.660820e-01   0.000000e+00   1.528218e-04   0.000000e+00   3528
  3.665830e-01   0.000000e+00   1.226504e-04   0.000000e+00   2904
  3.670262e-01   0.000000e+00   1.375270e-04   0.000000e+00   3072
  3.675416e-01   0.000000e+00   1.544586e-04   0.000000e+00   3216
  3.680569e-01   0.000000e+00   1.250951e-04   0.000000e+00   2844
  3.685093e-01   0.000000e+00   1.431483e-04   0.000000e+00   3432
  3.689737e-01   0.000000e+00   1.150574e-04   0.000000e+00   2880
  3.694925e-01   0.000000e+00   1.524100e-04   0.000000e+00   3576
  3.699812e-01   0.000000e+00   1.362332e-04   0.000000e+00   2700
  3.704492e-01   0.000000e+00   1.530237e-04   0.000000e+00   3000
  3.709392e-01   0.000000e+00   1.270553e-04   0.000000e+00   2556
  3.714151e-01   0.000000e+00   1.361780e-04   0.000000e+00   3360
  3.719070e-01   0.000000e+00   1.323185e-04   0.000000e+00   3120
  3.724371e-01   0.000000e+00   1.557809e-04   0.000000e+00   3216
  3.728935e-01   0.000000e+00   1.098680e-04   0.000000e+00   2628
  3.734065e-01   0.000000e+00   1.452297e-04   0.000000e+00   3200
  3.738745e-01   0.000000e+00   1.370102e-04   0.000000e+00   2232
  3.743471e-01   0.000000e+00   1.563929e-04   0.000000e+00   3108
  3.748177e-01   0.000000e+00   1.373821e-04   0.000000e+00   2604
  3.752991e-01   0.000000e+00   1.479994e-04   0.000000e+00   3096
  3.758288e-01   0.000000e+00   1.348469e-04   0.000000e+00   3084
  3.762884e-01   0.000000e+00   1.376092e-04   0.000000e+00   2664
  3.767621e-01   0.000000e+00   1.213497e-04   0.000000e+00   2232
  3.772262e-01   0.000000e+00   1.494845e-04   0.000000e+00   2808
  3.777344e-01   0.000000e+00   1.412112e-04   0.000000e+00   2592
  3.782089e-01   0.000000e+00   1.449703e-04   0.000000e+00   2952
  3.787074e-01   0.000000e+00   1.368697e-04   0.000000e+00   2772
  3.791921e-01   0.000000e+00   1.471948e-04   0.000000e+00   3036
  3.796993e-01   0.000000e+00   1.427797e-04   0.000000e+00   2136
  3.801616e-01   0.000000e+00   1.138671e-04   0.000000e+00   2496
  3.806364e-01   0.000000e+00   1.516625e-04   0.000000e+00   2228
  3.811316e-01   0.000000e+00   1.413981e-04   0.000000e+00   3048
  3.816243e-01   0.000000e+00   1.350676e-04   0.000000e+00   2676
  3.821140e-01   0.000000e+00   1.345571e-04   0.000000e+00   2784
  3.825820e-01   0.000000e+00   1.307225e-04   0.000000e+00   1920
  3.830514e-01   0.000000e+00   1.395126e-04   0.000000e+00   2400
  3.835600e-01   0.000000e+00   1.279618e-04   0.000000e+00   2532
  3.840860e-01   0.000000e+00   1.421350e-04   0.000000e+00   2544
  3.845592e-01   0.000000e+00   1.486925e-04   0.000000e+00   2772
  3.850254e-01   0.000000e+00   1.392746e-04   0.000000e+00   2160
  3.854884e-01   0.000000e+00   1.500120e-04   0.000000e+00   2304
  3.860241e-01   0.000000e+00   1.467945e-04   0.000000e+00   2328
  3.865043e-01   0.000000e+00   1.407449e-04   0.000000e+00   2304
  3.869492e-01   0.000000e+00   1.330938e-04   0.000000e+00   1908
  3.874552e-01   0.000000e+00   1.488569e-04   0.000000e+00   2736
  3.879425e-01   0.000000e+00   1.410418e-04   0.000000e+00   2448
  3.884609e-01   0.000000e+00   1.318665e-04   0.000000e+00   2040
  3.889299e-01   0.000000e+00   1.372999e-04   0.000000e+00   2120
  3.893809e-01   0.000000e+00   1.138355e-04   0.000000e+00   2040
  3.898664e-01   0.000000e+00   1.412334e-04   0.000000e+00   2208
  3.904158e-01   0.000000e+00   1.268062e-04   0.000000e+00   2208
  3.908608e-01   0.000000e+00   1.405255e-04   0.000000e+00   2196
  3.913207e-01   0.000000e+00   1.236152e-04   0.000000e+00   1848
  3.917886e-01   0.000000e+00   1.401960e-04   0.000000e+00   2124
  3.923120e-01   0.000000e+00   1.470626e-04   0.000000e+00   2328
  3.928231e-01   0.000000e+00   1.497225e-04   0.000000e+00   1920
  3.933200e-01   0.000000e+00   1.374435e-04   0.000000e+00   1548
  3.937619e-01   0.000000e+00   1.507712e-04   0.000000e+00   2388
  3.942832e-01   0.000000e+00   1.395210e-04   0.000000e+00   2160
  3.947606e-01   0.000000e+00   1.269906e-04   0.000000e+00   1704
  3.952179e-01   0.000000e+00   1.430661e-04   0.000000e+00   1776
  3.956506e-01   0.000000e+00   1.338203e-04   0.000000e+00   1800
  3.961977e-01   0.000000e+00   1.544832e-04   0.000000e+00   1700
  3.967087e-01   0.000000e+00   1.390936e-04   0.000000e+00   2292
  3.971846e-01   0.000000e+00   1.291201e-04   0.000000e+00   1704
  3.976337e-01   0.000000e+00   1.443780e-04   0.000000e+00   1728
  3.981255e-01   0.000000e+00   1.336251e-04   0.000000e+00   1728
  3.986075e-01   0.000000e+00   1.334994e-04   0.000000e+00   1680
  3.991202e-01   0.000000e+00   1.537953e-04   0.000000e+00   1704
  3.996310e-01   0.000000e+00   1.207753e-04   0.000000e+00   1752
  4.000877e-01   0.000000e+00   1.435789e-04   0.000000e+00   1872
  4.005817e-01   0.000000e+00   1.407232e-04   0.000000e+00   1500
  4.010829e-01   0.000000e+00   1.232237e-04   0.000000e+00   1656
  4.015697e-01   0.000000e+00   1.321192e-04   0.000000e+00   1464
  4.020023e-01   0.000000e+00   1.157232e-04   0.000000e+00   1488
  4.025329e-01   0.000000e+00   1.396693e-04   0.000000e+00   1680
  4.030178e-01   0.000000e+00   1.459194e-04   0.000000e+00   1692
  4.034716e-01   0.000000e+00   1.397252e-04   0.000000e+00   1128
  4.039751e-01   0.000000e+00   1.345433e-04   0.000000e+00   1536
  4.044663e-01   0.000000e+00   1.402479e-04   0.000000e+00   1616
  4.049637e-01   0.000000e+00   1.352429e-04   0.000000e+00   1476
  4.054650e-01   0.000000e+00   1.488381e-04   0.000000e+00   1176
  4.059124e-01   0.000000e+00   1.599107e-04   0.000000e+00   1656
  4.063997e-01   0.000000e+00   1.404668e-04   0.000000e+00   891
  4.069020e-01   0.000000e+00   1.497388e-04   0.000000e+00   1596
  4.073915e-01   0.000000e+00   1.305762e-04   0.000000e+00   1422
  4.078742e-01   0.000000e+00   1.252138e-04   0.000000e+00   1254
  4.083284e-01   0.000000e+00   1.279202e-04   0.000000e+00   918
  4.088148e-01   0.000000e+00   1.400009e-04   0.000000e+00   1614
  4.093049e-01   0.000000e+00   1.209347e-04   0.000000e+00   798
  4.097922e-01   0.000000e+00   1.550239e-04   0.000000e+00   1458
  4.102863e-01   0.000000e+00   1.419502e-04   0.000000e+00   1374
  4.107747e-01   0.000000e+00   1.212349e-04   0.000000e+00   984
  4.112591e-01   0.000000e+00   1.668024e-04   0.000000e+00   1062
  4.117525e-01   0.000000e+00   1.413965e-04   0.000000e+00   1246
  4.122317e-01   0.000000e+00   1.311095e-04   0.000000e+00   1072
  4.127436e-01   0.000000e+00   1.419832e-04   0.000000e+00   1110
  4.132166e-01   0.000000e+00   1.538182e-04   0.000000e+00   1254
  4.137139e-01   0.000000e+00   1.459816e-04   0.000000e+00   1032
  4.142557e-01   0.000000e+00   1.352509e-04   0.000000e+00   786
  4.146677e-01   0.000000e+00   1.386613e-04   0.000000e+00   1152
  4.151502e-01   0.000000e+00   1.511270e-04   0.000000e+00   1086
  4.156529e-01   0.000000e+00   1.363503e-04   0.000000e+00   912
  4.161175e-01   0.000000e+00   1.366785e-04   0.000000e+00   1062
  4.165917e-01   0.000000e+00   1.362355e-04   0.000000e+00   912
  4.171397e-01   0.000000e+00   1.520835e-04   0.000000e+00   750
  4.175668e-01   0.000000e+00   1.465336e-04   0.000000e+00   1200
  4.180611e-01   0.000000e+00   1.326977e-04   0.000000e+00   918
  4.185524e-01   0.000000e+00   1.377357e-04   0.000000e+00   876
  4.190517e-01   0.000000e+00   1.203534e-04   0.000000e+00   870
  4.194890e-01   0.000000e+00   1.403731e-04   0.000000e+00   768
  4.200015e-01   0.000000e+00   1.286594e-04   0.000000e+00   830
  4.204761e-01   0.000000e+00   1.332096e-04   0.000000e+00   1080
  4.209676e-01   0.000000e+00   1.498783e-04   0.000000e+00   840
  4.214632e-01   0.000000e+00   1.443163e-04   0.000000e+00   798
  4.220251e-01   0.000000e+00   1.145461e-04   0.000000e+00   792
  4.224609e-01   0.000000e+00   1.335978e-04   0.000000e+00   726
  4.229181e-01   0.000000e+00   1.497038e-04   0.000000e+00   864
  4.234189e-01   0.000000e+00   1.281430e-04   0.000000e+00   900
  4.239267e-01   0.000000e+00   1.424135e-04   0.000000e+00   726
  4.243623e-01   0.000000e+00   1.232527e-04   0.000000e+00   576
  4.249434e-01   0.000000e+00   1.282664e-04   0.000000e+00   840
  4.253523e-01   0.000000e+00   1.331485e-04   0.000000e+00   750
  4.258366e-01   0.000000e+00   1.335529e-04   0.000000e+00   720
  4.262936e-01   0.000000e+00   1.351090e-04   0.000000e+00   702
  4.268271e-01   0.000000e+00   1.475571e-04   0.000000e+00   696
  4.272662e-01   0.000000e+00   1.319621e-04   0.000000e+00   480
  4.277837e-01   0.000000e+00   1.250396e-04   0.000000e+00   830
  4.282419e-01   0.000000e+00   1.454616e-04   0.000000e+00   756
  4.287552e-01   0.000000e+00   1.396687e-04   0.000000e+00   624
  4.292083e-01   0.000000e+00   1.475796e-04   0.000000e+00   582
  4.297440e-01   0.000000e+00   1.132706e-04   0.000000e+00   576
  4.302073e-01   0.000000e+00   1.517064e-04   0.000000e+00   624
  4.306823e-01   0.000000e+00   1.238986e-04   0.000000e+00   702
  4.311525e-01   0.000000e+00   1.425165e-04   0.000000e+00   624
  4.317110e-01   0.000000e+00   1.378751e-04   0.000000e+00   672
  4.321659e-01   0.000000e+00   1.032125e-04   0.000000e+00   342
  4.326655e-01   0.000000e+00   1.290292e-04   0.000000e+00   660
  4.331249e-01   0.000000e+00   1.326364e-04   0.000000e+00   576
  4.335992e-01   0.000000e+00   1.289493e-04   0.000000e+00   600
  4.340787e-01   0.000000e+00   1.491476e-04   0.000000e+00   510
  4.346181e-01   0.000000e+00   1.397290e-04   0.000000e+00   600
  4.350341e-01   0.000000e+00   1.112888e-04   0.000000e+00   216
  4.355185e-01   0.000000e+00   1.354577e-04   0.000000e+00   758
  4.360833e-01   0.000000e+00   1.482975e-04   0.000000e+00   576
  4.365782e-01   0.000000e+00   1.259005e-04   0.000000e+00   528
  4.370248e-01   0.000000e+00   8.670054e-05   0.000000e+00   318
  4.375047e-01   0.000000e+00   1.497759e-04   0.000000e+00   540
  4.380721e-01   0.000000e+00   1.058893e-04   0.000000e+00   384
  4.384565e-01   0.000000e+00   1.463022e-04   0.000000e+00   576
  4.389570e-01   0.000000e+00   1.195560e-04   0.000000e+00   414
  4.394302e-01   0.000000e+00   1.335050e-04   0.000000e+00   504
  4.399357e-01   0.000000e+00   1.465573e-04   0.000000e+00   312
  4.404212e-01   0.000000e+00   1.327827e-04   0.000000e+00   414
  4.409029e-01   0.000000e+00   1.226699e-04   0.000000e+00   432
  4.413512e-01   0.000000e+00   1.624587e-04   0.000000e+00   504
  4.418701e-01   0.000000e+00   1.564660e-04   0.000000e+00   432
  4.423558e-01   0.000000e+00   1.281691e-04   0.000000e+00   354
  4.428506e-01   0.000000e+00   1.865017e-04   0.000000e+00   200
  4.432750e-01   0.000000e+00   1.323290e-04   0.000000e+00   480
  4.438485e-01   0.000000e+00   1.512148e-04   0.000000e+00   552
  4.443745e-01   0.000000e+00   9.419478e-05   0.000000e+00   366
  4.447799e-01   0.000000e+00   1.002751e-04   0.000000e+00   240
  4.452261e-01   0.000000e+00   1.401886e-04   0.000000e+00   288
  4.458541e-01   0.000000e+00   9.634579e-05   0.000000e+00   366
  4.462600e-01   0.000000e+00   1.562070e-04   0.000000e+00   408
  4.467132e-01   0.000000e+00   1.174273e-04   0.000000e+00   360
  4.471820e-01   0.000000e+00   1.094619e-04   0.000000e+00   324
  4.476367e-01   0.000000e+00   1.292780e-04   0.000000e+00   174
  4.481783e-01   0.000000e+00   1.485222e-04   0.000000e+00   264
  4.486867e-01   0.000000e+00   1.354596e-04   0.000000e+00   456
  4.491937e-01   0.000000e+00   1.362099e-04   0.000000e+00   360
  4.496105e-01   0.000000e+00   1.500483e-04   0.000000e+00   270
  4.501209e-01   0.000000e+00   1.641082e-04   0.000000e+00   240
  4.507604e-01   0.000000e+00   1.195905e-04   0.000000e+00   120
  4.510747e-01   0.000000e+00   1.248485e-04   0.000000e+00   320
  4.515822e-01   0.000000e+00   1.544785e-04   0.000000e+00   462
  4.521137e-01   0.000000e+00   8.987666e-05   0.000000e+00   276
  4.525754e-01   0.000000e+00   1.019637e-04   0.000000e+00   144
  4.530202e-01   0.000000e+00   1.070818e-04   0.000000e+00   120
  4.536115e-01   0.000000e+00   8.108908e-05   0.000000e+00   294
  4.540583e-01   0.000000e+00   1.438563e-04   0.000000e+00   384
  4.544753e-01   0.000000e+00   9.523196e-05   0.000000e+00   216
  4.548743e-01   0.000000e+00   8.843896e-05   0.000000e+00   168
  4.553251e-01   0.000000e+00   1.052282e-04   0.000000e+00   102
  4.559768e-01   0.000000e+00   1.596520e-04   0.000000e+00   168
  4.564337e-01   0.000000e+00   1.397340e-04   0.000000e+00   384
  4.569346e-01   0.000000e+00   1.419732e-04   0.000000e+00   300
  4.574008e-01   0.000000e+00   1.520225e-04   0.000000e+00   144
  4.579263e-01   0.000000e+00   1.556925e-04   0.000000e+00   102
  4.585568e-01   0.000000e+00   3.685588e-05   0.000000e+00   56
  4.588590e-01   0.000000e+00   1.199932e-04   0.000000e+00   288
  4.593328e-01   0.000000e+00   1.561557e-04   0.000000e+00   360
  4.598487e-01   0.000000e+00   8.376686e-05   0.000000e+00   126
  4.602834e-01   0.000000e+00   4.125612e-05   0.000000e+00   72
  4.607572e-01   0.000000e+00   2.185755e-05   0.000000e+00   48
  4.613754e-01   0.000000e+00   8.842417e-05   0.000000e+00   240
  4.617816e-01   0.000000e+00   1.311982e-04   0.000000e+00   306
  4.621975e-01   0.000000e+00   7.291699e-05   0.000000e+00   120
  4.626766e-01   0.000000e+00   1.794585e-04   0.000000e+00   96
  4.630248e-01   0.000000e+00   0.000000e+00   0.000000e+00   24
  4.638071e-01   0.000000e+00   1.554065e-04   0.000000e+00   120
  4.641905e-01   0.000000e+00   1.343981e-04   0.000000e+00   318
  4.646594e-01   0.000000e+00   1.436227e-04   0.000000e+00   168
  4.651731e-01   0.000000e+00   1.541232e-04   0.000000e+00   72
  4.657357e-01   0.000000e+00   0.000000e+00   0.000000e+00   24
  4.663408e-01   0.000000e+00   7.481195e-05   0.000000e+00   14
  4.666286e-01   0.000000e+00   1.179951e-04   0.000000e+00   288
  4.670757e-01   0.000000e+00   1.419546e-04   0.000000e+00   204
  4.675916e-01   0.000000e+00   2.153808e-05   0.000000e+00   48
  4.680007e-01   0.000000e+00   0.000000e+00   0.000000e+00   24
  4.684739e-01   0.000000e+00   0.000000e+00   0.000000e+00   6
  4.691541e-01   0.000000e+00   8.821950e-05   0.000000e+00   216
  4.695046e-01   0.000000e+00   1.174842e-04   0.000000e+00   192
  4.699334e-01   0.000000e+00   2.143075e-05   0.000000e+00   48
  4.703832e-01   0.000000e+00   1.712353e-04   0.000000e+00   30
  4.716555e-01   0.000000e+00   3.540978e-05   0.000000e+00   96
  4.719167e-01   0.000000e+00   1.160286e-04   0.000000e+00   228
  4.724128e-01   0.000000e+00   1.517284e-04   0.000000e+00   72
  4.730094e-01   0.000000e+00   0.000000e+00   0.000000e+00   6
  4.743680e-01   0.000000e+00   1.145631e-04   0.000000e+00   248
  4.748016e-01   0.000000e+00   1.311235e-04   0.000000e+00   72
  4.753245e-01   0.000000e+00   7.266090e-09   0.000000e+00   6
  4.769053e-01   0.000000e+00   8.141014e-05   0.000000e+00   180
  4.772205e-01   0.000000e+00   1.107713e-04   0.000000e+00   72
  4.776705e-01   0.000000e+00   0.000000e+00   0.000000e+00   6
  4.794278e-01   0.000000e+00   3.483570e-05   0.000000e+00   96
  4.796378e-01   0.000000e+00   9.563861e-05   0.000000e+00   96
  4.800471e-01   0.000000e+00   0.000000e+00   0.000000e+00   6
  4.820778e-01   0.000000e+00   9.153355e-05   0.000000e+00   140
  4.824537e-01   0.000000e+00   0.000000e+00   0.000000e+00   6
  4.846301e-01   0.000000e+00   6.146888e-05   0.000000e+00   96
  4.848898e-01   0.000000e+00   0.000000e+00   0.000000e+00   6
  4.871898e-01   0.000000e+00   3.697860e-05   0.000000e+00   60
  4.873552e-01   0.000000e+00   0.000000e+00   0.000000e+00   6
  4.897713e-01   0.000000e+00   3.748867e-05   0.000000e+00   38
  4.923442e-01   0.000000e+00   1.928513e-05   0.000000e+00   18
  4.949217e-01   0.000000e+00   7.266090e-09   0.000000e+00   6
