# power spectrum of phi_prime/H (dimensionless)
# redshift z=29.789116
# k              Pk             sigma(k)       sigma(Pk)      count
  4.487990e-03   9.211509e-15   0.000000e+00   3.693341e-15   6
  6.346976e-03   8.077387e-15   0.000000e+00   1.652648e-15   12
  7.773426e-03   8.124250e-15   8.514949e-11   1.557638e-15   8
  8.975979e-03   2.122530e-14   0.000000e+00   2.419960e-15   6
  1.003545e-02   1.846628e-14   1.605594e-10   5.949047e-15   24
  1.099328e-02   3.204346e-14   1.605594e-10   5.202788e-15   24
  1.269395e-02   1.619650e-14   0.000000e+00   7.505900e-15   12
  1.346397e-02   2.190302e-14   1.816523e-10   4.635430e-15   30
  1.419227e-02   1.896628e-14   0.000000e+00   4.213159e-15   24
  1.488498e-02   2.292818e-14   2.780971e-10   5.337808e-15   24
  1.554685e-02   3.619281e-14   1.702990e-10   7.322857e-15   8
  1.618168e-02   2.584636e-14   2.270653e-10   2.951379e-15   24
  1.679252e-02   2.741054e-14   0.000000e+00   3.700148e-15   48
  1.795196e-02   1.807371e-14   0.000000e+00   7.682188e-15   6
  1.850445e-02   2.535991e-14   2.270653e-10   3.922182e-15   48
  1.904093e-02   2.063608e-14   2.140792e-10   2.195967e-15   36
  1.956269e-02   4.406065e-14   2.270653e-10   8.822207e-15   24
  2.007090e-02   1.980594e-14   3.211188e-10   4.105623e-15   24
  2.056655e-02   1.957502e-14   0.000000e+00   2.867111e-15   48
  2.105054e-02   5.052578e-14   3.211188e-10   7.198198e-15   24
  2.198657e-02   2.980777e-14   3.211188e-10   4.832764e-15   24
  2.243995e-02   2.332833e-14   0.000000e+00   3.685709e-15   30
  2.288435e-02   2.093768e-14   0.000000e+00   2.735767e-15   72
  2.332028e-02   1.401525e-14   3.405980e-10   2.468360e-15   32
  2.416856e-02   3.692124e-14   0.000000e+00   4.662196e-15   72
  2.458173e-02   1.433705e-14   0.000000e+00   1.974741e-15   48
  2.538790e-02   1.389149e-14   0.000000e+00   4.335643e-15   12
  2.597539e-02   2.485403e-14   1.938570e-04   2.493752e-15   96
  2.655130e-02   2.990766e-14   3.211188e-10   3.523937e-15   48
  2.692794e-02   4.078659e-14   3.633045e-10   8.447119e-15   30
  2.757421e-02   2.148858e-14   1.586779e-04   1.987895e-15   96
  2.838454e-02   1.208404e-14   0.000000e+00   2.277895e-15   24
  2.885327e-02   3.370515e-14   1.642099e-04   3.367274e-15   144
  2.942972e-02   2.784230e-14   5.561942e-10   6.998862e-15   24
  3.002225e-02   3.673880e-14   1.456630e-04   4.894033e-15   96
  3.043903e-02   2.300811e-14   0.000000e+00   3.446827e-15   48
  3.137435e-02   3.513954e-14   1.080207e-04   4.094952e-15   62
  3.184971e-02   3.214632e-14   1.519035e-04   5.418253e-15   132
  3.236335e-02   1.819324e-14   4.541306e-10   3.512380e-15   24
  3.284837e-02   2.778766e-14   1.518246e-04   2.753765e-15   168
  3.373431e-02   4.506799e-14   1.492698e-04   4.034188e-15   96
  3.439955e-02   2.460775e-14   1.270423e-04   2.604031e-15   96
  3.521583e-02   3.346204e-14   1.416056e-04   2.847407e-15   168
  3.590392e-02   5.815836e-15   0.000000e+00   3.022572e-15   6
  3.618333e-02   3.293765e-14   0.000000e+00   3.429053e-15   96
  3.651563e-02   3.080280e-14   1.100713e-04   3.119464e-15   120
  3.718966e-02   2.374651e-14   1.278125e-04   2.767679e-15   144
  3.754921e-02   5.304294e-14   0.000000e+00   6.861069e-15   48
  3.823245e-02   2.879185e-14   1.304211e-04   4.544511e-15   84
  3.860715e-02   3.289208e-14   8.899106e-10   3.512548e-15   120
  3.894461e-02   3.176768e-14   1.183479e-04   3.662132e-15   80
  3.946692e-02   3.168638e-14   1.201620e-04   2.767718e-15   144
  4.014180e-02   1.972318e-14   6.422377e-10   3.362585e-15   24
  4.047145e-02   3.327790e-14   1.159510e-04   3.303683e-15   150
  4.098576e-02   3.380813e-14   1.203057e-04   3.350964e-15   120
  4.155056e-02   2.519195e-14   1.096333e-04   2.620214e-15   168
  4.210107e-02   9.290883e-14   6.422377e-10   1.728805e-14   24
  4.244743e-02   3.268282e-14   1.181082e-04   2.304088e-15   264
  4.281269e-02   8.826668e-15   6.422377e-10   1.143184e-15   48
  4.343532e-02   3.467521e-14   1.093985e-04   3.695002e-15   144
  4.412543e-02   6.100440e-14   1.076845e-04   9.583631e-15   72
  4.451927e-02   3.557337e-14   1.107671e-04   3.000140e-15   180
  4.506982e-02   3.929030e-14   8.025835e-05   4.012902e-15   198
  4.532647e-02   2.254144e-14   0.000000e+00   3.782686e-15   48
  4.589413e-02   2.609368e-14   1.086319e-04   2.634634e-15   168
  4.631540e-02   3.721868e-14   1.087222e-04   3.224719e-15   144
  4.695270e-02   3.508041e-14   1.527607e-04   2.283001e-15   248
  4.781330e-02   3.115691e-14   1.053161e-04   2.437077e-15   192
  4.839932e-02   4.050306e-14   1.626762e-04   3.060035e-15   240
  4.875204e-02   3.538424e-14   0.000000e+00   4.036822e-15   72
  4.929001e-02   4.055873e-14   9.927197e-05   3.806803e-15   126
  4.962939e-02   5.361623e-14   9.159181e-05   5.765080e-15   168
  5.027740e-02   3.884418e-14   1.001546e-04   3.213163e-15   288
  5.095853e-02   4.353896e-14   5.274950e-05   3.861687e-15   156
  5.131126e-02   3.147953e-14   8.873998e-05   3.886357e-15   168
  5.184617e-02   3.932212e-14   1.521290e-04   2.674058e-15   264
  5.233850e-02   6.390089e-14   0.000000e+00   9.313133e-15   48
  5.270435e-02   4.416899e-14   1.514052e-04   3.560858e-15   264
  5.322882e-02   3.535794e-14   8.924381e-05   3.139033e-15   144
  5.362492e-02   6.249044e-14   1.825884e-04   7.570368e-15   78
  5.420192e-02   3.421621e-14   1.186900e-04   2.246517e-15   336
  5.474604e-02   3.721977e-14   9.030373e-05   3.914137e-15   200
  5.510338e-02   3.528284e-14   1.768159e-04   3.164842e-15   192
  5.558581e-02   5.251715e-14   8.873069e-05   4.891320e-15   240
  5.602902e-02   4.081323e-14   1.778215e-04   3.623016e-15   168
  5.648434e-02   3.659247e-14   1.423690e-04   3.573185e-15   120
  5.703118e-02   5.158994e-14   1.112738e-04   3.568906e-15   324
  5.756179e-02   5.145074e-14   8.748012e-05   4.401260e-15   192
  5.792293e-02   6.883611e-14   1.568908e-04   5.991026e-15   168
  5.853721e-02   3.289352e-14   1.292197e-04   2.858892e-15   342
  5.909109e-02   5.124509e-14   1.040479e-04   3.298554e-15   336
  5.965251e-02   6.365553e-14   7.962394e-05   1.307773e-14   72
  6.003109e-02   4.650697e-14   1.273478e-04   4.406603e-15   288
  6.047058e-02   5.330660e-14   8.293768e-05   4.515913e-15   264
  6.108439e-02   4.486771e-14   1.090835e-04   2.687472e-15   384
  6.163419e-02   4.763530e-14   1.309286e-04   4.499595e-15   240
  6.186267e-02   7.680636e-14   0.000000e+00   9.977615e-15   48
  6.252352e-02   5.886769e-14   1.071736e-04   3.713272e-15   392
  6.302771e-02   5.208895e-14   1.176177e-04   3.817693e-15   294
  6.356985e-02   5.012021e-14   7.644534e-05   4.336899e-15   228
  6.392640e-02   6.003101e-14   1.160935e-04   4.663532e-15   216
  6.437004e-02   4.815554e-14   7.071608e-05   3.149076e-15   336
  6.491309e-02   5.521913e-14   8.402231e-05   4.049216e-15   360
  6.536140e-02   7.092660e-14   1.280140e-04   5.578424e-15   240
  6.582853e-02   3.700986e-14   1.514699e-04   3.527743e-15   168
  6.626426e-02   6.455059e-14   1.192252e-04   3.986748e-15   312
  6.678338e-02   4.951946e-14   7.461529e-05   3.316095e-15   336
  6.734419e-02   6.386279e-14   1.017891e-04   4.674696e-15   294
  6.776702e-02   7.429563e-14   1.356641e-04   6.121198e-15   288
  6.809058e-02   4.850830e-14   8.488954e-05   4.617652e-15   264
  6.866755e-02   5.191345e-14   1.458184e-04   3.944433e-15   480
  6.914996e-02   6.076775e-14   7.133389e-05   4.991366e-15   240
  6.974139e-02   5.489933e-14   7.213111e-05   4.512308e-15   276
  7.020800e-02   6.635449e-14   1.583420e-04   3.493965e-15   488
  7.076234e-02   8.537706e-14   6.973720e-05   8.234713e-15   240
  7.108411e-02   6.828471e-14   1.354117e-04   4.100620e-15   360
  7.153530e-02   5.173550e-14   4.817743e-05   4.552566e-15   198
  7.211554e-02   5.550915e-14   1.627935e-04   3.270145e-15   480
  7.254038e-02   5.365540e-14   6.008787e-05   4.737328e-15   288
  7.312796e-02   6.296991e-14   1.270121e-04   4.020994e-15   480
  7.365633e-02   7.221445e-14   7.825550e-05   3.409158e-15   480
  7.419894e-02   6.223082e-14   1.012105e-04   5.683908e-15   288
  7.453749e-02   5.141699e-14   1.079729e-04   3.245653e-15   288
  7.506996e-02   7.233487e-14   1.877112e-04   4.036164e-15   456
  7.560610e-02   8.052374e-14   1.767802e-04   4.928223e-15   360
  7.595177e-02   6.556643e-14   1.059672e-04   4.727222e-15   180
  7.645202e-02   6.255704e-14   1.154112e-04   3.577582e-15   486
  7.695907e-02   6.321006e-14   1.535340e-04   3.790296e-15   504
  7.747462e-02   6.832383e-14   1.192882e-04   4.174059e-15   456
  7.790209e-02   8.513944e-14   9.910745e-05   6.296678e-15   296
  7.846686e-02   6.892162e-14   9.779604e-05   4.474197e-15   528
  7.889160e-02   6.678094e-14   9.649931e-05   4.510046e-15   336
  7.951717e-02   7.764418e-14   1.070358e-04   3.921609e-15   600
  7.997507e-02   6.253203e-14   6.270729e-05   4.241915e-15   264
  8.043396e-02   7.482049e-14   6.781049e-05   4.184729e-15   360
  8.090234e-02   6.981944e-14   1.357633e-04   3.979525e-15   630
  8.141847e-02   6.787289e-14   7.007974e-05   4.943546e-15   432
  8.187631e-02   7.126805e-14   1.350259e-04   4.432254e-15   408
  8.243827e-02   7.095983e-14   8.962194e-05   4.784443e-15   324
  8.285635e-02   6.627321e-14   1.277222e-04   3.264182e-15   744
  8.336064e-02   8.423894e-14   1.021054e-04   5.598296e-15   336
  8.384245e-02   7.692048e-14   1.403689e-04   4.749228e-15   528
  8.437080e-02   6.694674e-14   7.162045e-05   3.909670e-15   408
  8.472109e-02   6.519971e-14   1.218981e-04   3.932975e-15   408
  8.529988e-02   6.754649e-14   1.006308e-04   3.543372e-15   470
  8.572148e-02   6.816254e-14   1.208902e-04   4.210811e-15   528
  8.631019e-02   6.327560e-14   1.007343e-04   3.113158e-15   624
  8.674381e-02   6.712749e-14   7.664930e-05   3.716311e-15   504
  8.719116e-02   6.400312e-14   1.067668e-04   3.874614e-15   552
  8.763489e-02   7.749844e-14   5.190111e-05   4.844285e-15   336
  8.819051e-02   7.593139e-14   1.104770e-04   3.976249e-15   528
  8.862093e-02   7.502943e-14   1.257802e-04   3.831130e-15   564
  8.912507e-02   8.535376e-14   1.157674e-04   5.026121e-15   528
  8.967166e-02   7.745951e-14   1.797324e-04   4.670320e-15   582
  9.016871e-02   7.188938e-14   1.383668e-04   3.785816e-15   624
  9.060342e-02   6.705500e-14   1.581799e-04   4.222445e-15   432
  9.112208e-02   7.025639e-14   1.759475e-04   3.583052e-15   816
  9.165576e-02   8.627749e-14   8.018898e-05   6.002021e-15   312
  9.200488e-02   7.448018e-14   1.299641e-04   4.241257e-15   552
  9.256787e-02   7.030098e-14   8.185444e-05   3.139713e-15   744
  9.297574e-02   9.141128e-14   7.646869e-05   5.910883e-15   408
  9.350218e-02   7.117483e-14   1.095830e-04   3.405363e-15   632
  9.404906e-02   9.086435e-14   1.860997e-04   3.916570e-15   750
  9.449396e-02   5.443181e-14   1.280227e-04   4.940964e-15   312
  9.498974e-02   7.720450e-14   1.890077e-04   3.329196e-15   876
  9.548011e-02   5.294151e-14   1.234108e-04   3.058337e-15   552
  9.603265e-02   9.053768e-14   1.020603e-04   4.438155e-15   696
  9.640905e-02   7.444315e-14   1.126552e-04   3.542374e-15   576
  9.692128e-02   6.046837e-14   1.192748e-04   3.614837e-15   576
  9.735848e-02   8.787463e-14   1.598285e-04   4.017588e-15   648
  9.788685e-02   8.213664e-14   1.599783e-04   3.669033e-15   672
  9.847019e-02   7.830814e-14   6.785687e-05   4.891916e-15   480
  9.884355e-02   7.707516e-14   1.050846e-04   3.545546e-15   726
  9.932431e-02   8.275377e-14   1.190745e-04   3.545644e-15   792
  9.984502e-02   7.298196e-14   1.651878e-04   3.540149e-15   768
  1.003938e-01   7.397048e-14   1.350017e-04   3.855642e-15   672
  1.008970e-01   7.306330e-14   9.055629e-05   3.661187e-15   608
  1.012613e-01   8.117373e-14   8.693679e-05   4.130233e-15   624
  1.017809e-01   8.260750e-14   1.129736e-04   3.788601e-15   684
  1.022864e-01   8.310354e-14   1.668752e-04   3.242013e-15   768
  1.027568e-01   8.076673e-14   1.334155e-04   3.743356e-15   744
  1.033173e-01   7.806136e-14   8.400635e-05   3.314638e-15   750
  1.037259e-01   7.259897e-14   1.248642e-04   4.373745e-15   600
  1.041677e-01   7.086729e-14   1.325833e-04   3.896338e-15   600
  1.047135e-01   8.131135e-14   1.527941e-04   3.077209e-15   1008
  1.051470e-01   7.519567e-14   8.474486e-05   3.588845e-15   696
  1.056273e-01   7.964046e-14   1.119517e-04   4.208288e-15   624
  1.061102e-01   8.264651e-14   1.742111e-04   3.363756e-15   840
  1.066588e-01   8.652056e-14   1.185366e-04   3.942524e-15   816
  1.071038e-01   8.266438e-14   7.873478e-05   3.483426e-15   744
  1.075531e-01   8.949803e-14   1.391901e-04   4.730536e-15   510
  1.080960e-01   8.551688e-14   1.336339e-04   3.628717e-15   1020
  1.086012e-01   7.582269e-14   1.078294e-04   2.853086e-15   912
  1.090992e-01   8.381285e-14   1.597552e-04   4.018852e-15   752
  1.095110e-01   8.891307e-14   1.325595e-04   4.020641e-15   888
  1.100730e-01   7.609834e-14   8.554013e-05   3.883189e-15   768
  1.105327e-01   8.789688e-14   1.554339e-04   4.000513e-15   720
  1.110617e-01   7.875509e-14   1.370195e-04   2.908052e-15   1056
  1.115309e-01   8.246016e-14   9.479589e-05   4.804984e-15   504
  1.119154e-01   9.746225e-14   1.480257e-04   4.018788e-15   774
  1.124652e-01   7.723729e-14   1.423615e-04   3.059404e-15   1272
  1.129816e-01   8.163982e-14   9.326921e-05   3.971631e-15   744
  1.134632e-01   7.318244e-14   1.523027e-04   3.345723e-15   768
  1.139050e-01   8.278962e-14   1.288282e-04   3.461582e-15   840
  1.144011e-01   9.723414e-14   8.734207e-05   4.223611e-15   924
  1.148789e-01   8.768035e-14   1.539839e-04   3.600462e-15   936
  1.153484e-01   8.433024e-14   1.070130e-04   3.590133e-15   840
  1.158214e-01   9.747061e-14   1.272259e-04   3.658516e-15   1008
  1.164225e-01   8.679133e-14   1.436262e-04   3.787966e-15   696
  1.167996e-01   7.506875e-14   1.276589e-04   3.182408e-15   974
  1.173599e-01   9.145528e-14   1.695459e-04   3.310169e-15   1152
  1.178471e-01   9.725732e-14   6.634378e-05   3.889482e-15   816
  1.182260e-01   7.457694e-14   1.459488e-04   3.245942e-15   816
  1.187357e-01   8.628156e-14   1.288794e-04   3.001525e-15   1152
  1.192732e-01   8.949043e-14   1.160356e-04   3.515486e-15   912
  1.197621e-01   9.789695e-14   1.409833e-04   3.522165e-15   1056
  1.201806e-01   1.036236e-13   1.205660e-04   4.651676e-15   624
  1.207435e-01   8.621496e-14   1.506027e-04   3.231126e-15   1260
  1.212292e-01   9.644345e-14   9.083716e-05   4.242240e-15   894
  1.217037e-01   9.988015e-14   1.556364e-04   3.318640e-15   1176
  1.221783e-01   7.785153e-14   1.288208e-04   4.083942e-15   840
  1.227186e-01   9.871753e-14   1.464236e-04   3.291527e-15   1440
  1.232859e-01   8.624502e-14   8.232021e-05   3.592063e-15   864
  1.237160e-01   9.786801e-14   1.412655e-04   3.949346e-15   1056
  1.241441e-01   9.666726e-14   8.328830e-05   5.010190e-15   624
  1.246641e-01   1.055432e-13   1.542356e-04   3.444924e-15   1496
  1.251612e-01   9.878969e-14   1.088958e-04   4.457014e-15   936
  1.256039e-01   9.958384e-14   1.576468e-04   3.868118e-15   966
  1.260801e-01   9.436969e-14   1.117465e-04   4.092297e-15   936
  1.265804e-01   8.670122e-14   1.382244e-04   3.200031e-15   1248
  1.270926e-01   8.645238e-14   9.744205e-05   3.223522e-15   1044
  1.275698e-01   1.039146e-13   1.509409e-04   3.496739e-15   1392
  1.279478e-01   7.978537e-14   1.162549e-04   4.428792e-15   600
  1.284885e-01   9.832440e-14   1.320778e-04   3.047918e-15   1416
  1.289955e-01   9.776631e-14   1.421656e-04   3.431882e-15   1152
  1.295092e-01   1.001536e-13   1.363856e-04   3.773378e-15   936
  1.299230e-01   1.024543e-13   1.462802e-04   4.226075e-15   870
  1.304147e-01   1.066373e-13   1.226502e-04   3.876644e-15   1368
  1.309604e-01   1.020884e-13   1.612530e-04   3.464815e-15   1632
  1.314267e-01   8.409781e-14   7.000699e-05   4.035698e-15   816
  1.319315e-01   1.124301e-13   1.597143e-04   4.041271e-15   1200
  1.323720e-01   1.091351e-13   1.527057e-04   4.057517e-15   1184
  1.328194e-01   9.877753e-14   1.158936e-04   4.176980e-15   984
  1.333683e-01   1.045989e-13   1.414942e-04   3.246026e-15   1572
  1.338659e-01   1.099936e-13   7.792333e-05   4.656410e-15   840
  1.343297e-01   1.064703e-13   1.812138e-04   3.313613e-15   1392
  1.348193e-01   9.855178e-14   1.330470e-04   3.834424e-15   1158
  1.352564e-01   9.795427e-14   1.211496e-04   3.535929e-15   1272
  1.357826e-01   9.864651e-14   1.234623e-04   3.256914e-15   1320
  1.362769e-01   1.037635e-13   1.208065e-04   4.256172e-15   1104
  1.367472e-01   9.331190e-14   1.367360e-04   3.166948e-15   1392
  1.372408e-01   1.007210e-13   1.478938e-04   3.489643e-15   1296
  1.377492e-01   1.107404e-13   1.544255e-04   3.649150e-15   1392
  1.382262e-01   1.070908e-13   1.132835e-04   3.794442e-15   1104
  1.386675e-01   9.572384e-14   1.426913e-04   3.250433e-15   1320
  1.392961e-01   9.987876e-14   1.089713e-04   3.356854e-15   1422
  1.396977e-01   8.702779e-14   1.357176e-04   3.150771e-15   1212
  1.401589e-01   9.782530e-14   1.483027e-04   3.337959e-15   1280
  1.406327e-01   1.066887e-13   1.544235e-04   3.842751e-15   1272
  1.410869e-01   1.069403e-13   1.336382e-04   3.372815e-15   1680
  1.416252e-01   1.016198e-13   1.262633e-04   3.739050e-15   1152
  1.421207e-01   9.714336e-14   1.462174e-04   2.962827e-15   1512
  1.426417e-01   1.008128e-13   6.173239e-05   4.093208e-15   912
  1.430535e-01   1.111532e-13   1.556147e-04   3.012926e-15   1680
  1.436012e-01   9.048470e-14   1.378563e-04   2.880903e-15   1518
  1.440071e-01   1.067734e-13   1.276288e-04   4.218171e-15   1056
  1.444347e-01   9.972245e-14   1.288698e-04   3.304948e-15   1344
  1.449875e-01   1.042622e-13   1.383780e-04   3.252794e-15   1680
  1.454876e-01   1.047464e-13   1.363571e-04   3.331540e-15   1656
  1.460341e-01   9.010006e-14   1.159057e-04   3.326106e-15   1140
  1.464444e-01   9.884380e-14   1.342100e-04   3.405104e-15   1368
  1.469271e-01   1.030114e-13   1.526647e-04   3.019281e-15   1656
  1.474179e-01   1.084859e-13   1.563614e-04   3.778225e-15   1448
  1.479520e-01   1.055646e-13   1.468912e-04   3.380107e-15   1422
  1.484453e-01   9.979033e-14   1.621619e-04   3.288965e-15   1512
  1.488673e-01   9.777421e-14   1.236275e-04   3.473099e-15   1296
  1.493554e-01   9.407317e-14   1.128801e-04   2.927719e-15   1824
  1.498832e-01   1.013928e-13   1.463660e-04   3.245673e-15   1464
  1.504163e-01   9.926076e-14   1.306107e-04   2.751909e-15   1824
  1.509111e-01   9.580831e-14   1.038421e-04   3.211997e-15   1416
  1.513416e-01   1.121313e-13   1.521007e-04   3.671566e-15   1392
  1.518062e-01   9.817801e-14   1.403562e-04   3.027329e-15   1464
  1.523732e-01   9.014929e-14   1.372200e-04   2.872234e-15   1524
  1.528113e-01   9.841982e-14   1.264504e-04   3.069478e-15   1686
  1.533176e-01   9.559744e-14   1.505644e-04   3.000672e-15   1800
  1.537528e-01   9.409867e-14   1.195338e-04   3.394661e-15   1344
  1.542356e-01   1.077094e-13   1.394596e-04   3.486730e-15   1656
  1.547196e-01   9.769040e-14   1.113514e-04   3.011190e-15   1488
  1.551402e-01   9.744441e-14   1.111701e-04   3.274430e-15   1536
  1.557262e-01   9.872175e-14   1.234973e-04   2.800338e-15   1760
  1.561802e-01   1.099713e-13   1.373667e-04   3.050023e-15   1824
  1.567053e-01   9.896759e-14   1.152763e-04   2.978722e-15   1560
  1.572105e-01   9.456131e-14   1.324056e-04   2.609556e-15   1926
  1.576857e-01   9.526426e-14   9.415777e-05   3.332237e-15   1272
  1.581194e-01   9.618853e-14   1.582320e-04   2.799961e-15   1848
  1.586895e-01   1.051647e-13   1.278379e-04   2.728015e-15   1908
  1.591231e-01   9.018131e-14   1.246890e-04   3.075245e-15   1488
  1.595806e-01   9.808968e-14   1.406224e-04   2.889144e-15   1800
  1.600766e-01   9.883234e-14   1.407610e-04   2.928806e-15   1752
  1.605517e-01   9.234708e-14   1.496769e-04   3.096146e-15   1368
  1.610272e-01   1.035485e-13   1.406675e-04   2.707839e-15   2016
  1.615501e-01   9.830991e-14   1.485794e-04   2.883482e-15   1542
  1.620327e-01   9.404685e-14   1.454994e-04   2.531794e-15   2184
  1.625669e-01   9.618377e-14   1.330990e-04   2.890737e-15   1776
  1.630283e-01   9.675162e-14   1.521522e-04   3.580295e-15   1568
  1.634682e-01   9.926668e-14   1.390081e-04   2.538185e-15   2040
  1.639468e-01   1.017030e-13   1.486121e-04   3.110397e-15   1704
  1.644478e-01   9.709155e-14   1.489728e-04   3.083544e-15   1512
  1.649202e-01   1.001280e-13   1.270742e-04   2.789200e-15   2028
  1.654509e-01   9.644443e-14   1.532841e-04   2.500420e-15   1968
  1.659362e-01   1.020439e-13   1.554838e-04   2.688690e-15   1854
  1.664110e-01   8.574704e-14   1.482240e-04   2.625592e-15   1632
  1.668977e-01   9.725010e-14   1.523128e-04   2.289744e-15   2424
  1.674021e-01   8.858154e-14   1.524713e-04   2.759927e-15   1560
  1.678285e-01   9.671731e-14   1.440852e-04   2.825505e-15   1728
  1.683437e-01   9.448117e-14   1.538043e-04   2.625386e-15   2088
  1.688623e-01   9.652349e-14   1.464052e-04   2.657636e-15   1968
  1.693394e-01   9.792333e-14   1.449552e-04   2.515850e-15   2256
  1.698178e-01   1.010821e-13   1.288813e-04   2.806629e-15   1728
  1.703172e-01   9.894330e-14   1.270494e-04   3.491345e-15   1416
  1.707596e-01   1.018483e-13   1.339356e-04   2.624474e-15   2246
  1.712606e-01   9.193822e-14   1.483321e-04   2.650555e-15   2148
  1.717398e-01   9.768806e-14   1.252967e-04   3.050416e-15   1680
  1.721909e-01   9.650808e-14   1.584012e-04   2.388454e-15   2280
  1.727331e-01   9.746706e-14   1.475065e-04   2.350940e-15   2352
  1.732395e-01   1.030582e-13   1.239422e-04   3.031686e-15   1632
  1.736402e-01   9.671381e-14   1.418228e-04   2.889627e-15   1968
  1.741900e-01   1.040513e-13   1.455103e-04   2.623535e-15   2112
  1.746998e-01   8.870990e-14   1.093039e-04   2.261836e-15   2208
  1.751952e-01   9.940240e-14   1.102112e-04   2.606094e-15   1974
  1.755862e-01   8.911156e-14   1.078165e-04   2.535588e-15   1944
  1.761144e-01   9.888494e-14   1.219820e-04   2.634864e-15   2160
  1.765722e-01   9.690396e-14   1.140807e-04   2.646914e-15   2040
  1.770670e-01   9.671029e-14   1.596015e-04   2.493219e-15   2352
  1.775745e-01   1.020186e-13   1.325904e-04   3.011615e-15   1836
  1.780376e-01   1.006538e-13   1.414413e-04   2.314735e-15   2352
  1.785577e-01   1.019908e-13   1.483527e-04   2.715691e-15   2008
  1.790344e-01   9.423681e-14   1.459431e-04   2.486738e-15   2464
  1.795659e-01   1.007672e-13   1.177095e-04   2.448931e-15   2118
  1.800019e-01   9.915698e-14   1.183276e-04   2.836419e-15   1848
  1.804507e-01   9.614551e-14   1.565861e-04   2.529125e-15   2280
  1.809928e-01   9.734564e-14   1.489508e-04   2.402977e-15   2472
  1.814993e-01   1.040582e-13   9.953927e-05   2.672319e-15   2280
  1.819245e-01   1.054416e-13   1.216700e-04   3.105137e-15   1992
  1.823831e-01   1.041562e-13   1.279126e-04   2.467186e-15   2184
  1.829118e-01   9.329287e-14   1.543068e-04   2.307448e-15   2352
  1.834214e-01   9.717644e-14   1.626118e-04   2.329112e-15   2496
  1.839203e-01   9.464141e-14   1.518813e-04   2.852754e-15   1770
  1.843678e-01   1.010358e-13   1.310496e-04   2.466515e-15   2568
  1.849057e-01   9.917952e-14   1.607377e-04   2.357441e-15   2712
  1.853947e-01   9.691162e-14   1.276489e-04   2.367990e-15   2448
  1.858830e-01   1.067731e-13   1.076015e-04   2.745414e-15   2064
  1.862881e-01   9.152686e-14   1.135758e-04   2.548500e-15   1944
  1.868133e-01   9.726829e-14   1.403079e-04   2.486379e-15   2480
  1.873491e-01   1.048074e-13   1.524155e-04   2.332878e-15   2880
  1.878237e-01   1.040781e-13   1.462067e-04   2.440401e-15   2304
  1.883193e-01   1.001057e-13   1.343278e-04   2.518442e-15   1806
  1.887589e-01   9.810843e-14   1.317346e-04   2.189475e-15   2856
  1.893097e-01   9.774640e-14   1.263374e-04   2.402087e-15   2568
  1.897288e-01   9.285690e-14   1.267515e-04   2.543655e-15   2112
  1.901850e-01   9.516756e-14   1.220840e-04   2.596520e-15   2028
  1.906744e-01   1.041953e-13   1.445115e-04   2.255769e-15   2712
  1.911714e-01   1.016438e-13   1.556884e-04   2.190279e-15   2952
  1.917055e-01   1.091487e-13   1.202957e-04   2.868813e-15   2112
  1.921372e-01   1.036142e-13   1.409804e-04   2.420316e-15   2520
  1.926559e-01   1.017722e-13   1.359784e-04   2.476757e-15   2376
  1.931282e-01   9.989575e-14   1.090048e-04   2.477490e-15   2526
  1.936186e-01   1.003503e-13   1.356536e-04   2.392739e-15   2664
  1.941040e-01   9.692402e-14   1.617960e-04   2.321340e-15   2408
  1.945694e-01   1.058378e-13   1.296049e-04   2.507225e-15   2568
  1.950440e-01   1.050203e-13   1.221942e-04   2.349234e-15   2904
  1.955589e-01   1.021193e-13   1.371053e-04   2.457574e-15   2544
  1.960480e-01   9.896150e-14   1.009875e-04   2.443256e-15   2160
  1.965096e-01   1.085468e-13   1.745958e-04   2.399258e-15   2652
  1.970194e-01   1.047261e-13   1.382439e-04   2.318796e-15   2784
  1.975101e-01   1.035812e-13   1.365199e-04   2.337012e-15   2694
  1.980185e-01   9.603178e-14   1.226932e-04   2.094583e-15   2952
  1.984602e-01   1.086074e-13   1.162128e-04   2.686403e-15   2208
  1.989102e-01   9.182238e-14   1.238599e-04   2.429355e-15   2304
  1.994125e-01   9.695970e-14   1.610662e-04   1.856690e-15   3504
  1.999983e-01   1.050285e-13   1.304210e-04   2.582521e-15   2616
  2.004552e-01   1.068548e-13   1.274108e-04   2.433657e-15   2664
  2.008953e-01   1.023333e-13   1.183758e-04   2.321270e-15   2448
  2.013388e-01   1.043653e-13   1.648584e-04   2.487368e-15   2472
  2.018606e-01   1.034219e-13   1.310718e-04   2.123133e-15   3134
  2.023516e-01   1.001517e-13   1.433541e-04   2.435288e-15   2616
  2.028419e-01   9.417691e-14   1.161223e-04   2.227907e-15   2712
  2.033463e-01   9.424307e-14   1.331755e-04   2.006723e-15   3204
  2.038284e-01   9.854696e-14   1.533782e-04   2.393128e-15   2760
  2.042862e-01   9.882255e-14   1.338200e-04   2.201395e-15   2688
  2.047911e-01   9.940352e-14   1.265264e-04   2.361391e-15   2760
  2.052376e-01   9.841796e-14   1.044749e-04   2.301776e-15   2568
  2.057517e-01   9.662547e-14   1.622443e-04   1.912524e-15   3336
  2.062452e-01   9.771695e-14   1.373220e-04   2.330043e-15   2334
  2.067435e-01   9.223044e-14   1.519616e-04   1.969299e-15   3264
  2.072092e-01   9.380364e-14   1.104877e-04   2.112575e-15   2760
  2.076868e-01   9.536044e-14   1.334378e-04   2.001707e-15   3192
  2.081730e-01   9.416367e-14   1.385370e-04   2.162864e-15   2904
  2.086902e-01   9.594178e-14   1.390027e-04   2.155876e-15   2784
  2.091231e-01   9.779104e-14   1.144018e-04   2.351852e-15   2592
  2.096156e-01   9.735856e-14   1.559460e-04   1.898076e-15   3284
  2.101389e-01   1.014639e-13   1.566406e-04   2.162460e-15   3168
  2.106071e-01   9.795239e-14   1.292397e-04   2.275592e-15   2616
  2.110994e-01   9.205871e-14   1.248775e-04   1.866884e-15   3222
  2.115781e-01   9.030154e-14   1.401164e-04   1.762275e-15   3240
  2.120418e-01   9.243703e-14   1.417503e-04   2.235403e-15   2568
  2.125690e-01   9.456967e-14   1.300629e-04   1.944756e-15   3120
  2.130097e-01   9.754793e-14   1.429850e-04   2.024585e-15   3168
  2.134838e-01   9.093095e-14   1.251725e-04   1.798703e-15   3240
  2.140024e-01   9.259176e-14   1.284239e-04   1.873212e-15   3144
  2.145062e-01   9.073929e-14   1.224103e-04   1.956480e-15   2856
  2.149823e-01   9.293636e-14   1.307392e-04   1.814502e-15   3264
  2.155212e-01   9.451611e-14   1.444609e-04   1.918843e-15   3318
  2.159452e-01   8.850327e-14   1.011723e-04   2.256482e-15   2556
  2.164506e-01   9.295422e-14   1.728209e-04   1.638634e-15   4008
  2.169623e-01   8.969451e-14   1.275720e-04   1.989021e-15   2904
  2.174000e-01   9.155056e-14   1.304469e-04   1.814821e-15   3144
  2.178983e-01   8.491592e-14   1.359922e-04   1.842764e-15   3200
  2.184140e-01   9.443103e-14   1.341212e-04   1.878333e-15   3312
  2.188763e-01   9.608594e-14   1.080957e-04   2.076766e-15   2832
  2.193924e-01   9.138284e-14   1.555565e-04   1.654226e-15   3984
  2.198717e-01   9.942976e-14   1.264601e-04   2.450909e-15   2238
  2.203092e-01   8.858896e-14   1.488218e-04   1.668761e-15   3984
  2.208520e-01   8.756785e-14   1.414250e-04   1.826269e-15   3384
  2.213029e-01   8.858134e-14   1.321942e-04   1.888629e-15   3048
  2.217737e-01   8.914696e-14   1.213801e-04   1.812936e-15   3096
  2.222656e-01   9.152233e-14   1.375807e-04   1.693562e-15   3708
  2.227545e-01   8.816222e-14   1.304078e-04   2.005698e-15   2784
  2.232087e-01   9.328405e-14   1.354535e-04   1.744322e-15   3648
  2.237247e-01   9.032038e-14   1.394108e-04   1.643156e-15   3888
  2.242738e-01   9.041512e-14   1.488252e-04   1.845973e-15   2958
  2.246837e-01   8.371236e-14   1.270361e-04   1.722263e-15   3264
  2.251777e-01   8.749683e-14   1.402443e-04   1.795603e-15   3160
  2.256445e-01   8.374478e-14   1.271016e-04   1.641692e-15   3736
  2.260868e-01   8.877307e-14   1.158193e-04   1.810104e-15   3216
  2.266085e-01   8.671421e-14   1.419303e-04   1.619741e-15   4032
  2.271526e-01   9.057037e-14   1.295798e-04   1.746553e-15   3528
  2.276165e-01   8.905194e-14   1.143819e-04   1.779436e-15   3192
  2.280803e-01   8.707657e-14   1.252686e-04   1.708176e-15   3456
  2.285834e-01   9.140856e-14   1.298903e-04   1.932123e-15   3060
  2.290876e-01   8.560791e-14   1.544545e-04   1.470490e-15   4518
  2.295790e-01   8.769059e-14   1.375990e-04   1.651795e-15   3528
  2.300307e-01   7.815618e-14   1.155591e-04   1.721336e-15   3024
  2.305122e-01   8.091527e-14   1.564624e-04   1.533579e-15   3672
  2.310028e-01   8.565174e-14   1.342922e-04   1.682149e-15   3864
  2.315474e-01   8.179156e-14   1.423480e-04   1.479036e-15   3816
  2.319928e-01   8.904199e-14   1.295052e-04   1.748455e-15   3456
  2.324198e-01   8.755239e-14   1.172315e-04   1.998005e-15   2688
  2.329230e-01   8.847483e-14   1.390930e-04   1.530871e-15   4248
  2.334218e-01   8.221391e-14   1.332244e-04   1.476339e-15   3926
  2.339228e-01   7.990246e-14   1.406621e-04   1.503814e-15   3504
  2.344067e-01   8.281799e-14   1.257540e-04   1.501186e-15   3960
  2.349411e-01   8.207732e-14   1.415697e-04   1.513107e-15   3684
  2.353994e-01   8.190557e-14   1.415603e-04   1.465394e-15   4104
  2.358576e-01   8.352165e-14   1.342621e-04   1.699506e-15   3144
  2.363498e-01   8.452082e-14   1.470632e-04   1.490022e-15   4224
  2.368909e-01   8.602689e-14   1.305314e-04   1.525643e-15   4008
  2.373532e-01   8.568603e-14   1.436052e-04   1.630472e-15   3312
  2.378293e-01   8.197312e-14   1.428317e-04   1.523538e-15   3726
  2.383356e-01   8.378123e-14   1.467057e-04   1.541350e-15   3936
  2.387852e-01   8.063477e-14   1.512247e-04   1.509832e-15   3888
  2.392518e-01   8.373169e-14   1.429975e-04   1.445386e-15   3864
  2.397372e-01   7.874440e-14   1.520184e-04   1.435449e-15   3888
  2.402373e-01   7.785090e-14   1.433767e-04   1.352929e-15   4080
  2.407309e-01   8.045899e-14   1.521663e-04   1.611144e-15   3400
  2.412345e-01   8.266102e-14   1.395519e-04   1.336629e-15   4588
  2.417438e-01   8.671985e-14   1.381276e-04   1.575609e-15   3816
  2.421888e-01   8.613560e-14   1.308874e-04   1.577313e-15   3534
  2.426599e-01   8.246337e-14   1.292818e-04   1.468536e-15   4080
  2.431528e-01   8.290234e-14   1.351361e-04   1.430253e-15   4248
  2.436477e-01   7.875071e-14   1.361762e-04   1.505980e-15   3528
  2.441045e-01   8.432705e-14   1.392215e-04   1.498697e-15   4248
  2.445661e-01   8.172151e-14   1.361726e-04   1.577756e-15   3696
  2.450802e-01   8.679641e-14   1.412982e-04   1.472738e-15   4560
  2.455678e-01   8.090998e-14   1.323495e-04   1.481663e-15   3864
  2.460685e-01   8.226286e-14   1.441083e-04   1.392189e-15   4440
  2.465431e-01   7.989566e-14   1.344565e-04   1.595313e-15   3432
  2.470417e-01   7.758618e-14   1.318374e-04   1.320298e-15   4470
  2.475323e-01   7.893268e-14   1.171596e-04   1.407802e-15   4188
  2.480144e-01   8.280659e-14   1.500979e-04   1.391471e-15   4392
  2.484933e-01   8.031974e-14   1.161150e-04   1.513443e-15   3960
  2.489913e-01   8.208849e-14   1.311762e-04   1.415943e-15   4328
  2.494737e-01   8.214928e-14   1.365155e-04   1.442164e-15   4320
  2.499612e-01   8.058434e-14   1.427527e-04   1.338904e-15   4152
  2.504133e-01   8.604442e-14   1.194148e-04   1.636930e-15   3528
  2.509246e-01   8.262791e-14   1.292483e-04   1.350557e-15   4512
  2.514030e-01   7.968771e-14   1.321235e-04   1.384838e-15   4134
  2.518889e-01   8.016526e-14   1.407559e-04   1.229252e-15   5208
  2.523561e-01   8.020165e-14   1.226327e-04   1.581040e-15   3240
  2.528396e-01   8.513497e-14   1.352583e-04   1.431948e-15   4680
  2.533316e-01   7.949252e-14   1.339167e-04   1.354607e-15   4440
  2.538242e-01   7.510014e-14   1.517493e-04   1.288974e-15   4260
  2.542967e-01   8.162654e-14   1.238886e-04   1.415029e-15   4056
  2.547833e-01   8.257063e-14   1.373522e-04   1.350205e-15   4704
  2.552940e-01   8.253364e-14   1.598328e-04   1.268455e-15   4800
  2.558338e-01   7.928663e-14   1.384828e-04   1.248841e-15   4806
  2.563004e-01   7.820519e-14   1.380453e-04   1.626813e-15   3552
  2.567447e-01   7.866977e-14   1.384155e-04   1.400698e-15   4304
  2.572463e-01   7.656075e-14   1.342317e-04   1.201293e-15   5280
  2.577424e-01   7.955648e-14   1.287726e-04   1.351033e-15   4320
  2.582120e-01   7.612391e-14   1.454180e-04   1.327336e-15   4296
  2.587071e-01   8.431519e-14   1.616686e-04   1.337075e-15   4608
  2.592079e-01   7.975599e-14   1.548872e-04   1.298566e-15   4824
  2.597037e-01   8.215845e-14   1.462245e-04   1.293725e-15   4488
  2.602357e-01   7.905875e-14   1.365163e-04   1.316095e-15   4530
  2.606750e-01   7.650032e-14   1.332969e-04   1.279104e-15   4464
  2.611146e-01   7.908335e-14   1.256224e-04   1.383265e-15   4104
  2.616192e-01   7.336920e-14   1.354472e-04   1.129997e-15   5424
  2.621157e-01   7.684041e-14   1.458006e-04   1.231237e-15   4392
  2.626209e-01   8.029018e-14   1.427447e-04   1.285144e-15   4896
  2.630796e-01   7.911029e-14   1.399190e-04   1.356080e-15   4104
  2.635583e-01   7.964593e-14   1.261700e-04   1.284827e-15   4824
  2.640634e-01   8.016477e-14   1.205890e-04   1.291535e-15   4680
  2.645034e-01   7.619406e-14   1.233362e-04   1.270828e-15   4328
  2.650142e-01   7.614397e-14   1.421747e-04   1.206636e-15   5118
  2.655274e-01   7.699969e-14   1.647184e-04   1.164787e-15   5304
  2.659905e-01   7.228239e-14   1.297081e-04   1.206709e-15   4392
  2.664951e-01   7.967863e-14   1.301864e-04   1.314449e-15   4476
  2.669364e-01   7.359534e-14   1.292906e-04   1.177762e-15   4704
  2.674274e-01   7.770579e-14   1.564908e-04   1.187291e-15   5208
  2.679435e-01   7.291043e-14   1.319479e-04   1.129862e-15   5304
  2.684190e-01   7.971610e-14   1.413346e-04   1.376638e-15   4296
  2.689066e-01   7.959530e-14   1.340217e-04   1.267483e-15   4752
  2.694189e-01   7.067184e-14   1.345359e-04   1.120176e-15   4950
  2.698794e-01   7.348032e-14   1.406262e-04   1.163398e-15   5064
  2.703399e-01   7.239979e-14   1.178265e-04   1.178760e-15   4872
  2.708057e-01   7.138398e-14   1.240390e-04   1.259311e-15   4224
  2.713029e-01   7.343930e-14   1.370167e-04   1.033081e-15   6120
  2.718321e-01   7.271989e-14   1.507358e-04   1.121250e-15   4968
  2.723121e-01   7.386449e-14   1.333881e-04   1.203143e-15   4424
  2.728088e-01   7.668969e-14   1.703749e-04   1.110181e-15   5436
  2.732993e-01   7.363534e-14   1.452596e-04   1.194221e-15   4896
  2.737736e-01   7.239473e-14   1.390702e-04   1.077579e-15   5214
  2.742308e-01   7.122725e-14   1.182169e-04   1.173238e-15   4656
  2.747387e-01   7.154796e-14   1.503032e-04   1.132073e-15   5448
  2.752241e-01   7.311158e-14   1.269422e-04   1.123294e-15   4992
  2.756994e-01   6.963550e-14   1.404898e-04   1.031026e-15   5400
  2.762219e-01   7.402843e-14   1.557062e-04   1.087720e-15   5328
  2.767032e-01   6.755874e-14   1.392299e-04   1.026016e-15   4776
  2.771561e-01   7.609029e-14   1.308295e-04   1.133285e-15   4800
  2.776593e-01   7.210511e-14   1.682401e-04   9.604470e-16   6552
  2.781857e-01   6.843625e-14   1.271030e-04   1.166406e-15   3942
  2.786419e-01   6.821924e-14   1.601990e-04   1.000142e-15   6072
  2.791470e-01   6.535843e-14   1.244164e-04   1.107938e-15   4692
  2.795705e-01   7.379395e-14   1.298888e-04   1.129124e-15   4944
  2.800665e-01   6.958856e-14   1.394107e-04   9.850286e-16   5840
  2.805759e-01   6.762767e-14   1.492333e-04   9.873846e-16   5712
  2.810773e-01   6.660290e-14   1.250671e-04   1.036548e-15   4800
  2.815348e-01   6.986047e-14   1.656330e-04   9.949456e-16   5688
  2.820359e-01   7.188250e-14   1.306810e-04   1.172132e-15   4848
  2.825324e-01   5.855778e-14   1.454557e-04   9.945283e-16   5406
  2.830037e-01   2.274604e-16   1.312973e-04   3.413223e-18   5568
  2.834769e-01   2.176947e-16   1.180275e-04   3.229907e-18   5736
  2.839884e-01   2.273186e-16   1.465826e-04   3.496970e-18   5280
  2.844524e-01   2.157066e-16   1.355263e-04   3.203971e-18   5592
  2.849301e-01   2.169067e-16   1.551417e-04   3.474875e-18   4968
  2.854352e-01   2.319672e-16   1.391053e-04   3.397243e-18   5964
  2.859279e-01   2.167163e-16   1.397517e-04   3.192553e-18   5376
  2.863756e-01   2.081411e-16   1.349389e-04   3.133066e-18   5472
  2.868946e-01   2.198226e-16   1.281532e-04   3.248333e-18   5472
  2.873693e-01   2.111462e-16   1.457059e-04   3.165684e-18   5415
  2.878292e-01   2.041471e-16   1.281660e-04   3.160069e-18   5096
  2.883268e-01   1.956795e-16   1.648183e-04   2.897635e-18   6372
  2.888302e-01   2.103772e-16   1.337920e-04   3.609417e-18   4656
  2.892814e-01   2.057457e-16   1.460580e-04   2.975818e-18   5844
  2.897668e-01   2.083784e-16   1.284189e-04   3.207863e-18   5508
  2.902812e-01   2.059614e-16   1.456803e-04   2.979175e-18   6324
  2.907860e-01   1.890311e-16   1.251396e-04   3.187923e-18   4752
  2.912474e-01   2.102323e-16   1.401041e-04   3.167609e-18   5676
  2.917468e-01   1.999913e-16   1.281684e-04   3.087464e-18   5472
  2.922209e-01   1.904375e-16   1.445704e-04   2.897765e-18   5556
  2.927301e-01   1.951386e-16   1.408810e-04   2.971519e-18   5436
  2.932217e-01   1.909002e-16   1.442016e-04   2.990985e-18   5916
  2.937264e-01   1.874169e-16   1.500331e-04   2.812661e-18   5520
  2.941809e-01   1.850395e-16   1.364480e-04   2.985742e-18   5280
  2.946466e-01   1.929891e-16   1.340724e-04   3.357515e-18   4416
  2.951720e-01   1.843272e-16   1.306879e-04   2.725052e-18   6260
  2.956655e-01   1.801091e-16   1.554038e-04   2.820188e-18   5940
  2.961126e-01   1.802097e-16   1.217066e-04   3.325209e-18   4188
  2.966047e-01   1.711787e-16   1.556122e-04   2.472008e-18   6360
  2.971222e-01   1.761483e-16   1.387995e-04   2.906937e-18   5256
  2.976029e-01   1.802558e-16   1.312113e-04   3.159458e-18   4848
  2.980147e-01   1.659930e-16   1.189499e-04   2.867730e-18   4704
  2.985217e-01   1.660297e-16   1.459205e-04   2.697101e-18   5784
  2.990374e-01   1.627293e-16   1.544008e-04   2.536872e-18   5820
  2.995352e-01   1.673323e-16   1.383100e-04   2.740037e-18   5700
  3.000361e-01   1.684355e-16   1.282634e-04   2.723664e-18   5232
  3.005375e-01   1.596325e-16   1.423193e-04   2.695348e-18   4932
  3.009817e-01   1.614961e-16   1.224997e-04   2.971142e-18   4716
  3.014485e-01   1.596892e-16   1.560382e-04   2.534595e-18   5616
  3.019287e-01   1.499686e-16   1.378046e-04   2.494737e-18   5184
  3.024240e-01   1.473501e-16   1.390111e-04   2.508719e-18   5064
  3.028912e-01   1.475066e-16   1.423406e-04   2.482154e-18   5544
  3.034093e-01   1.484260e-16   1.428860e-04   2.430782e-18   5192
  3.038807e-01   1.463301e-16   1.284053e-04   2.425941e-18   5244
  3.043764e-01   1.407680e-16   1.389360e-04   2.483569e-18   5112
  3.048691e-01   1.440430e-16   1.275010e-04   2.362381e-18   5040
  3.053213e-01   1.400382e-16   1.340439e-04   2.333164e-18   5124
  3.058494e-01   1.399441e-16   1.504823e-04   2.297266e-18   5952
  3.063369e-01   1.370484e-16   1.318531e-04   2.360911e-18   4824
  3.067788e-01   1.338905e-16   1.330892e-04   2.532968e-18   4536
  3.072903e-01   1.331660e-16   1.414616e-04   2.228075e-18   5712
  3.078157e-01   1.405015e-16   1.547976e-04   2.329937e-18   5352
  3.083112e-01   1.289511e-16   1.348344e-04   2.172019e-18   5004
  3.087539e-01   1.216688e-16   1.348711e-04   2.089758e-18   4800
  3.092296e-01   1.295184e-16   1.449374e-04   2.253753e-18   5148
  3.097567e-01   1.281138e-16   1.505363e-04   2.059367e-18   5664
  3.102329e-01   1.178476e-16   1.352034e-04   2.172997e-18   4692
  3.106729e-01   1.227241e-16   1.256056e-04   2.307234e-18   4008
  3.111861e-01   1.166647e-16   1.439712e-04   1.844901e-18   5852
  3.117078e-01   1.176712e-16   1.363273e-04   2.017840e-18   5784
  3.121712e-01   1.148167e-16   1.256700e-04   2.151567e-18   4392
  3.126481e-01   1.167542e-16   1.232703e-04   2.119106e-18   4944
  3.131489e-01   1.126890e-16   1.453336e-04   2.026768e-18   4776
  3.136211e-01   1.079638e-16   1.398188e-04   1.866706e-18   5244
  3.141336e-01   1.095513e-16   1.395722e-04   1.855379e-18   4884
  3.145636e-01   1.027792e-16   1.183681e-04   1.826778e-18   4488
  3.150636e-01   1.054266e-16   1.406525e-04   1.891746e-18   5160
  3.155671e-01   1.132746e-16   1.432039e-04   1.865145e-18   5316
  3.160521e-01   9.551516e-17   1.447892e-04   1.733830e-18   4896
  3.165249e-01   1.105269e-16   1.345344e-04   2.119628e-18   4188
  3.170014e-01   9.493375e-17   1.467406e-04   1.735215e-18   4836
  3.174880e-01   1.031057e-16   1.455680e-04   1.742474e-18   5316
  3.179808e-01   9.588065e-17   1.347408e-04   1.556236e-18   4920
  3.184417e-01   1.046022e-16   1.357413e-04   1.989114e-18   4128
  3.189362e-01   9.201042e-17   1.460260e-04   1.548764e-18   5348
  3.194229e-01   9.814171e-17   1.267067e-04   1.777933e-18   4836
  3.198876e-01   9.442515e-17   1.365306e-04   1.922076e-18   4392
  3.203882e-01   9.106184e-17   1.199532e-04   1.707263e-18   4632
  3.208388e-01   8.817275e-17   1.340287e-04   1.543077e-18   4596
  3.213563e-01   9.152253e-17   1.347844e-04   1.605674e-18   5424
  3.218683e-01   8.239347e-17   1.387362e-04   1.400320e-18   5256
  3.223958e-01   8.693150e-17   1.409032e-04   1.582480e-18   4524
  3.228350e-01   8.645455e-17   1.340268e-04   1.660046e-18   4440
  3.233270e-01   8.471583e-17   1.146101e-04   1.562443e-18   4380
  3.238085e-01   8.268996e-17   1.499870e-04   1.514184e-18   4812
  3.243210e-01   8.400422e-17   1.489725e-04   1.408641e-18   5376
  3.247896e-01   7.650828e-17   1.189892e-04   1.579206e-18   3888
  3.252385e-01   8.273518e-17   1.362564e-04   1.502562e-18   4896
  3.257395e-01   7.849346e-17   1.437728e-04   1.490431e-18   4608
  3.262654e-01   8.255789e-17   1.357127e-04   1.490575e-18   4448
  3.267232e-01   6.873352e-17   1.400926e-04   1.260053e-18   4752
  3.272056e-01   7.776901e-17   1.467382e-04   1.531264e-18   4356
  3.277129e-01   7.433650e-17   1.412082e-04   1.341230e-18   5232
  3.282173e-01   7.029789e-17   1.423025e-04   1.325969e-18   4548
  3.287063e-01   7.143200e-17   1.383360e-04   1.334006e-18   4608
  3.291837e-01   6.933612e-17   1.256671e-04   1.455191e-18   3936
  3.296343e-01   7.133589e-17   1.502088e-04   1.440800e-18   4260
  3.301407e-01   6.847012e-17   1.346643e-04   1.298195e-18   5004
  3.306038e-01   6.940768e-17   1.330711e-04   1.396660e-18   4224
  3.311115e-01   6.692444e-17   1.437697e-04   1.297332e-18   4788
  3.316047e-01   6.929068e-17   1.511985e-04   1.361514e-18   4428
  3.320852e-01   6.236747e-17   1.263467e-04   1.305520e-18   4080
  3.325477e-01   6.595951e-17   1.381486e-04   1.187248e-18   4632
  3.330347e-01   6.218174e-17   1.436640e-04   1.294103e-18   4056
  3.335467e-01   6.105946e-17   1.352621e-04   1.137055e-18   4536
  3.340144e-01   6.600887e-17   1.379585e-04   1.238793e-18   4668
  3.345266e-01   5.517053e-17   1.478669e-04   1.081733e-18   4604
  3.350255e-01   6.169694e-17   1.328598e-04   1.245101e-18   4152
  3.354859e-01   5.918440e-17   1.287622e-04   1.202623e-18   4224
  3.359739e-01   5.538648e-17   1.237953e-04   1.147965e-18   4152
  3.364615e-01   6.240312e-17   1.404246e-04   1.227238e-18   4224
  3.369356e-01   5.667398e-17   1.298644e-04   1.139001e-18   3960
  3.373922e-01   5.531358e-17   1.340119e-04   1.034260e-18   4656
  3.378910e-01   5.388894e-17   1.445961e-04   1.059231e-18   4452
  3.384025e-01   5.168542e-17   1.470057e-04   1.097309e-18   4056
  3.388784e-01   5.349937e-17   1.456648e-04   1.143587e-18   4212
  3.393606e-01   5.646197e-17   1.210536e-04   1.238305e-18   3432
  3.398492e-01   5.091131e-17   1.548628e-04   9.507970e-19   5352
  3.403267e-01   5.282090e-17   1.134185e-04   1.198323e-18   3600
  3.408466e-01   4.949066e-17   1.251027e-04   9.859383e-19   4584
  3.413005e-01   5.235807e-17   1.247343e-04   1.190961e-18   3768
  3.417680e-01   4.824051e-17   1.331557e-04   1.048788e-18   3848
  3.422347e-01   4.996233e-17   1.220886e-04   1.119390e-18   3720
  3.427639e-01   4.524270e-17   1.532392e-04   8.932837e-19   4764
  3.432311e-01   4.765082e-17   1.234001e-04   9.309939e-19   3864
  3.437109e-01   4.888844e-17   1.528459e-04   9.976156e-19   4332
  3.442342e-01   4.630703e-17   1.304937e-04   9.590292e-19   3792
  3.447018e-01   4.323555e-17   1.480185e-04   8.798225e-19   4284
  3.451974e-01   4.429469e-17   1.401572e-04   1.086607e-18   3840
  3.456664e-01   3.922882e-17   1.334113e-04   8.663641e-19   3480
  3.461427e-01   4.251058e-17   1.488614e-04   8.209685e-19   4380
  3.466576e-01   4.362810e-17   1.398292e-04   9.324571e-19   4200
  3.471635e-01   4.378336e-17   1.344014e-04   9.162732e-19   4056
  3.476333e-01   4.007607e-17   1.350788e-04   9.797035e-19   3600
  3.480735e-01   4.091875e-17   1.345848e-04   8.936379e-19   3492
  3.485878e-01   3.838934e-17   1.571647e-04   8.170167e-19   4500
  3.491126e-01   4.286738e-17   1.376975e-04   1.015175e-18   3516
  3.495636e-01   4.168051e-17   1.439500e-04   9.054352e-19   3968
  3.500690e-01   3.865888e-17   1.383484e-04   9.014565e-19   3648
  3.505165e-01   3.787791e-17   1.322992e-04   8.211614e-19   4224
  3.510237e-01   3.502365e-17   1.484940e-04   8.376172e-19   3588
  3.514997e-01   3.764046e-17   1.369683e-04   8.841887e-19   3456
  3.519786e-01   3.400218e-17   1.216448e-04   8.173180e-19   3660
  3.524735e-01   3.489873e-17   1.335194e-04   7.818572e-19   3768
  3.529347e-01   3.695545e-17   1.350276e-04   8.300821e-19   3744
  3.534301e-01   3.436785e-17   1.482149e-04   7.628424e-19   4176
  3.539572e-01   3.861159e-17   1.367120e-04   8.976638e-19   3612
  3.543928e-01   3.319596e-17   1.485682e-04   8.407109e-19   3216
  3.548913e-01   3.311099e-17   1.436402e-04   8.120340e-19   3624
  3.553925e-01   3.216953e-17   1.350690e-04   7.368900e-19   3744
  3.558768e-01   3.398519e-17   1.441176e-04   7.936529e-19   3672
  3.563547e-01   3.265329e-17   1.306896e-04   7.663065e-19   3852
  3.568482e-01   3.439665e-17   1.345097e-04   8.426307e-19   3672
  3.573731e-01   3.179119e-17   1.310574e-04   8.437234e-19   3248
  3.578115e-01   2.699214e-17   1.341465e-04   6.721523e-19   3336
  3.582900e-01   2.801922e-17   1.365492e-04   6.889036e-19   3576
  3.587793e-01   3.050012e-17   1.159180e-04   7.549447e-19   3336
  3.592778e-01   2.993036e-17   1.376902e-04   6.741824e-19   3936
  3.597697e-01   3.089400e-17   1.466440e-04   7.776938e-19   3408
  3.602575e-01   2.987736e-17   1.291957e-04   7.733865e-19   3336
  3.607316e-01   2.318273e-17   1.451163e-04   6.114503e-19   3312
  3.612054e-01   2.827453e-17   1.469319e-04   7.874593e-19   3432
  3.617101e-01   2.873501e-17   1.273841e-04   8.371158e-19   3144
  3.621706e-01   2.713415e-17   1.382881e-04   6.725490e-19   3456
  3.626887e-01   2.624407e-17   1.329107e-04   6.018521e-19   3792
  3.631568e-01   2.838329e-17   1.305556e-04   8.126442e-19   2868
  3.636625e-01   2.364072e-17   1.352551e-04   5.590649e-19   3888
  3.641351e-01   2.262666e-17   1.174435e-04   6.280610e-19   2784
  3.646004e-01   2.421485e-17   1.341238e-04   7.199040e-19   2964
  3.651086e-01   2.551793e-17   1.381212e-04   6.535854e-19   3432
  3.655924e-01   2.432306e-17   1.429694e-04   6.188739e-19   3416
  3.660820e-01   2.520359e-17   1.528218e-04   6.410990e-19   3528
  3.665830e-01   2.548842e-17   1.226504e-04   7.047219e-19   2904
  3.670262e-01   2.180104e-17   1.375270e-04   6.122254e-19   3072
  3.675416e-01   2.097730e-17   1.544586e-04   5.549901e-19   3216
  3.680569e-01   2.131043e-17   1.250951e-04   6.269948e-19   2844
  3.685093e-01   2.235896e-17   1.431483e-04   6.330090e-19   3432
  3.689737e-01   2.489203e-17   1.150574e-04   7.102520e-19   2880
  3.694925e-01   2.248476e-17   1.524100e-04   6.105353e-19   3576
  3.699812e-01   2.388240e-17   1.362332e-04   7.063787e-19   2700
  3.704492e-01   1.994776e-17   1.530237e-04   5.962513e-19   3000
  3.709392e-01   1.907136e-17   1.270553e-04   5.968177e-19   2556
  3.714151e-01   2.129950e-17   1.361780e-04   5.914074e-19   3360
  3.719070e-01   2.166126e-17   1.323185e-04   6.021787e-19   3120
  3.724371e-01   2.129919e-17   1.557809e-04   6.237799e-19   3216
  3.728935e-01   2.193131e-17   1.098680e-04   6.544245e-19   2628
  3.734065e-01   1.741430e-17   1.452297e-04   5.022643e-19   3200
  3.738745e-01   1.726723e-17   1.370102e-04   5.538553e-19   2232
  3.743471e-01   1.726784e-17   1.563929e-04   5.691336e-19   3108
  3.748177e-01   2.290400e-17   1.373821e-04   7.239649e-19   2604
  3.752991e-01   2.101614e-17   1.479994e-04   5.966895e-19   3096
  3.758288e-01   1.908513e-17   1.348469e-04   6.244639e-19   3084
  3.762884e-01   1.701589e-17   1.376092e-04   5.503416e-19   2664
  3.767621e-01   1.727831e-17   1.213497e-04   6.164272e-19   2232
  3.772262e-01   1.383907e-17   1.494845e-04   4.747950e-19   2808
  3.777344e-01   1.904351e-17   1.412112e-04   6.473396e-19   2592
  3.782089e-01   2.062938e-17   1.449703e-04   6.344193e-19   2952
  3.787074e-01   1.608670e-17   1.368697e-04   5.164420e-19   2772
  3.791921e-01   1.618735e-17   1.471948e-04   5.073717e-19   3036
  3.796993e-01   1.606692e-17   1.427797e-04   5.905104e-19   2136
  3.801616e-01   1.209647e-17   1.138671e-04   4.603756e-19   2496
  3.806364e-01   1.658796e-17   1.516625e-04   5.974398e-19   2228
  3.811316e-01   1.816181e-17   1.413981e-04   5.873996e-19   3048
  3.816243e-01   1.686151e-17   1.350676e-04   5.792697e-19   2676
  3.821140e-01   1.413506e-17   1.345571e-04   4.790399e-19   2784
  3.825820e-01   1.478328e-17   1.307225e-04   5.531237e-19   1920
  3.830514e-01   1.240874e-17   1.395126e-04   4.281329e-19   2400
  3.835600e-01   1.232637e-17   1.279618e-04   4.506447e-19   2532
  3.840860e-01   1.589193e-17   1.421350e-04   5.710695e-19   2544
  3.845592e-01   1.748584e-17   1.486925e-04   6.226001e-19   2772
  3.850254e-01   1.330619e-17   1.392746e-04   5.303124e-19   2160
  3.854884e-01   1.423082e-17   1.500120e-04   5.379944e-19   2304
  3.860241e-01   1.205749e-17   1.467945e-04   4.992275e-19   2328
  3.865043e-01   9.797085e-18   1.407449e-04   4.055075e-19   2304
  3.869492e-01   1.074625e-17   1.330938e-04   4.465954e-19   1908
  3.874552e-01   1.724220e-17   1.488569e-04   6.441332e-19   2736
  3.879425e-01   1.463310e-17   1.410418e-04   5.980345e-19   2448
  3.884609e-01   1.319562e-17   1.318665e-04   5.114040e-19   2040
  3.889299e-01   9.090972e-18   1.372999e-04   4.151932e-19   2120
  3.893809e-01   1.178903e-17   1.138355e-04   4.888209e-19   2040
  3.898664e-01   9.192153e-18   1.412334e-04   4.285346e-19   2208
  3.904158e-01   1.469368e-17   1.268062e-04   6.149851e-19   2208
  3.908608e-01   1.700652e-17   1.405255e-04   6.711304e-19   2196
  3.913207e-01   8.847873e-18   1.236152e-04   4.501770e-19   1848
  3.917886e-01   1.146277e-17   1.401960e-04   5.291704e-19   2124
  3.923120e-01   9.716917e-18   1.470626e-04   3.694271e-19   2328
  3.928231e-01   9.866282e-18   1.497225e-04   4.896236e-19   1920
  3.933200e-01   8.575599e-18   1.374435e-04   4.406900e-19   1548
  3.937619e-01   1.438233e-17   1.507712e-04   5.889015e-19   2388
  3.942832e-01   9.619795e-18   1.395210e-04   4.583987e-19   2160
  3.947606e-01   9.352918e-18   1.269906e-04   4.642042e-19   1704
  3.952179e-01   8.085928e-18   1.430661e-04   4.428043e-19   1776
  3.956506e-01   8.119401e-18   1.338203e-04   4.372749e-19   1800
  3.961977e-01   7.172783e-18   1.544832e-04   3.681775e-19   1700
  3.967087e-01   1.215759e-17   1.390936e-04   5.672708e-19   2292
  3.971846e-01   9.582616e-18   1.291201e-04   5.167093e-19   1704
  3.976337e-01   1.002554e-17   1.443780e-04   5.340128e-19   1728
  3.981255e-01   7.141967e-18   1.336251e-04   3.940676e-19   1728
  3.986075e-01   9.148674e-18   1.334994e-04   4.985264e-19   1680
  3.991202e-01   5.442198e-18   1.537953e-04   3.381827e-19   1704
  3.996310e-01   5.791431e-18   1.207753e-04   2.832534e-19   1752
  4.000877e-01   1.095884e-17   1.435789e-04   6.239891e-19   1872
  4.005817e-01   8.325926e-18   1.407232e-04   5.244374e-19   1500
  4.010829e-01   7.501024e-18   1.232237e-04   4.453293e-19   1656
  4.015697e-01   6.803905e-18   1.321192e-04   3.545538e-19   1464
  4.020023e-01   4.228137e-18   1.157232e-04   2.892478e-19   1488
  4.025329e-01   5.837374e-18   1.396693e-04   3.027760e-19   1680
  4.030178e-01   7.778208e-18   1.459194e-04   5.397371e-19   1692
  4.034716e-01   6.976726e-18   1.397252e-04   5.001917e-19   1128
  4.039751e-01   5.776959e-18   1.345433e-04   3.348452e-19   1536
  4.044663e-01   4.566597e-18   1.402479e-04   3.443137e-19   1616
  4.049637e-01   4.240772e-18   1.352429e-04   3.036955e-19   1476
  4.054650e-01   4.480939e-18   1.488381e-04   4.445191e-19   1176
  4.059124e-01   4.247371e-18   1.599107e-04   2.367024e-19   1656
  4.063997e-01   5.597953e-18   1.404668e-04   5.556450e-19   891
  4.069020e-01   4.150634e-18   1.497388e-04   2.454402e-19   1596
  4.073915e-01   3.028662e-18   1.305762e-04   2.828605e-19   1422
  4.078742e-01   3.898951e-18   1.252138e-04   2.374122e-19   1254
  4.083284e-01   2.114161e-18   1.279202e-04   1.448691e-19   918
  4.088148e-01   3.612077e-18   1.400009e-04   2.043783e-19   1614
  4.093049e-01   2.976245e-18   1.209347e-04   2.703073e-19   798
  4.097922e-01   2.415585e-18   1.550239e-04   1.592669e-19   1458
  4.102863e-01   2.639838e-18   1.419502e-04   1.399777e-19   1374
  4.107747e-01   1.945885e-18   1.212349e-04   1.950594e-19   984
  4.112591e-01   2.486437e-18   1.668024e-04   1.781629e-19   1062
  4.117525e-01   2.902963e-18   1.413965e-04   1.769391e-19   1246
  4.122317e-01   1.329887e-18   1.311095e-04   9.185888e-20   1072
  4.127436e-01   1.545350e-18   1.419832e-04   1.344819e-19   1110
  4.132166e-01   2.645761e-18   1.538182e-04   1.946290e-19   1254
  4.137139e-01   1.764760e-18   1.459816e-04   1.253589e-19   1032
  4.142557e-01   2.087122e-18   1.352509e-04   2.167942e-19   786
  4.146677e-01   1.927340e-18   1.386613e-04   1.064216e-19   1152
  4.151502e-01   1.494929e-18   1.511270e-04   1.273283e-19   1086
  4.156529e-01   7.472219e-19   1.363503e-04   2.975688e-20   912
  4.161175e-01   2.474050e-18   1.366785e-04   1.535367e-19   1062
  4.165917e-01   9.028902e-19   1.362355e-04   4.641248e-20   912
  4.171397e-01   1.002701e-18   1.520835e-04   9.404066e-20   750
  4.175668e-01   1.595585e-18   1.465336e-04   9.470343e-20   1200
  4.180611e-01   1.000870e-18   1.326977e-04   8.044932e-20   918
  4.185524e-01   7.613268e-19   1.377357e-04   5.660505e-20   876
  4.190517e-01   1.750313e-18   1.203534e-04   1.017737e-19   870
  4.194890e-01   9.493336e-19   1.403731e-04   7.014587e-20   768
  4.200015e-01   5.927766e-19   1.286594e-04   4.030680e-20   830
  4.204761e-01   1.087588e-18   1.332096e-04   6.636283e-20   1080
  4.209676e-01   7.779148e-19   1.498783e-04   5.111155e-20   840
  4.214632e-01   6.608677e-19   1.443163e-04   3.749831e-20   798
  4.220251e-01   1.294129e-18   1.145461e-04   8.283980e-20   792
  4.224609e-01   7.030806e-19   1.335978e-04   4.383348e-20   726
  4.229181e-01   4.239528e-19   1.497038e-04   1.747066e-20   864
  4.234189e-01   8.925684e-19   1.281430e-04   6.046207e-20   900
  4.239267e-01   5.892175e-19   1.424135e-04   3.449852e-20   726
  4.243623e-01   5.420953e-19   1.232527e-04   2.746914e-20   576
  4.249434e-01   8.804171e-19   1.282664e-04   6.579439e-20   840
  4.253523e-01   5.865037e-19   1.331485e-04   3.834529e-20   750
  4.258366e-01   4.589227e-19   1.335529e-04   2.320165e-20   720
  4.262936e-01   6.351932e-19   1.351090e-04   4.313703e-20   702
  4.268271e-01   5.002978e-19   1.475571e-04   2.486002e-20   696
  4.272662e-01   5.300472e-19   1.319621e-04   2.894312e-20   480
  4.277837e-01   5.513295e-19   1.250396e-04   3.982275e-20   830
  4.282419e-01   5.197692e-19   1.454616e-04   3.273454e-20   756
  4.287552e-01   4.514236e-19   1.396687e-04   2.384576e-20   624
  4.292083e-01   3.954325e-19   1.475796e-04   2.383784e-20   582
  4.297440e-01   4.647077e-19   1.132706e-04   2.678934e-20   576
  4.302073e-01   3.697850e-19   1.517064e-04   2.073387e-20   624
  4.306823e-01   4.441202e-19   1.238986e-04   2.189166e-20   702
  4.311525e-01   4.186882e-19   1.425165e-04   2.616752e-20   624
  4.317110e-01   3.882024e-19   1.378751e-04   1.898363e-20   672
  4.321659e-01   3.084994e-19   1.032125e-04   1.964157e-20   342
  4.326655e-01   3.916024e-19   1.290292e-04   2.210735e-20   660
  4.331249e-01   3.361622e-19   1.326364e-04   1.739522e-20   576
  4.335992e-01   3.289535e-19   1.289493e-04   1.629917e-20   600
  4.340787e-01   3.390660e-19   1.491476e-04   2.730759e-20   510
  4.346181e-01   3.578975e-19   1.397290e-04   1.685551e-20   600
  4.350341e-01   2.621927e-19   1.112888e-04   1.580633e-20   216
  4.355185e-01   2.953643e-19   1.354577e-04   1.278831e-20   758
  4.360833e-01   2.614321e-19   1.482975e-04   1.504898e-20   576
  4.365782e-01   3.318813e-19   1.259005e-04   1.653966e-20   528
  4.370248e-01   3.042005e-19   8.670054e-05   2.102769e-20   318
  4.375047e-01   3.087720e-19   1.497759e-04   1.504795e-20   540
  4.380721e-01   1.699322e-19   1.058893e-04   8.788731e-21   384
  4.384565e-01   2.662318e-19   1.463022e-04   1.357701e-20   576
  4.389570e-01   2.171115e-19   1.195560e-04   1.586525e-20   414
  4.394302e-01   2.989460e-19   1.335050e-04   1.620279e-20   504
  4.399357e-01   2.451786e-19   1.465573e-04   1.393663e-20   312
  4.404212e-01   2.641941e-19   1.327827e-04   1.583083e-20   414
  4.409029e-01   2.280785e-19   1.226699e-04   1.243159e-20   432
  4.413512e-01   2.399982e-19   1.624587e-04   1.200081e-20   504
  4.418701e-01   2.406958e-19   1.564660e-04   1.304017e-20   432
  4.423558e-01   2.165409e-19   1.281691e-04   1.080612e-20   354
  4.428506e-01   3.159618e-19   1.865017e-04   3.341298e-20   200
  4.432750e-01   2.202342e-19   1.323290e-04   1.135748e-20   480
  4.438485e-01   2.491614e-19   1.512148e-04   1.110114e-20   552
  4.443745e-01   2.333736e-19   9.419478e-05   1.699416e-20   366
  4.447799e-01   2.066290e-19   1.002751e-04   1.416661e-20   240
  4.452261e-01   2.365403e-19   1.401886e-04   1.362876e-20   288
  4.458541e-01   1.955561e-19   9.634579e-05   1.116892e-20   366
  4.462600e-01   1.912992e-19   1.562070e-04   9.595072e-21   408
  4.467132e-01   2.029627e-19   1.174273e-04   1.198464e-20   360
  4.471820e-01   2.178792e-19   1.094619e-04   1.152170e-20   324
  4.476367e-01   2.004820e-19   1.292780e-04   1.706537e-20   174
  4.481783e-01   2.294568e-19   1.485222e-04   1.444411e-20   264
  4.486867e-01   1.923406e-19   1.354596e-04   8.232381e-21   456
  4.491937e-01   1.979072e-19   1.362099e-04   1.053469e-20   360
  4.496105e-01   2.159447e-19   1.500483e-04   1.290159e-20   270
  4.501209e-01   2.038450e-19   1.641082e-04   1.163325e-20   240
  4.507604e-01   2.397856e-19   1.195905e-04   2.861812e-20   120
  4.510747e-01   1.704393e-19   1.248485e-04   9.143856e-21   320
  4.515822e-01   1.906213e-19   1.544785e-04   9.133157e-21   462
  4.521137e-01   2.290404e-19   8.987666e-05   1.472136e-20   276
  4.525754e-01   1.702654e-19   1.019637e-04   1.463029e-20   144
  4.530202e-01   2.677020e-19   1.070818e-04   2.206422e-20   120
  4.536115e-01   1.593692e-19   8.108908e-05   8.889213e-21   294
  4.540583e-01   1.758480e-19   1.438563e-04   8.311484e-21   384
  4.544753e-01   1.900353e-19   9.523196e-05   1.581302e-20   216
  4.548743e-01   2.017983e-19   8.843896e-05   1.460842e-20   168
  4.553251e-01   1.954451e-19   1.052282e-04   1.738081e-20   102
  4.559768e-01   2.015379e-19   1.596520e-04   1.481324e-20   168
  4.564337e-01   1.764726e-19   1.397340e-04   8.643308e-21   384
  4.569346e-01   1.961609e-19   1.419732e-04   1.048011e-20   300
  4.574008e-01   1.901599e-19   1.520225e-04   1.381266e-20   144
  4.579263e-01   2.186276e-19   1.556925e-04   2.207901e-20   102
  4.585568e-01   2.450949e-19   3.685588e-05   3.167103e-20   56
  4.588590e-01   1.670812e-19   1.199932e-04   9.591413e-21   288
  4.593328e-01   1.767330e-19   1.561557e-04   8.762308e-21   360
  4.598487e-01   2.160885e-19   8.376686e-05   1.734165e-20   126
  4.602834e-01   2.377077e-19   4.125612e-05   2.896062e-20   72
  4.607572e-01   1.619986e-19   2.185755e-05   2.565081e-20   48
  4.613754e-01   1.704927e-19   8.842417e-05   1.054428e-20   240
  4.617816e-01   1.607213e-19   1.311982e-04   8.715466e-21   306
  4.621975e-01   1.576013e-19   7.291699e-05   1.411450e-20   120
  4.626766e-01   1.981323e-19   1.794585e-04   1.874724e-20   96
  4.630248e-01   1.419611e-19   0.000000e+00   2.134454e-20   24
  4.638071e-01   1.835354e-19   1.554065e-04   1.411409e-20   120
  4.641905e-01   1.753513e-19   1.343981e-04   8.882735e-21   318
  4.646594e-01   1.796223e-19   1.436227e-04   1.409629e-20   168
  4.651731e-01   1.824615e-19   1.541232e-04   2.540026e-20   72
  4.657357e-01   2.002030e-19   0.000000e+00   5.410751e-20   24
  4.663408e-01   1.979640e-19   7.481195e-05   6.068436e-20   14
  4.666286e-01   1.780173e-19   1.179951e-04   1.332552e-20   288
  4.670757e-01   1.610139e-19   1.419546e-04   1.117169e-20   204
  4.675916e-01   1.893268e-19   2.153808e-05   3.630632e-20   48
  4.680007e-01   1.880013e-19   0.000000e+00   1.988539e-20   24
  4.684739e-01   1.719435e-19   0.000000e+00   3.809507e-20   6
  4.691541e-01   1.615862e-19   8.821950e-05   1.205119e-20   216
  4.695046e-01   1.937469e-19   1.174842e-04   1.467864e-20   192
  4.699334e-01   1.863343e-19   2.143075e-05   2.248256e-20   48
  4.703832e-01   1.726741e-19   1.712353e-04   2.106955e-20   30
  4.716555e-01   1.627451e-19   3.540978e-05   1.221881e-20   96
  4.719167e-01   1.765267e-19   1.160286e-04   1.075899e-20   228
  4.724128e-01   1.913630e-19   1.517284e-04   2.172049e-20   72
  4.730094e-01   3.381112e-19   0.000000e+00   1.605704e-19   6
  4.743680e-01   1.912896e-19   1.145631e-04   1.233859e-20   248
  4.748016e-01   1.742822e-19   1.311235e-04   2.276513e-20   72
  4.753245e-01   1.311772e-19   7.266090e-09   2.520305e-20   6
  4.769053e-01   1.505748e-19   8.141014e-05   9.898674e-21   180
  4.772205e-01   1.778631e-19   1.107713e-04   2.866140e-20   72
  4.776705e-01   2.660830e-19   0.000000e+00   6.758458e-20   6
  4.794278e-01   1.754332e-19   3.483570e-05   1.771249e-20   96
  4.796378e-01   2.013637e-19   9.563861e-05   1.924975e-20   96
  4.800471e-01   2.150393e-19   0.000000e+00   7.476750e-20   6
  4.820778e-01   1.616070e-19   9.153355e-05   1.021756e-20   140
  4.824537e-01   3.125301e-19   0.000000e+00   8.852772e-20   6
  4.846301e-01   1.578945e-19   6.146888e-05   1.274847e-20   96
  4.848898e-01   1.201006e-19   0.000000e+00   4.174292e-20   6
  4.871898e-01   2.025013e-19   3.697860e-05   2.492317e-20   60
  4.873552e-01   1.927993e-19   0.000000e+00   6.595210e-20   6
  4.897713e-01   1.059935e-19   3.748867e-05   1.579788e-20   38
  4.923442e-01   1.003838e-19   1.928513e-05   1.416499e-20   18
  4.949217e-01   3.118985e-20   7.266090e-09   1.007813e-20   6
