# power spectrum of pi_k * H (dimensionless)
# redshift z=96.079122
# k              Pk             sigma(k)       sigma(Pk)      count
  4.487990e-03   6.588346e-13   0.000000e+00   2.655706e-13   6
  6.346976e-03   3.884696e-13   0.000000e+00   7.754498e-14   12
  7.773426e-03   2.928768e-13   8.514949e-11   5.960744e-14   8
  8.975979e-03   9.789732e-13   0.000000e+00   1.053390e-13   6
  1.003545e-02   6.840723e-13   1.605594e-10   2.180739e-13   24
  1.099328e-02   9.814656e-13   1.605594e-10   1.653571e-13   24
  1.269395e-02   4.393570e-13   0.000000e+00   1.977520e-13   12
  1.346397e-02   5.104509e-13   1.816523e-10   9.399746e-14   30
  1.419227e-02   6.391513e-13   0.000000e+00   1.408540e-13   24
  1.488498e-02   5.828424e-13   2.780971e-10   1.444776e-13   24
  1.554685e-02   6.793843e-13   1.702990e-10   1.377111e-13   8
  1.618168e-02   5.753535e-13   2.270653e-10   7.147984e-14   24
  1.679252e-02   5.406580e-13   0.000000e+00   7.597779e-14   48
  1.795196e-02   6.396851e-13   0.000000e+00   2.812576e-13   6
  1.850445e-02   5.106068e-13   2.270653e-10   7.167188e-14   48
  1.904093e-02   4.729964e-13   2.140792e-10   4.921436e-14   36
  1.956269e-02   6.783389e-13   2.270653e-10   1.418488e-13   24
  2.007090e-02   3.979177e-13   3.211188e-10   6.849953e-14   24
  2.056655e-02   3.555020e-13   0.000000e+00   4.834229e-14   48
  2.105054e-02   5.496510e-13   3.211188e-10   7.823842e-14   24
  2.198657e-02   4.361244e-13   3.211188e-10   6.860054e-14   24
  2.243995e-02   2.974185e-13   0.000000e+00   4.867628e-14   30
  2.288435e-02   3.169201e-13   0.000000e+00   3.497721e-14   72
  2.332028e-02   3.089221e-13   3.405980e-10   6.292631e-14   32
  2.416856e-02   4.093283e-13   0.000000e+00   4.744177e-14   72
  2.458173e-02   2.491944e-13   0.000000e+00   3.643190e-14   48
  2.538790e-02   1.316513e-13   0.000000e+00   3.916088e-14   12
  2.597539e-02   2.442767e-13   1.938570e-04   2.261393e-14   96
  2.655130e-02   3.031949e-13   3.211188e-10   3.824778e-14   48
  2.692794e-02   3.632584e-13   3.633045e-10   6.366178e-14   30
  2.757421e-02   3.284958e-13   1.586779e-04   3.086284e-14   96
  2.838454e-02   1.945229e-13   0.000000e+00   3.692582e-14   24
  2.885327e-02   2.730620e-13   1.642099e-04   2.212551e-14   144
  2.942972e-02   1.890280e-13   5.561942e-10   4.643156e-14   24
  3.002225e-02   2.787489e-13   1.456630e-04   3.178517e-14   96
  3.043903e-02   2.432471e-13   0.000000e+00   3.744523e-14   48
  3.137435e-02   2.944248e-13   1.080207e-04   3.322864e-14   62
  3.184971e-02   2.130484e-13   1.519035e-04   2.573274e-14   132
  3.236335e-02   1.393860e-13   4.541306e-10   2.486412e-14   24
  3.284837e-02   2.173129e-13   1.518246e-04   1.842951e-14   168
  3.373431e-02   2.509145e-13   1.492698e-04   2.096901e-14   96
  3.439955e-02   1.679746e-13   1.270423e-04   1.585798e-14   96
  3.521583e-02   1.740792e-13   1.416056e-04   1.434988e-14   168
  3.590392e-02   2.353886e-13   0.000000e+00   1.034478e-13   6
  3.618333e-02   1.911703e-13   0.000000e+00   1.854105e-14   96
  3.651563e-02   1.820578e-13   1.100713e-04   1.793913e-14   120
  3.718966e-02   1.441316e-13   1.278125e-04   1.138736e-14   144
  3.754921e-02   1.661573e-13   0.000000e+00   2.238319e-14   48
  3.823245e-02   1.459694e-13   1.304211e-04   1.573623e-14   84
  3.860715e-02   1.603370e-13   8.899106e-10   1.438416e-14   120
  3.894461e-02   1.235258e-13   1.183479e-04   1.417259e-14   80
  3.946692e-02   1.164977e-13   1.201620e-04   8.546362e-15   144
  4.014180e-02   1.451874e-13   6.422377e-10   2.693138e-14   24
  4.047145e-02   1.585047e-13   1.159510e-04   1.322435e-14   150
  4.098576e-02   1.416622e-13   1.203057e-04   1.034228e-14   120
  4.155056e-02   1.273661e-13   1.096333e-04   1.076579e-14   168
  4.210107e-02   1.884260e-13   6.422377e-10   3.153970e-14   24
  4.244743e-02   1.103323e-13   1.181082e-04   6.997893e-15   264
  4.281269e-02   8.719436e-14   6.422377e-10   1.221780e-14   48
  4.343532e-02   1.126808e-13   1.093985e-04   9.291769e-15   144
  4.412543e-02   1.367334e-13   1.076845e-04   1.673168e-14   72
  4.451927e-02   1.077093e-13   1.107671e-04   6.881321e-15   180
  4.506982e-02   1.128061e-13   8.025835e-05   8.414672e-15   198
  4.532647e-02   1.189485e-13   0.000000e+00   1.305898e-14   48
  4.589413e-02   9.525906e-14   1.086319e-04   7.169897e-15   168
  4.631540e-02   1.119538e-13   1.087222e-04   1.021800e-14   144
  4.695270e-02   1.041893e-13   1.527607e-04   5.447720e-15   248
  4.781330e-02   7.358531e-14   1.053161e-04   5.171651e-15   192
  4.839932e-02   9.555883e-14   1.626762e-04   6.275499e-15   240
  4.875204e-02   1.037421e-13   0.000000e+00   1.124160e-14   72
  4.929001e-02   1.069245e-13   9.927197e-05   9.327035e-15   126
  4.962939e-02   1.131022e-13   9.159181e-05   8.931509e-15   168
  5.027740e-02   1.052810e-13   1.001546e-04   5.876516e-15   288
  5.095853e-02   9.538687e-14   5.274950e-05   8.137534e-15   156
  5.131126e-02   8.129846e-14   8.873998e-05   7.081658e-15   168
  5.184617e-02   8.564019e-14   1.521290e-04   5.255062e-15   264
  5.233850e-02   7.987506e-14   0.000000e+00   9.820266e-15   48
  5.270435e-02   8.045271e-14   1.514052e-04   5.265611e-15   264
  5.322882e-02   8.178408e-14   8.924381e-05   6.790578e-15   144
  5.362492e-02   9.006331e-14   1.825884e-04   1.024079e-14   78
  5.420192e-02   7.317604e-14   1.186900e-04   4.040547e-15   336
  5.474604e-02   6.761426e-14   9.030373e-05   4.586951e-15   200
  5.510338e-02   6.576085e-14   1.768159e-04   5.002471e-15   192
  5.558581e-02   8.118142e-14   8.873069e-05   5.764450e-15   240
  5.602902e-02   8.606407e-14   1.778215e-04   5.943865e-15   168
  5.648434e-02   7.076309e-14   1.423690e-04   6.080584e-15   120
  5.703118e-02   7.790353e-14   1.112738e-04   4.144613e-15   324
  5.756179e-02   6.972143e-14   8.748012e-05   4.753941e-15   192
  5.792293e-02   7.780991e-14   1.568908e-04   5.631307e-15   168
  5.853721e-02   5.819461e-14   1.292197e-04   3.202912e-15   342
  5.909109e-02   7.950457e-14   1.040479e-04   4.077984e-15   336
  5.965251e-02   8.748655e-14   7.962394e-05   9.670260e-15   72
  6.003109e-02   6.975462e-14   1.273478e-04   4.643111e-15   288
  6.047058e-02   6.891744e-14   8.293768e-05   4.994734e-15   264
  6.108439e-02   6.092307e-14   1.090835e-04   3.295483e-15   384
  6.163419e-02   6.347888e-14   1.309286e-04   4.756803e-15   240
  6.186267e-02   6.653314e-14   0.000000e+00   8.130554e-15   48
  6.252352e-02   6.525776e-14   1.071736e-04   3.285833e-15   392
  6.302771e-02   5.987098e-14   1.176177e-04   3.401468e-15   294
  6.356985e-02   5.912863e-14   7.644534e-05   4.401832e-15   228
  6.392640e-02   6.975851e-14   1.160935e-04   4.555021e-15   216
  6.437004e-02   5.777935e-14   7.071608e-05   3.054190e-15   336
  6.491309e-02   6.104428e-14   8.402231e-05   3.483374e-15   360
  6.536140e-02   6.578089e-14   1.280140e-04   4.059335e-15   240
  6.582853e-02   6.011859e-14   1.514699e-04   4.220106e-15   168
  6.626426e-02   5.494914e-14   1.192252e-04   3.121121e-15   312
  6.678338e-02   5.460629e-14   7.461529e-05   2.773526e-15   336
  6.734419e-02   5.857810e-14   1.017891e-04   3.560649e-15   294
  6.776702e-02   6.558883e-14   1.356641e-04   4.038496e-15   288
  6.809058e-02   4.593135e-14   8.488954e-05   2.994563e-15   264
  6.866755e-02   5.304355e-14   1.458184e-04   2.679626e-15   480
  6.914996e-02   5.859788e-14   7.133389e-05   3.499858e-15   240
  6.974139e-02   5.737900e-14   7.213111e-05   3.353062e-15   276
  7.020800e-02   5.330115e-14   1.583420e-04   2.234590e-15   488
  7.076234e-02   6.023877e-14   6.973720e-05   5.311667e-15   240
  7.108411e-02   5.463167e-14   1.354117e-04   2.713638e-15   360
  7.153530e-02   4.584033e-14   4.817743e-05   3.391897e-15   198
  7.211554e-02   4.426825e-14   1.627935e-04   1.922566e-15   480
  7.254038e-02   4.419252e-14   6.008787e-05   2.668390e-15   288
  7.312796e-02   5.053164e-14   1.270121e-04   2.396245e-15   480
  7.365633e-02   5.114645e-14   7.825550e-05   2.174168e-15   480
  7.419894e-02   4.445991e-14   1.012105e-04   2.966826e-15   288
  7.453749e-02   4.999978e-14   1.079729e-04   2.846943e-15   288
  7.506996e-02   4.718243e-14   1.877112e-04   2.284570e-15   456
  7.560610e-02   5.219621e-14   1.767802e-04   2.579609e-15   360
  7.595177e-02   4.637590e-14   1.059672e-04   2.882591e-15   180
  7.645202e-02   3.905574e-14   1.154112e-04   1.662865e-15   486
  7.695907e-02   4.368905e-14   1.535340e-04   1.962422e-15   504
  7.747462e-02   4.631951e-14   1.192882e-04   2.190106e-15   456
  7.790209e-02   4.410930e-14   9.910745e-05   2.572767e-15   296
  7.846686e-02   4.161863e-14   9.779604e-05   1.824802e-15   528
  7.889160e-02   4.179536e-14   9.649931e-05   2.108485e-15   336
  7.951717e-02   4.148452e-14   1.070358e-04   1.717784e-15   600
  7.997507e-02   3.450120e-14   6.270729e-05   2.040375e-15   264
  8.043396e-02   4.031872e-14   6.781049e-05   1.973944e-15   360
  8.090234e-02   3.845918e-14   1.357633e-04   1.674574e-15   630
  8.141847e-02   4.426445e-14   7.007974e-05   2.098188e-15   432
  8.187631e-02   4.207290e-14   1.350259e-04   2.000695e-15   408
  8.243827e-02   3.810423e-14   8.962194e-05   2.056710e-15   324
  8.285635e-02   3.602142e-14   1.277222e-04   1.353785e-15   744
  8.336064e-02   3.440647e-14   1.021054e-04   1.916833e-15   336
  8.384245e-02   3.930254e-14   1.403689e-04   1.709694e-15   528
  8.437080e-02   3.302812e-14   7.162045e-05   1.771481e-15   408
  8.472109e-02   3.198525e-14   1.218981e-04   1.577853e-15   408
  8.529988e-02   3.272453e-14   1.006308e-04   1.478040e-15   470
  8.572148e-02   3.475520e-14   1.208902e-04   1.579422e-15   528
  8.631019e-02   2.957174e-14   1.007343e-04   1.099873e-15   624
  8.674381e-02   3.365844e-14   7.664930e-05   1.560643e-15   504
  8.719116e-02   2.898669e-14   1.067668e-04   1.244750e-15   552
  8.763489e-02   3.153495e-14   5.190111e-05   1.586632e-15   336
  8.819051e-02   3.356728e-14   1.104770e-04   1.473823e-15   528
  8.862093e-02   3.128628e-14   1.257802e-04   1.240527e-15   564
  8.912507e-02   2.930321e-14   1.157674e-04   1.407636e-15   528
  8.967166e-02   3.220514e-14   1.797324e-04   1.403276e-15   582
  9.016871e-02   2.949949e-14   1.383668e-04   1.174964e-15   624
  9.060342e-02   2.851514e-14   1.581799e-04   1.436144e-15   432
  9.112208e-02   2.943463e-14   1.759475e-04   1.001445e-15   816
  9.165576e-02   3.014191e-14   8.018898e-05   1.672914e-15   312
  9.200488e-02   2.622182e-14   1.299641e-04   1.160682e-15   552
  9.256787e-02   2.729338e-14   8.185444e-05   1.012698e-15   744
  9.297574e-02   2.950984e-14   7.646869e-05   1.606176e-15   408
  9.350218e-02   2.551963e-14   1.095830e-04   1.035747e-15   632
  9.404906e-02   2.926920e-14   1.860997e-04   1.083545e-15   750
  9.449396e-02   2.864625e-14   1.280227e-04   1.520645e-15   312
  9.498974e-02   2.646261e-14   1.890077e-04   9.089693e-16   876
  9.548011e-02   2.155056e-14   1.234108e-04   8.918950e-16   552
  9.603265e-02   2.588256e-14   1.020603e-04   1.015179e-15   696
  9.640905e-02   2.579730e-14   1.126552e-04   1.107730e-15   576
  9.692128e-02   2.299050e-14   1.192748e-04   1.063184e-15   576
  9.735848e-02   2.544819e-14   1.598285e-04   1.004720e-15   648
  9.788685e-02   2.507602e-14   1.599783e-04   9.211669e-16   672
  9.847019e-02   2.417136e-14   6.785687e-05   1.148750e-15   480
  9.884355e-02   2.239344e-14   1.050846e-04   8.023194e-16   726
  9.932431e-02   2.455284e-14   1.190745e-04   8.647198e-16   792
  9.984502e-02   2.248422e-14   1.651878e-04   8.223175e-16   768
  1.003938e-01   2.334980e-14   1.350017e-04   8.732706e-16   672
  1.008970e-01   2.253933e-14   9.055629e-05   8.749519e-16   608
  1.012613e-01   2.124185e-14   8.693679e-05   8.354729e-16   624
  1.017809e-01   2.112395e-14   1.129736e-04   7.645278e-16   684
  1.022864e-01   2.130171e-14   1.668752e-04   7.329297e-16   768
  1.027568e-01   2.206148e-14   1.334155e-04   7.550293e-16   744
  1.033173e-01   2.044896e-14   8.400635e-05   7.047801e-16   750
  1.037259e-01   1.915765e-14   1.248642e-04   8.375359e-16   600
  1.041677e-01   2.014415e-14   1.325833e-04   8.162348e-16   600
  1.047135e-01   2.054448e-14   1.527941e-04   6.317636e-16   1008
  1.051470e-01   2.060064e-14   8.474486e-05   7.775243e-16   696
  1.056273e-01   2.110277e-14   1.119517e-04   8.620308e-16   624
  1.061102e-01   2.022498e-14   1.742111e-04   7.489286e-16   840
  1.066588e-01   2.134796e-14   1.185366e-04   7.363074e-16   816
  1.071038e-01   1.897775e-14   7.873478e-05   6.482975e-16   744
  1.075531e-01   1.945643e-14   1.391901e-04   8.169207e-16   510
  1.080960e-01   1.976433e-14   1.336339e-04   6.310266e-16   1020
  1.086012e-01   1.938342e-14   1.078294e-04   6.180338e-16   912
  1.090992e-01   1.985182e-14   1.597552e-04   7.062318e-16   752
  1.095110e-01   1.924787e-14   1.325595e-04   7.407902e-16   888
  1.100730e-01   1.825543e-14   8.554013e-05   6.408169e-16   768
  1.105327e-01   1.837950e-14   1.554339e-04   6.582370e-16   720
  1.110617e-01   1.819580e-14   1.370195e-04   5.822990e-16   1056
  1.115309e-01   1.831916e-14   9.479589e-05   7.980984e-16   504
  1.119154e-01   1.672600e-14   1.480257e-04   6.317267e-16   774
  1.124652e-01   1.771494e-14   1.423615e-04   5.392219e-16   1272
  1.129816e-01   1.810445e-14   9.326921e-05   6.909649e-16   744
  1.134632e-01   1.657539e-14   1.523027e-04   5.939526e-16   768
  1.139050e-01   1.745005e-14   1.288282e-04   5.781683e-16   840
  1.144011e-01   1.806324e-14   8.734207e-05   5.772621e-16   924
  1.148789e-01   1.733397e-14   1.539839e-04   5.656256e-16   936
  1.153484e-01   1.601777e-14   1.070130e-04   5.228732e-16   840
  1.158214e-01   1.764388e-14   1.272259e-04   5.496091e-16   1008
  1.164225e-01   1.609432e-14   1.436262e-04   5.945472e-16   696
  1.167996e-01   1.553120e-14   1.276589e-04   4.977993e-16   974
  1.173599e-01   1.707173e-14   1.695459e-04   4.879529e-16   1152
  1.178471e-01   1.669540e-14   6.634378e-05   5.574798e-16   816
  1.182260e-01   1.530630e-14   1.459488e-04   5.030654e-16   816
  1.187357e-01   1.622207e-14   1.288794e-04   4.687772e-16   1152
  1.192732e-01   1.621353e-14   1.160356e-04   5.157007e-16   912
  1.197621e-01   1.707178e-14   1.409833e-04   5.140581e-16   1056
  1.201806e-01   1.649259e-14   1.205660e-04   6.639391e-16   624
  1.207435e-01   1.559196e-14   1.506027e-04   4.658616e-16   1260
  1.212292e-01   1.606938e-14   9.083716e-05   5.364292e-16   894
  1.217037e-01   1.686572e-14   1.556364e-04   4.575289e-16   1176
  1.221783e-01   1.461451e-14   1.288208e-04   5.414235e-16   840
  1.227186e-01   1.572802e-14   1.464236e-04   3.982110e-16   1440
  1.232859e-01   1.431910e-14   8.232021e-05   4.617811e-16   864
  1.237160e-01   1.604315e-14   1.412655e-04   5.099683e-16   1056
  1.241441e-01   1.625644e-14   8.328830e-05   6.594505e-16   624
  1.246641e-01   1.539806e-14   1.542356e-04   3.950592e-16   1496
  1.251612e-01   1.533705e-14   1.088958e-04   5.792305e-16   936
  1.256039e-01   1.463101e-14   1.576468e-04   4.704408e-16   966
  1.260801e-01   1.455822e-14   1.117465e-04   4.710531e-16   936
  1.265804e-01   1.499791e-14   1.382244e-04   4.108455e-16   1248
  1.270926e-01   1.396404e-14   9.744205e-05   4.086295e-16   1044
  1.275698e-01   1.419033e-14   1.509409e-04   4.003679e-16   1392
  1.279478e-01   1.342994e-14   1.162549e-04   5.141097e-16   600
  1.284885e-01   1.369711e-14   1.320778e-04   3.538566e-16   1416
  1.289955e-01   1.415267e-14   1.421656e-04   4.064217e-16   1152
  1.295092e-01   1.385371e-14   1.363856e-04   4.371256e-16   936
  1.299230e-01   1.394788e-14   1.462802e-04   4.707894e-16   870
  1.304147e-01   1.463164e-14   1.226502e-04   4.221414e-16   1368
  1.309604e-01   1.401512e-14   1.612530e-04   3.591890e-16   1632
  1.314267e-01   1.450230e-14   7.000699e-05   5.079092e-16   816
  1.319315e-01   1.392882e-14   1.597143e-04   3.951797e-16   1200
  1.323720e-01   1.405627e-14   1.527057e-04   4.004653e-16   1184
  1.328194e-01   1.453852e-14   1.158936e-04   4.663872e-16   984
  1.333683e-01   1.340499e-14   1.414942e-04   3.479095e-16   1572
  1.338659e-01   1.455463e-14   7.792333e-05   5.185853e-16   840
  1.343297e-01   1.295589e-14   1.812138e-04   3.398283e-16   1392
  1.348193e-01   1.276379e-14   1.330470e-04   3.933151e-16   1158
  1.352564e-01   1.347642e-14   1.211496e-04   3.777391e-16   1272
  1.357826e-01   1.360346e-14   1.234623e-04   3.719959e-16   1320
  1.362769e-01   1.290193e-14   1.208065e-04   3.979627e-16   1104
  1.367472e-01   1.264016e-14   1.367360e-04   3.559089e-16   1392
  1.372408e-01   1.213414e-14   1.478938e-04   3.465356e-16   1296
  1.377492e-01   1.241420e-14   1.544255e-04   3.305356e-16   1392
  1.382262e-01   1.241190e-14   1.132835e-04   3.733929e-16   1104
  1.386675e-01   1.196844e-14   1.426913e-04   3.163780e-16   1320
  1.392961e-01   1.211758e-14   1.089713e-04   3.235481e-16   1422
  1.396977e-01   1.189600e-14   1.357176e-04   3.514874e-16   1212
  1.401589e-01   1.155522e-14   1.483027e-04   3.124959e-16   1280
  1.406327e-01   1.246994e-14   1.544235e-04   3.479264e-16   1272
  1.410869e-01   1.255346e-14   1.336382e-04   3.091991e-16   1680
  1.416252e-01   1.088701e-14   1.262633e-04   3.257531e-16   1152
  1.421207e-01   1.142955e-14   1.462174e-04   2.785416e-16   1512
  1.426417e-01   1.114801e-14   6.173239e-05   3.778581e-16   912
  1.430535e-01   1.162634e-14   1.556147e-04   2.692059e-16   1680
  1.436012e-01   1.023635e-14   1.378563e-04   2.580299e-16   1518
  1.440071e-01   1.150402e-14   1.276288e-04   3.375234e-16   1056
  1.444347e-01   1.100016e-14   1.288698e-04   2.792224e-16   1344
  1.449875e-01   1.232634e-14   1.383780e-04   2.967126e-16   1680
  1.454876e-01   1.077392e-14   1.363571e-04   2.726304e-16   1656
  1.460341e-01   1.048195e-14   1.159057e-04   3.398917e-16   1140
  1.464444e-01   1.047002e-14   1.342100e-04   2.955292e-16   1368
  1.469271e-01   1.054902e-14   1.526647e-04   2.655025e-16   1656
  1.474179e-01   1.082214e-14   1.563614e-04   2.997947e-16   1448
  1.479520e-01   1.030189e-14   1.468912e-04   2.615152e-16   1422
  1.484453e-01   1.061086e-14   1.621619e-04   2.725886e-16   1512
  1.488673e-01   1.062954e-14   1.236275e-04   3.043177e-16   1296
  1.493554e-01   1.000551e-14   1.128801e-04   2.414289e-16   1824
  1.498832e-01   1.001926e-14   1.463660e-04   2.548752e-16   1464
  1.504163e-01   9.402189e-15   1.306107e-04   2.082472e-16   1824
  1.509111e-01   1.014443e-14   1.038421e-04   2.649222e-16   1416
  1.513416e-01   9.751845e-15   1.521007e-04   2.604395e-16   1392
  1.518062e-01   9.576914e-15   1.403562e-04   2.463465e-16   1464
  1.523732e-01   8.831965e-15   1.372200e-04   2.379360e-16   1524
  1.528113e-01   9.264376e-15   1.264504e-04   2.352317e-16   1686
  1.533176e-01   9.251367e-15   1.505644e-04   2.308374e-16   1800
  1.537528e-01   9.943337e-15   1.195338e-04   2.947522e-16   1344
  1.542356e-01   9.559326e-15   1.394596e-04   2.554507e-16   1656
  1.547196e-01   9.410374e-15   1.113514e-04   2.336542e-16   1488
  1.551402e-01   9.563073e-15   1.111701e-04   2.413864e-16   1536
  1.557262e-01   8.973865e-15   1.234973e-04   2.228990e-16   1760
  1.561802e-01   8.806940e-15   1.373667e-04   2.025313e-16   1824
  1.567053e-01   9.392760e-15   1.152763e-04   2.358713e-16   1560
  1.572105e-01   9.086771e-15   1.324056e-04   2.157953e-16   1926
  1.576857e-01   9.124363e-15   9.415777e-05   2.570468e-16   1272
  1.581194e-01   8.574457e-15   1.582320e-04   2.010161e-16   1848
  1.586895e-01   8.983359e-15   1.278379e-04   1.997698e-16   1908
  1.591231e-01   8.659068e-15   1.246890e-04   2.248735e-16   1488
  1.595806e-01   8.173600e-15   1.406224e-04   2.026153e-16   1800
  1.600766e-01   8.299726e-15   1.407610e-04   2.001441e-16   1752
  1.605517e-01   8.059395e-15   1.496769e-04   2.135213e-16   1368
  1.610272e-01   8.412566e-15   1.406675e-04   1.769072e-16   2016
  1.615501e-01   8.651729e-15   1.485794e-04   2.188385e-16   1542
  1.620327e-01   8.037392e-15   1.454994e-04   1.831413e-16   2184
  1.625669e-01   8.423551e-15   1.330990e-04   1.941348e-16   1776
  1.630283e-01   8.013494e-15   1.521522e-04   2.244756e-16   1568
  1.634682e-01   8.310268e-15   1.390081e-04   1.893268e-16   2040
  1.639468e-01   8.478784e-15   1.486121e-04   2.046766e-16   1704
  1.644478e-01   7.695622e-15   1.489728e-04   1.988391e-16   1512
  1.649202e-01   8.004250e-15   1.270742e-04   1.772758e-16   2028
  1.654509e-01   7.911081e-15   1.532841e-04   1.731279e-16   1968
  1.659362e-01   7.628016e-15   1.554838e-04   1.715994e-16   1854
  1.664110e-01   7.570200e-15   1.482240e-04   1.791080e-16   1632
  1.668977e-01   7.804366e-15   1.523128e-04   1.537583e-16   2424
  1.674021e-01   7.567944e-15   1.524713e-04   1.876905e-16   1560
  1.678285e-01   7.759954e-15   1.440852e-04   1.754205e-16   1728
  1.683437e-01   7.472497e-15   1.538043e-04   1.717634e-16   2088
  1.688623e-01   7.105730e-15   1.464052e-04   1.618848e-16   1968
  1.693394e-01   7.366094e-15   1.449552e-04   1.668888e-16   2256
  1.698178e-01   7.484353e-15   1.288813e-04   1.710182e-16   1728
  1.703172e-01   7.342905e-15   1.270494e-04   2.007044e-16   1416
  1.707596e-01   7.725481e-15   1.339356e-04   1.616005e-16   2246
  1.712606e-01   7.263968e-15   1.483321e-04   1.676966e-16   2148
  1.717398e-01   7.538239e-15   1.252967e-04   1.898929e-16   1680
  1.721909e-01   7.257135e-15   1.584012e-04   1.396341e-16   2280
  1.727331e-01   7.345865e-15   1.475065e-04   1.478297e-16   2352
  1.732395e-01   7.189328e-15   1.239422e-04   1.772278e-16   1632
  1.736402e-01   7.251837e-15   1.418228e-04   1.668321e-16   1968
  1.741900e-01   6.933775e-15   1.455103e-04   1.554865e-16   2112
  1.746998e-01   6.923402e-15   1.093039e-04   1.584415e-16   2208
  1.751952e-01   6.934722e-15   1.102112e-04   1.514842e-16   1974
  1.755862e-01   6.815667e-15   1.078165e-04   1.557916e-16   1944
  1.761144e-01   7.255350e-15   1.219820e-04   1.566221e-16   2160
  1.765722e-01   6.945544e-15   1.140807e-04   1.586790e-16   2040
  1.770670e-01   7.167573e-15   1.596015e-04   1.561313e-16   2352
  1.775745e-01   7.292629e-15   1.325904e-04   1.665755e-16   1836
  1.780376e-01   6.878541e-15   1.414413e-04   1.388290e-16   2352
  1.785577e-01   6.630442e-15   1.483527e-04   1.468762e-16   2008
  1.790344e-01   6.785937e-15   1.459431e-04   1.433847e-16   2464
  1.795659e-01   6.744643e-15   1.177095e-04   1.431836e-16   2118
  1.800019e-01   6.699643e-15   1.183276e-04   1.585017e-16   1848
  1.804507e-01   7.325764e-15   1.565861e-04   1.663961e-16   2280
  1.809928e-01   7.002636e-15   1.489508e-04   1.448701e-16   2472
  1.814993e-01   6.545855e-15   9.953927e-05   1.412306e-16   2280
  1.819245e-01   7.155767e-15   1.216700e-04   1.688071e-16   1992
  1.823831e-01   6.885679e-15   1.279126e-04   1.384854e-16   2184
  1.829118e-01   6.191923e-15   1.543068e-04   1.316573e-16   2352
  1.834214e-01   6.693781e-15   1.626118e-04   1.344119e-16   2496
  1.839203e-01   6.326939e-15   1.518813e-04   1.522665e-16   1770
  1.843678e-01   6.933028e-15   1.310496e-04   1.417402e-16   2568
  1.849057e-01   6.743149e-15   1.607377e-04   1.333499e-16   2712
  1.853947e-01   6.829676e-15   1.276489e-04   1.446700e-16   2448
  1.858830e-01   6.880119e-15   1.076015e-04   1.503305e-16   2064
  1.862881e-01   6.437249e-15   1.135758e-04   1.574446e-16   1944
  1.868133e-01   6.360998e-15   1.403079e-04   1.330751e-16   2480
  1.873491e-01   6.453664e-15   1.524155e-04   1.229267e-16   2880
  1.878237e-01   6.459349e-15   1.462067e-04   1.360834e-16   2304
  1.883193e-01   6.478250e-15   1.343278e-04   1.466399e-16   1806
  1.887589e-01   6.483630e-15   1.317346e-04   1.224693e-16   2856
  1.893097e-01   6.649158e-15   1.263374e-04   1.364061e-16   2568
  1.897288e-01   6.122723e-15   1.267515e-04   1.378375e-16   2112
  1.901850e-01   6.457374e-15   1.220840e-04   1.547489e-16   2028
  1.906744e-01   6.280137e-15   1.445115e-04   1.193433e-16   2712
  1.911714e-01   6.502259e-15   1.556884e-04   1.220966e-16   2952
  1.917055e-01   6.369895e-15   1.202957e-04   1.366110e-16   2112
  1.921372e-01   6.232242e-15   1.409804e-04   1.230079e-16   2520
  1.926559e-01   6.039618e-15   1.359784e-04   1.254133e-16   2376
  1.931282e-01   6.321537e-15   1.090048e-04   1.274433e-16   2526
  1.936186e-01   6.530003e-15   1.356536e-04   1.312317e-16   2664
  1.941040e-01   6.492212e-15   1.617960e-04   1.360140e-16   2408
  1.945694e-01   6.281490e-15   1.296049e-04   1.299743e-16   2568
  1.950440e-01   6.441604e-15   1.221942e-04   1.178636e-16   2904
  1.955589e-01   6.184362e-15   1.371053e-04   1.209554e-16   2544
  1.960480e-01   6.212601e-15   1.009875e-04   1.370209e-16   2160
  1.965096e-01   6.526476e-15   1.745958e-04   1.316389e-16   2652
  1.970194e-01   5.913517e-15   1.382439e-04   1.131456e-16   2784
  1.975101e-01   6.319716e-15   1.365199e-04   1.168908e-16   2694
  1.980185e-01   5.909385e-15   1.226932e-04   1.122837e-16   2952
  1.984602e-01   6.357027e-15   1.162128e-04   1.342211e-16   2208
  1.989102e-01   6.098760e-15   1.238599e-04   1.274120e-16   2304
  1.994125e-01   5.794333e-15   1.610662e-04   9.436604e-17   3504
  1.999983e-01   6.057985e-15   1.304210e-04   1.260190e-16   2616
  2.004552e-01   5.992205e-15   1.274108e-04   1.194914e-16   2664
  2.008953e-01   5.851330e-15   1.183758e-04   1.182857e-16   2448
  2.013388e-01   6.008809e-15   1.648584e-04   1.199456e-16   2472
  2.018606e-01   6.019851e-15   1.310718e-04   1.081095e-16   3134
  2.023516e-01   6.007736e-15   1.433541e-04   1.198116e-16   2616
  2.028419e-01   5.664975e-15   1.161223e-04   1.140158e-16   2712
  2.033463e-01   5.750497e-15   1.331755e-04   1.044799e-16   3204
  2.038284e-01   5.651734e-15   1.533782e-04   1.133215e-16   2760
  2.042862e-01   5.561157e-15   1.338200e-04   1.085394e-16   2688
  2.047911e-01   5.714419e-15   1.265264e-04   1.136776e-16   2760
  2.052376e-01   5.423323e-15   1.044749e-04   1.113257e-16   2568
  2.057517e-01   5.417702e-15   1.622443e-04   9.393186e-17   3336
  2.062452e-01   5.636390e-15   1.373220e-04   1.159081e-16   2334
  2.067435e-01   5.426180e-15   1.519616e-04   9.806068e-17   3264
  2.072092e-01   5.743691e-15   1.104877e-04   1.181107e-16   2760
  2.076868e-01   5.377856e-15   1.334378e-04   9.614542e-17   3192
  2.081730e-01   5.489179e-15   1.385370e-04   1.095177e-16   2904
  2.086902e-01   5.408026e-15   1.390027e-04   1.057366e-16   2784
  2.091231e-01   5.710977e-15   1.144018e-04   1.176991e-16   2592
  2.096156e-01   5.241010e-15   1.559460e-04   9.171660e-17   3284
  2.101389e-01   5.375581e-15   1.566406e-04   9.943040e-17   3168
  2.106071e-01   5.367908e-15   1.292397e-04   1.046509e-16   2616
  2.110994e-01   5.045717e-15   1.248775e-04   9.527112e-17   3222
  2.115781e-01   5.297723e-15   1.401164e-04   9.144596e-17   3240
  2.120418e-01   5.439251e-15   1.417503e-04   1.138924e-16   2568
  2.125690e-01   5.473560e-15   1.300629e-04   1.050152e-16   3120
  2.130097e-01   5.476519e-15   1.429850e-04   1.028302e-16   3168
  2.134838e-01   5.113772e-15   1.251725e-04   9.962029e-17   3240
  2.140024e-01   5.066845e-15   1.284239e-04   9.068280e-17   3144
  2.145062e-01   4.940888e-15   1.224103e-04   9.220332e-17   2856
  2.149823e-01   5.069268e-15   1.307392e-04   8.858843e-17   3264
  2.155212e-01   5.120572e-15   1.444609e-04   9.181240e-17   3318
  2.159452e-01   5.262468e-15   1.011723e-04   1.168828e-16   2556
  2.164506e-01   4.981840e-15   1.728209e-04   8.107155e-17   4008
  2.169623e-01   5.114910e-15   1.275720e-04   1.009679e-16   2904
  2.174000e-01   4.876697e-15   1.304469e-04   8.666586e-17   3144
  2.178983e-01   4.786503e-15   1.359922e-04   9.003224e-17   3200
  2.184140e-01   4.801545e-15   1.341212e-04   8.589436e-17   3312
  2.188763e-01   5.030124e-15   1.080957e-04   9.813430e-17   2832
  2.193924e-01   4.862807e-15   1.555565e-04   7.987686e-17   3984
  2.198717e-01   5.208221e-15   1.264601e-04   1.146092e-16   2238
  2.203092e-01   4.905001e-15   1.488218e-04   8.346436e-17   3984
  2.208520e-01   4.774200e-15   1.414250e-04   8.698151e-17   3384
  2.213029e-01   5.146984e-15   1.321942e-04   9.907878e-17   3048
  2.217737e-01   4.619922e-15   1.213801e-04   8.696211e-17   3096
  2.222656e-01   4.932749e-15   1.375807e-04   8.119602e-17   3708
  2.227545e-01   4.617929e-15   1.304078e-04   9.196005e-17   2784
  2.232087e-01   4.970248e-15   1.354535e-04   8.707841e-17   3648
  2.237247e-01   4.738924e-15   1.394108e-04   8.268707e-17   3888
  2.242738e-01   4.546578e-15   1.488252e-04   8.367285e-17   2958
  2.246837e-01   4.613267e-15   1.270361e-04   8.013632e-17   3264
  2.251777e-01   4.958151e-15   1.402443e-04   9.263715e-17   3160
  2.256445e-01   4.484994e-15   1.271016e-04   7.749427e-17   3736
  2.260868e-01   4.624957e-15   1.158193e-04   8.916246e-17   3216
  2.266085e-01   4.677977e-15   1.419303e-04   7.646850e-17   4032
  2.271526e-01   4.599619e-15   1.295798e-04   7.744790e-17   3528
  2.276165e-01   4.669330e-15   1.143819e-04   8.438007e-17   3192
  2.280803e-01   4.459017e-15   1.252686e-04   7.977608e-17   3456
  2.285834e-01   4.499826e-15   1.298903e-04   8.486990e-17   3060
  2.290876e-01   4.559520e-15   1.544545e-04   7.359141e-17   4518
  2.295790e-01   4.545057e-15   1.375990e-04   7.771243e-17   3528
  2.300307e-01   4.644108e-15   1.155591e-04   9.190545e-17   3024
  2.305122e-01   4.338483e-15   1.564624e-04   7.437248e-17   3672
  2.310028e-01   4.479487e-15   1.342922e-04   7.833164e-17   3864
  2.315474e-01   4.357988e-15   1.423480e-04   7.261210e-17   3816
  2.319928e-01   4.372467e-15   1.295052e-04   7.657317e-17   3456
  2.324198e-01   4.442531e-15   1.172315e-04   8.703810e-17   2688
  2.329230e-01   4.408816e-15   1.390930e-04   6.928071e-17   4248
  2.334218e-01   4.411083e-15   1.332244e-04   7.515238e-17   3926
  2.339228e-01   4.339068e-15   1.406621e-04   7.623764e-17   3504
  2.344067e-01   4.493090e-15   1.257540e-04   7.356852e-17   3960
  2.349411e-01   4.284083e-15   1.415697e-04   7.357914e-17   3684
  2.353994e-01   4.167384e-15   1.415603e-04   6.987658e-17   4104
  2.358576e-01   4.394111e-15   1.342621e-04   7.986415e-17   3144
  2.363498e-01   4.258581e-15   1.470632e-04   6.847999e-17   4224
  2.368909e-01   4.188811e-15   1.305314e-04   6.751542e-17   4008
  2.373532e-01   4.317509e-15   1.436052e-04   7.519571e-17   3312
  2.378293e-01   4.256605e-15   1.428317e-04   7.493156e-17   3726
  2.383356e-01   4.279812e-15   1.467057e-04   7.224762e-17   3936
  2.387852e-01   4.412946e-15   1.512247e-04   7.735185e-17   3888
  2.392518e-01   4.294683e-15   1.429975e-04   7.210890e-17   3864
  2.397372e-01   4.191263e-15   1.520184e-04   7.177082e-17   3888
  2.402373e-01   4.020047e-15   1.433767e-04   6.712278e-17   4080
  2.407309e-01   4.231221e-15   1.521663e-04   7.516643e-17   3400
  2.412345e-01   4.178249e-15   1.395519e-04   6.470001e-17   4588
  2.417438e-01   4.205847e-15   1.381276e-04   7.181317e-17   3816
  2.421888e-01   4.210953e-15   1.308874e-04   7.015326e-17   3534
  2.426599e-01   4.374878e-15   1.292818e-04   7.098754e-17   4080
  2.431528e-01   4.335005e-15   1.351361e-04   6.942178e-17   4248
  2.436477e-01   4.268137e-15   1.361762e-04   7.905842e-17   3528
  2.441045e-01   4.335014e-15   1.392215e-04   6.996075e-17   4248
  2.445661e-01   4.119196e-15   1.361726e-04   7.088323e-17   3696
  2.450802e-01   4.212774e-15   1.412982e-04   6.483223e-17   4560
  2.455678e-01   4.172997e-15   1.323495e-04   6.964306e-17   3864
  2.460685e-01   4.044012e-15   1.441083e-04   6.340988e-17   4440
  2.465431e-01   4.066178e-15   1.344565e-04   7.729256e-17   3432
  2.470417e-01   4.096872e-15   1.318374e-04   6.526523e-17   4470
  2.475323e-01   4.188515e-15   1.171596e-04   6.814838e-17   4188
  2.480144e-01   4.160852e-15   1.500979e-04   6.524183e-17   4392
  2.484933e-01   4.277011e-15   1.161150e-04   7.575691e-17   3960
  2.489913e-01   4.223342e-15   1.311762e-04   6.835279e-17   4328
  2.494737e-01   4.079483e-15   1.365155e-04   6.598444e-17   4320
  2.499612e-01   4.102909e-15   1.427527e-04   6.445240e-17   4152
  2.504133e-01   4.424769e-15   1.194148e-04   8.032519e-17   3528
  2.509246e-01   4.021982e-15   1.292483e-04   6.084555e-17   4512
  2.514030e-01   4.142599e-15   1.321235e-04   6.976558e-17   4134
  2.518889e-01   4.287220e-15   1.407559e-04   6.261466e-17   5208
  2.523561e-01   4.207006e-15   1.226327e-04   7.585645e-17   3240
  2.528396e-01   4.396545e-15   1.352583e-04   6.891311e-17   4680
  2.533316e-01   4.097195e-15   1.339167e-04   6.693192e-17   4440
  2.538242e-01   3.870708e-15   1.517493e-04   6.260270e-17   4260
  2.542967e-01   4.014815e-15   1.238886e-04   6.803954e-17   4056
  2.547833e-01   3.983314e-15   1.373522e-04   6.047634e-17   4704
  2.552940e-01   4.193911e-15   1.598328e-04   6.507322e-17   4800
  2.558338e-01   4.023302e-15   1.384828e-04   6.018187e-17   4806
  2.563004e-01   4.512843e-15   1.380453e-04   8.389708e-17   3552
  2.567447e-01   3.969372e-15   1.384155e-04   6.762229e-17   4304
  2.572463e-01   4.055477e-15   1.342317e-04   5.941064e-17   5280
  2.577424e-01   4.027332e-15   1.287726e-04   6.370447e-17   4320
  2.582120e-01   3.977338e-15   1.454180e-04   6.441207e-17   4296
  2.587071e-01   4.094804e-15   1.616686e-04   6.127925e-17   4608
  2.592079e-01   4.070257e-15   1.548872e-04   6.154872e-17   4824
  2.597037e-01   3.945534e-15   1.462245e-04   6.256005e-17   4488
  2.602357e-01   4.127990e-15   1.365163e-04   6.686423e-17   4530
  2.606750e-01   3.938867e-15   1.332969e-04   6.213408e-17   4464
  2.611146e-01   4.066721e-15   1.256224e-04   6.628315e-17   4104
  2.616192e-01   3.894022e-15   1.354472e-04   5.567627e-17   5424
  2.621157e-01   4.005440e-15   1.458006e-04   6.270213e-17   4392
  2.626209e-01   4.098809e-15   1.427447e-04   6.344982e-17   4896
  2.630796e-01   3.945497e-15   1.399190e-04   6.468421e-17   4104
  2.635583e-01   4.139963e-15   1.261700e-04   6.560906e-17   4824
  2.640634e-01   3.817779e-15   1.205890e-04   6.013397e-17   4680
  2.645034e-01   3.826041e-15   1.233362e-04   6.066455e-17   4328
  2.650142e-01   3.907061e-15   1.421747e-04   5.748270e-17   5118
  2.655274e-01   4.047564e-15   1.647184e-04   6.054742e-17   5304
  2.659905e-01   4.167381e-15   1.297081e-04   6.752387e-17   4392
  2.664951e-01   3.999130e-15   1.301864e-04   6.306226e-17   4476
  2.669364e-01   3.822566e-15   1.292906e-04   5.918480e-17   4704
  2.674274e-01   3.919262e-15   1.564908e-04   5.630014e-17   5208
  2.679435e-01   3.743642e-15   1.319479e-04   5.735465e-17   5304
  2.684190e-01   3.891675e-15   1.413346e-04   6.199451e-17   4296
  2.689066e-01   3.980476e-15   1.340217e-04   6.123491e-17   4752
  2.694189e-01   3.769030e-15   1.345359e-04   5.689863e-17   4950
  2.698794e-01   3.884527e-15   1.406262e-04   5.904282e-17   5064
  2.703399e-01   3.914320e-15   1.178265e-04   6.155671e-17   4872
  2.708057e-01   3.832882e-15   1.240390e-04   6.749550e-17   4224
  2.713029e-01   3.890762e-15   1.370167e-04   5.460161e-17   6120
  2.718321e-01   3.702282e-15   1.507358e-04   5.567897e-17   4968
  2.723121e-01   3.896713e-15   1.333881e-04   6.205947e-17   4424
  2.728088e-01   3.897598e-15   1.703749e-04   5.920762e-17   5436
  2.732993e-01   3.739942e-15   1.452596e-04   5.784909e-17   4896
  2.737736e-01   3.625801e-15   1.390702e-04   5.548771e-17   5214
  2.742308e-01   3.926449e-15   1.182169e-04   6.240289e-17   4656
  2.747387e-01   3.936530e-15   1.503032e-04   6.073889e-17   5448
  2.752241e-01   3.828001e-15   1.269422e-04   6.126665e-17   4992
  2.756994e-01   3.893726e-15   1.404898e-04   6.105969e-17   5400
  2.762219e-01   3.885395e-15   1.557062e-04   5.671863e-17   5328
  2.767032e-01   3.654431e-15   1.392299e-04   5.615827e-17   4776
  2.771561e-01   3.705460e-15   1.308295e-04   5.609994e-17   4800
  2.776593e-01   3.734824e-15   1.682401e-04   4.987083e-17   6552
  2.781857e-01   3.801937e-15   1.271030e-04   6.788139e-17   3942
  2.786419e-01   3.660584e-15   1.601990e-04   5.256091e-17   6072
  2.791470e-01   3.827368e-15   1.244164e-04   6.523298e-17   4692
  2.795705e-01   3.809141e-15   1.298888e-04   5.742897e-17   4944
  2.800665e-01   3.698461e-15   1.394107e-04   5.103671e-17   5840
  2.805759e-01   3.618117e-15   1.492333e-04   5.559777e-17   5712
  2.810773e-01   3.635819e-15   1.250671e-04   5.808530e-17   4800
  2.815348e-01   3.653220e-15   1.656330e-04   5.486569e-17   5688
  2.820359e-01   3.650153e-15   1.306810e-04   5.695539e-17   4848
  2.825324e-01   2.982827e-15   1.454557e-04   5.178256e-17   5406
  2.830037e-01   1.536775e-25   1.312973e-04   2.117195e-27   5568
  2.834769e-01   1.496152e-25   1.180275e-04   2.083383e-27   5736
  2.839884e-01   1.525011e-25   1.465826e-04   2.165433e-27   5280
  2.844524e-01   1.480211e-25   1.355263e-04   2.011641e-27   5592
  2.849301e-01   1.456816e-25   1.551417e-04   2.121190e-27   4968
  2.854352e-01   1.556937e-25   1.391053e-04   2.099911e-27   5964
  2.859279e-01   1.472563e-25   1.397517e-04   2.031138e-27   5376
  2.863756e-01   1.433788e-25   1.349389e-04   2.043940e-27   5472
  2.868946e-01   1.481793e-25   1.281532e-04   2.067899e-27   5472
  2.873693e-01   1.418673e-25   1.457059e-04   1.991221e-27   5415
  2.878292e-01   1.393929e-25   1.281660e-04   1.974102e-27   5096
  2.883268e-01   1.352359e-25   1.648183e-04   1.822314e-27   6372
  2.888302e-01   1.408995e-25   1.337920e-04   2.207275e-27   4656
  2.892814e-01   1.377190e-25   1.460580e-04   1.841971e-27   5844
  2.897668e-01   1.385426e-25   1.284189e-04   1.926585e-27   5508
  2.902812e-01   1.395027e-25   1.456803e-04   1.836301e-27   6324
  2.907860e-01   1.313524e-25   1.251396e-04   1.990752e-27   4752
  2.912474e-01   1.386410e-25   1.401041e-04   1.889589e-27   5676
  2.917468e-01   1.343052e-25   1.281684e-04   1.913350e-27   5472
  2.922209e-01   1.297593e-25   1.445704e-04   1.792883e-27   5556
  2.927301e-01   1.285289e-25   1.408810e-04   1.766868e-27   5436
  2.932217e-01   1.278325e-25   1.442016e-04   1.788645e-27   5916
  2.937264e-01   1.262737e-25   1.500331e-04   1.730890e-27   5520
  2.941809e-01   1.250724e-25   1.364480e-04   1.803812e-27   5280
  2.946466e-01   1.298749e-25   1.340724e-04   2.018711e-27   4416
  2.951720e-01   1.232492e-25   1.306879e-04   1.654491e-27   6260
  2.956655e-01   1.206682e-25   1.554038e-04   1.672008e-27   5940
  2.961126e-01   1.211501e-25   1.217066e-04   2.009958e-27   4188
  2.966047e-01   1.161742e-25   1.556122e-04   1.533816e-27   6360
  2.971222e-01   1.200261e-25   1.387995e-04   1.779189e-27   5256
  2.976029e-01   1.195963e-25   1.312113e-04   1.897512e-27   4848
  2.980147e-01   1.116789e-25   1.189499e-04   1.699825e-27   4704
  2.985217e-01   1.134060e-25   1.459205e-04   1.599719e-27   5784
  2.990374e-01   1.092765e-25   1.544008e-04   1.525995e-27   5820
  2.995352e-01   1.128189e-25   1.383100e-04   1.613176e-27   5700
  3.000361e-01   1.120274e-25   1.282634e-04   1.622729e-27   5232
  3.005375e-01   1.107752e-25   1.423193e-04   1.641312e-27   4932
  3.009817e-01   1.109887e-25   1.224997e-04   1.758833e-27   4716
  3.014485e-01   1.095052e-25   1.560382e-04   1.559298e-27   5616
  3.019287e-01   1.017755e-25   1.378046e-04   1.512359e-27   5184
  3.024240e-01   1.019372e-25   1.390111e-04   1.567333e-27   5064
  3.028912e-01   9.946199e-26   1.423406e-04   1.474732e-27   5544
  3.034093e-01   1.022770e-25   1.428860e-04   1.493306e-27   5192
  3.038807e-01   1.007914e-25   1.284053e-04   1.486946e-27   5244
  3.043764e-01   9.711512e-26   1.389360e-04   1.473903e-27   5112
  3.048691e-01   9.972307e-26   1.275010e-04   1.493580e-27   5040
  3.053213e-01   9.506700e-26   1.340439e-04   1.413863e-27   5124
  3.058494e-01   9.598756e-26   1.504823e-04   1.397363e-27   5952
  3.063369e-01   9.534678e-26   1.318531e-04   1.442483e-27   4824
  3.067788e-01   9.400389e-26   1.330892e-04   1.555895e-27   4536
  3.072903e-01   9.274469e-26   1.414616e-04   1.328273e-27   5712
  3.078157e-01   9.512981e-26   1.547976e-04   1.405035e-27   5352
  3.083112e-01   9.017419e-26   1.348344e-04   1.338244e-27   5004
  3.087539e-01   8.839717e-26   1.348711e-04   1.346288e-27   4800
  3.092296e-01   8.808211e-26   1.449374e-04   1.328817e-27   5148
  3.097567e-01   8.903643e-26   1.505363e-04   1.271394e-27   5664
  3.102329e-01   8.377317e-26   1.352034e-04   1.354074e-27   4692
  3.106729e-01   8.722780e-26   1.256056e-04   1.438963e-27   4008
  3.111861e-01   8.271383e-26   1.439712e-04   1.160110e-27   5852
  3.117078e-01   8.211941e-26   1.363273e-04   1.212886e-27   5784
  3.121712e-01   8.227101e-26   1.256700e-04   1.346157e-27   4392
  3.126481e-01   8.322661e-26   1.232703e-04   1.309968e-27   4944
  3.131489e-01   8.043277e-26   1.453336e-04   1.268582e-27   4776
  3.136211e-01   7.756943e-26   1.398188e-04   1.156745e-27   5244
  3.141336e-01   7.821378e-26   1.395722e-04   1.146551e-27   4884
  3.145636e-01   7.434433e-26   1.183681e-04   1.181604e-27   4488
  3.150636e-01   7.609310e-26   1.406525e-04   1.166719e-27   5160
  3.155671e-01   7.966086e-26   1.432039e-04   1.158007e-27   5316
  3.160521e-01   7.179058e-26   1.447892e-04   1.106290e-27   4896
  3.165249e-01   7.840425e-26   1.345344e-04   1.339006e-27   4188
  3.170014e-01   7.129935e-26   1.467406e-04   1.097013e-27   4836
  3.174880e-01   7.334081e-26   1.455680e-04   1.064048e-27   5316
  3.179808e-01   6.890697e-26   1.347408e-04   9.935986e-28   4920
  3.184417e-01   7.602960e-26   1.357413e-04   1.266535e-27   4128
  3.189362e-01   6.892514e-26   1.460260e-04   1.013150e-27   5348
  3.194229e-01   7.113114e-26   1.267067e-04   1.118539e-27   4836
  3.198876e-01   6.922163e-26   1.365306e-04   1.208974e-27   4392
  3.203882e-01   6.840307e-26   1.199532e-04   1.108932e-27   4632
  3.208388e-01   6.634160e-26   1.340287e-04   1.037704e-27   4596
  3.213563e-01   6.679688e-26   1.347844e-04   1.002339e-27   5424
  3.218683e-01   6.233866e-26   1.387362e-04   9.050886e-28   5256
  3.223958e-01   6.424689e-26   1.409032e-04   1.026337e-27   4524
  3.228350e-01   6.640437e-26   1.340268e-04   1.115176e-27   4440
  3.233270e-01   6.442854e-26   1.146101e-04   1.008647e-27   4380
  3.238085e-01   6.143529e-26   1.499870e-04   9.610376e-28   4812
  3.243210e-01   6.268390e-26   1.489725e-04   9.100159e-28   5376
  3.247896e-01   5.903497e-26   1.189892e-04   1.012158e-27   3888
  3.252385e-01   6.255481e-26   1.362564e-04   9.607355e-28   4896
  3.257395e-01   6.046831e-26   1.437728e-04   9.754860e-28   4608
  3.262654e-01   6.226285e-26   1.357127e-04   9.787850e-28   4448
  3.267232e-01   5.487376e-26   1.400926e-04   8.582250e-28   4752
  3.272056e-01   5.939858e-26   1.467382e-04   1.006877e-27   4356
  3.277129e-01   5.692373e-26   1.412082e-04   8.769786e-28   5232
  3.282173e-01   5.428060e-26   1.423025e-04   8.606729e-28   4548
  3.287063e-01   5.571859e-26   1.383360e-04   8.639924e-28   4608
  3.291837e-01   5.578027e-26   1.256671e-04   9.886353e-28   3936
  3.296343e-01   5.562255e-26   1.502088e-04   9.545301e-28   4260
  3.301407e-01   5.365157e-26   1.346643e-04   8.090698e-28   5004
  3.306038e-01   5.495253e-26   1.330711e-04   9.337525e-28   4224
  3.311115e-01   5.286581e-26   1.437697e-04   8.536066e-28   4788
  3.316047e-01   5.424683e-26   1.511985e-04   8.965518e-28   4428
  3.320852e-01   5.218670e-26   1.263467e-04   8.974561e-28   4080
  3.325477e-01   5.307207e-26   1.381486e-04   8.000476e-28   4632
  3.330347e-01   4.958946e-26   1.436640e-04   8.702390e-28   4056
  3.335467e-01   4.969232e-26   1.352621e-04   7.849153e-28   4536
  3.340144e-01   5.179814e-26   1.379585e-04   8.170322e-28   4668
  3.345266e-01   4.664554e-26   1.478669e-04   7.492493e-28   4604
  3.350255e-01   4.892296e-26   1.328598e-04   7.976966e-28   4152
  3.354859e-01   4.960895e-26   1.287622e-04   8.365373e-28   4224
  3.359739e-01   4.712936e-26   1.237953e-04   7.962870e-28   4152
  3.364615e-01   4.988762e-26   1.404246e-04   8.283977e-28   4224
  3.369356e-01   4.669349e-26   1.298644e-04   7.835185e-28   3960
  3.373922e-01   4.603241e-26   1.340119e-04   7.223331e-28   4656
  3.378910e-01   4.470517e-26   1.445961e-04   7.083750e-28   4452
  3.384025e-01   4.417042e-26   1.470057e-04   7.956534e-28   4056
  3.388784e-01   4.490025e-26   1.456648e-04   7.476316e-28   4212
  3.393606e-01   4.859078e-26   1.210536e-04   8.969864e-28   3432
  3.398492e-01   4.347361e-26   1.548628e-04   6.512285e-28   5352
  3.403267e-01   4.399953e-26   1.134185e-04   8.083328e-28   3600
  3.408466e-01   4.277696e-26   1.251027e-04   6.911350e-28   4584
  3.413005e-01   4.507905e-26   1.247343e-04   8.106015e-28   3768
  3.417680e-01   4.281870e-26   1.331557e-04   7.690499e-28   3848
  3.422347e-01   4.254369e-26   1.220886e-04   7.792495e-28   3720
  3.427639e-01   4.007849e-26   1.532392e-04   6.319824e-28   4764
  3.432311e-01   4.198951e-26   1.234001e-04   6.974824e-28   3864
  3.437109e-01   4.202735e-26   1.528459e-04   6.870046e-28   4332
  3.442342e-01   3.965342e-26   1.304937e-04   6.890592e-28   3792
  3.447018e-01   3.894194e-26   1.480185e-04   6.364398e-28   4284
  3.451974e-01   3.819800e-26   1.401572e-04   7.245439e-28   3840
  3.456664e-01   3.616114e-26   1.334113e-04   6.617395e-28   3480
  3.461427e-01   3.663518e-26   1.488614e-04   5.745890e-28   4380
  3.466576e-01   3.839730e-26   1.398292e-04   6.442413e-28   4200
  3.471635e-01   3.930997e-26   1.344014e-04   6.603488e-28   4056
  3.476333e-01   3.643707e-26   1.350788e-04   6.801768e-28   3600
  3.480735e-01   3.829475e-26   1.345848e-04   7.072164e-28   3492
  3.485878e-01   3.589713e-26   1.571647e-04   5.818376e-28   4500
  3.491126e-01   3.856906e-26   1.376975e-04   6.851481e-28   3516
  3.495636e-01   3.769718e-26   1.439500e-04   6.672725e-28   3968
  3.500690e-01   3.505202e-26   1.383484e-04   6.218548e-28   3648
  3.505165e-01   3.575891e-26   1.322992e-04   6.266059e-28   4224
  3.510237e-01   3.267613e-26   1.484940e-04   5.941304e-28   3588
  3.514997e-01   3.505942e-26   1.369683e-04   6.566526e-28   3456
  3.519786e-01   3.306259e-26   1.216448e-04   5.906215e-28   3660
  3.524735e-01   3.333884e-26   1.335194e-04   5.973179e-28   3768
  3.529347e-01   3.397579e-26   1.350276e-04   5.888971e-28   3744
  3.534301e-01   3.271561e-26   1.482149e-04   5.456028e-28   4176
  3.539572e-01   3.524920e-26   1.367120e-04   6.435098e-28   3612
  3.543928e-01   3.361494e-26   1.485682e-04   6.340480e-28   3216
  3.548913e-01   3.205715e-26   1.436402e-04   6.073231e-28   3624
  3.553925e-01   3.155390e-26   1.350690e-04   5.497464e-28   3744
  3.558768e-01   3.207121e-26   1.441176e-04   5.782937e-28   3672
  3.563547e-01   3.242067e-26   1.306896e-04   5.758544e-28   3852
  3.568482e-01   3.192509e-26   1.345097e-04   5.644007e-28   3672
  3.573731e-01   3.156022e-26   1.310574e-04   6.512169e-28   3248
  3.578115e-01   2.927636e-26   1.341465e-04   5.566834e-28   3336
  3.582900e-01   2.878084e-26   1.365492e-04   5.223067e-28   3576
  3.587793e-01   2.981489e-26   1.159180e-04   5.606808e-28   3336
  3.592778e-01   3.006593e-26   1.376902e-04   5.163249e-28   3936
  3.597697e-01   3.051357e-26   1.466440e-04   5.591563e-28   3408
  3.602575e-01   3.090047e-26   1.291957e-04   6.020548e-28   3336
  3.607316e-01   2.535823e-26   1.451163e-04   4.799965e-28   3312
  3.612054e-01   2.910097e-26   1.469319e-04   5.658254e-28   3432
  3.617101e-01   2.953540e-26   1.273841e-04   6.009417e-28   3144
  3.621706e-01   2.739388e-26   1.382881e-04   5.152759e-28   3456
  3.626887e-01   2.733601e-26   1.329107e-04   4.676973e-28   3792
  3.631568e-01   2.856645e-26   1.305556e-04   5.922899e-28   2868
  3.636625e-01   2.629907e-26   1.352551e-04   4.450990e-28   3888
  3.641351e-01   2.535121e-26   1.174435e-04   5.172906e-28   2784
  3.646004e-01   2.636464e-26   1.341238e-04   5.817108e-28   2964
  3.651086e-01   2.571055e-26   1.381212e-04   4.815997e-28   3432
  3.655924e-01   2.592944e-26   1.429694e-04   4.768182e-28   3416
  3.660820e-01   2.642637e-26   1.528218e-04   4.993281e-28   3528
  3.665830e-01   2.730300e-26   1.226504e-04   5.628249e-28   2904
  3.670262e-01   2.484320e-26   1.375270e-04   5.174659e-28   3072
  3.675416e-01   2.462142e-26   1.544586e-04   4.757422e-28   3216
  3.680569e-01   2.415813e-26   1.250951e-04   5.130583e-28   2844
  3.685093e-01   2.349322e-26   1.431483e-04   4.565692e-28   3432
  3.689737e-01   2.615747e-26   1.150574e-04   5.638171e-28   2880
  3.694925e-01   2.406249e-26   1.524100e-04   4.615061e-28   3576
  3.699812e-01   2.543642e-26   1.362332e-04   5.743799e-28   2700
  3.704492e-01   2.388597e-26   1.530237e-04   4.668765e-28   3000
  3.709392e-01   2.276594e-26   1.270553e-04   4.923799e-28   2556
  3.714151e-01   2.364769e-26   1.361780e-04   4.502684e-28   3360
  3.719070e-01   2.343258e-26   1.323185e-04   4.489271e-28   3120
  3.724371e-01   2.342069e-26   1.557809e-04   4.808898e-28   3216
  3.728935e-01   2.464277e-26   1.098680e-04   5.452494e-28   2628
  3.734065e-01   2.233060e-26   1.452297e-04   4.483318e-28   3200
  3.738745e-01   2.155893e-26   1.370102e-04   5.049588e-28   2232
  3.743471e-01   2.148011e-26   1.563929e-04   4.599634e-28   3108
  3.748177e-01   2.376512e-26   1.373821e-04   5.343263e-28   2604
  3.752991e-01   2.296180e-26   1.479994e-04   4.693470e-28   3096
  3.758288e-01   2.212561e-26   1.348469e-04   4.469553e-28   3084
  3.762884e-01   2.104811e-26   1.376092e-04   4.456254e-28   2664
  3.767621e-01   2.190168e-26   1.213497e-04   5.338526e-28   2232
  3.772262e-01   1.957719e-26   1.494845e-04   4.127630e-28   2808
  3.777344e-01   2.107177e-26   1.412112e-04   4.791441e-28   2592
  3.782089e-01   2.235974e-26   1.449703e-04   4.922367e-28   2952
  3.787074e-01   1.997786e-26   1.368697e-04   4.297791e-28   2772
  3.791921e-01   2.025722e-26   1.471948e-04   4.227150e-28   3036
  3.796993e-01   1.957155e-26   1.427797e-04   4.912121e-28   2136
  3.801616e-01   1.921529e-26   1.138671e-04   4.522031e-28   2496
  3.806364e-01   2.141424e-26   1.516625e-04   5.322664e-28   2228
  3.811316e-01   2.129735e-26   1.413981e-04   4.630082e-28   3048
  3.816243e-01   1.922595e-26   1.350676e-04   4.457032e-28   2676
  3.821140e-01   1.864490e-26   1.345571e-04   3.980603e-28   2784
  3.825820e-01   1.971628e-26   1.307225e-04   4.869438e-28   1920
  3.830514e-01   1.804424e-26   1.395126e-04   4.059936e-28   2400
  3.835600e-01   1.815679e-26   1.279618e-04   4.120859e-28   2532
  3.840860e-01   1.919443e-26   1.421350e-04   4.499413e-28   2544
  3.845592e-01   2.039667e-26   1.486925e-04   4.519604e-28   2772
  3.850254e-01   1.703357e-26   1.392746e-04   4.519112e-28   2160
  3.854884e-01   1.855092e-26   1.500120e-04   4.528608e-28   2304
  3.860241e-01   1.769747e-26   1.467945e-04   4.501101e-28   2328
  3.865043e-01   1.594065e-26   1.407449e-04   3.799383e-28   2304
  3.869492e-01   1.630064e-26   1.330938e-04   4.166975e-28   1908
  3.874552e-01   1.979934e-26   1.488569e-04   4.873445e-28   2736
  3.879425e-01   1.814603e-26   1.410418e-04   4.527284e-28   2448
  3.884609e-01   1.834202e-26   1.318665e-04   4.557308e-28   2040
  3.889299e-01   1.538357e-26   1.372999e-04   4.026897e-28   2120
  3.893809e-01   1.738147e-26   1.138355e-04   4.406837e-28   2040
  3.898664e-01   1.535590e-26   1.412334e-04   4.164749e-28   2208
  3.904158e-01   1.839749e-26   1.268062e-04   4.954662e-28   2208
  3.908608e-01   2.020657e-26   1.405255e-04   5.241569e-28   2196
  3.913207e-01   1.436298e-26   1.236152e-04   3.815415e-28   1848
  3.917886e-01   1.665560e-26   1.401960e-04   4.619488e-28   2124
  3.923120e-01   1.538110e-26   1.470626e-04   3.885805e-28   2328
  3.928231e-01   1.589961e-26   1.497225e-04   4.559195e-28   1920
  3.933200e-01   1.492559e-26   1.374435e-04   4.377179e-28   1548
  3.937619e-01   1.740762e-26   1.507712e-04   4.314700e-28   2388
  3.942832e-01   1.463209e-26   1.395210e-04   4.137827e-28   2160
  3.947606e-01   1.468479e-26   1.269906e-04   4.436250e-28   1704
  3.952179e-01   1.451406e-26   1.430661e-04   4.455214e-28   1776
  3.956506e-01   1.406279e-26   1.338203e-04   4.210640e-28   1800
  3.961977e-01   1.311125e-26   1.544832e-04   3.831301e-28   1700
  3.967087e-01   1.631774e-26   1.390936e-04   4.732874e-28   2292
  3.971846e-01   1.470865e-26   1.291201e-04   4.558524e-28   1704
  3.976337e-01   1.486469e-26   1.443780e-04   4.604479e-28   1728
  3.981255e-01   1.365783e-26   1.336251e-04   4.140871e-28   1728
  3.986075e-01   1.507742e-26   1.334994e-04   4.697318e-28   1680
  3.991202e-01   1.176409e-26   1.537953e-04   3.390757e-28   1704
  3.996310e-01   1.262946e-26   1.207753e-04   3.420565e-28   1752
  4.000877e-01   1.492098e-26   1.435789e-04   4.823302e-28   1872
  4.005817e-01   1.379173e-26   1.407232e-04   4.561470e-28   1500
  4.010829e-01   1.289225e-26   1.232237e-04   4.212854e-28   1656
  4.015697e-01   1.373628e-26   1.321192e-04   4.214891e-28   1464
  4.020023e-01   1.094534e-26   1.157232e-04   3.721677e-28   1488
  4.025329e-01   1.184565e-26   1.396693e-04   3.249581e-28   1680
  4.030178e-01   1.329908e-26   1.459194e-04   4.251955e-28   1692
  4.034716e-01   1.224356e-26   1.397252e-04   4.226076e-28   1128
  4.039751e-01   1.257364e-26   1.345433e-04   3.989265e-28   1536
  4.044663e-01   1.134128e-26   1.402479e-04   3.595318e-28   1616
  4.049637e-01   1.088990e-26   1.352429e-04   3.664737e-28   1476
  4.054650e-01   1.089550e-26   1.488381e-04   4.498107e-28   1176
  4.059124e-01   1.096877e-26   1.599107e-04   3.128628e-28   1656
  4.063997e-01   1.231146e-26   1.404668e-04   5.383971e-28   891
  4.069020e-01   1.059438e-26   1.497388e-04   3.168342e-28   1596
  4.073915e-01   1.006956e-26   1.305762e-04   3.490064e-28   1422
  4.078742e-01   9.950273e-27   1.252138e-04   3.310127e-28   1254
  4.083284e-01   9.477955e-27   1.279202e-04   3.421849e-28   918
  4.088148e-01   1.069128e-26   1.400009e-04   3.049390e-28   1614
  4.093049e-01   8.770775e-27   1.209347e-04   3.703736e-28   798
  4.097922e-01   8.730880e-27   1.550239e-04   2.670215e-28   1458
  4.102863e-01   9.591435e-27   1.419502e-04   2.840605e-28   1374
  4.107747e-01   8.388303e-27   1.212349e-04   3.168443e-28   984
  4.112591e-01   8.995565e-27   1.668024e-04   2.815169e-28   1062
  4.117525e-01   9.563234e-27   1.413965e-04   3.308561e-28   1246
  4.122317e-01   7.623947e-27   1.311095e-04   2.819904e-28   1072
  4.127436e-01   8.097458e-27   1.419832e-04   2.795693e-28   1110
  4.132166e-01   9.084326e-27   1.538182e-04   2.891445e-28   1254
  4.137139e-01   7.893721e-27   1.459816e-04   2.996490e-28   1032
  4.142557e-01   8.860057e-27   1.352509e-04   3.856119e-28   786
  4.146677e-01   8.535432e-27   1.386613e-04   2.852425e-28   1152
  4.151502e-01   7.484384e-27   1.511270e-04   2.484640e-28   1086
  4.156529e-01   6.757362e-27   1.363503e-04   2.359828e-28   912
  4.161175e-01   9.799741e-27   1.366785e-04   3.480363e-28   1062
  4.165917e-01   7.316054e-27   1.362355e-04   2.604118e-28   912
  4.171397e-01   6.306349e-27   1.520835e-04   2.523133e-28   750
  4.175668e-01   8.522172e-27   1.465336e-04   3.006762e-28   1200
  4.180611e-01   7.337826e-27   1.326977e-04   2.978625e-28   918
  4.185524e-01   6.475112e-27   1.377357e-04   2.282964e-28   876
  4.190517e-01   8.119411e-27   1.203534e-04   3.052230e-28   870
  4.194890e-01   7.707660e-27   1.403731e-04   2.981527e-28   768
  4.200015e-01   5.775063e-27   1.286594e-04   2.065728e-28   830
  4.204761e-01   6.980904e-27   1.332096e-04   2.488182e-28   1080
  4.209676e-01   6.861114e-27   1.498783e-04   2.493191e-28   840
  4.214632e-01   5.787821e-27   1.443163e-04   2.182564e-28   798
  4.220251e-01   8.006636e-27   1.145461e-04   3.382433e-28   792
  4.224609e-01   6.202301e-27   1.335978e-04   2.450886e-28   726
  4.229181e-01   5.604045e-27   1.497038e-04   1.788770e-28   864
  4.234189e-01   6.133298e-27   1.281430e-04   2.509961e-28   900
  4.239267e-01   5.433525e-27   1.424135e-04   2.168858e-28   726
  4.243623e-01   5.676000e-27   1.232527e-04   2.364320e-28   576
  4.249434e-01   5.970364e-27   1.282664e-04   2.276467e-28   840
  4.253523e-01   5.855465e-27   1.331485e-04   2.309445e-28   750
  4.258366e-01   5.270310e-27   1.335529e-04   2.072782e-28   720
  4.262936e-01   6.059354e-27   1.351090e-04   2.396955e-28   702
  4.268271e-01   5.671920e-27   1.475571e-04   2.162965e-28   696
  4.272662e-01   5.542749e-27   1.319621e-04   2.563495e-28   480
  4.277837e-01   5.897243e-27   1.250396e-04   2.091832e-28   830
  4.282419e-01   5.828474e-27   1.454616e-04   2.248583e-28   756
  4.287552e-01   5.780021e-27   1.396687e-04   2.484944e-28   624
  4.292083e-01   4.965413e-27   1.475796e-04   2.061781e-28   582
  4.297440e-01   5.485696e-27   1.132706e-04   2.683491e-28   576
  4.302073e-01   5.206624e-27   1.517064e-04   2.084038e-28   624
  4.306823e-01   5.622588e-27   1.238986e-04   2.349181e-28   702
  4.311525e-01   5.043279e-27   1.425165e-04   1.971965e-28   624
  4.317110e-01   5.310761e-27   1.378751e-04   2.171558e-28   672
  4.321659e-01   4.594287e-27   1.032125e-04   2.794781e-28   342
  4.326655e-01   5.176861e-27   1.290292e-04   2.479519e-28   660
  4.331249e-01   4.371455e-27   1.326364e-04   2.148206e-28   576
  4.335992e-01   4.526055e-27   1.289493e-04   2.114823e-28   600
  4.340787e-01   4.485764e-27   1.491476e-04   2.083764e-28   510
  4.346181e-01   5.038381e-27   1.397290e-04   2.226385e-28   600
  4.350341e-01   4.365758e-27   1.112888e-04   2.907409e-28   216
  4.355185e-01   4.483074e-27   1.354577e-04   1.771185e-28   758
  4.360833e-01   4.251842e-27   1.482975e-04   1.851774e-28   576
  4.365782e-01   4.489230e-27   1.259005e-04   1.898741e-28   528
  4.370248e-01   4.680132e-27   8.670054e-05   3.206582e-28   318
  4.375047e-01   4.751287e-27   1.497759e-04   2.067735e-28   540
  4.380721e-01   3.173795e-27   1.058893e-04   1.635174e-28   384
  4.384565e-01   4.514540e-27   1.463022e-04   2.186218e-28   576
  4.389570e-01   3.632604e-27   1.195560e-04   1.724655e-28   414
  4.394302e-01   4.264730e-27   1.335050e-04   1.821264e-28   504
  4.399357e-01   4.865139e-27   1.465573e-04   2.408072e-28   312
  4.404212e-01   3.947611e-27   1.327827e-04   2.238224e-28   414
  4.409029e-01   3.638263e-27   1.226699e-04   1.778836e-28   432
  4.413512e-01   3.820893e-27   1.624587e-04   1.760017e-28   504
  4.418701e-01   4.158106e-27   1.564660e-04   2.083284e-28   432
  4.423558e-01   3.653801e-27   1.281691e-04   1.840894e-28   354
  4.428506e-01   4.068137e-27   1.865017e-04   2.596072e-28   200
  4.432750e-01   3.488340e-27   1.323290e-04   1.774472e-28   480
  4.438485e-01   3.718589e-27   1.512148e-04   1.665062e-28   552
  4.443745e-01   3.569120e-27   9.419478e-05   2.029053e-28   366
  4.447799e-01   3.556582e-27   1.002751e-04   2.635447e-28   240
  4.452261e-01   3.982680e-27   1.401886e-04   2.157313e-28   288
  4.458541e-01   3.773752e-27   9.634579e-05   1.889428e-28   366
  4.462600e-01   2.946164e-27   1.562070e-04   1.461645e-28   408
  4.467132e-01   3.192764e-27   1.174273e-04   1.810279e-28   360
  4.471820e-01   3.332163e-27   1.094619e-04   1.839512e-28   324
  4.476367e-01   3.642861e-27   1.292780e-04   2.956721e-28   174
  4.481783e-01   3.309543e-27   1.485222e-04   2.076550e-28   264
  4.486867e-01   2.948161e-27   1.354596e-04   1.270552e-28   456
  4.491937e-01   3.230737e-27   1.362099e-04   1.884615e-28   360
  4.496105e-01   3.172955e-27   1.500483e-04   2.215603e-28   270
  4.501209e-01   3.512003e-27   1.641082e-04   2.349688e-28   240
  4.507604e-01   4.110751e-27   1.195905e-04   3.513185e-28   120
  4.510747e-01   2.369888e-27   1.248485e-04   1.469241e-28   320
  4.515822e-01   3.046740e-27   1.544785e-04   1.460573e-28   462
  4.521137e-01   3.097398e-27   8.987666e-05   1.684561e-28   276
  4.525754e-01   3.170172e-27   1.019637e-04   3.022507e-28   144
  4.530202e-01   3.742379e-27   1.070818e-04   3.730217e-28   120
  4.536115e-01   2.552297e-27   8.108908e-05   1.321823e-28   294
  4.540583e-01   3.036381e-27   1.438563e-04   1.628470e-28   384
  4.544753e-01   2.727222e-27   9.523196e-05   1.751215e-28   216
  4.548743e-01   4.010500e-27   8.843896e-05   2.947786e-28   168
  4.553251e-01   2.832367e-27   1.052282e-04   2.427612e-28   102
  4.559768e-01   2.561862e-27   1.596520e-04   1.730941e-28   168
  4.564337e-01   2.675916e-27   1.397340e-04   1.311678e-28   384
  4.569346e-01   2.851320e-27   1.419732e-04   1.732971e-28   300
  4.574008e-01   2.948132e-27   1.520225e-04   2.243006e-28   144
  4.579263e-01   2.778959e-27   1.556925e-04   2.542039e-28   102
  4.585568e-01   3.529942e-27   3.685588e-05   3.731063e-28   56
  4.588590e-01   2.524868e-27   1.199932e-04   1.561328e-28   288
  4.593328e-01   2.240759e-27   1.561557e-04   1.193078e-28   360
  4.598487e-01   2.587290e-27   8.376686e-05   1.947541e-28   126
  4.602834e-01   2.234191e-27   4.125612e-05   2.367831e-28   72
  4.607572e-01   2.991635e-27   2.185755e-05   3.211364e-28   48
  4.613754e-01   2.186978e-27   8.842417e-05   1.409921e-28   240
  4.617816e-01   2.669929e-27   1.311982e-04   1.306256e-28   306
  4.621975e-01   2.416938e-27   7.291699e-05   1.895686e-28   120
  4.626766e-01   3.219249e-27   1.794585e-04   3.581314e-28   96
  4.630248e-01   2.978726e-27   0.000000e+00   4.812099e-28   24
  4.638071e-01   2.126771e-27   1.554065e-04   1.811786e-28   120
  4.641905e-01   2.365384e-27   1.343981e-04   1.331998e-28   318
  4.646594e-01   2.602166e-27   1.436227e-04   1.930742e-28   168
  4.651731e-01   2.627143e-27   1.541232e-04   2.769912e-28   72
  4.657357e-01   2.213434e-27   0.000000e+00   4.194323e-28   24
  4.663408e-01   2.570945e-27   7.481195e-05   4.432394e-28   14
  4.666286e-01   2.376074e-27   1.179951e-04   1.202131e-28   288
  4.670757e-01   2.020104e-27   1.419546e-04   1.534762e-28   204
  4.675916e-01   2.707418e-27   2.153808e-05   3.186687e-28   48
  4.680007e-01   4.079060e-27   0.000000e+00   8.822727e-28   24
  4.684739e-01   1.620628e-27   0.000000e+00   5.969681e-28   6
  4.691541e-01   2.230917e-27   8.821950e-05   1.490076e-28   216
  4.695046e-01   2.547112e-27   1.174842e-04   1.817993e-28   192
  4.699334e-01   1.725523e-27   2.143075e-05   2.260730e-28   48
  4.703832e-01   3.121745e-27   1.712353e-04   3.580024e-28   30
  4.716555e-01   2.475389e-27   3.540978e-05   2.549831e-28   96
  4.719167e-01   1.892448e-27   1.160286e-04   1.344513e-28   228
  4.724128e-01   2.813124e-27   1.517284e-04   3.201276e-28   72
  4.730094e-01   1.509159e-27   0.000000e+00   3.621268e-28   6
  4.743680e-01   1.876446e-27   1.145631e-04   1.387764e-28   248
  4.748016e-01   1.975091e-27   1.311235e-04   2.574980e-28   72
  4.753245e-01   1.203711e-27   7.266090e-09   3.506200e-28   6
  4.769053e-01   1.929052e-27   8.141014e-05   1.484023e-28   180
  4.772205e-01   1.569822e-27   1.107713e-04   1.992693e-28   72
  4.776705e-01   1.474576e-27   0.000000e+00   5.048699e-28   6
  4.794278e-01   2.283930e-27   3.483570e-05   2.433048e-28   96
  4.796378e-01   2.404070e-27   9.563861e-05   2.828917e-28   96
  4.800471e-01   2.496216e-27   0.000000e+00   5.341097e-28   6
  4.820778e-01   1.808444e-27   9.153355e-05   1.285093e-28   140
  4.824537e-01   1.394667e-27   0.000000e+00   5.901470e-28   6
  4.846301e-01   1.786411e-27   6.146888e-05   1.557504e-28   96
  4.848898e-01   1.969948e-27   0.000000e+00   2.711810e-28   6
  4.871898e-01   2.310930e-27   3.697860e-05   2.666309e-28   60
  4.873552e-01   1.441431e-27   0.000000e+00   3.285384e-28   6
  4.897713e-01   2.370336e-27   3.748867e-05   3.913582e-28   38
  4.923442e-01   2.580163e-27   1.928513e-05   4.444135e-28   18
  4.949217e-01   4.409929e-27   7.266090e-09   1.238672e-27   6
