# power spectrum of pi_k * H (dimensionless)
# redshift z=78.642623
# k              Pk             sigma(k)       sigma(Pk)      count
  4.487990e-03   1.739336e-11   0.000000e+00   7.011097e-12   6
  6.346976e-03   1.030796e-11   0.000000e+00   2.057635e-12   12
  7.773426e-03   7.805340e-12   8.514949e-11   1.588776e-12   8
  8.975979e-03   2.614057e-11   0.000000e+00   2.812731e-12   6
  1.003545e-02   1.827200e-11   1.605594e-10   5.824898e-12   24
  1.099328e-02   2.620766e-11   1.605594e-10   4.415682e-12   24
  1.269395e-02   1.172643e-11   0.000000e+00   5.277940e-12   12
  1.346397e-02   1.362522e-11   1.816523e-10   2.508470e-12   30
  1.419227e-02   1.706967e-11   0.000000e+00   3.761657e-12   24
  1.488498e-02   1.556696e-11   2.780971e-10   3.859045e-12   24
  1.554685e-02   1.814463e-11   1.702990e-10   3.677560e-12   8
  1.618168e-02   1.537092e-11   2.270653e-10   1.909927e-12   24
  1.679252e-02   1.444241e-11   0.000000e+00   2.029672e-12   48
  1.795196e-02   1.709334e-11   0.000000e+00   7.515737e-12   6
  1.850445e-02   1.363445e-11   2.270653e-10   1.913900e-12   48
  1.904093e-02   1.263014e-11   2.140792e-10   1.314315e-12   36
  1.956269e-02   1.810187e-11   2.270653e-10   3.785691e-12   24
  2.007090e-02   1.062025e-11   3.211188e-10   1.827811e-12   24
  2.056655e-02   9.485994e-12   0.000000e+00   1.289703e-12   48
  2.105054e-02   1.465275e-11   3.211188e-10   2.085809e-12   24
  2.198657e-02   1.163111e-11   3.211188e-10   1.829203e-12   24
  2.243995e-02   7.928500e-12   0.000000e+00   1.297679e-12   30
  2.288435e-02   8.451646e-12   0.000000e+00   9.325951e-13   72
  2.332028e-02   8.240289e-12   3.405980e-10   1.678936e-12   32
  2.416856e-02   1.090685e-11   0.000000e+00   1.264015e-12   72
  2.458173e-02   6.643004e-12   0.000000e+00   9.713034e-13   48
  2.538790e-02   3.504973e-12   0.000000e+00   1.042547e-12   12
  2.597539e-02   6.503175e-12   1.938570e-04   6.019008e-13   96
  2.655130e-02   8.068444e-12   3.211188e-10   1.018112e-12   48
  2.692794e-02   9.665682e-12   3.633045e-10   1.693741e-12   30
  2.757421e-02   8.745559e-12   1.586779e-04   8.220140e-13   96
  2.838454e-02   5.176173e-12   0.000000e+00   9.826103e-13   24
  2.885327e-02   7.256774e-12   1.642099e-04   5.878971e-13   144
  2.942972e-02   5.019915e-12   5.561942e-10   1.232706e-12   24
  3.002225e-02   7.402156e-12   1.456630e-04   8.438239e-13   96
  3.043903e-02   6.462938e-12   0.000000e+00   9.947995e-13   48
  3.137435e-02   7.816343e-12   1.080207e-04   8.826775e-13   62
  3.184971e-02   5.652367e-12   1.519035e-04   6.821653e-13   132
  3.236335e-02   3.698223e-12   4.541306e-10   6.594164e-13   24
  3.284837e-02   5.763995e-12   1.518246e-04   4.887970e-13   168
  3.373431e-02   6.646274e-12   1.492698e-04   5.553824e-13   96
  3.439955e-02   4.450279e-12   1.270423e-04   4.202525e-13   96
  3.521583e-02   4.606119e-12   1.416056e-04   3.797013e-13   168
  3.590392e-02   6.247173e-12   0.000000e+00   2.745136e-12   6
  3.618333e-02   5.057718e-12   0.000000e+00   4.909137e-13   96
  3.651563e-02   4.815450e-12   1.100713e-04   4.745708e-13   120
  3.718966e-02   3.811311e-12   1.278125e-04   3.009947e-13   144
  3.754921e-02   4.382535e-12   0.000000e+00   5.906954e-13   48
  3.823245e-02   3.855068e-12   1.304211e-04   4.151519e-13   84
  3.860715e-02   4.232704e-12   8.899106e-10   3.795899e-13   120
  3.894461e-02   3.258503e-12   1.183479e-04   3.739853e-13   80
  3.946692e-02   3.071452e-12   1.201620e-04   2.252726e-13   144
  4.014180e-02   3.833974e-12   6.422377e-10   7.111418e-13   24
  4.047145e-02   4.180356e-12   1.159510e-04   3.488706e-13   150
  4.098576e-02   3.733559e-12   1.203057e-04   2.725557e-13   120
  4.155056e-02   3.358182e-12   1.096333e-04   2.840246e-13   168
  4.210107e-02   4.946299e-12   6.422377e-10   8.271681e-13   24
  4.244743e-02   2.902157e-12   1.181082e-04   1.841337e-13   264
  4.281269e-02   2.299553e-12   6.422377e-10   3.223283e-13   48
  4.343532e-02   2.961358e-12   1.093985e-04   2.440142e-13   144
  4.412543e-02   3.585572e-12   1.076845e-04   4.382365e-13   72
  4.451927e-02   2.827696e-12   1.107671e-04   1.805333e-13   180
  4.506982e-02   2.960200e-12   8.025835e-05   2.206281e-13   198
  4.532647e-02   3.129004e-12   0.000000e+00   3.439807e-13   48
  4.589413e-02   2.500801e-12   1.086319e-04   1.882772e-13   168
  4.631540e-02   2.934580e-12   1.087222e-04   2.679095e-13   144
  4.695270e-02   2.731008e-12   1.527607e-04   1.428820e-13   248
  4.781330e-02   1.924964e-12   1.053161e-04   1.353094e-13   192
  4.839932e-02   2.498582e-12   1.626762e-04   1.640097e-13   240
  4.875204e-02   2.714258e-12   0.000000e+00   2.941891e-13   72
  4.929001e-02   2.795536e-12   9.927197e-05   2.440337e-13   126
  4.962939e-02   2.953840e-12   9.159181e-05   2.331074e-13   168
  5.027740e-02   2.750937e-12   1.001546e-04   1.534663e-13   288
  5.095853e-02   2.488588e-12   5.274950e-05   2.125422e-13   156
  5.131126e-02   2.122056e-12   8.873998e-05   1.847309e-13   168
  5.184617e-02   2.232143e-12   1.521290e-04   1.370778e-13   264
  5.233850e-02   2.073611e-12   0.000000e+00   2.547178e-13   48
  5.270435e-02   2.093318e-12   1.514052e-04   1.369855e-13   264
  5.322882e-02   2.128894e-12   8.924381e-05   1.767965e-13   144
  5.362492e-02   2.339052e-12   1.825884e-04   2.659591e-13   78
  5.420192e-02   1.903576e-12   1.186900e-04   1.051652e-13   336
  5.474604e-02   1.757602e-12   9.030373e-05   1.192352e-13   200
  5.510338e-02   1.707473e-12   1.768159e-04   1.298711e-13   192
  5.558581e-02   2.105808e-12   8.873069e-05   1.494082e-13   240
  5.602902e-02   2.235259e-12   1.778215e-04   1.545181e-13   168
  5.648434e-02   1.835435e-12   1.423690e-04   1.577975e-13   120
  5.703118e-02   2.017364e-12   1.112738e-04   1.072437e-13   324
  5.756179e-02   1.802869e-12   8.748012e-05   1.228309e-13   192
  5.792293e-02   2.009008e-12   1.568908e-04   1.452045e-13   168
  5.853721e-02   1.506569e-12   1.292197e-04   8.274306e-14   342
  5.909109e-02   2.055526e-12   1.040479e-04   1.055589e-13   336
  5.965251e-02   2.259905e-12   7.962394e-05   2.491264e-13   72
  6.003109e-02   1.801425e-12   1.273478e-04   1.198406e-13   288
  6.047058e-02   1.776853e-12   8.293768e-05   1.287051e-13   264
  6.108439e-02   1.570095e-12   1.090835e-04   8.501057e-14   384
  6.163419e-02   1.635249e-12   1.309286e-04   1.226144e-13   240
  6.186267e-02   1.706615e-12   0.000000e+00   2.083989e-13   48
  6.252352e-02   1.676855e-12   1.071736e-04   8.442070e-14   392
  6.302771e-02   1.538811e-12   1.176177e-04   8.743239e-14   294
  6.356985e-02   1.519661e-12   7.644534e-05   1.132743e-13   228
  6.392640e-02   1.790224e-12   1.160935e-04   1.168387e-13   216
  6.437004e-02   1.483381e-12   7.071608e-05   7.845405e-14   336
  6.491309e-02   1.564932e-12   8.402231e-05   8.917642e-14   360
  6.536140e-02   1.683566e-12   1.280140e-04   1.038806e-13   240
  6.582853e-02   1.543429e-12   1.514699e-04   1.084843e-13   168
  6.626426e-02   1.403469e-12   1.192252e-04   7.968074e-14   312
  6.678338e-02   1.396842e-12   7.461529e-05   7.088906e-14   336
  6.734419e-02   1.495646e-12   1.017891e-04   9.094287e-14   294
  6.776702e-02   1.674218e-12   1.356641e-04   1.030531e-13   288
  6.809058e-02   1.172841e-12   8.488954e-05   7.639819e-14   264
  6.866755e-02   1.353523e-12   1.458184e-04   6.823458e-14   480
  6.914996e-02   1.494085e-12   7.133389e-05   8.916345e-14   240
  6.974139e-02   1.462619e-12   7.213111e-05   8.537022e-14   276
  7.020800e-02   1.355070e-12   1.583420e-04   5.682481e-14   488
  7.076234e-02   1.527484e-12   6.973720e-05   1.346015e-13   240
  7.108411e-02   1.387246e-12   1.354117e-04   6.900459e-14   360
  7.153530e-02   1.164243e-12   4.817743e-05   8.606860e-14   198
  7.211554e-02   1.123156e-12   1.627935e-04   4.873722e-14   480
  7.254038e-02   1.120893e-12   6.008787e-05   6.761929e-14   288
  7.312796e-02   1.280658e-12   1.270121e-04   6.077980e-14   480
  7.365633e-02   1.293296e-12   7.825550e-05   5.512505e-14   480
  7.419894e-02   1.124334e-12   1.012105e-04   7.490495e-14   288
  7.453749e-02   1.265965e-12   1.079729e-04   7.215355e-14   288
  7.506996e-02   1.189844e-12   1.877112e-04   5.764715e-14   456
  7.560610e-02   1.315643e-12   1.767802e-04   6.510931e-14   360
  7.595177e-02   1.168515e-12   1.059672e-04   7.264917e-14   180
  7.645202e-02   9.830633e-13   1.154112e-04   4.185935e-14   486
  7.695907e-02   1.100208e-12   1.535340e-04   4.944089e-14   504
  7.747462e-02   1.165178e-12   1.192882e-04   5.502282e-14   456
  7.790209e-02   1.106156e-12   9.910745e-05   6.451007e-14   296
  7.846686e-02   1.044383e-12   9.779604e-05   4.573702e-14   528
  7.889160e-02   1.048330e-12   9.649931e-05   5.283432e-14   336
  7.951717e-02   1.038100e-12   1.070358e-04   4.297908e-14   600
  7.997507e-02   8.628579e-13   6.270729e-05   5.106448e-14   264
  8.043396e-02   1.007306e-12   6.781049e-05   4.932347e-14   360
  8.090234e-02   9.615560e-13   1.357633e-04   4.188014e-14   630
  8.141847e-02   1.107591e-12   7.007974e-05   5.244092e-14   432
  8.187631e-02   1.051646e-12   1.350259e-04   5.015150e-14   408
  8.243827e-02   9.494798e-13   8.962194e-05   5.122039e-14   324
  8.285635e-02   8.974841e-13   1.277222e-04   3.372182e-14   744
  8.336064e-02   8.535108e-13   1.021054e-04   4.753421e-14   336
  8.384245e-02   9.772266e-13   1.403689e-04   4.243662e-14   528
  8.437080e-02   8.203846e-13   7.162045e-05   4.418618e-14   408
  8.472109e-02   7.936227e-13   1.218981e-04   3.908628e-14   408
  8.529988e-02   8.116429e-13   1.006308e-04   3.672626e-14   470
  8.572148e-02   8.627368e-13   1.208902e-04   3.924596e-14   528
  8.631019e-02   7.324068e-13   1.007343e-04   2.728117e-14   624
  8.674381e-02   8.332502e-13   7.664930e-05   3.870535e-14   504
  8.719116e-02   7.163305e-13   1.067668e-04   3.069013e-14   552
  8.763489e-02   7.776355e-13   5.190111e-05   3.911120e-14   336
  8.819051e-02   8.279317e-13   1.104770e-04   3.645663e-14   528
  8.862093e-02   7.706144e-13   1.257802e-04   3.057371e-14   564
  8.912507e-02   7.191390e-13   1.157674e-04   3.452441e-14   528
  8.967166e-02   7.919979e-13   1.797324e-04   3.444888e-14   582
  9.016871e-02   7.254633e-13   1.383668e-04   2.894164e-14   624
  9.060342e-02   7.005859e-13   1.581799e-04   3.530797e-14   432
  9.112208e-02   7.227069e-13   1.759475e-04   2.455548e-14   816
  9.165576e-02   7.379709e-13   8.018898e-05   4.103937e-14   312
  9.200488e-02   6.409790e-13   1.299641e-04   2.830622e-14   552
  9.256787e-02   6.673904e-13   8.185444e-05   2.477158e-14   744
  9.297574e-02   7.193299e-13   7.646869e-05   3.915904e-14   408
  9.350218e-02   6.226557e-13   1.095830e-04   2.533464e-14   632
  9.404906e-02   7.122029e-13   1.860997e-04   2.643355e-14   750
  9.449396e-02   7.023348e-13   1.280227e-04   3.734001e-14   312
  9.498974e-02   6.437951e-13   1.890077e-04   2.211471e-14   876
  9.548011e-02   5.252863e-13   1.234108e-04   2.169211e-14   552
  9.603265e-02   6.267546e-13   1.020603e-04   2.456931e-14   696
  9.640905e-02   6.260717e-13   1.126552e-04   2.697231e-14   576
  9.692128e-02   5.584528e-13   1.192748e-04   2.583693e-14   576
  9.735848e-02   6.148155e-13   1.598285e-04   2.426668e-14   648
  9.788685e-02   6.060310e-13   1.599783e-04   2.228737e-14   672
  9.847019e-02   5.836088e-13   6.785687e-05   2.773699e-14   480
  9.884355e-02   5.399887e-13   1.050846e-04   1.935051e-14   726
  9.932431e-02   5.921088e-13   1.190745e-04   2.092690e-14   792
  9.984502e-02   5.420297e-13   1.651878e-04   1.983473e-14   768
  1.003938e-01   5.624934e-13   1.350017e-04   2.105459e-14   672
  1.008970e-01   5.418237e-13   9.055629e-05   2.105551e-14   608
  1.012613e-01   5.093437e-13   8.693679e-05   2.002279e-14   624
  1.017809e-01   5.054822e-13   1.129736e-04   1.829112e-14   684
  1.022864e-01   5.093838e-13   1.668752e-04   1.756443e-14   768
  1.027568e-01   5.275818e-13   1.334155e-04   1.804776e-14   744
  1.033173e-01   4.885109e-13   8.400635e-05   1.684560e-14   750
  1.037259e-01   4.580978e-13   1.248642e-04   2.007986e-14   600
  1.041677e-01   4.816068e-13   1.325833e-04   1.954563e-14   600
  1.047135e-01   4.892551e-13   1.527941e-04   1.508460e-14   1008
  1.051470e-01   4.908193e-13   8.474486e-05   1.852990e-14   696
  1.056273e-01   5.022932e-13   1.119517e-04   2.058837e-14   624
  1.061102e-01   4.798507e-13   1.742111e-04   1.781799e-14   840
  1.066588e-01   5.062782e-13   1.185366e-04   1.750418e-14   816
  1.071038e-01   4.487842e-13   7.873478e-05   1.532190e-14   744
  1.075531e-01   4.595955e-13   1.391901e-04   1.931982e-14   510
  1.080960e-01   4.672327e-13   1.336339e-04   1.491466e-14   1020
  1.086012e-01   4.583985e-13   1.078294e-04   1.466849e-14   912
  1.090992e-01   4.687404e-13   1.597552e-04   1.668222e-14   752
  1.095110e-01   4.532233e-13   1.325595e-04   1.752059e-14   888
  1.100730e-01   4.303513e-13   8.554013e-05   1.511032e-14   768
  1.105327e-01   4.312501e-13   1.554339e-04   1.544359e-14   720
  1.110617e-01   4.274035e-13   1.370195e-04   1.372394e-14   1056
  1.115309e-01   4.297410e-13   9.479589e-05   1.876555e-14   504
  1.119154e-01   3.896247e-13   1.480257e-04   1.473039e-14   774
  1.124652e-01   4.153112e-13   1.423615e-04   1.266036e-14   1272
  1.129816e-01   4.237913e-13   9.326921e-05   1.621545e-14   744
  1.134632e-01   3.876969e-13   1.523027e-04   1.394312e-14   768
  1.139050e-01   4.072039e-13   1.288282e-04   1.354243e-14   840
  1.144011e-01   4.200419e-13   8.734207e-05   1.342884e-14   924
  1.148789e-01   4.028321e-13   1.539839e-04   1.315830e-14   936
  1.153484e-01   3.717024e-13   1.070130e-04   1.212653e-14   840
  1.158214e-01   4.084422e-13   1.272259e-04   1.272614e-14   1008
  1.164225e-01   3.722247e-13   1.436262e-04   1.376969e-14   696
  1.167996e-01   3.604023e-13   1.276589e-04   1.161572e-14   974
  1.173599e-01   3.947776e-13   1.695459e-04   1.131109e-14   1152
  1.178471e-01   3.846730e-13   6.634378e-05   1.287560e-14   816
  1.182260e-01   3.541925e-13   1.459488e-04   1.169521e-14   816
  1.187357e-01   3.738956e-13   1.288794e-04   1.086540e-14   1152
  1.192732e-01   3.728440e-13   1.160356e-04   1.189282e-14   912
  1.197621e-01   3.920278e-13   1.409833e-04   1.186244e-14   1056
  1.201806e-01   3.777161e-13   1.205660e-04   1.534296e-14   624
  1.207435e-01   3.573692e-13   1.506027e-04   1.068661e-14   1260
  1.212292e-01   3.675678e-13   9.083716e-05   1.226342e-14   894
  1.217037e-01   3.856105e-13   1.556364e-04   1.049779e-14   1176
  1.221783e-01   3.347353e-13   1.288208e-04   1.244216e-14   840
  1.227186e-01   3.581693e-13   1.464236e-04   9.076609e-15   1440
  1.232859e-01   3.260380e-13   8.232021e-05   1.052648e-14   864
  1.237160e-01   3.646688e-13   1.412655e-04   1.158815e-14   1056
  1.241441e-01   3.698967e-13   8.328830e-05   1.509049e-14   624
  1.246641e-01   3.481374e-13   1.542356e-04   8.926527e-15   1496
  1.251612e-01   3.471453e-13   1.088958e-04   1.318331e-14   936
  1.256039e-01   3.304068e-13   1.576468e-04   1.064071e-14   966
  1.260801e-01   3.291380e-13   1.117465e-04   1.066512e-14   936
  1.265804e-01   3.395029e-13   1.382244e-04   9.315531e-15   1248
  1.270926e-01   3.152795e-13   9.744205e-05   9.275948e-15   1044
  1.275698e-01   3.184286e-13   1.509409e-04   9.001896e-15   1392
  1.279478e-01   3.030208e-13   1.162549e-04   1.162028e-14   600
  1.284885e-01   3.067480e-13   1.320778e-04   7.940324e-15   1416
  1.289955e-01   3.169985e-13   1.421656e-04   9.114963e-15   1152
  1.295092e-01   3.094303e-13   1.363856e-04   9.789675e-15   936
  1.299230e-01   3.111939e-13   1.462802e-04   1.052257e-14   870
  1.304147e-01   3.264987e-13   1.226502e-04   9.417028e-15   1368
  1.309604e-01   3.123954e-13   1.612530e-04   7.996956e-15   1632
  1.314267e-01   3.246031e-13   7.000699e-05   1.136473e-14   816
  1.319315e-01   3.087595e-13   1.597143e-04   8.754124e-15   1200
  1.323720e-01   3.115910e-13   1.527057e-04   8.869376e-15   1184
  1.328194e-01   3.230221e-13   1.158936e-04   1.036242e-14   984
  1.333683e-01   2.962568e-13   1.414942e-04   7.708082e-15   1572
  1.338659e-01   3.215349e-13   7.792333e-05   1.152111e-14   840
  1.343297e-01   2.851345e-13   1.812138e-04   7.515091e-15   1392
  1.348193e-01   2.816197e-13   1.330470e-04   8.698317e-15   1158
  1.352564e-01   2.974450e-13   1.211496e-04   8.374938e-15   1272
  1.357826e-01   2.998675e-13   1.234623e-04   8.245672e-15   1320
  1.362769e-01   2.831080e-13   1.208065e-04   8.730451e-15   1104
  1.367472e-01   2.775884e-13   1.367360e-04   7.845484e-15   1392
  1.372408e-01   2.652065e-13   1.478938e-04   7.584157e-15   1296
  1.377492e-01   2.704467e-13   1.544255e-04   7.216324e-15   1392
  1.382262e-01   2.702216e-13   1.132835e-04   8.149941e-15   1104
  1.386675e-01   2.609716e-13   1.426913e-04   6.908569e-15   1320
  1.392961e-01   2.638421e-13   1.089713e-04   7.073564e-15   1422
  1.396977e-01   2.598796e-13   1.357176e-04   7.746271e-15   1212
  1.401589e-01   2.509125e-13   1.483027e-04   6.818255e-15   1280
  1.406327e-01   2.701522e-13   1.544235e-04   7.550161e-15   1272
  1.410869e-01   2.716852e-13   1.336382e-04   6.696669e-15   1680
  1.416252e-01   2.347263e-13   1.262633e-04   7.066084e-15   1152
  1.421207e-01   2.466674e-13   1.462174e-04   6.029626e-15   1512
  1.426417e-01   2.397953e-13   6.173239e-05   8.158757e-15   912
  1.430535e-01   2.492577e-13   1.556147e-04   5.799290e-15   1680
  1.436012e-01   2.198876e-13   1.378563e-04   5.568476e-15   1518
  1.440071e-01   2.468566e-13   1.276288e-04   7.255537e-15   1056
  1.444347e-01   2.356336e-13   1.288698e-04   5.979867e-15   1344
  1.449875e-01   2.642208e-13   1.383780e-04   6.378779e-15   1680
  1.454876e-01   2.297218e-13   1.363571e-04   5.836955e-15   1656
  1.460341e-01   2.241779e-13   1.159057e-04   7.347970e-15   1140
  1.464444e-01   2.227051e-13   1.342100e-04   6.299282e-15   1368
  1.469271e-01   2.237218e-13   1.526647e-04   5.652631e-15   1656
  1.474179e-01   2.291002e-13   1.563614e-04   6.354844e-15   1448
  1.479520e-01   2.176438e-13   1.468912e-04   5.536877e-15   1422
  1.484453e-01   2.249579e-13   1.621619e-04   5.811640e-15   1512
  1.488673e-01   2.251053e-13   1.236275e-04   6.467002e-15   1296
  1.493554e-01   2.114838e-13   1.128801e-04   5.132990e-15   1824
  1.498832e-01   2.108437e-13   1.463660e-04   5.375148e-15   1464
  1.504163e-01   1.971532e-13   1.306107e-04   4.384232e-15   1824
  1.509111e-01   2.132211e-13   1.038421e-04   5.582309e-15   1416
  1.513416e-01   2.032796e-13   1.521007e-04   5.443651e-15   1392
  1.518062e-01   2.001386e-13   1.403562e-04   5.178964e-15   1464
  1.523732e-01   1.843611e-13   1.372200e-04   4.987539e-15   1524
  1.528113e-01   1.932086e-13   1.264504e-04   4.934480e-15   1686
  1.533176e-01   1.927615e-13   1.505644e-04   4.822123e-15   1800
  1.537528e-01   2.077638e-13   1.195338e-04   6.219261e-15   1344
  1.542356e-01   1.979270e-13   1.394596e-04   5.299600e-15   1656
  1.547196e-01   1.951132e-13   1.113514e-04   4.864472e-15   1488
  1.551402e-01   1.981841e-13   1.111701e-04   5.004985e-15   1536
  1.557262e-01   1.851113e-13   1.234973e-04   4.635321e-15   1760
  1.561802e-01   1.804480e-13   1.373667e-04   4.165389e-15   1824
  1.567053e-01   1.934661e-13   1.152763e-04   4.888354e-15   1560
  1.572105e-01   1.873124e-13   1.324056e-04   4.503072e-15   1926
  1.576857e-01   1.877784e-13   9.415777e-05   5.338156e-15   1272
  1.581194e-01   1.758572e-13   1.582320e-04   4.153419e-15   1848
  1.586895e-01   1.832957e-13   1.278379e-04   4.101995e-15   1908
  1.591231e-01   1.774595e-13   1.246890e-04   4.641517e-15   1488
  1.595806e-01   1.662484e-13   1.406224e-04   4.141639e-15   1800
  1.600766e-01   1.685547e-13   1.407610e-04   4.080805e-15   1752
  1.605517e-01   1.637906e-13   1.496769e-04   4.353386e-15   1368
  1.610272e-01   1.700797e-13   1.406675e-04   3.590202e-15   2016
  1.615501e-01   1.753703e-13   1.485794e-04   4.471434e-15   1542
  1.620327e-01   1.626317e-13   1.454994e-04   3.733627e-15   2184
  1.625669e-01   1.702839e-13   1.330990e-04   3.941938e-15   1776
  1.630283e-01   1.613292e-13   1.521522e-04   4.498405e-15   1568
  1.634682e-01   1.671259e-13   1.390081e-04   3.846052e-15   2040
  1.639468e-01   1.703125e-13   1.486121e-04   4.129114e-15   1704
  1.644478e-01   1.538997e-13   1.489728e-04   3.986419e-15   1512
  1.649202e-01   1.598417e-13   1.270742e-04   3.544854e-15   2028
  1.654509e-01   1.579134e-13   1.532841e-04   3.474785e-15   1968
  1.659362e-01   1.515340e-13   1.554838e-04   3.436364e-15   1854
  1.664110e-01   1.515286e-13   1.482240e-04   3.620235e-15   1632
  1.668977e-01   1.552528e-13   1.523128e-04   3.092024e-15   2424
  1.674021e-01   1.506178e-13   1.524713e-04   3.758184e-15   1560
  1.678285e-01   1.538485e-13   1.440852e-04   3.496967e-15   1728
  1.683437e-01   1.478031e-13   1.538043e-04   3.425152e-15   2088
  1.688623e-01   1.396948e-13   1.464052e-04   3.193150e-15   1968
  1.693394e-01   1.448223e-13   1.449552e-04   3.318979e-15   2256
  1.698178e-01   1.467331e-13   1.288813e-04   3.367485e-15   1728
  1.703172e-01   1.438606e-13   1.270494e-04   3.936997e-15   1416
  1.707596e-01   1.512837e-13   1.339356e-04   3.170725e-15   2246
  1.712606e-01   1.425585e-13   1.483321e-04   3.315822e-15   2148
  1.717398e-01   1.473977e-13   1.252967e-04   3.747894e-15   1680
  1.721909e-01   1.415328e-13   1.584012e-04   2.739276e-15   2280
  1.727331e-01   1.430325e-13   1.475065e-04   2.907504e-15   2352
  1.732395e-01   1.389267e-13   1.239422e-04   3.428684e-15   1632
  1.736402e-01   1.406791e-13   1.418228e-04   3.248799e-15   1968
  1.741900e-01   1.334462e-13   1.455103e-04   3.026732e-15   2112
  1.746998e-01   1.339863e-13   1.093039e-04   3.097709e-15   2208
  1.751952e-01   1.333895e-13   1.102112e-04   2.931741e-15   1974
  1.755862e-01   1.316509e-13   1.078165e-04   3.030024e-15   1944
  1.761144e-01   1.395444e-13   1.219820e-04   3.027280e-15   2160
  1.765722e-01   1.332686e-13   1.140807e-04   3.067414e-15   2040
  1.770670e-01   1.374689e-13   1.596015e-04   3.023441e-15   2352
  1.775745e-01   1.392690e-13   1.325904e-04   3.190362e-15   1836
  1.780376e-01   1.308983e-13   1.414413e-04   2.674117e-15   2352
  1.785577e-01   1.256264e-13   1.483527e-04   2.794286e-15   2008
  1.790344e-01   1.289666e-13   1.459431e-04   2.736836e-15   2464
  1.795659e-01   1.275334e-13   1.177095e-04   2.727121e-15   2118
  1.800019e-01   1.268774e-13   1.183276e-04   3.036484e-15   1848
  1.804507e-01   1.392339e-13   1.565861e-04   3.198006e-15   2280
  1.809928e-01   1.323953e-13   1.489508e-04   2.763646e-15   2472
  1.814993e-01   1.225537e-13   9.953927e-05   2.655949e-15   2280
  1.819245e-01   1.344444e-13   1.216700e-04   3.192871e-15   1992
  1.823831e-01   1.289463e-13   1.279126e-04   2.623559e-15   2184
  1.829118e-01   1.157421e-13   1.543068e-04   2.479591e-15   2352
  1.834214e-01   1.250821e-13   1.626118e-04   2.530185e-15   2496
  1.839203e-01   1.179588e-13   1.518813e-04   2.853501e-15   1770
  1.843678e-01   1.293896e-13   1.310496e-04   2.672762e-15   2568
  1.849057e-01   1.255533e-13   1.607377e-04   2.514931e-15   2712
  1.853947e-01   1.270610e-13   1.276489e-04   2.719986e-15   2448
  1.858830e-01   1.271186e-13   1.076015e-04   2.806160e-15   2064
  1.862881e-01   1.194126e-13   1.135758e-04   2.958902e-15   1944
  1.868133e-01   1.172385e-13   1.403079e-04   2.472670e-15   2480
  1.873491e-01   1.182360e-13   1.524155e-04   2.267388e-15   2880
  1.878237e-01   1.182291e-13   1.462067e-04   2.530626e-15   2304
  1.883193e-01   1.185791e-13   1.343278e-04   2.718508e-15   1806
  1.887589e-01   1.188789e-13   1.317346e-04   2.280225e-15   2856
  1.893097e-01   1.218818e-13   1.263374e-04   2.528548e-15   2568
  1.897288e-01   1.118990e-13   1.267515e-04   2.548619e-15   2112
  1.901850e-01   1.179046e-13   1.220840e-04   2.874443e-15   2028
  1.906744e-01   1.136636e-13   1.445115e-04   2.190294e-15   2712
  1.911714e-01   1.177830e-13   1.556884e-04   2.235331e-15   2952
  1.917055e-01   1.145155e-13   1.202957e-04   2.467851e-15   2112
  1.921372e-01   1.121079e-13   1.409804e-04   2.230986e-15   2520
  1.926559e-01   1.082940e-13   1.359784e-04   2.262558e-15   2376
  1.931282e-01   1.137845e-13   1.090048e-04   2.310009e-15   2526
  1.936186e-01   1.175594e-13   1.356536e-04   2.393960e-15   2664
  1.941040e-01   1.168836e-13   1.617960e-04   2.496346e-15   2408
  1.945694e-01   1.119964e-13   1.296049e-04   2.349277e-15   2568
  1.950440e-01   1.148370e-13   1.221942e-04   2.114476e-15   2904
  1.955589e-01   1.099771e-13   1.371053e-04   2.168235e-15   2544
  1.960480e-01   1.104347e-13   1.009875e-04   2.469527e-15   2160
  1.965096e-01   1.154964e-13   1.745958e-04   2.361433e-15   2652
  1.970194e-01   1.039861e-13   1.382439e-04   2.003010e-15   2784
  1.975101e-01   1.116949e-13   1.365199e-04   2.092111e-15   2694
  1.980185e-01   1.042717e-13   1.226932e-04   2.012744e-15   2952
  1.984602e-01   1.116275e-13   1.162128e-04   2.387457e-15   2208
  1.989102e-01   1.078237e-13   1.238599e-04   2.280049e-15   2304
  1.994125e-01   1.014508e-13   1.610662e-04   1.675609e-15   3504
  1.999983e-01   1.055816e-13   1.304210e-04   2.207055e-15   2616
  2.004552e-01   1.039721e-13   1.274108e-04   2.097256e-15   2664
  2.008953e-01   1.015024e-13   1.183758e-04   2.076941e-15   2448
  2.013388e-01   1.041216e-13   1.648584e-04   2.097957e-15   2472
  2.018606e-01   1.041855e-13   1.310718e-04   1.893134e-15   3134
  2.023516e-01   1.041762e-13   1.433541e-04   2.103484e-15   2616
  2.028419e-01   9.810292e-14   1.161223e-04   2.006364e-15   2712
  2.033463e-01   9.935666e-14   1.331755e-04   1.832214e-15   3204
  2.038284e-01   9.707768e-14   1.533782e-04   1.963521e-15   2760
  2.042862e-01   9.516476e-14   1.338200e-04   1.882353e-15   2688
  2.047911e-01   9.767982e-14   1.265264e-04   1.955813e-15   2760
  2.052376e-01   9.230426e-14   1.044749e-04   1.922851e-15   2568
  2.057517e-01   9.208543e-14   1.622443e-04   1.615599e-15   3336
  2.062452e-01   9.588728e-14   1.373220e-04   2.005206e-15   2334
  2.067435e-01   9.241037e-14   1.519616e-04   1.699431e-15   3264
  2.072092e-01   9.788372e-14   1.104877e-04   2.073036e-15   2760
  2.076868e-01   9.083312e-14   1.334378e-04   1.646152e-15   3192
  2.081730e-01   9.281771e-14   1.385370e-04   1.888578e-15   2904
  2.086902e-01   9.090729e-14   1.390027e-04   1.799029e-15   2784
  2.091231e-01   9.605039e-14   1.144018e-04   2.000505e-15   2592
  2.096156e-01   8.751401e-14   1.559460e-04   1.561294e-15   3284
  2.101389e-01   8.939177e-14   1.566406e-04   1.672200e-15   3168
  2.106071e-01   8.933190e-14   1.292397e-04   1.757183e-15   2616
  2.110994e-01   8.389244e-14   1.248775e-04   1.616251e-15   3222
  2.115781e-01   8.838798e-14   1.401164e-04   1.559894e-15   3240
  2.120418e-01   9.060435e-14   1.417503e-04   1.927886e-15   2568
  2.125690e-01   9.089842e-14   1.300629e-04   1.798571e-15   3120
  2.130097e-01   9.043200e-14   1.429850e-04   1.730031e-15   3168
  2.134838e-01   8.435500e-14   1.251725e-04   1.691642e-15   3240
  2.140024e-01   8.313970e-14   1.284239e-04   1.510833e-15   3144
  2.145062e-01   8.086665e-14   1.224103e-04   1.531168e-15   2856
  2.149823e-01   8.282040e-14   1.307392e-04   1.464283e-15   3264
  2.155212e-01   8.351932e-14   1.444609e-04   1.523748e-15   3318
  2.159452e-01   8.635788e-14   1.011723e-04   1.963583e-15   2556
  2.164506e-01   8.091104e-14   1.728209e-04   1.351491e-15   4008
  2.169623e-01   8.325194e-14   1.275720e-04   1.678008e-15   2904
  2.174000e-01   7.871442e-14   1.304469e-04   1.422607e-15   3144
  2.178983e-01   7.752527e-14   1.359922e-04   1.487631e-15   3200
  2.184140e-01   7.689200e-14   1.341212e-04   1.398304e-15   3312
  2.188763e-01   8.050733e-14   1.080957e-04   1.590775e-15   2832
  2.193924e-01   7.780200e-14   1.555565e-04   1.299600e-15   3984
  2.198717e-01   8.307656e-14   1.264601e-04   1.849993e-15   2238
  2.203092e-01   7.859442e-14   1.488218e-04   1.376149e-15   3984
  2.208520e-01   7.619617e-14   1.414250e-04   1.414991e-15   3384
  2.213029e-01   8.231595e-14   1.321942e-04   1.622641e-15   3048
  2.217737e-01   7.305394e-14   1.213801e-04   1.402321e-15   3096
  2.222656e-01   7.806460e-14   1.375807e-04   1.311169e-15   3708
  2.227545e-01   7.278615e-14   1.304078e-04   1.473426e-15   2784
  2.232087e-01   7.820533e-14   1.354535e-04   1.398405e-15   3648
  2.237247e-01   7.430241e-14   1.394108e-04   1.326392e-15   3888
  2.242738e-01   7.089453e-14   1.488252e-04   1.335298e-15   2958
  2.246837e-01   7.246731e-14   1.270361e-04   1.279923e-15   3264
  2.251777e-01   7.790909e-14   1.402443e-04   1.495798e-15   3160
  2.256445e-01   6.994179e-14   1.271016e-04   1.234698e-15   3736
  2.260868e-01   7.183154e-14   1.158193e-04   1.428295e-15   3216
  2.266085e-01   7.265345e-14   1.419303e-04   1.212382e-15   4032
  2.271526e-01   7.084362e-14   1.295798e-04   1.207631e-15   3528
  2.276165e-01   7.195912e-14   1.143819e-04   1.327051e-15   3192
  2.280803e-01   6.843227e-14   1.252686e-04   1.247742e-15   3456
  2.285834e-01   6.862375e-14   1.298903e-04   1.309518e-15   3060
  2.290876e-01   6.996322e-14   1.544545e-04   1.155625e-15   4518
  2.295790e-01   6.950718e-14   1.375990e-04   1.222078e-15   3528
  2.300307e-01   7.167607e-14   1.155591e-04   1.466995e-15   3024
  2.305122e-01   6.618900e-14   1.564624e-04   1.162686e-15   3672
  2.310028e-01   6.801163e-14   1.342922e-04   1.213277e-15   3864
  2.315474e-01   6.607252e-14   1.423480e-04   1.127714e-15   3816
  2.319928e-01   6.563772e-14   1.295052e-04   1.169649e-15   3456
  2.324198e-01   6.680678e-14   1.172315e-04   1.327251e-15   2688
  2.329230e-01   6.595697e-14   1.390930e-04   1.051040e-15   4248
  2.334218e-01   6.640607e-14   1.332244e-04   1.168064e-15   3926
  2.339228e-01   6.530788e-14   1.406621e-04   1.188905e-15   3504
  2.344067e-01   6.737605e-14   1.257540e-04   1.133222e-15   3960
  2.349411e-01   6.387600e-14   1.415697e-04   1.125664e-15   3684
  2.353994e-01   6.181672e-14   1.415603e-04   1.062929e-15   4104
  2.358576e-01   6.516669e-14   1.342621e-04   1.204469e-15   3144
  2.363498e-01   6.282966e-14   1.470632e-04   1.034809e-15   4224
  2.368909e-01   6.137173e-14   1.305314e-04   1.006704e-15   4008
  2.373532e-01   6.329428e-14   1.436052e-04   1.119101e-15   3312
  2.378293e-01   6.251741e-14   1.428317e-04   1.133274e-15   3726
  2.383356e-01   6.270887e-14   1.467057e-04   1.087786e-15   3936
  2.387852e-01   6.493416e-14   1.512247e-04   1.183344e-15   3888
  2.392518e-01   6.258923e-14   1.429975e-04   1.083168e-15   3864
  2.397372e-01   6.117038e-14   1.520184e-04   1.080835e-15   3888
  2.402373e-01   5.829485e-14   1.433767e-04   1.001828e-15   4080
  2.407309e-01   6.134438e-14   1.521663e-04   1.117516e-15   3400
  2.412345e-01   6.016182e-14   1.395519e-04   9.568234e-16   4588
  2.417438e-01   6.012116e-14   1.381276e-04   1.050850e-15   3816
  2.421888e-01   6.018316e-14   1.308874e-04   1.027883e-15   3534
  2.426599e-01   6.297910e-14   1.292818e-04   1.052065e-15   4080
  2.431528e-01   6.211450e-14   1.351361e-04   1.020707e-15   4248
  2.436477e-01   6.126858e-14   1.361762e-04   1.178449e-15   3528
  2.441045e-01   6.166322e-14   1.392215e-04   1.019513e-15   4248
  2.445661e-01   5.837088e-14   1.361726e-04   1.029392e-15   3696
  2.450802e-01   5.926928e-14   1.412982e-04   9.286223e-16   4560
  2.455678e-01   5.891853e-14   1.323495e-04   1.004011e-15   3864
  2.460685e-01   5.667500e-14   1.441083e-04   9.095064e-16   4440
  2.465431e-01   5.706105e-14   1.344565e-04   1.118448e-15   3432
  2.470417e-01   5.767643e-14   1.318374e-04   9.494767e-16   4470
  2.475323e-01   5.879644e-14   1.171596e-04   9.835071e-16   4188
  2.480144e-01   5.794207e-14   1.500979e-04   9.347296e-16   4392
  2.484933e-01   5.974948e-14   1.161150e-04   1.091358e-15   3960
  2.489913e-01   5.863165e-14   1.311762e-04   9.739357e-16   4328
  2.494737e-01   5.626846e-14   1.365155e-04   9.277964e-16   4320
  2.499612e-01   5.657585e-14   1.427527e-04   9.149782e-16   4152
  2.504133e-01   6.093706e-14   1.194148e-04   1.143724e-15   3528
  2.509246e-01   5.490351e-14   1.292483e-04   8.488626e-16   4512
  2.514030e-01   5.692204e-14   1.321235e-04   9.967036e-16   4134
  2.518889e-01   5.895120e-14   1.407559e-04   8.931954e-16   5208
  2.523561e-01   5.755345e-14   1.226327e-04   1.068128e-15   3240
  2.528396e-01   5.985587e-14   1.352583e-04   9.669348e-16   4680
  2.533316e-01   5.561547e-14   1.339167e-04   9.391515e-16   4440
  2.538242e-01   5.241280e-14   1.517493e-04   8.758756e-16   4260
  2.542967e-01   5.389900e-14   1.238886e-04   9.400146e-16   4056
  2.547833e-01   5.323851e-14   1.373522e-04   8.269935e-16   4704
  2.552940e-01   5.620246e-14   1.598328e-04   9.029961e-16   4800
  2.558338e-01   5.382079e-14   1.384828e-04   8.350108e-16   4806
  2.563004e-01   6.109606e-14   1.380453e-04   1.172693e-15   3552
  2.567447e-01   5.286245e-14   1.384155e-04   9.336168e-16   4304
  2.572463e-01   5.409013e-14   1.342317e-04   8.222881e-16   5280
  2.577424e-01   5.329785e-14   1.287726e-04   8.674621e-16   4320
  2.582120e-01   5.264256e-14   1.454180e-04   8.793430e-16   4296
  2.587071e-01   5.362073e-14   1.616686e-04   8.224393e-16   4608
  2.592079e-01   5.343285e-14   1.548872e-04   8.286908e-16   4824
  2.597037e-01   5.129082e-14   1.462245e-04   8.392759e-16   4488
  2.602357e-01   5.404961e-14   1.365163e-04   9.058809e-16   4530
  2.606750e-01   5.148313e-14   1.332969e-04   8.486287e-16   4464
  2.611146e-01   5.299177e-14   1.256224e-04   8.893426e-16   4104
  2.616192e-01   5.071904e-14   1.354472e-04   7.482247e-16   5424
  2.621157e-01   5.197369e-14   1.458006e-04   8.543999e-16   4392
  2.626209e-01   5.281795e-14   1.427447e-04   8.461665e-16   4896
  2.630796e-01   5.057299e-14   1.399190e-04   8.530406e-16   4104
  2.635583e-01   5.316673e-14   1.261700e-04   8.722026e-16   4824
  2.640634e-01   4.837844e-14   1.205890e-04   7.809513e-16   4680
  2.645034e-01   4.867137e-14   1.233362e-04   7.973115e-16   4328
  2.650142e-01   4.981822e-14   1.421747e-04   7.615267e-16   5118
  2.655274e-01   5.158084e-14   1.647184e-04   8.058143e-16   5304
  2.659905e-01   5.348450e-14   1.297081e-04   9.087396e-16   4392
  2.664951e-01   5.037416e-14   1.301864e-04   8.232176e-16   4476
  2.669364e-01   4.818063e-14   1.292906e-04   7.781094e-16   4704
  2.674274e-01   4.909282e-14   1.564908e-04   7.265740e-16   5208
  2.679435e-01   4.686345e-14   1.319479e-04   7.473639e-16   5304
  2.684190e-01   4.825622e-14   1.413346e-04   7.857891e-16   4296
  2.689066e-01   4.933757e-14   1.340217e-04   7.803886e-16   4752
  2.694189e-01   4.704411e-14   1.345359e-04   7.369950e-16   4950
  2.698794e-01   4.830244e-14   1.406262e-04   7.645036e-16   5064
  2.703399e-01   4.868467e-14   1.178265e-04   7.991678e-16   4872
  2.708057e-01   4.746817e-14   1.240390e-04   8.722521e-16   4224
  2.713029e-01   4.793913e-14   1.370167e-04   7.018394e-16   6120
  2.718321e-01   4.527401e-14   1.507358e-04   7.066550e-16   4968
  2.723121e-01   4.769372e-14   1.333881e-04   7.892597e-16   4424
  2.728088e-01   4.733744e-14   1.703749e-04   7.540113e-16   5436
  2.732993e-01   4.527372e-14   1.452596e-04   7.195982e-16   4896
  2.737736e-01   4.377957e-14   1.390702e-04   7.018880e-16   5214
  2.742308e-01   4.788047e-14   1.182169e-04   7.961195e-16   4656
  2.747387e-01   4.778749e-14   1.503032e-04   7.694882e-16   5448
  2.752241e-01   4.611170e-14   1.269422e-04   7.801733e-16   4992
  2.756994e-01   4.704994e-14   1.404898e-04   7.783962e-16   5400
  2.762219e-01   4.646997e-14   1.557062e-04   7.061105e-16   5328
  2.767032e-01   4.371808e-14   1.392299e-04   7.054490e-16   4776
  2.771561e-01   4.361136e-14   1.308295e-04   6.856985e-16   4800
  2.776593e-01   4.416972e-14   1.682401e-04   6.136734e-16   6552
  2.781857e-01   4.523584e-14   1.271030e-04   8.530039e-16   3942
  2.786419e-01   4.333405e-14   1.601990e-04   6.504243e-16   6072
  2.791470e-01   4.563808e-14   1.244164e-04   8.218944e-16   4692
  2.795705e-01   4.458519e-14   1.298888e-04   7.011583e-16   4944
  2.800665e-01   4.328480e-14   1.394107e-04   6.264648e-16   5840
  2.805759e-01   4.223695e-14   1.492333e-04   6.812800e-16   5712
  2.810773e-01   4.240446e-14   1.250671e-04   7.108570e-16   4800
  2.815348e-01   4.222681e-14   1.656330e-04   6.600741e-16   5688
  2.820359e-01   4.191898e-14   1.306810e-04   6.770488e-16   4848
  2.825324e-01   3.415919e-14   1.454557e-04   6.162059e-16   5406
  2.830037e-01   4.870244e-18   1.312973e-04   7.671666e-20   5568
  2.834769e-01   5.047005e-18   1.180275e-04   8.068480e-20   5736
  2.839884e-01   4.959162e-18   1.465826e-04   8.208123e-20   5280
  2.844524e-01   4.898542e-18   1.355263e-04   7.743656e-20   5592
  2.849301e-01   4.727243e-18   1.551417e-04   7.686253e-20   4968
  2.854352e-01   4.784060e-18   1.391053e-04   7.269472e-20   5964
  2.859279e-01   4.922476e-18   1.397517e-04   7.602609e-20   5376
  2.863756e-01   4.958188e-18   1.349389e-04   7.918189e-20   5472
  2.868946e-01   4.700863e-18   1.281532e-04   7.181030e-20   5472
  2.873693e-01   4.645226e-18   1.457059e-04   7.907950e-20   5415
  2.878292e-01   4.537409e-18   1.281660e-04   7.196969e-20   5096
  2.883268e-01   4.401068e-18   1.648183e-04   6.441913e-20   6372
  2.888302e-01   4.663608e-18   1.337920e-04   8.058826e-20   4656
  2.892814e-01   4.713293e-18   1.460580e-04   7.071398e-20   5844
  2.897668e-01   4.474539e-18   1.284189e-04   6.860893e-20   5508
  2.902812e-01   4.700587e-18   1.456803e-04   6.622132e-20   6324
  2.907860e-01   4.515015e-18   1.251396e-04   7.407436e-20   4752
  2.912474e-01   4.318442e-18   1.401041e-04   6.443823e-20   5676
  2.917468e-01   4.524311e-18   1.281684e-04   7.087967e-20   5472
  2.922209e-01   4.578210e-18   1.445704e-04   7.030539e-20   5556
  2.927301e-01   4.307340e-18   1.408810e-04   6.362119e-20   5436
  2.932217e-01   4.465688e-18   1.442016e-04   6.707377e-20   5916
  2.937264e-01   4.505561e-18   1.500331e-04   6.890042e-20   5520
  2.941809e-01   4.147128e-18   1.364480e-04   6.468553e-20   5280
  2.946466e-01   4.540637e-18   1.340724e-04   7.289434e-20   4416
  2.951720e-01   4.275222e-18   1.306879e-04   5.943721e-20   6260
  2.956655e-01   4.398039e-18   1.554038e-04   6.348783e-20   5940
  2.961126e-01   4.375490e-18   1.217066e-04   7.304299e-20   4188
  2.966047e-01   4.375599e-18   1.556122e-04   6.030780e-20   6360
  2.971222e-01   4.202118e-18   1.387995e-04   6.193925e-20   5256
  2.976029e-01   4.213496e-18   1.312113e-04   6.865239e-20   4848
  2.980147e-01   4.064972e-18   1.189499e-04   6.281671e-20   4704
  2.985217e-01   4.256534e-18   1.459205e-04   6.043400e-20   5784
  2.990374e-01   4.066341e-18   1.544008e-04   5.849199e-20   5820
  2.995352e-01   4.181223e-18   1.383100e-04   5.849037e-20   5700
  3.000361e-01   4.133542e-18   1.282634e-04   6.212299e-20   5232
  3.005375e-01   4.293965e-18   1.423193e-04   6.345755e-20   4932
  3.009817e-01   4.104826e-18   1.224997e-04   6.367021e-20   4716
  3.014485e-01   4.418276e-18   1.560382e-04   6.671840e-20   5616
  3.019287e-01   3.998456e-18   1.378046e-04   5.962985e-20   5184
  3.024240e-01   3.976807e-18   1.390111e-04   5.996885e-20   5064
  3.028912e-01   4.045587e-18   1.423406e-04   5.837456e-20   5544
  3.034093e-01   3.936571e-18   1.428860e-04   5.709623e-20   5192
  3.038807e-01   4.011838e-18   1.284053e-04   5.980773e-20   5244
  3.043764e-01   3.920027e-18   1.389360e-04   5.781210e-20   5112
  3.048691e-01   4.067065e-18   1.275010e-04   6.338787e-20   5040
  3.053213e-01   4.096813e-18   1.340439e-04   6.080902e-20   5124
  3.058494e-01   3.908864e-18   1.504823e-04   5.495773e-20   5952
  3.063369e-01   4.060254e-18   1.318531e-04   6.093499e-20   4824
  3.067788e-01   3.860653e-18   1.330892e-04   5.988140e-20   4536
  3.072903e-01   3.862522e-18   1.414616e-04   5.293620e-20   5712
  3.078157e-01   3.960898e-18   1.547976e-04   5.800085e-20   5352
  3.083112e-01   3.998155e-18   1.348344e-04   5.842161e-20   5004
  3.087539e-01   3.979878e-18   1.348711e-04   6.060044e-20   4800
  3.092296e-01   3.834653e-18   1.449374e-04   5.543771e-20   5148
  3.097567e-01   3.829441e-18   1.505363e-04   5.342324e-20   5664
  3.102329e-01   3.724028e-18   1.352034e-04   5.682628e-20   4692
  3.106729e-01   3.796727e-18   1.256056e-04   6.195370e-20   4008
  3.111861e-01   3.868342e-18   1.439712e-04   5.304397e-20   5852
  3.117078e-01   3.662776e-18   1.363273e-04   5.098163e-20   5784
  3.121712e-01   3.887080e-18   1.256700e-04   6.330074e-20   4392
  3.126481e-01   3.816820e-18   1.232703e-04   5.730756e-20   4944
  3.131489e-01   3.623693e-18   1.453336e-04   5.380481e-20   4776
  3.136211e-01   3.574537e-18   1.398188e-04   5.122391e-20   5244
  3.141336e-01   3.624427e-18   1.395722e-04   5.143211e-20   4884
  3.145636e-01   3.650098e-18   1.183681e-04   5.711609e-20   4488
  3.150636e-01   3.738937e-18   1.406525e-04   5.433206e-20   5160
  3.155671e-01   3.678875e-18   1.432039e-04   5.230392e-20   5316
  3.160521e-01   3.702708e-18   1.447892e-04   5.741810e-20   4896
  3.165249e-01   3.689439e-18   1.345344e-04   6.163381e-20   4188
  3.170014e-01   3.463705e-18   1.467406e-04   5.061345e-20   4836
  3.174880e-01   3.614977e-18   1.455680e-04   5.045374e-20   5316
  3.179808e-01   3.614786e-18   1.347408e-04   5.311308e-20   4920
  3.184417e-01   3.763901e-18   1.357413e-04   6.284155e-20   4128
  3.189362e-01   3.616912e-18   1.460260e-04   5.287203e-20   5348
  3.194229e-01   3.527983e-18   1.267067e-04   5.276462e-20   4836
  3.198876e-01   3.498821e-18   1.365306e-04   5.649717e-20   4392
  3.203882e-01   3.553279e-18   1.199532e-04   5.541805e-20   4632
  3.208388e-01   3.615326e-18   1.340287e-04   5.828039e-20   4596
  3.213563e-01   3.466497e-18   1.347844e-04   5.011792e-20   5424
  3.218683e-01   3.336117e-18   1.387362e-04   4.751111e-20   5256
  3.223958e-01   3.417100e-18   1.409032e-04   5.346716e-20   4524
  3.228350e-01   3.483121e-18   1.340268e-04   5.718569e-20   4440
  3.233270e-01   3.397082e-18   1.146101e-04   5.171353e-20   4380
  3.238085e-01   3.411587e-18   1.499870e-04   5.271563e-20   4812
  3.243210e-01   3.441498e-18   1.489725e-04   5.085411e-20   5376
  3.247896e-01   3.287942e-18   1.189892e-04   5.476471e-20   3888
  3.252385e-01   3.442100e-18   1.362564e-04   5.102247e-20   4896
  3.257395e-01   3.394020e-18   1.437728e-04   5.207410e-20   4608
  3.262654e-01   3.442520e-18   1.357127e-04   5.378602e-20   4448
  3.267232e-01   3.185540e-18   1.400926e-04   4.883133e-20   4752
  3.272056e-01   3.406541e-18   1.467382e-04   5.577156e-20   4356
  3.277129e-01   3.381599e-18   1.412082e-04   5.132210e-20   5232
  3.282173e-01   3.172775e-18   1.423025e-04   5.153371e-20   4548
  3.287063e-01   3.226814e-18   1.383360e-04   4.895087e-20   4608
  3.291837e-01   3.315052e-18   1.256671e-04   5.812153e-20   3936
  3.296343e-01   3.225504e-18   1.502088e-04   5.422428e-20   4260
  3.301407e-01   3.201426e-18   1.346643e-04   4.862799e-20   5004
  3.306038e-01   3.368378e-18   1.330711e-04   5.742697e-20   4224
  3.311115e-01   3.255962e-18   1.437697e-04   5.175406e-20   4788
  3.316047e-01   3.289916e-18   1.511985e-04   5.508758e-20   4428
  3.320852e-01   3.131910e-18   1.263467e-04   5.378073e-20   4080
  3.325477e-01   3.300787e-18   1.381486e-04   5.019104e-20   4632
  3.330347e-01   3.077476e-18   1.436640e-04   5.340246e-20   4056
  3.335467e-01   3.147321e-18   1.352621e-04   5.266997e-20   4536
  3.340144e-01   3.233933e-18   1.379585e-04   5.263448e-20   4668
  3.345266e-01   3.041937e-18   1.478669e-04   5.047216e-20   4604
  3.350255e-01   3.071450e-18   1.328598e-04   5.152869e-20   4152
  3.354859e-01   3.098581e-18   1.287622e-04   5.181844e-20   4224
  3.359739e-01   3.020800e-18   1.237953e-04   5.138113e-20   4152
  3.364615e-01   3.241615e-18   1.404246e-04   5.507775e-20   4224
  3.369356e-01   3.175274e-18   1.298644e-04   5.656026e-20   3960
  3.373922e-01   3.039512e-18   1.340119e-04   4.944415e-20   4656
  3.378910e-01   2.966423e-18   1.445961e-04   4.909802e-20   4452
  3.384025e-01   2.920957e-18   1.470057e-04   5.078027e-20   4056
  3.388784e-01   2.968588e-18   1.456648e-04   4.972173e-20   4212
  3.393606e-01   3.095778e-18   1.210536e-04   5.905889e-20   3432
  3.398492e-01   3.036278e-18   1.548628e-04   4.661608e-20   5352
  3.403267e-01   3.044990e-18   1.134185e-04   5.724574e-20   3600
  3.408466e-01   2.912086e-18   1.251027e-04   4.871226e-20   4584
  3.413005e-01   3.008818e-18   1.247343e-04   5.447114e-20   3768
  3.417680e-01   2.930536e-18   1.331557e-04   5.533944e-20   3848
  3.422347e-01   2.877266e-18   1.220886e-04   5.488732e-20   3720
  3.427639e-01   2.784526e-18   1.532392e-04   4.488779e-20   4764
  3.432311e-01   3.000798e-18   1.234001e-04   5.382143e-20   3864
  3.437109e-01   3.043198e-18   1.528459e-04   5.220295e-20   4332
  3.442342e-01   2.916499e-18   1.304937e-04   5.355554e-20   3792
  3.447018e-01   2.688083e-18   1.480185e-04   4.570679e-20   4284
  3.451974e-01   2.690998e-18   1.401572e-04   5.161923e-20   3840
  3.456664e-01   2.623335e-18   1.334113e-04   5.314833e-20   3480
  3.461427e-01   2.726813e-18   1.488614e-04   4.598358e-20   4380
  3.466576e-01   2.756172e-18   1.398292e-04   4.864436e-20   4200
  3.471635e-01   2.913716e-18   1.344014e-04   5.019771e-20   4056
  3.476333e-01   2.708727e-18   1.350788e-04   5.246156e-20   3600
  3.480735e-01   2.733466e-18   1.345848e-04   5.301672e-20   3492
  3.485878e-01   2.623907e-18   1.571647e-04   4.558593e-20   4500
  3.491126e-01   2.832991e-18   1.376975e-04   5.324108e-20   3516
  3.495636e-01   2.927349e-18   1.439500e-04   5.600688e-20   3968
  3.500690e-01   2.713075e-18   1.383484e-04   5.219338e-20   3648
  3.505165e-01   2.675970e-18   1.322992e-04   5.233209e-20   4224
  3.510237e-01   2.488855e-18   1.484940e-04   4.945383e-20   3588
  3.514997e-01   2.625195e-18   1.369683e-04   5.152035e-20   3456
  3.519786e-01   2.473936e-18   1.216448e-04   4.728637e-20   3660
  3.524735e-01   2.657942e-18   1.335194e-04   5.150586e-20   3768
  3.529347e-01   2.685953e-18   1.350276e-04   5.125627e-20   3744
  3.534301e-01   2.569990e-18   1.482149e-04   4.612302e-20   4176
  3.539572e-01   2.686087e-18   1.367120e-04   5.286345e-20   3612
  3.543928e-01   2.617627e-18   1.485682e-04   5.423685e-20   3216
  3.548913e-01   2.520885e-18   1.436402e-04   5.138742e-20   3624
  3.553925e-01   2.532538e-18   1.350690e-04   4.892360e-20   3744
  3.558768e-01   2.644345e-18   1.441176e-04   5.300961e-20   3672
  3.563547e-01   2.575899e-18   1.306896e-04   4.980808e-20   3852
  3.568482e-01   2.598481e-18   1.345097e-04   4.904391e-20   3672
  3.573731e-01   2.604445e-18   1.310574e-04   6.095137e-20   3248
  3.578115e-01   2.313617e-18   1.341465e-04   4.937433e-20   3336
  3.582900e-01   2.293666e-18   1.365492e-04   4.613703e-20   3576
  3.587793e-01   2.489408e-18   1.159180e-04   5.035808e-20   3336
  3.592778e-01   2.479348e-18   1.376902e-04   4.762332e-20   3936
  3.597697e-01   2.580688e-18   1.466440e-04   5.267936e-20   3408
  3.602575e-01   2.554603e-18   1.291957e-04   5.593663e-20   3336
  3.607316e-01   2.024485e-18   1.451163e-04   4.440363e-20   3312
  3.612054e-01   2.329849e-18   1.469319e-04   4.961581e-20   3432
  3.617101e-01   2.482112e-18   1.273841e-04   5.423144e-20   3144
  3.621706e-01   2.389349e-18   1.382881e-04   5.059471e-20   3456
  3.626887e-01   2.369091e-18   1.329107e-04   4.729663e-20   3792
  3.631568e-01   2.478325e-18   1.305556e-04   5.750709e-20   2868
  3.636625e-01   2.227224e-18   1.352551e-04   4.215976e-20   3888
  3.641351e-01   2.126467e-18   1.174435e-04   4.948755e-20   2784
  3.646004e-01   2.259984e-18   1.341238e-04   5.742644e-20   2964
  3.651086e-01   2.310043e-18   1.381212e-04   5.020825e-20   3432
  3.655924e-01   2.285890e-18   1.429694e-04   4.934385e-20   3416
  3.660820e-01   2.253708e-18   1.528218e-04   4.853196e-20   3528
  3.665830e-01   2.436524e-18   1.226504e-04   5.727299e-20   2904
  3.670262e-01   2.103315e-18   1.375270e-04   4.812054e-20   3072
  3.675416e-01   2.113408e-18   1.544586e-04   4.728247e-20   3216
  3.680569e-01   2.088619e-18   1.250951e-04   5.123897e-20   2844
  3.685093e-01   2.130790e-18   1.431483e-04   4.797581e-20   3432
  3.689737e-01   2.358147e-18   1.150574e-04   5.715863e-20   2880
  3.694925e-01   2.132813e-18   1.524100e-04   4.806916e-20   3576
  3.699812e-01   2.270370e-18   1.362332e-04   5.867906e-20   2700
  3.704492e-01   2.045173e-18   1.530237e-04   4.604403e-20   3000
  3.709392e-01   1.928084e-18   1.270553e-04   4.770771e-20   2556
  3.714151e-01   2.168163e-18   1.361780e-04   4.929074e-20   3360
  3.719070e-01   2.150824e-18   1.323185e-04   4.819972e-20   3120
  3.724371e-01   2.148744e-18   1.557809e-04   5.230854e-20   3216
  3.728935e-01   2.285628e-18   1.098680e-04   5.880610e-20   2628
  3.734065e-01   2.026343e-18   1.452297e-04   5.082289e-20   3200
  3.738745e-01   1.874033e-18   1.370102e-04   5.069252e-20   2232
  3.743471e-01   1.854440e-18   1.563929e-04   4.740984e-20   3108
  3.748177e-01   2.284324e-18   1.373821e-04   6.283749e-20   2604
  3.752991e-01   2.169574e-18   1.479994e-04   5.186264e-20   3096
  3.758288e-01   2.018495e-18   1.348469e-04   4.750173e-20   3084
  3.762884e-01   1.903144e-18   1.376092e-04   4.863967e-20   2664
  3.767621e-01   2.013113e-18   1.213497e-04   5.704329e-20   2232
  3.772262e-01   1.682550e-18   1.494845e-04   4.170552e-20   2808
  3.777344e-01   2.011472e-18   1.412112e-04   5.657346e-20   2592
  3.782089e-01   2.227362e-18   1.449703e-04   5.744793e-20   2952
  3.787074e-01   1.897623e-18   1.368697e-04   5.198136e-20   2772
  3.791921e-01   1.896772e-18   1.471948e-04   4.780511e-20   3036
  3.796993e-01   1.781380e-18   1.427797e-04   5.401777e-20   2136
  3.801616e-01   1.726921e-18   1.138671e-04   5.006879e-20   2496
  3.806364e-01   2.056168e-18   1.516625e-04   6.046287e-20   2228
  3.811316e-01   2.122807e-18   1.413981e-04   5.891153e-20   3048
  3.816243e-01   1.918887e-18   1.350676e-04   5.511813e-20   2676
  3.821140e-01   1.729948e-18   1.345571e-04   4.438148e-20   2784
  3.825820e-01   1.775260e-18   1.307225e-04   5.421360e-20   1920
  3.830514e-01   1.648020e-18   1.395126e-04   4.586405e-20   2400
  3.835600e-01   1.586950e-18   1.279618e-04   4.292003e-20   2532
  3.840860e-01   1.855992e-18   1.421350e-04   5.392913e-20   2544
  3.845592e-01   2.052974e-18   1.486925e-04   5.696703e-20   2772
  3.850254e-01   1.674478e-18   1.392746e-04   5.703686e-20   2160
  3.854884e-01   1.802028e-18   1.500120e-04   5.367008e-20   2304
  3.860241e-01   1.646103e-18   1.467945e-04   5.214005e-20   2328
  3.865043e-01   1.428404e-18   1.407449e-04   4.273878e-20   2304
  3.869492e-01   1.460094e-18   1.330938e-04   4.672833e-20   1908
  3.874552e-01   1.992918e-18   1.488569e-04   6.273147e-20   2736
  3.879425e-01   1.812041e-18   1.410418e-04   5.727471e-20   2448
  3.884609e-01   1.862993e-18   1.318665e-04   5.871105e-20   2040
  3.889299e-01   1.353210e-18   1.372999e-04   4.883367e-20   2120
  3.893809e-01   1.662747e-18   1.138355e-04   5.129675e-20   2040
  3.898664e-01   1.378329e-18   1.412334e-04   4.974604e-20   2208
  3.904158e-01   1.857496e-18   1.268062e-04   6.143006e-20   2208
  3.908608e-01   2.114853e-18   1.405255e-04   6.636094e-20   2196
  3.913207e-01   1.288196e-18   1.236152e-04   4.343559e-20   1848
  3.917886e-01   1.593278e-18   1.401960e-04   5.536082e-20   2124
  3.923120e-01   1.473511e-18   1.470626e-04   4.855809e-20   2328
  3.928231e-01   1.405525e-18   1.497225e-04   4.983499e-20   1920
  3.933200e-01   1.352297e-18   1.374435e-04   5.013446e-20   1548
  3.937619e-01   1.824372e-18   1.507712e-04   5.843061e-20   2388
  3.942832e-01   1.387516e-18   1.395210e-04   5.171089e-20   2160
  3.947606e-01   1.464016e-18   1.269906e-04   5.924786e-20   1704
  3.952179e-01   1.359196e-18   1.430661e-04   5.453217e-20   1776
  3.956506e-01   1.340351e-18   1.338203e-04   4.932080e-20   1800
  3.961977e-01   1.169814e-18   1.544832e-04   4.406037e-20   1700
  3.967087e-01   1.684064e-18   1.390936e-04   6.113392e-20   2292
  3.971846e-01   1.437758e-18   1.291201e-04   5.888224e-20   1704
  3.976337e-01   1.406687e-18   1.443780e-04   5.608413e-20   1728
  3.981255e-01   1.207367e-18   1.336251e-04   5.086405e-20   1728
  3.986075e-01   1.530065e-18   1.334994e-04   6.076439e-20   1680
  3.991202e-01   9.816053e-19   1.537953e-04   3.923258e-20   1704
  3.996310e-01   1.096614e-18   1.207753e-04   3.909464e-20   1752
  4.000877e-01   1.462625e-18   1.435789e-04   6.009595e-20   1872
  4.005817e-01   1.359308e-18   1.407232e-04   6.022042e-20   1500
  4.010829e-01   1.172989e-18   1.232237e-04   4.871717e-20   1656
  4.015697e-01   1.307995e-18   1.321192e-04   5.119854e-20   1464
  4.020023e-01   9.164935e-19   1.157232e-04   4.703862e-20   1488
  4.025329e-01   1.030007e-18   1.396693e-04   3.987447e-20   1680
  4.030178e-01   1.166904e-18   1.459194e-04   4.935814e-20   1692
  4.034716e-01   1.146996e-18   1.397252e-04   5.797303e-20   1128
  4.039751e-01   1.138216e-18   1.345433e-04   5.085582e-20   1536
  4.044663e-01   9.228438e-19   1.402479e-04   4.956969e-20   1616
  4.049637e-01   9.388470e-19   1.352429e-04   4.365756e-20   1476
  4.054650e-01   8.878404e-19   1.488381e-04   5.010032e-20   1176
  4.059124e-01   9.539194e-19   1.599107e-04   3.804959e-20   1656
  4.063997e-01   1.049913e-18   1.404668e-04   7.059839e-20   891
  4.069020e-01   8.298771e-19   1.497388e-04   3.221196e-20   1596
  4.073915e-01   7.949163e-19   1.305762e-04   4.041603e-20   1422
  4.078742e-01   8.135151e-19   1.252138e-04   3.758181e-20   1254
  4.083284e-01   6.409446e-19   1.279202e-04   2.909233e-20   918
  4.088148e-01   8.432848e-19   1.400009e-04   3.166755e-20   1614
  4.093049e-01   6.555650e-19   1.209347e-04   3.900908e-20   798
  4.097922e-01   6.330718e-19   1.550239e-04   2.764112e-20   1458
  4.102863e-01   7.038457e-19   1.419502e-04   2.783769e-20   1374
  4.107747e-01   5.632567e-19   1.212349e-04   2.967374e-20   984
  4.112591e-01   6.463098e-19   1.668024e-04   2.818270e-20   1062
  4.117525e-01   7.434983e-19   1.413965e-04   3.279060e-20   1246
  4.122317e-01   4.798834e-19   1.311095e-04   2.477697e-20   1072
  4.127436e-01   5.095043e-19   1.419832e-04   2.898632e-20   1110
  4.132166e-01   6.449027e-19   1.538182e-04   2.635742e-20   1254
  4.137139e-01   5.457135e-19   1.459816e-04   2.990270e-20   1032
  4.142557e-01   5.972540e-19   1.352509e-04   3.780299e-20   786
  4.146677e-01   5.903258e-19   1.386613e-04   2.465914e-20   1152
  4.151502e-01   4.822336e-19   1.511270e-04   2.298841e-20   1086
  4.156529e-01   3.393345e-19   1.363503e-04   1.304974e-20   912
  4.161175e-01   7.351514e-19   1.366785e-04   3.318261e-20   1062
  4.165917e-01   4.277920e-19   1.362355e-04   1.705054e-20   912
  4.171397e-01   3.606369e-19   1.520835e-04   1.899050e-20   750
  4.175668e-01   5.561840e-19   1.465336e-04   2.352493e-20   1200
  4.180611e-01   4.287727e-19   1.326977e-04   2.397364e-20   918
  4.185524e-01   3.661318e-19   1.377357e-04   1.790414e-20   876
  4.190517e-01   5.505054e-19   1.203534e-04   2.451267e-20   870
  4.194890e-01   4.476914e-19   1.403731e-04   2.122426e-20   768
  4.200015e-01   2.867986e-19   1.286594e-04   1.335318e-20   830
  4.204761e-01   4.295085e-19   1.332096e-04   1.970548e-20   1080
  4.209676e-01   3.947172e-19   1.498783e-04   1.880772e-20   840
  4.214632e-01   3.008529e-19   1.443163e-04   1.343382e-20   798
  4.220251e-01   5.286007e-19   1.145461e-04   2.794085e-20   792
  4.224609e-01   3.248327e-19   1.335978e-04   1.626036e-20   726
  4.229181e-01   2.514260e-19   1.497038e-04   8.674330e-21   864
  4.234189e-01   3.524760e-19   1.281430e-04   1.908653e-20   900
  4.239267e-01   2.686375e-19   1.424135e-04   1.078906e-20   726
  4.243623e-01   2.866561e-19   1.232527e-04   1.278254e-20   576
  4.249434e-01   3.344998e-19   1.282664e-04   1.680300e-20   840
  4.253523e-01   2.785492e-19   1.331485e-04   1.518278e-20   750
  4.258366e-01   2.492319e-19   1.335529e-04   1.145085e-20   720
  4.262936e-01   3.327458e-19   1.351090e-04   1.814901e-20   702
  4.268271e-01   2.865062e-19   1.475571e-04   1.351264e-20   696
  4.272662e-01   2.889466e-19   1.319621e-04   1.697798e-20   480
  4.277837e-01   2.803037e-19   1.250396e-04   1.423863e-20   830
  4.282419e-01   2.583384e-19   1.454616e-04   1.167548e-20   756
  4.287552e-01   2.584654e-19   1.396687e-04   1.300034e-20   624
  4.292083e-01   2.403287e-19   1.475796e-04   1.349348e-20   582
  4.297440e-01   2.939183e-19   1.132706e-04   1.705488e-20   576
  4.302073e-01   2.162831e-19   1.517064e-04   1.030226e-20   624
  4.306823e-01   2.450539e-19   1.238986e-04   1.217980e-20   702
  4.311525e-01   2.251739e-19   1.425165e-04   1.110976e-20   624
  4.317110e-01   2.465620e-19   1.378751e-04   1.172293e-20   672
  4.321659e-01   1.736122e-19   1.032125e-04   1.029101e-20   342
  4.326655e-01   2.315107e-19   1.290292e-04   1.354515e-20   660
  4.331249e-01   1.731298e-19   1.326364e-04   1.120432e-20   576
  4.335992e-01   1.935752e-19   1.289493e-04   1.157760e-20   600
  4.340787e-01   1.744319e-19   1.491476e-04   1.052666e-20   510
  4.346181e-01   2.116848e-19   1.397290e-04   1.064955e-20   600
  4.350341e-01   1.544591e-19   1.112888e-04   1.026782e-20   216
  4.355185e-01   1.708575e-19   1.354577e-04   7.962965e-21   758
  4.360833e-01   1.494008e-19   1.482975e-04   8.866512e-21   576
  4.365782e-01   1.870759e-19   1.259005e-04   9.349303e-21   528
  4.370248e-01   1.621142e-19   8.670054e-05   1.191757e-20   318
  4.375047e-01   1.978082e-19   1.497759e-04   9.913723e-21   540
  4.380721e-01   8.933339e-20   1.058893e-04   5.382247e-21   384
  4.384565e-01   1.655605e-19   1.463022e-04   9.221755e-21   576
  4.389570e-01   1.193974e-19   1.195560e-04   6.620261e-21   414
  4.394302e-01   1.696533e-19   1.335050e-04   9.677603e-21   504
  4.399357e-01   1.589123e-19   1.465573e-04   8.406294e-21   312
  4.404212e-01   1.508163e-19   1.327827e-04   1.048307e-20   414
  4.409029e-01   1.028939e-19   1.226699e-04   5.646687e-21   432
  4.413512e-01   1.250107e-19   1.624587e-04   7.031836e-21   504
  4.418701e-01   1.389651e-19   1.564660e-04   7.963953e-21   432
  4.423558e-01   1.231656e-19   1.281691e-04   6.726037e-21   354
  4.428506e-01   1.402855e-19   1.865017e-04   1.056618e-20   200
  4.432750e-01   1.008266e-19   1.323290e-04   5.978013e-21   480
  4.438485e-01   1.033345e-19   1.512148e-04   5.554958e-21   552
  4.443745e-01   1.044427e-19   9.419478e-05   7.297471e-21   366
  4.447799e-01   1.316747e-19   1.002751e-04   1.295097e-20   240
  4.452261e-01   1.296582e-19   1.401886e-04   7.111706e-21   288
  4.458541e-01   9.777600e-20   9.634579e-05   6.234219e-21   366
  4.462600e-01   7.693715e-20   1.562070e-04   4.327919e-21   408
  4.467132e-01   8.846216e-20   1.174273e-04   6.335545e-21   360
  4.471820e-01   9.649440e-20   1.094619e-04   5.746241e-21   324
  4.476367e-01   9.976470e-20   1.292780e-04   7.795032e-21   174
  4.481783e-01   8.966190e-20   1.485222e-04   6.463950e-21   264
  4.486867e-01   7.668358e-20   1.354596e-04   4.957028e-21   456
  4.491937e-01   7.881832e-20   1.362099e-04   4.965936e-21   360
  4.496105e-01   7.408231e-20   1.500483e-04   5.798208e-21   270
  4.501209e-01   9.560646e-20   1.641082e-04   7.344254e-21   240
  4.507604e-01   1.238106e-19   1.195905e-04   1.014299e-20   120
  4.510747e-01   3.895653e-20   1.248485e-04   2.405944e-21   320
  4.515822e-01   6.773634e-20   1.544785e-04   3.313410e-21   462
  4.521137e-01   6.945983e-20   8.987666e-05   4.202872e-21   276
  4.525754e-01   7.743140e-20   1.019637e-04   6.487298e-21   144
  4.530202e-01   1.026874e-19   1.070818e-04   1.032366e-20   120
  4.536115e-01   4.497621e-20   8.108908e-05   2.514178e-21   294
  4.540583e-01   5.673225e-20   1.438563e-04   3.543712e-21   384
  4.544753e-01   4.976526e-20   9.523196e-05   3.208132e-21   216
  4.548743e-01   8.132133e-20   8.843896e-05   6.665054e-21   168
  4.553251e-01   6.682229e-20   1.052282e-04   6.753376e-21   102
  4.559768e-01   5.052781e-20   1.596520e-04   4.334527e-21   168
  4.564337e-01   4.727472e-20   1.397340e-04   2.773591e-21   384
  4.569346e-01   5.500730e-20   1.419732e-04   4.616374e-21   300
  4.574008e-01   5.660510e-20   1.520225e-04   3.959377e-21   144
  4.579263e-01   6.345188e-20   1.556925e-04   6.376004e-21   102
  4.585568e-01   6.902709e-20   3.685588e-05   8.661104e-21   56
  4.588590e-01   2.996304e-20   1.199932e-04   1.913121e-21   288
  4.593328e-01   3.785309e-20   1.561557e-04   1.774666e-21   360
  4.598487e-01   3.850734e-20   8.376686e-05   2.931595e-21   126
  4.602834e-01   3.868576e-20   4.125612e-05   4.314782e-21   72
  4.607572e-01   6.427480e-20   2.185755e-05   7.458387e-21   48
  4.613754e-01   2.538248e-20   8.842417e-05   1.926400e-21   240
  4.617816e-01   3.712910e-20   1.311982e-04   2.153153e-21   306
  4.621975e-01   4.182434e-20   7.291699e-05   3.812139e-21   120
  4.626766e-01   5.514439e-20   1.794585e-04   6.139631e-21   96
  4.630248e-01   6.776415e-20   0.000000e+00   8.071565e-21   24
  4.638071e-01   2.156823e-20   1.554065e-04   2.322575e-21   120
  4.641905e-01   2.444267e-20   1.343981e-04   1.478424e-21   318
  4.646594e-01   3.697572e-20   1.436227e-04   2.315457e-21   168
  4.651731e-01   4.738441e-20   1.541232e-04   4.457610e-21   72
  4.657357e-01   3.317655e-20   0.000000e+00   4.412702e-21   24
  4.663408e-01   3.207815e-20   7.481195e-05   8.605624e-21   14
  4.666286e-01   1.742113e-20   1.179951e-04   9.808145e-22   288
  4.670757e-01   2.382019e-20   1.419546e-04   1.875649e-21   204
  4.675916e-01   4.178544e-20   2.153808e-05   5.411616e-21   48
  4.680007e-01   7.281044e-20   0.000000e+00   1.408401e-20   24
  4.684739e-01   3.452811e-20   0.000000e+00   7.264405e-21   6
  4.691541e-01   1.379870e-20   8.821950e-05   1.026171e-21   216
  4.695046e-01   2.211298e-20   1.174842e-04   1.591026e-21   192
  4.699334e-01   1.845196e-20   2.143075e-05   3.289541e-21   48
  4.703832e-01   4.759639e-20   1.712353e-04   6.163173e-21   30
  4.716555e-01   1.360846e-20   3.540978e-05   1.308667e-21   96
  4.719167e-01   1.342130e-20   1.160286e-04   8.185103e-22   228
  4.724128e-01   2.677741e-20   1.517284e-04   3.350154e-21   72
  4.730094e-01   2.898065e-20   0.000000e+00   1.048684e-20   6
  4.743680e-01   1.289550e-20   1.145631e-04   8.204650e-22   248
  4.748016e-01   1.547077e-20   1.311235e-04   1.792582e-21   72
  4.753245e-01   1.536519e-20   7.266090e-09   4.265065e-21   6
  4.769053e-01   8.397593e-21   8.141014e-05   6.088736e-22   180
  4.772205e-01   1.395118e-20   1.107713e-04   1.380836e-21   72
  4.776705e-01   9.119468e-21   0.000000e+00   3.049792e-21   6
  4.794278e-01   6.931012e-21   3.483570e-05   7.658428e-22   96
  4.796378e-01   8.345339e-21   9.563861e-05   7.867802e-22   96
  4.800471e-01   4.160353e-20   0.000000e+00   1.905558e-21   6
  4.820778e-01   5.631372e-21   9.153355e-05   4.327464e-22   140
  4.824537e-01   7.452117e-21   0.000000e+00   1.226492e-21   6
  4.846301e-01   5.076187e-21   6.146888e-05   6.063945e-22   96
  4.848898e-01   8.532026e-21   0.000000e+00   1.793200e-21   6
  4.871898e-01   3.872236e-21   3.697860e-05   4.710142e-22   60
  4.873552e-01   4.417772e-21   0.000000e+00   1.340490e-21   6
  4.897713e-01   1.682398e-21   3.748867e-05   2.591557e-22   38
  4.923442e-01   1.452572e-21   1.928513e-05   3.565716e-22   18
  4.949217e-01   3.176025e-22   7.266090e-09   9.138983e-23   6
