# power spectrum of delta
# redshift z=48.519767
# k              Pk             sigma(k)       sigma(Pk)      count
  4.487990e-03   4.078920e-08   0.000000e+00   1.644145e-08   6
  6.346976e-03   7.888750e-08   0.000000e+00   1.574697e-08   12
  7.773426e-03   1.250128e-07   8.514949e-11   2.545171e-08   8
  8.975979e-03   7.161490e-07   0.000000e+00   7.705746e-08   6
  1.003545e-02   7.630381e-07   1.605594e-10   2.432452e-07   24
  1.099328e-02   1.549186e-06   1.605594e-10   2.610261e-07   24
  1.269395e-02   1.205936e-06   0.000000e+00   5.427510e-07   12
  1.346397e-02   1.760245e-06   1.816523e-10   3.239707e-07   30
  1.419227e-02   2.708207e-06   0.000000e+00   5.968094e-07   24
  1.488498e-02   2.972868e-06   2.780971e-10   7.370486e-07   24
  1.554685e-02   4.105740e-06   1.702990e-10   8.321557e-07   8
  1.618168e-02   4.069008e-06   2.270653e-10   5.057010e-07   24
  1.679252e-02   4.419738e-06   0.000000e+00   6.211683e-07   48
  1.795196e-02   6.803300e-06   0.000000e+00   2.991518e-06   6
  1.850445e-02   6.108778e-06   2.270653e-10   8.574917e-07   48
  1.904093e-02   6.333394e-06   2.140792e-10   6.591816e-07   36
  1.956269e-02   1.008914e-05   2.270653e-10   2.110258e-06   24
  2.007090e-02   6.551220e-06   3.211188e-10   1.127080e-06   24
  2.056655e-02   6.441209e-06   0.000000e+00   8.755599e-07   48
  2.105054e-02   1.089381e-05   3.211188e-10   1.550740e-06   24
  2.198657e-02   1.027439e-05   3.211188e-10   1.615718e-06   24
  2.243995e-02   7.588581e-06   0.000000e+00   1.242164e-06   30
  2.288435e-02   8.744842e-06   0.000000e+00   9.646697e-07   72
  2.332028e-02   9.191239e-06   3.405980e-10   1.873063e-06   32
  2.416856e-02   1.399309e-05   0.000000e+00   1.621494e-06   72
  2.458173e-02   9.121580e-06   0.000000e+00   1.333935e-06   48
  2.538790e-02   5.461496e-06   0.000000e+00   1.624151e-06   12
  2.597539e-02   1.107639e-05   1.938570e-04   1.010624e-06   96
  2.655130e-02   1.501125e-05   3.211188e-10   1.894494e-06   48
  2.692794e-02   1.901095e-05   3.633045e-10   3.330707e-06   30
  2.757421e-02   1.892379e-05   1.586779e-04   1.771852e-06   96
  2.838454e-02   1.255411e-05   0.000000e+00   2.383263e-06   24
  2.885327e-02   1.870727e-05   1.642099e-04   1.506993e-06   144
  2.942972e-02   1.402652e-05   5.561942e-10   3.443725e-06   24
  3.002225e-02   2.251356e-05   1.456630e-04   2.579743e-06   96
  3.043903e-02   2.065803e-05   0.000000e+00   3.179923e-06   48
  3.137435e-02   2.819671e-05   1.080207e-04   3.194673e-06   62
  3.184971e-02   2.161911e-05   1.519035e-04   2.590466e-06   132
  3.236335e-02   1.506002e-05   4.541306e-10   2.684583e-06   24
  3.284837e-02   2.495994e-05   1.518246e-04   2.128694e-06   168
  3.373431e-02   3.170695e-05   1.492698e-04   2.617258e-06   96
  3.439955e-02   2.308668e-05   1.270423e-04   2.183578e-06   96
  3.521583e-02   2.617685e-05   1.416056e-04   2.160721e-06   168
  3.590392e-02   3.848255e-05   0.000000e+00   1.690065e-05   6
  3.618333e-02   3.202297e-05   0.000000e+00   3.111053e-06   96
  3.651563e-02   3.155854e-05   1.100713e-04   3.104935e-06   120
  3.718966e-02   2.690521e-05   1.278125e-04   2.127821e-06   144
  3.754921e-02   3.205535e-05   0.000000e+00   4.322910e-06   48
  3.823245e-02   3.034462e-05   1.304211e-04   3.254001e-06   84
  3.860715e-02   3.462104e-05   8.899106e-10   3.103759e-06   120
  3.894461e-02   2.749455e-05   1.183479e-04   3.141570e-06   80
  3.946692e-02   2.739895e-05   1.201620e-04   2.011205e-06   144
  4.014180e-02   3.664500e-05   6.422377e-10   6.799359e-06   24
  4.047145e-02   4.123065e-05   1.159510e-04   3.445072e-06   150
  4.098576e-02   3.866183e-05   1.203057e-04   2.813545e-06   120
  4.155056e-02   3.673764e-05   1.096333e-04   3.094681e-06   168
  4.210107e-02   5.679601e-05   6.422377e-10   9.491012e-06   24
  4.244743e-02   3.451553e-05   1.181082e-04   2.192279e-06   264
  4.281269e-02   2.838242e-05   6.422377e-10   3.978768e-06   48
  4.343532e-02   3.852896e-05   1.093985e-04   3.169057e-06   144
  4.412543e-02   4.967858e-05   1.076845e-04   6.068957e-06   72
  4.451927e-02   4.062645e-05   1.107671e-04   2.601073e-06   180
  4.506982e-02   4.465447e-05   8.025835e-05   3.329464e-06   198
  4.532647e-02   4.835194e-05   0.000000e+00   5.323562e-06   48
  4.589413e-02   4.057912e-05   1.086319e-04   3.062283e-06   168
  4.631540e-02   4.927846e-05   1.087222e-04   4.492439e-06   144
  4.695270e-02   4.837041e-05   1.527607e-04   2.535747e-06   248
  4.781330e-02   3.661681e-05   1.053161e-04   2.578098e-06   192
  4.839932e-02   4.975257e-05   1.626762e-04   3.250663e-06   240
  4.875204e-02   5.577699e-05   0.000000e+00   6.045493e-06   72
  4.929001e-02   6.000613e-05   9.927197e-05   5.248100e-06   126
  4.962939e-02   6.509007e-05   9.159181e-05   5.139124e-06   168
  5.027740e-02   6.387292e-05   1.001546e-04   3.557417e-06   288
  5.095853e-02   6.089731e-05   5.274950e-05   5.208756e-06   156
  5.131126e-02   5.340854e-05   8.873998e-05   4.645659e-06   168
  5.184617e-02   5.854858e-05   1.521290e-04   3.612929e-06   264
  5.233850e-02   5.614374e-05   0.000000e+00   6.889221e-06   48
  5.270435e-02   5.844796e-05   1.514052e-04   3.829996e-06   264
  5.322882e-02   6.188252e-05   8.924381e-05   5.149101e-06   144
  5.362492e-02   6.990572e-05   1.825884e-04   7.892088e-06   78
  5.420192e-02   5.943609e-05   1.186900e-04   3.301138e-06   336
  5.474604e-02   5.694538e-05   9.030373e-05   3.853707e-06   200
  5.510338e-02   5.671757e-05   1.768159e-04   4.297533e-06   192
  5.558581e-02   7.236073e-05   8.873069e-05   5.119398e-06   240
  5.602902e-02   7.947792e-05   1.778215e-04   5.518422e-06   168
  5.648434e-02   6.732624e-05   1.423690e-04   5.786763e-06   120
  5.703118e-02   7.675628e-05   1.112738e-04   4.071134e-06   324
  5.756179e-02   7.101607e-05   8.748012e-05   4.828845e-06   192
  5.792293e-02   8.112625e-05   1.568908e-04   5.861941e-06   168
  5.853721e-02   6.364149e-05   1.292197e-04   3.498935e-06   342
  5.909109e-02   8.996600e-05   1.040479e-04   4.618570e-06   336
  5.965251e-02   1.027353e-04   7.962394e-05   1.131488e-05   72
  6.003109e-02   8.390820e-05   1.273478e-04   5.576121e-06   288
  6.047058e-02   8.507039e-05   8.293768e-05   6.162208e-06   264
  6.108439e-02   7.826438e-05   1.090835e-04   4.245936e-06   384
  6.163419e-02   8.437702e-05   1.309286e-04   6.337870e-06   240
  6.186267e-02   8.903346e-05   0.000000e+00   1.086750e-05   48
  6.252352e-02   9.145582e-05   1.071736e-04   4.603049e-06   392
  6.302771e-02   8.664192e-05   1.176177e-04   4.919676e-06   294
  6.356985e-02   8.858945e-05   7.644534e-05   6.623721e-06   228
  6.392640e-02   1.065398e-04   1.160935e-04   6.944636e-06   216
  6.437004e-02   9.077703e-05   7.071608e-05   4.805595e-06   336
  6.491309e-02   9.888080e-05   8.402231e-05   5.630746e-06   360
  6.536140e-02   1.091942e-04   1.280140e-04   6.741751e-06   240
  6.582853e-02   1.034853e-04   1.514699e-04   7.316619e-06   168
  6.626426e-02   9.590162e-05   1.192252e-04   5.433536e-06   312
  6.678338e-02   9.864948e-05   7.461529e-05   5.001294e-06   336
  6.734419e-02   1.090781e-04   1.017891e-04   6.638738e-06   294
  6.776702e-02   1.249818e-04   1.356641e-04   7.686162e-06   288
  6.809058e-02   8.931250e-05   8.488954e-05   5.810398e-06   264
  6.866755e-02   1.065957e-04   1.458184e-04   5.355261e-06   480
  6.914996e-02   1.208980e-04   7.133389e-05   7.208659e-06   240
  6.974139e-02   1.224344e-04   7.213111e-05   7.144194e-06   276
  7.020800e-02   1.161226e-04   1.583420e-04   4.866911e-06   488
  7.076234e-02   1.346947e-04   6.973720e-05   1.183162e-05   240
  7.108411e-02   1.248550e-04   1.354117e-04   6.207439e-06   360
  7.153530e-02   1.074166e-04   4.817743e-05   7.933239e-06   198
  7.211554e-02   1.070037e-04   1.627935e-04   4.644135e-06   480
  7.254038e-02   1.092822e-04   6.008787e-05   6.598877e-06   288
  7.312796e-02   1.289419e-04   1.270121e-04   6.133156e-06   480
  7.365633e-02   1.335398e-04   7.825550e-05   5.702172e-06   480
  7.419894e-02   1.196351e-04   1.012105e-04   7.958933e-06   288
  7.453749e-02   1.371640e-04   1.079729e-04   7.809209e-06   288
  7.506996e-02   1.323405e-04   1.877112e-04   6.426041e-06   456
  7.560610e-02   1.504344e-04   1.767802e-04   7.466392e-06   360
  7.595177e-02   1.360912e-04   1.059672e-04   8.472688e-06   180
  7.645202e-02   1.173159e-04   1.154112e-04   4.996147e-06   486
  7.695907e-02   1.349804e-04   1.535340e-04   6.079643e-06   504
  7.747462e-02   1.464530e-04   1.192882e-04   6.900612e-06   456
  7.790209e-02   1.418160e-04   9.910745e-05   8.270752e-06   296
  7.846686e-02   1.379452e-04   9.779604e-05   6.036397e-06   528
  7.889160e-02   1.414409e-04   9.649931e-05   7.135039e-06   336
  7.951717e-02   1.440897e-04   1.070358e-04   5.966265e-06   600
  7.997507e-02   1.225117e-04   6.270729e-05   7.263131e-06   264
  8.043396e-02   1.461762e-04   6.781049e-05   7.161952e-06   360
  8.090234e-02   1.429561e-04   1.357633e-04   6.228094e-06   630
  8.141847e-02   1.690100e-04   7.007974e-05   7.999768e-06   432
  8.187631e-02   1.639601e-04   1.350259e-04   7.845693e-06   408
  8.243827e-02   1.517372e-04   8.962194e-05   8.196985e-06   324
  8.285635e-02   1.462119e-04   1.277222e-04   5.486872e-06   744
  8.336064e-02   1.419900e-04   1.021054e-04   7.915268e-06   336
  8.384245e-02   1.666872e-04   1.403689e-04   7.233324e-06   528
  8.437080e-02   1.432838e-04   7.162045e-05   7.745016e-06   408
  8.472109e-02   1.407295e-04   1.218981e-04   6.910744e-06   408
  8.529988e-02   1.479202e-04   1.006308e-04   6.702827e-06   470
  8.572148e-02   1.604864e-04   1.208902e-04   7.312485e-06   528
  8.631019e-02   1.397100e-04   1.007343e-04   5.209713e-06   624
  8.674381e-02   1.620179e-04   7.664930e-05   7.539428e-06   504
  8.719116e-02   1.419302e-04   1.067668e-04   6.063975e-06   552
  8.763489e-02   1.569630e-04   5.190111e-05   7.890564e-06   336
  8.819051e-02   1.713560e-04   1.104770e-04   7.564763e-06   528
  8.862093e-02   1.624148e-04   1.257802e-04   6.444743e-06   564
  8.912507e-02   1.545594e-04   1.157674e-04   7.414196e-06   528
  8.967166e-02   1.747470e-04   1.797324e-04   7.591631e-06   582
  9.016871e-02   1.636770e-04   1.383668e-04   6.537787e-06   624
  9.060342e-02   1.610457e-04   1.581799e-04   8.134878e-06   432
  9.112208e-02   1.698041e-04   1.759475e-04   5.764212e-06   816
  9.165576e-02   1.769844e-04   8.018898e-05   9.863675e-06   312
  9.200488e-02   1.558291e-04   1.299641e-04   6.871310e-06   552
  9.256787e-02   1.662700e-04   8.185444e-05   6.172890e-06   744
  9.297574e-02   1.818936e-04   7.646869e-05   9.908249e-06   408
  9.350218e-02   1.610796e-04   1.095830e-04   6.565544e-06   632
  9.404906e-02   1.880448e-04   1.860997e-04   6.988822e-06   750
  9.449396e-02   1.904451e-04   1.280227e-04   1.014544e-05   312
  9.498974e-02   1.770314e-04   1.890077e-04   6.093883e-06   876
  9.548011e-02   1.476215e-04   1.234108e-04   6.085395e-06   552
  9.603265e-02   1.792314e-04   1.020603e-04   7.021539e-06   696
  9.640905e-02   1.822056e-04   1.126552e-04   7.873256e-06   576
  9.692128e-02   1.661136e-04   1.192748e-04   7.690561e-06   576
  9.735848e-02   1.853065e-04   1.598285e-04   7.314229e-06   648
  9.788685e-02   1.867583e-04   1.599783e-04   6.887778e-06   672
  9.847019e-02   1.838745e-04   6.785687e-05   8.738566e-06   480
  9.884355e-02   1.725522e-04   1.050846e-04   6.188173e-06   726
  9.932431e-02   1.929576e-04   1.190745e-04   6.847514e-06   792
  9.984502e-02   1.802777e-04   1.651878e-04   6.596592e-06   768
  1.003938e-01   1.911478e-04   1.350017e-04   7.163175e-06   672
  1.008970e-01   1.873268e-04   9.055629e-05   7.285109e-06   608
  1.012613e-01   1.784103e-04   8.693679e-05   7.016958e-06   624
  1.017809e-01   1.802684e-04   1.129736e-04   6.524773e-06   684
  1.022864e-01   1.851188e-04   1.668752e-04   6.393092e-06   768
  1.027568e-01   1.953316e-04   1.334155e-04   6.681284e-06   744
  1.033173e-01   1.845790e-04   8.400635e-05   6.368361e-06   750
  1.037259e-01   1.761871e-04   1.248642e-04   7.750642e-06   600
  1.041677e-01   1.881212e-04   1.325833e-04   7.638994e-06   600
  1.047135e-01   1.946077e-04   1.527941e-04   6.011967e-06   1008
  1.051470e-01   1.984470e-04   8.474486e-05   7.490377e-06   696
  1.056273e-01   2.067857e-04   1.119517e-04   8.510096e-06   624
  1.061102e-01   2.004175e-04   1.742111e-04   7.454408e-06   840
  1.066588e-01   2.158208e-04   1.185366e-04   7.482375e-06   816
  1.071038e-01   1.940245e-04   7.873478e-05   6.623584e-06   744
  1.075531e-01   2.018852e-04   1.391901e-04   8.510422e-06   510
  1.080960e-01   2.095244e-04   1.336339e-04   6.687892e-06   1020
  1.086012e-01   2.094688e-04   1.078294e-04   6.731303e-06   912
  1.090992e-01   2.177283e-04   1.597552e-04   7.748879e-06   752
  1.095110e-01   2.131873e-04   1.325595e-04   8.271334e-06   888
  1.100730e-01   2.068894e-04   8.554013e-05   7.270211e-06   768
  1.105327e-01   2.099621e-04   1.554339e-04   7.522036e-06   720
  1.110617e-01   2.122602e-04   1.370195e-04   6.838989e-06   1056
  1.115309e-01   2.166793e-04   9.479589e-05   9.485011e-06   504
  1.119154e-01   1.981201e-04   1.480257e-04   7.502092e-06   774
  1.124652e-01   2.163589e-04   1.423615e-04   6.603548e-06   1272
  1.129816e-01   2.246200e-04   9.326921e-05   8.616495e-06   744
  1.134632e-01   2.087328e-04   1.523027e-04   7.531202e-06   768
  1.139050e-01   2.223521e-04   1.288282e-04   7.418297e-06   840
  1.144011e-01   2.325696e-04   8.734207e-05   7.441498e-06   924
  1.148789e-01   2.266605e-04   1.539839e-04   7.410750e-06   936
  1.153484e-01   2.122948e-04   1.070130e-04   6.923631e-06   840
  1.158214e-01   2.366339e-04   1.272259e-04   7.379787e-06   1008
  1.164225e-01   2.199214e-04   1.436262e-04   8.146171e-06   696
  1.167996e-01   2.163873e-04   1.276589e-04   7.011484e-06   974
  1.173599e-01   2.408769e-04   1.695459e-04   6.922752e-06   1152
  1.178471e-01   2.377513e-04   6.634378e-05   7.977655e-06   816
  1.182260e-01   2.226226e-04   1.459488e-04   7.392889e-06   816
  1.187357e-01   2.381880e-04   1.288794e-04   6.965714e-06   1152
  1.192732e-01   2.414173e-04   1.160356e-04   7.724867e-06   912
  1.197621e-01   2.576010e-04   1.409833e-04   7.831780e-06   1056
  1.201806e-01   2.510839e-04   1.205660e-04   1.027331e-05   624
  1.207435e-01   2.422069e-04   1.506027e-04   7.255377e-06   1260
  1.212292e-01   2.526949e-04   9.083716e-05   8.433851e-06   894
  1.217037e-01   2.691130e-04   1.556364e-04   7.357081e-06   1176
  1.221783e-01   2.375567e-04   1.288208e-04   8.866492e-06   840
  1.227186e-01   2.575342e-04   1.464236e-04   6.540347e-06   1440
  1.232859e-01   2.386704e-04   8.232021e-05   7.719272e-06   864
  1.237160e-01   2.701327e-04   1.412655e-04   8.575366e-06   1056
  1.241441e-01   2.780766e-04   8.328830e-05   1.140383e-05   624
  1.246641e-01   2.647461e-04   1.542356e-04   6.789169e-06   1496
  1.251612e-01   2.684438e-04   1.088958e-04   1.025456e-05   936
  1.256039e-01   2.585610e-04   1.576468e-04   8.341204e-06   966
  1.260801e-01   2.618873e-04   1.117465e-04   8.507058e-06   936
  1.265804e-01   2.745797e-04   1.382244e-04   7.551269e-06   1248
  1.270926e-01   2.584996e-04   9.744205e-05   7.648578e-06   1044
  1.275698e-01   2.635727e-04   1.509409e-04   7.468807e-06   1392
  1.279478e-01   2.549649e-04   1.162549e-04   9.798817e-06   600
  1.284885e-01   2.606894e-04   1.320778e-04   6.756378e-06   1416
  1.289955e-01   2.737561e-04   1.421656e-04   7.884661e-06   1152
  1.295092e-01   2.709789e-04   1.363856e-04   8.596799e-06   936
  1.299230e-01   2.755889e-04   1.462802e-04   9.330916e-06   870
  1.304147e-01   2.936110e-04   1.226502e-04   8.474614e-06   1368
  1.309604e-01   2.852506e-04   1.612530e-04   7.297843e-06   1632
  1.314267e-01   3.016005e-04   7.000699e-05   1.055559e-05   816
  1.319315e-01   2.890306e-04   1.597143e-04   8.197478e-06   1200
  1.323720e-01   2.956101e-04   1.527057e-04   8.413075e-06   1184
  1.328194e-01   3.110070e-04   1.158936e-04   9.965302e-06   984
  1.333683e-01   2.886743e-04   1.414942e-04   7.530576e-06   1572
  1.338659e-01   3.176788e-04   7.792333e-05   1.145395e-05   840
  1.343297e-01   2.848434e-04   1.812138e-04   7.540723e-06   1392
  1.348193e-01   2.861063e-04   1.330470e-04   8.861911e-06   1158
  1.352564e-01   3.062729e-04   1.211496e-04   8.659155e-06   1272
  1.357826e-01   3.131069e-04   1.234623e-04   8.654792e-06   1320
  1.362769e-01   2.989134e-04   1.208065e-04   9.229167e-06   1104
  1.367472e-01   2.969942e-04   1.367360e-04   8.426738e-06   1392
  1.372408e-01   2.866550e-04   1.478938e-04   8.207858e-06   1296
  1.377492e-01   2.960568e-04   1.544255e-04   7.917220e-06   1392
  1.382262e-01   2.996143e-04   1.132835e-04   9.061511e-06   1104
  1.386675e-01   2.934006e-04   1.426913e-04   7.782657e-06   1320
  1.392961e-01   3.017653e-04   1.089713e-04   8.129813e-06   1422
  1.396977e-01   3.013592e-04   1.357176e-04   9.055608e-06   1212
  1.401589e-01   2.932718e-04   1.483027e-04   8.005120e-06   1280
  1.406327e-01   3.193597e-04   1.544235e-04   8.947880e-06   1272
  1.410869e-01   3.251307e-04   1.336382e-04   8.028761e-06   1680
  1.416252e-01   2.843336e-04   1.262633e-04   8.621508e-06   1152
  1.421207e-01   3.030840e-04   1.462174e-04   7.435198e-06   1512
  1.426417e-01   2.980619e-04   6.173239e-05   1.017110e-05   912
  1.430535e-01   3.125407e-04   1.556147e-04   7.308666e-06   1680
  1.436012e-01   2.802743e-04   1.378563e-04   7.134374e-06   1518
  1.440071e-01   3.181110e-04   1.276288e-04   9.370057e-06   1056
  1.444347e-01   3.066345e-04   1.288698e-04   7.784572e-06   1344
  1.449875e-01   3.493060e-04   1.383780e-04   8.459064e-06   1680
  1.454876e-01   3.065817e-04   1.363571e-04   7.822893e-06   1656
  1.460341e-01   3.043304e-04   1.159057e-04   1.006587e-05   1140
  1.464444e-01   3.041643e-04   1.342100e-04   8.622516e-06   1368
  1.469271e-01   3.090009e-04   1.526647e-04   7.839506e-06   1656
  1.474179e-01   3.199619e-04   1.563614e-04   8.897014e-06   1448
  1.479520e-01   3.080729e-04   1.468912e-04   7.857283e-06   1422
  1.484453e-01   3.234286e-04   1.621619e-04   8.395881e-06   1512
  1.488673e-01   3.271530e-04   1.236275e-04   9.432953e-06   1296
  1.493554e-01   3.107666e-04   1.128801e-04   7.589075e-06   1824
  1.498832e-01   3.126891e-04   1.463660e-04   7.995501e-06   1464
  1.504163e-01   2.960775e-04   1.306107e-04   6.610151e-06   1824
  1.509111e-01   3.247090e-04   1.038421e-04   8.523355e-06   1416
  1.513416e-01   3.111062e-04   1.521007e-04   8.358444e-06   1392
  1.518062e-01   3.106792e-04   1.403562e-04   8.084809e-06   1464
  1.523732e-01   2.900543e-04   1.372200e-04   7.870383e-06   1524
  1.528113e-01   3.072601e-04   1.264504e-04   7.886480e-06   1686
  1.533176e-01   3.102939e-04   1.505644e-04   7.783645e-06   1800
  1.537528e-01   3.390627e-04   1.195338e-04   1.023746e-05   1344
  1.542356e-01   3.247497e-04   1.394596e-04   8.713106e-06   1656
  1.547196e-01   3.243806e-04   1.113514e-04   8.122004e-06   1488
  1.551402e-01   3.328739e-04   1.111701e-04   8.410757e-06   1536
  1.557262e-01   3.142896e-04   1.234973e-04   7.926609e-06   1760
  1.561802e-01   3.083800e-04   1.373667e-04   7.142496e-06   1824
  1.567053e-01   3.363073e-04   1.152763e-04   8.545612e-06   1560
  1.572105e-01   3.300054e-04   1.324056e-04   8.023126e-06   1926
  1.576857e-01   3.345627e-04   9.415777e-05   9.593546e-06   1272
  1.581194e-01   3.158154e-04   1.582320e-04   7.508585e-06   1848
  1.586895e-01   3.322732e-04   1.278379e-04   7.479642e-06   1908
  1.591231e-01   3.263606e-04   1.246890e-04   8.598577e-06   1488
  1.595806e-01   3.072257e-04   1.406224e-04   7.697232e-06   1800
  1.600766e-01   3.152917e-04   1.407610e-04   7.664125e-06   1752
  1.605517e-01   3.098811e-04   1.496769e-04   8.265788e-06   1368
  1.610272e-01   3.242715e-04   1.406675e-04   6.872537e-06   2016
  1.615501e-01   3.395690e-04   1.485794e-04   8.715315e-06   1542
  1.620327e-01   3.180290e-04   1.454994e-04   7.350451e-06   2184
  1.625669e-01   3.370913e-04   1.330990e-04   7.842478e-06   1776
  1.630283e-01   3.214718e-04   1.521522e-04   8.928509e-06   1568
  1.634682e-01   3.366798e-04   1.390081e-04   7.815493e-06   2040
  1.639468e-01   3.468641e-04   1.486121e-04   8.445917e-06   1704
  1.644478e-01   3.160268e-04   1.489728e-04   8.211757e-06   1512
  1.649202e-01   3.313672e-04   1.270742e-04   7.363179e-06   2028
  1.654509e-01   3.314127e-04   1.532841e-04   7.330892e-06   1968
  1.659362e-01   3.206528e-04   1.554838e-04   7.328802e-06   1854
  1.664110e-01   3.261565e-04   1.482240e-04   7.864600e-06   1632
  1.668977e-01   3.364720e-04   1.523128e-04   6.765722e-06   2424
  1.674021e-01   3.302228e-04   1.524713e-04   8.288226e-06   1560
  1.678285e-01   3.400050e-04   1.440852e-04   7.773231e-06   1728
  1.683437e-01   3.294992e-04   1.538043e-04   7.692346e-06   2088
  1.688623e-01   3.140134e-04   1.464052e-04   7.204552e-06   1968
  1.693394e-01   3.291394e-04   1.449552e-04   7.617236e-06   2256
  1.698178e-01   3.363412e-04   1.288813e-04   7.755559e-06   1728
  1.703172e-01   3.337770e-04   1.270494e-04   9.155296e-06   1416
  1.707596e-01   3.541230e-04   1.339356e-04   7.441430e-06   2246
  1.712606e-01   3.383424e-04   1.483321e-04   7.917885e-06   2148
  1.717398e-01   3.521185e-04   1.252967e-04   9.038376e-06   1680
  1.721909e-01   3.413145e-04   1.584012e-04   6.647846e-06   2280
  1.727331e-01   3.487035e-04   1.475065e-04   7.151520e-06   2352
  1.732395e-01   3.403716e-04   1.239422e-04   8.413611e-06   1632
  1.736402e-01   3.492581e-04   1.418228e-04   8.096286e-06   1968
  1.741900e-01   3.335521e-04   1.455103e-04   7.641421e-06   2112
  1.746998e-01   3.396563e-04   1.093039e-04   7.923217e-06   2208
  1.751952e-01   3.403661e-04   1.102112e-04   7.521654e-06   1974
  1.755862e-01   3.400141e-04   1.078165e-04   7.879840e-06   1944
  1.761144e-01   3.635718e-04   1.219820e-04   7.926555e-06   2160
  1.765722e-01   3.505107e-04   1.140807e-04   8.115403e-06   2040
  1.770670e-01   3.649680e-04   1.596015e-04   8.094709e-06   2352
  1.775745e-01   3.727524e-04   1.325904e-04   8.567022e-06   1836
  1.780376e-01   3.528169e-04   1.414413e-04   7.286550e-06   2352
  1.785577e-01   3.414611e-04   1.483527e-04   7.627436e-06   2008
  1.790344e-01   3.549789e-04   1.459431e-04   7.563788e-06   2464
  1.795659e-01   3.537456e-04   1.177095e-04   7.615946e-06   2118
  1.800019e-01   3.561047e-04   1.183276e-04   8.610447e-06   1848
  1.804507e-01   3.955290e-04   1.565861e-04   9.173237e-06   2280
  1.809928e-01   3.785871e-04   1.489508e-04   7.967730e-06   2472
  1.814993e-01   3.517472e-04   9.953927e-05   7.660857e-06   2280
  1.819245e-01   3.907512e-04   1.216700e-04   9.337585e-06   1992
  1.823831e-01   3.773712e-04   1.279126e-04   7.756241e-06   2184
  1.829118e-01   3.421558e-04   1.543068e-04   7.376030e-06   2352
  1.834214e-01   3.735241e-04   1.626118e-04   7.601000e-06   2496
  1.839203e-01   3.559246e-04   1.518813e-04   8.663642e-06   1770
  1.843678e-01   3.940176e-04   1.310496e-04   8.212341e-06   2568
  1.849057e-01   3.858801e-04   1.607377e-04   7.822799e-06   2712
  1.853947e-01   3.944645e-04   1.276489e-04   8.517615e-06   2448
  1.858830e-01   3.964871e-04   1.076015e-04   8.825961e-06   2064
  1.862881e-01   3.769663e-04   1.135758e-04   9.443963e-06   1944
  1.868133e-01   3.724353e-04   1.403079e-04   7.913307e-06   2480
  1.873491e-01   3.780719e-04   1.524155e-04   7.296206e-06   2880
  1.878237e-01   3.815560e-04   1.462067e-04   8.275238e-06   2304
  1.883193e-01   3.859819e-04   1.343278e-04   8.950141e-06   1806
  1.887589e-01   3.914046e-04   1.317346e-04   7.599475e-06   2856
  1.893097e-01   4.058328e-04   1.263374e-04   8.500864e-06   2568
  1.897288e-01   3.753100e-04   1.267515e-04   8.632882e-06   2112
  1.901850e-01   3.988997e-04   1.220840e-04   9.863987e-06   2028
  1.906744e-01   3.854226e-04   1.445115e-04   7.513668e-06   2712
  1.911714e-01   4.035564e-04   1.556884e-04   7.731965e-06   2952
  1.917055e-01   3.948297e-04   1.202957e-04   8.538232e-06   2112
  1.921372e-01   3.897502e-04   1.409804e-04   7.805648e-06   2520
  1.926559e-01   3.802669e-04   1.359784e-04   7.978739e-06   2376
  1.931282e-01   4.039922e-04   1.090048e-04   8.255290e-06   2526
  1.936186e-01   4.215578e-04   1.356536e-04   8.680620e-06   2664
  1.941040e-01   4.226127e-04   1.617960e-04   9.176413e-06   2408
  1.945694e-01   4.065779e-04   1.296049e-04   8.622947e-06   2568
  1.950440e-01   4.208684e-04   1.221942e-04   7.797431e-06   2904
  1.955589e-01   4.059414e-04   1.371053e-04   8.057110e-06   2544
  1.960480e-01   4.118091e-04   1.009875e-04   9.307825e-06   2160
  1.965096e-01   4.334569e-04   1.745958e-04   8.946587e-06   2652
  1.970194e-01   3.919781e-04   1.382439e-04   7.595929e-06   2784
  1.975101e-01   4.268216e-04   1.365199e-04   8.081726e-06   2694
  1.980185e-01   4.023411e-04   1.226932e-04   7.862850e-06   2952
  1.984602e-01   4.325269e-04   1.162128e-04   9.343432e-06   2208
  1.989102e-01   4.232672e-04   1.238599e-04   9.037876e-06   2304
  1.994125e-01   3.996257e-04   1.610662e-04   6.672541e-06   3504
  1.999983e-01   4.192099e-04   1.304210e-04   8.797244e-06   2616
  2.004552e-01   4.153029e-04   1.274108e-04   8.456364e-06   2664
  2.008953e-01   4.086086e-04   1.183758e-04   8.447263e-06   2448
  2.013388e-01   4.222295e-04   1.648584e-04   8.566586e-06   2472
  2.018606e-01   4.268308e-04   1.310718e-04   7.830593e-06   3134
  2.023516e-01   4.315675e-04   1.433541e-04   8.801555e-06   2616
  2.028419e-01   4.095963e-04   1.161223e-04   8.478823e-06   2712
  2.033463e-01   4.178639e-04   1.331755e-04   7.796236e-06   3204
  2.038284e-01   4.102313e-04   1.533782e-04   8.341071e-06   2760
  2.042862e-01   4.047021e-04   1.338200e-04   8.097248e-06   2688
  2.047911e-01   4.190306e-04   1.265264e-04   8.433621e-06   2760
  2.052376e-01   3.985233e-04   1.044749e-04   8.391974e-06   2568
  2.057517e-01   4.010426e-04   1.622443e-04   7.098157e-06   3336
  2.062452e-01   4.217733e-04   1.373220e-04   8.927727e-06   2334
  2.067435e-01   4.098253e-04   1.519616e-04   7.644888e-06   3264
  2.072092e-01   4.382194e-04   1.104877e-04   9.484426e-06   2760
  2.076868e-01   4.084033e-04   1.334378e-04   7.477546e-06   3192
  2.081730e-01   4.210622e-04   1.385370e-04   8.686419e-06   2904
  2.086902e-01   4.147905e-04   1.390027e-04   8.290082e-06   2784
  2.091231e-01   4.416437e-04   1.144018e-04   9.263596e-06   2592
  2.096156e-01   4.039555e-04   1.559460e-04   7.315629e-06   3284
  2.101389e-01   4.157041e-04   1.566406e-04   7.851262e-06   3168
  2.106071e-01   4.187033e-04   1.292397e-04   8.289444e-06   2616
  2.110994e-01   3.967233e-04   1.248775e-04   7.749699e-06   3222
  2.115781e-01   4.227780e-04   1.401164e-04   7.577345e-06   3240
  2.120418e-01   4.358079e-04   1.417503e-04   9.383348e-06   2568
  2.125690e-01   4.418759e-04   1.300629e-04   8.918965e-06   3120
  2.130097e-01   4.401811e-04   1.429850e-04   8.548220e-06   3168
  2.134838e-01   4.143484e-04   1.251725e-04   8.472103e-06   3240
  2.140024e-01   4.104484e-04   1.284239e-04   7.545425e-06   3144
  2.145062e-01   4.023830e-04   1.224103e-04   7.703015e-06   2856
  2.149823e-01   4.148514e-04   1.307392e-04   7.396362e-06   3264
  2.155212e-01   4.223404e-04   1.444609e-04   7.795228e-06   3318
  2.159452e-01   4.411028e-04   1.011723e-04   1.019692e-05   2556
  2.164506e-01   4.144496e-04   1.728209e-04   7.050103e-06   4008
  2.169623e-01   4.307657e-04   1.275720e-04   8.811152e-06   2904
  2.174000e-01   4.079730e-04   1.304469e-04   7.463341e-06   3144
  2.178983e-01   4.072609e-04   1.359922e-04   7.922109e-06   3200
  2.184140e-01   4.043336e-04   1.341212e-04   7.438192e-06   3312
  2.188763e-01   4.263872e-04   1.080957e-04   8.495182e-06   2832
  2.193924e-01   4.146955e-04   1.555565e-04   7.009054e-06   3984
  2.198717e-01   4.460419e-04   1.264601e-04   1.002955e-05   2238
  2.203092e-01   4.270431e-04   1.488218e-04   7.626869e-06   3984
  2.208520e-01   4.162229e-04   1.414250e-04   7.832882e-06   3384
  2.213029e-01   4.541125e-04   1.321942e-04   9.089759e-06   3048
  2.217737e-01   4.030485e-04   1.213801e-04   7.835527e-06   3096
  2.222656e-01   4.348714e-04   1.375807e-04   7.398586e-06   3708
  2.227545e-01   4.070312e-04   1.304078e-04   8.342466e-06   2784
  2.232087e-01   4.406046e-04   1.354535e-04   7.974628e-06   3648
  2.237247e-01   4.218441e-04   1.394108e-04   7.648092e-06   3888
  2.242738e-01   4.053032e-04   1.488252e-04   7.748425e-06   2958
  2.246837e-01   4.183445e-04   1.270361e-04   7.483776e-06   3264
  2.251777e-01   4.538090e-04   1.402443e-04   8.868390e-06   3160
  2.256445e-01   4.081029e-04   1.271016e-04   7.310062e-06   3736
  2.260868e-01   4.219355e-04   1.158193e-04   8.556953e-06   3216
  2.266085e-01   4.303222e-04   1.419303e-04   7.271933e-06   4032
  2.271526e-01   4.204796e-04   1.295798e-04   7.228768e-06   3528
  2.276165e-01   4.314017e-04   1.143819e-04   8.061413e-06   3192
  2.280803e-01   4.125399e-04   1.252686e-04   7.603364e-06   3456
  2.285834e-01   4.150877e-04   1.298903e-04   7.975951e-06   3060
  2.290876e-01   4.277866e-04   1.544545e-04   7.163570e-06   4518
  2.295790e-01   4.277977e-04   1.375990e-04   7.657359e-06   3528
  2.300307e-01   4.468085e-04   1.155591e-04   9.330592e-06   3024
  2.305122e-01   4.130634e-04   1.564624e-04   7.374765e-06   3672
  2.310028e-01   4.274823e-04   1.342922e-04   7.714143e-06   3864
  2.315474e-01   4.180586e-04   1.423480e-04   7.238650e-06   3816
  2.319928e-01   4.153819e-04   1.295052e-04   7.486346e-06   3456
  2.324198e-01   4.260477e-04   1.172315e-04   8.556244e-06   2688
  2.329230e-01   4.231109e-04   1.390930e-04   6.810781e-06   4248
  2.334218e-01   4.309362e-04   1.332244e-04   7.716293e-06   3926
  2.339228e-01   4.271973e-04   1.406621e-04   7.941348e-06   3504
  2.344067e-01   4.433208e-04   1.257540e-04   7.574852e-06   3960
  2.349411e-01   4.222034e-04   1.415697e-04   7.562501e-06   3684
  2.353994e-01   4.098100e-04   1.415603e-04   7.167666e-06   4104
  2.358576e-01   4.352444e-04   1.342621e-04   8.130310e-06   3144
  2.363498e-01   4.225230e-04   1.470632e-04   7.049887e-06   4224
  2.368909e-01   4.147602e-04   1.305314e-04   6.882194e-06   4008
  2.373532e-01   4.301554e-04   1.436052e-04   7.669340e-06   3312
  2.378293e-01   4.281461e-04   1.428317e-04   7.894736e-06   3726
  2.383356e-01   4.323507e-04   1.467057e-04   7.613122e-06   3936
  2.387852e-01   4.524315e-04   1.512247e-04   8.419361e-06   3888
  2.392518e-01   4.357889e-04   1.429975e-04   7.678497e-06   3864
  2.397372e-01   4.302852e-04   1.520184e-04   7.738334e-06   3888
  2.402373e-01   4.121454e-04   1.433767e-04   7.200519e-06   4080
  2.407309e-01   4.366919e-04   1.521663e-04   8.079788e-06   3400
  2.412345e-01   4.299690e-04   1.395519e-04   6.940206e-06   4588
  2.417438e-01   4.302944e-04   1.381276e-04   7.625315e-06   3816
  2.421888e-01   4.342170e-04   1.308874e-04   7.521793e-06   3534
  2.426599e-01   4.602689e-04   1.292818e-04   7.808160e-06   4080
  2.431528e-01   4.551895e-04   1.351361e-04   7.595300e-06   4248
  2.436477e-01   4.532839e-04   1.361762e-04   8.893027e-06   3528
  2.441045e-01   4.580724e-04   1.392215e-04   7.674376e-06   4248
  2.445661e-01   4.344676e-04   1.361726e-04   7.774932e-06   3696
  2.450802e-01   4.426049e-04   1.412982e-04   7.003028e-06   4560
  2.455678e-01   4.438353e-04   1.323495e-04   7.650301e-06   3864
  2.460685e-01   4.292179e-04   1.441083e-04   6.974059e-06   4440
  2.465431e-01   4.353961e-04   1.344565e-04   8.667450e-06   3432
  2.470417e-01   4.442430e-04   1.318374e-04   7.425913e-06   4470
  2.475323e-01   4.549978e-04   1.171596e-04   7.717370e-06   4188
  2.480144e-01   4.488698e-04   1.500979e-04   7.368155e-06   4392
  2.484933e-01   4.677038e-04   1.161150e-04   8.677589e-06   3960
  2.489913e-01   4.607324e-04   1.311762e-04   7.750500e-06   4328
  2.494737e-01   4.436734e-04   1.365155e-04   7.380177e-06   4320
  2.499612e-01   4.501015e-04   1.427527e-04   7.373683e-06   4152
  2.504133e-01   4.871424e-04   1.194148e-04   9.285277e-06   3528
  2.509246e-01   4.394354e-04   1.292483e-04   6.868114e-06   4512
  2.514030e-01   4.599138e-04   1.321235e-04   8.214952e-06   4134
  2.518889e-01   4.813341e-04   1.407559e-04   7.422703e-06   5208
  2.523561e-01   4.711514e-04   1.226327e-04   8.879297e-06   3240
  2.528396e-01   4.927081e-04   1.352583e-04   8.077347e-06   4680
  2.533316e-01   4.598499e-04   1.339167e-04   7.886548e-06   4440
  2.538242e-01   4.365354e-04   1.517493e-04   7.414921e-06   4260
  2.542967e-01   4.480261e-04   1.238886e-04   7.917835e-06   4056
  2.547833e-01   4.467713e-04   1.373522e-04   7.013248e-06   4704
  2.552940e-01   4.745363e-04   1.598328e-04   7.744707e-06   4800
  2.558338e-01   4.577419e-04   1.384828e-04   7.225195e-06   4806
  2.563004e-01   5.259337e-04   1.380453e-04   1.024975e-05   3552
  2.567447e-01   4.552727e-04   1.384155e-04   8.158652e-06   4304
  2.572463e-01   4.681776e-04   1.342317e-04   7.243365e-06   5280
  2.577424e-01   4.622057e-04   1.287726e-04   7.624783e-06   4320
  2.582120e-01   4.600913e-04   1.454180e-04   7.791424e-06   4296
  2.587071e-01   4.707677e-04   1.616686e-04   7.302627e-06   4608
  2.592079e-01   4.727088e-04   1.548872e-04   7.412189e-06   4824
  2.597037e-01   4.544752e-04   1.462245e-04   7.533331e-06   4488
  2.602357e-01   4.842198e-04   1.365163e-04   8.240224e-06   4530
  2.606750e-01   4.623586e-04   1.332969e-04   7.771551e-06   4464
  2.611146e-01   4.783136e-04   1.256224e-04   8.137560e-06   4104
  2.616192e-01   4.611122e-04   1.354472e-04   6.895960e-06   5424
  2.621157e-01   4.754035e-04   1.458006e-04   7.968649e-06   4392
  2.626209e-01   4.852000e-04   1.427447e-04   7.880382e-06   4896
  2.630796e-01   4.666167e-04   1.399190e-04   7.955760e-06   4104
  2.635583e-01   4.926471e-04   1.261700e-04   8.188970e-06   4824
  2.640634e-01   4.482332e-04   1.205890e-04   7.324795e-06   4680
  2.645034e-01   4.555280e-04   1.233362e-04   7.554698e-06   4328
  2.650142e-01   4.693508e-04   1.421747e-04   7.279779e-06   5118
  2.655274e-01   4.892088e-04   1.647184e-04   7.770911e-06   5304
  2.659905e-01   5.121037e-04   1.297081e-04   8.846574e-06   4392
  2.664951e-01   4.811186e-04   1.301864e-04   7.969710e-06   4476
  2.669364e-01   4.625089e-04   1.292906e-04   7.599116e-06   4704
  2.674274e-01   4.736794e-04   1.564908e-04   7.095004e-06   5208
  2.679435e-01   4.553849e-04   1.319479e-04   7.380056e-06   5304
  2.684190e-01   4.700250e-04   1.413346e-04   7.711491e-06   4296
  2.689066e-01   4.826625e-04   1.340217e-04   7.715865e-06   4752
  2.694189e-01   4.655867e-04   1.345359e-04   7.390048e-06   4950
  2.698794e-01   4.797580e-04   1.406262e-04   7.686384e-06   5064
  2.703399e-01   4.852873e-04   1.178265e-04   8.099302e-06   4872
  2.708057e-01   4.758334e-04   1.240390e-04   8.890507e-06   4224
  2.713029e-01   4.823244e-04   1.370167e-04   7.161684e-06   6120
  2.718321e-01   4.578220e-04   1.507358e-04   7.241002e-06   4968
  2.723121e-01   4.862634e-04   1.333881e-04   8.126094e-06   4424
  2.728088e-01   4.834946e-04   1.703749e-04   7.822620e-06   5436
  2.732993e-01   4.641668e-04   1.452596e-04   7.437914e-06   4896
  2.737736e-01   4.509431e-04   1.390702e-04   7.349835e-06   5214
  2.742308e-01   4.968384e-04   1.182169e-04   8.393335e-06   4656
  2.747387e-01   5.000294e-04   1.503032e-04   8.153906e-06   5448
  2.752241e-01   4.825846e-04   1.269422e-04   8.298203e-06   4992
  2.756994e-01   4.972522e-04   1.404898e-04   8.347648e-06   5400
  2.762219e-01   4.910878e-04   1.557062e-04   7.572775e-06   5328
  2.767032e-01   4.646965e-04   1.392299e-04   7.629666e-06   4776
  2.771561e-01   4.639663e-04   1.308295e-04   7.388503e-06   4800
  2.776593e-01   4.739025e-04   1.682401e-04   6.655784e-06   6552
  2.781857e-01   4.889934e-04   1.271030e-04   9.371246e-06   3942
  2.786419e-01   4.709277e-04   1.601990e-04   7.136387e-06   6072
  2.791470e-01   4.985655e-04   1.244164e-04   9.124680e-06   4692
  2.795705e-01   4.863077e-04   1.298888e-04   7.742792e-06   4944
  2.800665e-01   4.751669e-04   1.394107e-04   6.968949e-06   5840
  2.805759e-01   4.674514e-04   1.492333e-04   7.634948e-06   5712
  2.810773e-01   4.715679e-04   1.250671e-04   8.001983e-06   4800
  2.815348e-01   4.700006e-04   1.656330e-04   7.424558e-06   5688
  2.820359e-01   4.694394e-04   1.306810e-04   7.649805e-06   4848
  2.825324e-01   3.841846e-04   1.454557e-04   6.992424e-06   5406
  2.830037e-01   2.370146e-07   1.312973e-04   3.685625e-09   5568
  2.834769e-01   2.482992e-07   1.180275e-04   3.909901e-09   5736
  2.839884e-01   2.467733e-07   1.465826e-04   4.007947e-09   5280
  2.844524e-01   2.457566e-07   1.355263e-04   3.806837e-09   5592
  2.849301e-01   2.385288e-07   1.551417e-04   3.784277e-09   4968
  2.854352e-01   2.439920e-07   1.391053e-04   3.648504e-09   5964
  2.859279e-01   2.537535e-07   1.397517e-04   3.868742e-09   5376
  2.863756e-01   2.564900e-07   1.349389e-04   4.036057e-09   5472
  2.868946e-01   2.455187e-07   1.281532e-04   3.705322e-09   5472
  2.873693e-01   2.437190e-07   1.457059e-04   4.052351e-09   5415
  2.878292e-01   2.402980e-07   1.281660e-04   3.730871e-09   5096
  2.883268e-01   2.360164e-07   1.648183e-04   3.415654e-09   6372
  2.888302e-01   2.488973e-07   1.337920e-04   4.220137e-09   4656
  2.892814e-01   2.537586e-07   1.460580e-04   3.765042e-09   5844
  2.897668e-01   2.446332e-07   1.284189e-04   3.683750e-09   5508
  2.902812e-01   2.584164e-07   1.456803e-04   3.573845e-09   6324
  2.907860e-01   2.512312e-07   1.251396e-04   4.079682e-09   4752
  2.912474e-01   2.416723e-07   1.401041e-04   3.532303e-09   5676
  2.917468e-01   2.548526e-07   1.281684e-04   3.915815e-09   5472
  2.922209e-01   2.580326e-07   1.445704e-04   3.881898e-09   5556
  2.927301e-01   2.440761e-07   1.408810e-04   3.551523e-09   5436
  2.932217e-01   2.548285e-07   1.442016e-04   3.726300e-09   5916
  2.937264e-01   2.587354e-07   1.500331e-04   3.892631e-09   5520
  2.941809e-01   2.412524e-07   1.364480e-04   3.697087e-09   5280
  2.946466e-01   2.650728e-07   1.340724e-04   4.185654e-09   4416
  2.951720e-01   2.517051e-07   1.306879e-04   3.468073e-09   6260
  2.956655e-01   2.590465e-07   1.554038e-04   3.678131e-09   5940
  2.961126e-01   2.594245e-07   1.217066e-04   4.296312e-09   4188
  2.966047e-01   2.616260e-07   1.556122e-04   3.539069e-09   6360
  2.971222e-01   2.527933e-07   1.387995e-04   3.700088e-09   5256
  2.976029e-01   2.553007e-07   1.312113e-04   4.099425e-09   4848
  2.980147e-01   2.494062e-07   1.189499e-04   3.806275e-09   4704
  2.985217e-01   2.612861e-07   1.459205e-04   3.649110e-09   5784
  2.990374e-01   2.521521e-07   1.544008e-04   3.579268e-09   5820
  2.995352e-01   2.608221e-07   1.383100e-04   3.618043e-09   5700
  3.000361e-01   2.587793e-07   1.282634e-04   3.836672e-09   5232
  3.005375e-01   2.700854e-07   1.423193e-04   3.949987e-09   4932
  3.009817e-01   2.627490e-07   1.224997e-04   4.030550e-09   4716
  3.014485e-01   2.791051e-07   1.560382e-04   4.146333e-09   5616
  3.019287e-01   2.543082e-07   1.378046e-04   3.764983e-09   5184
  3.024240e-01   2.585513e-07   1.390111e-04   3.866509e-09   5064
  3.028912e-01   2.614732e-07   1.423406e-04   3.720651e-09   5544
  3.034093e-01   2.589536e-07   1.428860e-04   3.738357e-09   5192
  3.038807e-01   2.639037e-07   1.284053e-04   3.844416e-09   5244
  3.043764e-01   2.602052e-07   1.389360e-04   3.792327e-09   5112
  3.048691e-01   2.708215e-07   1.275010e-04   4.138375e-09   5040
  3.053213e-01   2.722373e-07   1.340439e-04   3.979089e-09   5124
  3.058494e-01   2.624296e-07   1.504823e-04   3.635843e-09   5952
  3.063369e-01   2.735609e-07   1.318531e-04   4.042509e-09   4824
  3.067788e-01   2.639434e-07   1.330892e-04   4.058078e-09   4536
  3.072903e-01   2.651176e-07   1.414616e-04   3.594834e-09   5712
  3.078157e-01   2.724426e-07   1.547976e-04   3.900460e-09   5352
  3.083112e-01   2.774007e-07   1.348344e-04   3.995041e-09   5004
  3.087539e-01   2.771686e-07   1.348711e-04   4.150895e-09   4800
  3.092296e-01   2.674590e-07   1.449374e-04   3.812659e-09   5148
  3.097567e-01   2.695955e-07   1.505363e-04   3.686035e-09   5664
  3.102329e-01   2.658174e-07   1.352034e-04   4.038137e-09   4692
  3.106729e-01   2.696916e-07   1.256056e-04   4.362663e-09   4008
  3.111861e-01   2.769351e-07   1.439712e-04   3.754182e-09   5852
  3.117078e-01   2.631879e-07   1.363273e-04   3.592475e-09   5784
  3.121712e-01   2.798775e-07   1.256700e-04   4.433109e-09   4392
  3.126481e-01   2.782368e-07   1.232703e-04   4.123337e-09   4944
  3.131489e-01   2.649111e-07   1.453336e-04   3.884165e-09   4776
  3.136211e-01   2.648054e-07   1.398188e-04   3.743932e-09   5244
  3.141336e-01   2.684820e-07   1.395722e-04   3.757287e-09   4884
  3.145636e-01   2.717248e-07   1.183681e-04   4.166773e-09   4488
  3.150636e-01   2.794119e-07   1.406525e-04   4.007240e-09   5160
  3.155671e-01   2.760725e-07   1.432039e-04   3.892583e-09   5316
  3.160521e-01   2.807311e-07   1.447892e-04   4.263053e-09   4896
  3.165249e-01   2.823253e-07   1.345344e-04   4.651808e-09   4188
  3.170014e-01   2.680423e-07   1.467406e-04   3.874225e-09   4836
  3.174880e-01   2.768700e-07   1.455680e-04   3.829576e-09   5316
  3.179808e-01   2.785318e-07   1.347408e-04   3.978120e-09   4920
  3.184417e-01   2.936040e-07   1.357413e-04   4.827280e-09   4128
  3.189362e-01   2.829321e-07   1.460260e-04   4.041590e-09   5348
  3.194229e-01   2.788582e-07   1.267067e-04   4.100618e-09   4836
  3.198876e-01   2.774119e-07   1.365306e-04   4.392644e-09   4392
  3.203882e-01   2.829749e-07   1.199532e-04   4.331837e-09   4632
  3.208388e-01   2.866071e-07   1.340287e-04   4.471268e-09   4596
  3.213563e-01   2.778300e-07   1.347844e-04   3.900976e-09   5424
  3.218683e-01   2.694017e-07   1.387362e-04   3.745302e-09   5256
  3.223958e-01   2.782773e-07   1.409032e-04   4.308792e-09   4524
  3.228350e-01   2.865516e-07   1.340268e-04   4.608588e-09   4440
  3.233270e-01   2.796932e-07   1.146101e-04   4.172725e-09   4380
  3.238085e-01   2.793749e-07   1.499870e-04   4.204283e-09   4812
  3.243210e-01   2.844142e-07   1.489725e-04   4.073494e-09   5376
  3.247896e-01   2.774438e-07   1.189892e-04   4.520067e-09   3888
  3.252385e-01   2.912561e-07   1.362564e-04   4.241082e-09   4896
  3.257395e-01   2.849715e-07   1.437728e-04   4.287350e-09   4608
  3.262654e-01   2.914665e-07   1.357127e-04   4.466022e-09   4448
  3.267232e-01   2.726410e-07   1.400926e-04   4.070565e-09   4752
  3.272056e-01   2.890166e-07   1.467382e-04   4.604612e-09   4356
  3.277129e-01   2.887666e-07   1.412082e-04   4.255586e-09   5232
  3.282173e-01   2.737700e-07   1.423025e-04   4.299788e-09   4548
  3.287063e-01   2.809475e-07   1.383360e-04   4.159425e-09   4608
  3.291837e-01   2.890392e-07   1.256671e-04   4.938498e-09   3936
  3.296343e-01   2.863068e-07   1.502088e-04   4.680688e-09   4260
  3.301407e-01   2.828159e-07   1.346643e-04   4.204549e-09   5004
  3.306038e-01   2.955581e-07   1.330711e-04   4.883935e-09   4224
  3.311115e-01   2.895211e-07   1.437697e-04   4.478159e-09   4788
  3.316047e-01   2.949670e-07   1.511985e-04   4.790197e-09   4428
  3.320852e-01   2.856558e-07   1.263467e-04   4.759117e-09   4080
  3.325477e-01   2.990774e-07   1.381486e-04   4.398863e-09   4632
  3.330347e-01   2.798114e-07   1.436640e-04   4.761503e-09   4056
  3.335467e-01   2.885080e-07   1.352621e-04   4.653817e-09   4536
  3.340144e-01   2.953060e-07   1.379585e-04   4.616263e-09   4668
  3.345266e-01   2.811321e-07   1.478669e-04   4.448953e-09   4604
  3.350255e-01   2.868776e-07   1.328598e-04   4.624147e-09   4152
  3.354859e-01   2.912211e-07   1.287622e-04   4.732355e-09   4224
  3.359739e-01   2.867207e-07   1.237953e-04   4.759552e-09   4152
  3.364615e-01   3.043756e-07   1.404246e-04   4.998914e-09   4224
  3.369356e-01   3.018405e-07   1.298644e-04   5.132989e-09   3960
  3.373922e-01   2.868721e-07   1.340119e-04   4.470008e-09   4656
  3.378910e-01   2.854552e-07   1.445961e-04   4.532667e-09   4452
  3.384025e-01   2.839027e-07   1.470057e-04   4.837097e-09   4056
  3.388784e-01   2.896235e-07   1.456648e-04   4.697770e-09   4212
  3.393606e-01   3.025505e-07   1.210536e-04   5.565427e-09   3432
  3.398492e-01   2.953050e-07   1.548628e-04   4.381689e-09   5352
  3.403267e-01   2.988610e-07   1.134185e-04   5.371280e-09   3600
  3.408466e-01   2.892107e-07   1.251027e-04   4.641364e-09   4584
  3.413005e-01   2.998013e-07   1.247343e-04   5.202338e-09   3768
  3.417680e-01   2.949555e-07   1.331557e-04   5.377137e-09   3848
  3.422347e-01   2.897337e-07   1.220886e-04   5.290729e-09   3720
  3.427639e-01   2.824571e-07   1.532392e-04   4.391941e-09   4764
  3.432311e-01   3.032794e-07   1.234001e-04   5.177403e-09   3864
  3.437109e-01   3.075907e-07   1.528459e-04   5.017812e-09   4332
  3.442342e-01   2.956670e-07   1.304937e-04   5.151239e-09   3792
  3.447018e-01   2.795998e-07   1.480185e-04   4.545388e-09   4284
  3.451974e-01   2.801352e-07   1.401572e-04   5.202352e-09   3840
  3.456664e-01   2.741103e-07   1.334113e-04   5.164741e-09   3480
  3.461427e-01   2.843993e-07   1.488614e-04   4.568674e-09   4380
  3.466576e-01   2.899273e-07   1.398292e-04   4.875575e-09   4200
  3.471635e-01   3.078166e-07   1.344014e-04   5.110095e-09   4056
  3.476333e-01   2.889792e-07   1.350788e-04   5.381683e-09   3600
  3.480735e-01   2.937124e-07   1.345848e-04   5.403712e-09   3492
  3.485878e-01   2.837599e-07   1.571647e-04   4.695275e-09   4500
  3.491126e-01   3.071002e-07   1.376975e-04   5.568536e-09   3516
  3.495636e-01   3.149164e-07   1.439500e-04   5.771480e-09   3968
  3.500690e-01   2.946017e-07   1.383484e-04   5.436942e-09   3648
  3.505165e-01   2.943225e-07   1.322992e-04   5.426580e-09   4224
  3.510237e-01   2.758993e-07   1.484940e-04   5.216081e-09   3588
  3.514997e-01   2.933275e-07   1.369683e-04   5.477778e-09   3456
  3.519786e-01   2.765930e-07   1.216448e-04   5.033569e-09   3660
  3.524735e-01   2.942684e-07   1.335194e-04   5.448169e-09   3768
  3.529347e-01   2.974829e-07   1.350276e-04   5.349380e-09   3744
  3.534301e-01   2.902835e-07   1.482149e-04   5.007983e-09   4176
  3.539572e-01   3.059715e-07   1.367120e-04   5.763716e-09   3612
  3.543928e-01   3.005104e-07   1.485682e-04   5.910251e-09   3216
  3.548913e-01   2.902791e-07   1.436402e-04   5.633080e-09   3624
  3.553925e-01   2.919400e-07   1.350690e-04   5.340078e-09   3744
  3.558768e-01   3.008687e-07   1.441176e-04   5.728700e-09   3672
  3.563547e-01   2.994235e-07   1.306896e-04   5.497557e-09   3852
  3.568482e-01   3.038529e-07   1.345097e-04   5.450393e-09   3672
  3.573731e-01   3.017000e-07   1.310574e-04   6.620192e-09   3248
  3.578115e-01   2.761195e-07   1.341465e-04   5.487621e-09   3336
  3.582900e-01   2.738697e-07   1.365492e-04   5.180937e-09   3576
  3.587793e-01   2.936087e-07   1.159180e-04   5.684758e-09   3336
  3.592778e-01   2.975609e-07   1.376902e-04   5.424957e-09   3936
  3.597697e-01   3.065558e-07   1.466440e-04   5.860047e-09   3408
  3.602575e-01   3.064279e-07   1.291957e-04   6.319091e-09   3336
  3.607316e-01   2.523965e-07   1.451163e-04   5.163040e-09   3312
  3.612054e-01   2.881392e-07   1.469319e-04   5.830978e-09   3432
  3.617101e-01   3.025970e-07   1.273841e-04   6.319733e-09   3144
  3.621706e-01   2.893203e-07   1.382881e-04   5.789958e-09   3456
  3.626887e-01   2.907833e-07   1.329107e-04   5.391799e-09   3792
  3.631568e-01   3.058096e-07   1.305556e-04   6.726817e-09   2868
  3.636625e-01   2.780097e-07   1.352551e-04   4.924180e-09   3888
  3.641351e-01   2.701524e-07   1.174435e-04   5.921790e-09   2784
  3.646004e-01   2.852527e-07   1.341238e-04   6.731413e-09   2964
  3.651086e-01   2.892678e-07   1.381212e-04   5.845203e-09   3432
  3.655924e-01   2.874777e-07   1.429694e-04   5.741915e-09   3416
  3.660820e-01   2.889567e-07   1.528218e-04   5.826719e-09   3528
  3.665830e-01   3.118587e-07   1.226504e-04   6.883976e-09   2904
  3.670262e-01   2.760552e-07   1.375270e-04   5.991627e-09   3072
  3.675416e-01   2.771401e-07   1.544586e-04   5.753527e-09   3216
  3.680569e-01   2.747102e-07   1.250951e-04   6.339581e-09   2844
  3.685093e-01   2.754303e-07   1.431483e-04   5.772009e-09   3432
  3.689737e-01   3.074092e-07   1.150574e-04   7.110335e-09   2880
  3.694925e-01   2.819244e-07   1.524100e-04   5.907074e-09   3576
  3.699812e-01   3.013833e-07   1.362332e-04   7.297960e-09   2700
  3.704492e-01   2.781732e-07   1.530237e-04   5.875585e-09   3000
  3.709392e-01   2.671462e-07   1.270553e-04   6.275661e-09   2556
  3.714151e-01   2.901510e-07   1.361780e-04   6.110407e-09   3360
  3.719070e-01   2.885155e-07   1.323185e-04   6.078130e-09   3120
  3.724371e-01   2.902276e-07   1.557809e-04   6.536695e-09   3216
  3.728935e-01   3.126882e-07   1.098680e-04   7.412718e-09   2628
  3.734065e-01   2.794428e-07   1.452297e-04   6.366305e-09   3200
  3.738745e-01   2.646202e-07   1.370102e-04   6.732068e-09   2232
  3.743471e-01   2.633769e-07   1.563929e-04   6.220852e-09   3108
  3.748177e-01   3.119922e-07   1.373821e-04   7.947094e-09   2604
  3.752991e-01   3.005857e-07   1.479994e-04   6.729703e-09   3096
  3.758288e-01   2.856029e-07   1.348469e-04   6.259434e-09   3084
  3.762884e-01   2.723689e-07   1.376092e-04   6.452843e-09   2664
  3.767621e-01   2.885341e-07   1.213497e-04   7.686492e-09   2232
  3.772262e-01   2.487555e-07   1.494845e-04   5.797986e-09   2808
  3.777344e-01   2.856766e-07   1.412112e-04   7.360769e-09   2592
  3.782089e-01   3.111789e-07   1.449703e-04   7.507022e-09   2952
  3.787074e-01   2.738811e-07   1.368697e-04   6.740113e-09   2772
  3.791921e-01   2.777449e-07   1.471948e-04   6.474240e-09   3036
  3.796993e-01   2.645685e-07   1.427797e-04   7.510650e-09   2136
  3.801616e-01   2.601520e-07   1.138671e-04   6.897569e-09   2496
  3.806364e-01   3.035262e-07   1.516625e-04   8.333121e-09   2228
  3.811316e-01   3.072104e-07   1.413981e-04   7.788561e-09   3048
  3.816243e-01   2.794041e-07   1.350676e-04   7.357908e-09   2676
  3.821140e-01   2.615112e-07   1.345571e-04   6.239604e-09   2784
  3.825820e-01   2.733121e-07   1.307225e-04   7.645480e-09   1920
  3.830514e-01   2.556369e-07   1.395126e-04   6.556738e-09   2400
  3.835600e-01   2.513557e-07   1.279618e-04   6.343359e-09   2532
  3.840860e-01   2.826968e-07   1.421350e-04   7.556986e-09   2544
  3.845592e-01   3.082746e-07   1.486925e-04   7.776678e-09   2772
  3.850254e-01   2.557701e-07   1.392746e-04   7.867977e-09   2160
  3.854884e-01   2.796928e-07   1.500120e-04   7.721480e-09   2304
  3.860241e-01   2.616202e-07   1.467945e-04   7.664433e-09   2328
  3.865043e-01   2.317096e-07   1.407449e-04   6.413392e-09   2304
  3.869492e-01   2.366930e-07   1.330938e-04   6.987747e-09   1908
  3.874552e-01   3.079058e-07   1.488569e-04   8.821064e-09   2736
  3.879425e-01   2.845949e-07   1.410418e-04   8.228490e-09   2448
  3.884609e-01   2.934703e-07   1.318665e-04   8.433384e-09   2040
  3.889299e-01   2.234150e-07   1.372999e-04   7.242730e-09   2120
  3.893809e-01   2.741491e-07   1.138355e-04   7.938285e-09   2040
  3.898664e-01   2.303181e-07   1.412334e-04   7.623260e-09   2208
  3.904158e-01   2.963122e-07   1.268062e-04   9.018291e-09   2208
  3.908608e-01   3.377337e-07   1.405255e-04   9.850963e-09   2196
  3.913207e-01   2.178103e-07   1.236152e-04   6.634196e-09   1848
  3.917886e-01   2.643370e-07   1.401960e-04   8.377301e-09   2124
  3.923120e-01   2.474357e-07   1.470626e-04   7.311662e-09   2328
  3.928231e-01   2.453138e-07   1.497225e-04   8.126059e-09   1920
  3.933200e-01   2.361208e-07   1.374435e-04   8.167330e-09   1548
  3.937619e-01   2.989303e-07   1.507712e-04   8.603633e-09   2388
  3.942832e-01   2.363270e-07   1.395210e-04   8.103999e-09   2160
  3.947606e-01   2.455686e-07   1.269906e-04   8.983744e-09   1704
  3.952179e-01   2.382258e-07   1.430661e-04   8.708214e-09   1776
  3.956506e-01   2.346257e-07   1.338203e-04   8.096016e-09   1800
  3.961977e-01   2.116968e-07   1.544832e-04   7.340643e-09   1700
  3.967087e-01   2.879311e-07   1.390936e-04   9.704414e-09   2292
  3.971846e-01   2.497567e-07   1.291201e-04   9.270138e-09   1704
  3.976337e-01   2.496938e-07   1.443780e-04   9.193428e-09   1728
  3.981255e-01   2.204186e-07   1.336251e-04   8.127854e-09   1728
  3.986075e-01   2.692621e-07   1.334994e-04   9.854620e-09   1680
  3.991202e-01   1.838184e-07   1.537953e-04   6.717166e-09   1704
  3.996310e-01   2.069674e-07   1.207753e-04   6.845307e-09   1752
  4.000877e-01   2.594894e-07   1.435789e-04   9.899842e-09   1872
  4.005817e-01   2.457507e-07   1.407232e-04   1.004441e-08   1500
  4.010829e-01   2.207428e-07   1.232237e-04   8.580570e-09   1656
  4.015697e-01   2.439246e-07   1.321192e-04   8.860176e-09   1464
  4.020023e-01   1.753822e-07   1.157232e-04   7.939836e-09   1488
  4.025329e-01   1.993860e-07   1.396693e-04   7.027514e-09   1680
  4.030178e-01   2.253235e-07   1.459194e-04   8.540999e-09   1692
  4.034716e-01   2.132702e-07   1.397252e-04   9.362879e-09   1128
  4.039751e-01   2.223001e-07   1.345433e-04   8.978368e-09   1536
  4.044663e-01   1.846456e-07   1.402479e-04   8.141006e-09   1616
  4.049637e-01   1.837476e-07   1.352429e-04   7.794074e-09   1476
  4.054650e-01   1.799951e-07   1.488381e-04   9.169027e-09   1176
  4.059124e-01   1.931897e-07   1.599107e-04   6.993549e-09   1656
  4.063997e-01   2.080681e-07   1.404668e-04   1.201810e-08   891
  4.069020e-01   1.747765e-07   1.497388e-04   6.413264e-09   1596
  4.073915e-01   1.676930e-07   1.305762e-04   7.544888e-09   1422
  4.078742e-01   1.681997e-07   1.252138e-04   7.155388e-09   1254
  4.083284e-01   1.415569e-07   1.279202e-04   6.196399e-09   918
  4.088148e-01   1.800215e-07   1.400009e-04   6.298407e-09   1614
  4.093049e-01   1.414350e-07   1.209347e-04   7.807020e-09   798
  4.097922e-01   1.379073e-07   1.550239e-04   5.496629e-09   1458
  4.102863e-01   1.557989e-07   1.419502e-04   5.800621e-09   1374
  4.107747e-01   1.269304e-07   1.212349e-04   6.289136e-09   984
  4.112591e-01   1.437780e-07   1.668024e-04   5.860056e-09   1062
  4.117525e-01   1.669071e-07   1.413965e-04   7.105894e-09   1246
  4.122317e-01   1.098485e-07   1.311095e-04   5.374852e-09   1072
  4.127436e-01   1.176466e-07   1.419832e-04   5.762255e-09   1110
  4.132166e-01   1.503394e-07   1.538182e-04   5.935353e-09   1254
  4.137139e-01   1.261694e-07   1.459816e-04   6.414215e-09   1032
  4.142557e-01   1.395421e-07   1.352509e-04   8.294058e-09   786
  4.146677e-01   1.387610e-07   1.386613e-04   5.621699e-09   1152
  4.151502e-01   1.133097e-07   1.511270e-04   5.127149e-09   1086
  4.156529e-01   8.489512e-08   1.363503e-04   3.243630e-09   912
  4.161175e-01   1.752477e-07   1.366785e-04   7.574245e-09   1062
  4.165917e-01   1.047574e-07   1.362355e-04   4.057381e-09   912
  4.171397e-01   8.791952e-08   1.520835e-04   4.329329e-09   750
  4.175668e-01   1.368806e-07   1.465336e-04   5.752036e-09   1200
  4.180611e-01   1.056839e-07   1.326977e-04   5.585108e-09   918
  4.185524e-01   9.017927e-08   1.377357e-04   4.087955e-09   876
  4.190517e-01   1.360400e-07   1.203534e-04   5.942766e-09   870
  4.194890e-01   1.131069e-07   1.403731e-04   5.160252e-09   768
  4.200015e-01   7.364518e-08   1.286594e-04   3.353201e-09   830
  4.204761e-01   1.079644e-07   1.332096e-04   4.790506e-09   1080
  4.209676e-01   9.979145e-08   1.498783e-04   4.552239e-09   840
  4.214632e-01   7.868885e-08   1.443163e-04   3.436066e-09   798
  4.220251e-01   1.344682e-07   1.145461e-04   6.844759e-09   792
  4.224609e-01   8.610831e-08   1.335978e-04   4.254780e-09   726
  4.229181e-01   6.686722e-08   1.497038e-04   2.270656e-09   864
  4.234189e-01   9.213181e-08   1.281430e-04   4.905576e-09   900
  4.239267e-01   7.248329e-08   1.424135e-04   2.924874e-09   726
  4.243623e-01   7.660225e-08   1.232527e-04   3.400877e-09   576
  4.249434e-01   8.987669e-08   1.282664e-04   4.383024e-09   840
  4.253523e-01   7.585040e-08   1.331485e-04   3.923658e-09   750
  4.258366e-01   6.876357e-08   1.335529e-04   3.128683e-09   720
  4.262936e-01   8.914664e-08   1.351090e-04   4.653773e-09   702
  4.268271e-01   7.817487e-08   1.475571e-04   3.570443e-09   696
  4.272662e-01   7.972055e-08   1.319621e-04   4.547254e-09   480
  4.277837e-01   7.781801e-08   1.250396e-04   3.928119e-09   830
  4.282419e-01   7.377797e-08   1.454616e-04   3.333373e-09   756
  4.287552e-01   7.375847e-08   1.396687e-04   3.661205e-09   624
  4.292083e-01   6.670723e-08   1.475796e-04   3.616362e-09   582
  4.297440e-01   8.205064e-08   1.132706e-04   4.702706e-09   576
  4.302073e-01   6.267570e-08   1.517064e-04   3.000728e-09   624
  4.306823e-01   7.131323e-08   1.238986e-04   3.564148e-09   702
  4.311525e-01   6.465658e-08   1.425165e-04   3.111862e-09   624
  4.317110e-01   7.142933e-08   1.378751e-04   3.332596e-09   672
  4.321659e-01   5.051866e-08   1.032125e-04   2.966434e-09   342
  4.326655e-01   6.776998e-08   1.290292e-04   3.925270e-09   660
  4.331249e-01   5.145275e-08   1.326364e-04   3.277933e-09   576
  4.335992e-01   5.689648e-08   1.289493e-04   3.321752e-09   600
  4.340787e-01   5.169503e-08   1.491476e-04   3.094393e-09   510
  4.346181e-01   6.381149e-08   1.397290e-04   3.153977e-09   600
  4.350341e-01   4.663056e-08   1.112888e-04   3.164097e-09   216
  4.355185e-01   5.171716e-08   1.354577e-04   2.451200e-09   758
  4.360833e-01   4.554644e-08   1.482975e-04   2.636697e-09   576
  4.365782e-01   5.684545e-08   1.259005e-04   2.831261e-09   528
  4.370248e-01   5.039896e-08   8.670054e-05   3.770026e-09   318
  4.375047e-01   6.105609e-08   1.497759e-04   3.018493e-09   540
  4.380721e-01   2.717882e-08   1.058893e-04   1.620661e-09   384
  4.384565e-01   5.133959e-08   1.463022e-04   2.879860e-09   576
  4.389570e-01   3.743199e-08   1.195560e-04   2.084812e-09   414
  4.394302e-01   5.354278e-08   1.335050e-04   3.058671e-09   504
  4.399357e-01   5.036987e-08   1.465573e-04   2.669815e-09   312
  4.404212e-01   4.794671e-08   1.327827e-04   3.318436e-09   414
  4.409029e-01   3.290636e-08   1.226699e-04   1.832950e-09   432
  4.413512e-01   4.019415e-08   1.624587e-04   2.267854e-09   504
  4.418701e-01   4.475098e-08   1.564660e-04   2.597189e-09   432
  4.423558e-01   4.021084e-08   1.281691e-04   2.209341e-09   354
  4.428506e-01   4.644239e-08   1.865017e-04   3.572349e-09   200
  4.432750e-01   3.339933e-08   1.323290e-04   1.989799e-09   480
  4.438485e-01   3.430625e-08   1.512148e-04   1.828906e-09   552
  4.443745e-01   3.504265e-08   9.419478e-05   2.462809e-09   366
  4.447799e-01   4.302608e-08   1.002751e-04   4.230035e-09   240
  4.452261e-01   4.349637e-08   1.401886e-04   2.447555e-09   288
  4.458541e-01   3.329072e-08   9.634579e-05   2.157794e-09   366
  4.462600e-01   2.543604e-08   1.562070e-04   1.462895e-09   408
  4.467132e-01   3.026600e-08   1.174273e-04   2.167389e-09   360
  4.471820e-01   3.372919e-08   1.094619e-04   2.041769e-09   324
  4.476367e-01   3.448126e-08   1.292780e-04   2.702367e-09   174
  4.481783e-01   3.112971e-08   1.485222e-04   2.259949e-09   264
  4.486867e-01   2.647759e-08   1.354596e-04   1.679463e-09   456
  4.491937e-01   2.747633e-08   1.362099e-04   1.723582e-09   360
  4.496105e-01   2.589003e-08   1.500483e-04   2.049292e-09   270
  4.501209e-01   3.403100e-08   1.641082e-04   2.591450e-09   240
  4.507604e-01   4.359764e-08   1.195905e-04   3.495978e-09   120
  4.510747e-01   1.351304e-08   1.248485e-04   8.626331e-10   320
  4.515822e-01   2.444984e-08   1.544785e-04   1.218886e-09   462
  4.521137e-01   2.540114e-08   8.987666e-05   1.597012e-09   276
  4.525754e-01   2.801294e-08   1.019637e-04   2.402095e-09   144
  4.530202e-01   3.775327e-08   1.070818e-04   3.870221e-09   120
  4.536115e-01   1.625594e-08   8.108908e-05   9.224158e-10   294
  4.540583e-01   2.099424e-08   1.438563e-04   1.333930e-09   384
  4.544753e-01   1.834641e-08   9.523196e-05   1.192971e-09   216
  4.548743e-01   3.072992e-08   8.843896e-05   2.515769e-09   168
  4.553251e-01   2.499616e-08   1.052282e-04   2.486164e-09   102
  4.559768e-01   1.940178e-08   1.596520e-04   1.605433e-09   168
  4.564337e-01   1.785655e-08   1.397340e-04   1.047019e-09   384
  4.569346e-01   2.066840e-08   1.419732e-04   1.702028e-09   300
  4.574008e-01   2.163818e-08   1.520225e-04   1.481813e-09   144
  4.579263e-01   2.391199e-08   1.556925e-04   2.380042e-09   102
  4.585568e-01   2.715784e-08   3.685588e-05   3.123459e-09   56
  4.588590e-01   1.149037e-08   1.199932e-04   7.540527e-10   288
  4.593328e-01   1.437119e-08   1.561557e-04   6.664159e-10   360
  4.598487e-01   1.529866e-08   8.376686e-05   1.157577e-09   126
  4.602834e-01   1.574424e-08   4.125612e-05   1.808107e-09   72
  4.607572e-01   2.582661e-08   2.185755e-05   3.196172e-09   48
  4.613754e-01   1.000753e-08   8.842417e-05   7.445754e-10   240
  4.617816e-01   1.469186e-08   1.311982e-04   8.268171e-10   306
  4.621975e-01   1.628405e-08   7.291699e-05   1.457316e-09   120
  4.626766e-01   2.168732e-08   1.794585e-04   2.406387e-09   96
  4.630248e-01   2.618849e-08   0.000000e+00   3.329527e-09   24
  4.638071e-01   8.733052e-09   1.554065e-04   9.153815e-10   120
  4.641905e-01   1.011900e-08   1.343981e-04   5.981004e-10   318
  4.646594e-01   1.478983e-08   1.436227e-04   9.171441e-10   168
  4.651731e-01   1.951843e-08   1.541232e-04   1.827131e-09   72
  4.657357e-01   1.485184e-08   0.000000e+00   2.174291e-09   24
  4.663408e-01   1.441648e-08   7.481195e-05   3.561283e-09   14
  4.666286e-01   7.018598e-09   1.179951e-04   4.118183e-10   288
  4.670757e-01   9.807075e-09   1.419546e-04   7.722627e-10   204
  4.675916e-01   1.680180e-08   2.153808e-05   2.246241e-09   48
  4.680007e-01   3.171912e-08   0.000000e+00   6.338019e-09   24
  4.684739e-01   1.448455e-08   0.000000e+00   3.697403e-09   6
  4.691541e-01   6.138727e-09   8.821950e-05   4.499304e-10   216
  4.695046e-01   1.017291e-08   1.174842e-04   7.282697e-10   192
  4.699334e-01   7.688314e-09   2.143075e-05   1.433822e-09   48
  4.703832e-01   1.927876e-08   1.712353e-04   2.450093e-09   30
  4.716555e-01   6.229207e-09   3.540978e-05   5.917207e-10   96
  4.719167e-01   5.907430e-09   1.160286e-04   3.643241e-10   228
  4.724128e-01   1.199341e-08   1.517284e-04   1.499994e-09   72
  4.730094e-01   1.610983e-08   0.000000e+00   6.462276e-09   6
  4.743680e-01   6.003621e-09   1.145631e-04   3.720523e-10   248
  4.748016e-01   7.397059e-09   1.311235e-04   7.793322e-10   72
  4.753245e-01   7.776195e-09   7.266090e-09   2.482604e-09   6
  4.769053e-01   4.451921e-09   8.141014e-05   3.035538e-10   180
  4.772205e-01   7.070959e-09   1.107713e-04   6.836902e-10   72
  4.776705e-01   5.893416e-09   0.000000e+00   1.908991e-09   6
  4.794278e-01   3.473217e-09   3.483570e-05   3.559695e-10   96
  4.796378e-01   4.418593e-09   9.563861e-05   4.190482e-10   96
  4.800471e-01   1.807318e-08   0.000000e+00   1.970394e-09   6
  4.820778e-01   3.429223e-09   9.153355e-05   2.792462e-10   140
  4.824537e-01   2.558762e-09   0.000000e+00   7.291194e-10   6
  4.846301e-01   2.966022e-09   6.146888e-05   3.197070e-10   96
  4.848898e-01   3.556692e-09   0.000000e+00   6.951855e-10   6
  4.871898e-01   3.067088e-09   3.697860e-05   3.585005e-10   60
  4.873552e-01   3.678135e-09   0.000000e+00   1.023041e-09   6
  4.897713e-01   1.386110e-09   3.748867e-05   1.911020e-10   38
  4.923442e-01   1.479421e-09   1.928513e-05   3.494368e-10   18
  4.949217e-01   2.892799e-10   7.266090e-09   1.094855e-10   6
