# power spectrum of pi_k * H (dimensionless)
# redshift z=29.789116
# k              Pk             sigma(k)       sigma(Pk)      count
  4.487990e-03   1.295540e-10   0.000000e+00   5.222224e-11   6
  6.346976e-03   7.759894e-11   0.000000e+00   1.548932e-11   12
  7.773426e-03   5.901231e-11   8.514949e-11   1.201399e-11   8
  8.975979e-03   1.981186e-10   0.000000e+00   2.131560e-11   6
  1.003545e-02   1.383830e-10   1.605594e-10   4.411355e-11   24
  1.099328e-02   1.982745e-10   1.605594e-10   3.341030e-11   24
  1.269395e-02   8.863787e-11   0.000000e+00   3.988901e-11   12
  1.346397e-02   1.029205e-10   1.816523e-10   1.893544e-11   30
  1.419227e-02   1.291674e-10   0.000000e+00   2.846390e-11   24
  1.488498e-02   1.176562e-10   2.780971e-10   2.917230e-11   24
  1.554685e-02   1.368467e-10   1.702990e-10   2.773517e-11   8
  1.618168e-02   1.160655e-10   2.270653e-10   1.442688e-11   24
  1.679252e-02   1.089670e-10   0.000000e+00   1.531533e-11   48
  1.795196e-02   1.294036e-10   0.000000e+00   5.690223e-11   6
  1.850445e-02   1.028997e-10   2.270653e-10   1.443926e-11   48
  1.904093e-02   9.537216e-11   2.140792e-10   9.931611e-12   36
  1.956269e-02   1.362968e-10   2.270653e-10   2.851038e-11   24
  2.007090e-02   8.012443e-11   3.211188e-10   1.378142e-11   24
  2.056655e-02   7.150901e-11   0.000000e+00   9.719358e-12   48
  2.105054e-02   1.100582e-10   3.211188e-10   1.566653e-11   24
  2.198657e-02   8.751168e-11   3.211188e-10   1.376085e-11   24
  2.243995e-02   5.963269e-11   0.000000e+00   9.760754e-12   30
  2.288435e-02   6.362893e-11   0.000000e+00   7.013503e-12   72
  2.332028e-02   6.221546e-11   3.405980e-10   1.268636e-11   32
  2.416856e-02   8.190407e-11   0.000000e+00   9.483741e-12   72
  2.458173e-02   5.005936e-11   0.000000e+00   7.321003e-12   48
  2.538790e-02   2.629882e-11   0.000000e+00   7.819952e-12   12
  2.597539e-02   4.878924e-11   1.938570e-04   4.515062e-12   96
  2.655130e-02   6.056948e-11   3.211188e-10   7.644568e-12   48
  2.692794e-02   7.247956e-11   3.633045e-10   1.269528e-11   30
  2.757421e-02   6.586814e-11   1.586779e-04   6.205569e-12   96
  2.838454e-02   3.901164e-11   0.000000e+00   7.406771e-12   24
  2.885327e-02   5.435650e-11   1.642099e-04   4.397641e-12   144
  2.942972e-02   3.750780e-11   5.561942e-10   9.208010e-12   24
  3.002225e-02   5.541111e-11   1.456630e-04   6.311854e-12   96
  3.043903e-02   4.851040e-11   0.000000e+00   7.467257e-12   48
  3.137435e-02   5.858156e-11   1.080207e-04   6.632685e-12   62
  3.184971e-02   4.228574e-11   1.519035e-04   5.087257e-12   132
  3.236335e-02   2.767244e-11   4.541306e-10   4.932431e-12   24
  3.284837e-02   4.317236e-11   1.518246e-04   3.657049e-12   168
  3.373431e-02   4.957894e-11   1.492698e-04   4.141131e-12   96
  3.439955e-02   3.329640e-11   1.270423e-04   3.147094e-12   96
  3.521583e-02   3.432546e-11   1.416056e-04   2.828982e-12   168
  3.590392e-02   4.731841e-11   0.000000e+00   2.077951e-11   6
  3.618333e-02   3.778615e-11   0.000000e+00   3.678709e-12   96
  3.651563e-02   3.596155e-11   1.100713e-04   3.543769e-12   120
  3.718966e-02   2.850039e-11   1.278125e-04   2.245102e-12   144
  3.754921e-02   3.243313e-11   0.000000e+00   4.374601e-12   48
  3.823245e-02   2.875524e-11   1.304211e-04   3.085832e-12   84
  3.860715e-02   3.153719e-11   8.899106e-10   2.825583e-12   120
  3.894461e-02   2.418143e-11   1.183479e-04   2.774441e-12   80
  3.946692e-02   2.280139e-11   1.201620e-04   1.671683e-12   144
  4.014180e-02   2.866663e-11   6.422377e-10   5.319232e-12   24
  4.047145e-02   3.116287e-11   1.159510e-04   2.601690e-12   150
  4.098576e-02   2.779310e-11   1.203057e-04   2.030809e-12   120
  4.155056e-02   2.508153e-11   1.096333e-04   2.126896e-12   168
  4.210107e-02   3.632304e-11   6.422377e-10   6.068635e-12   24
  4.244743e-02   2.151842e-11   1.181082e-04   1.366207e-12   264
  4.281269e-02   1.726429e-11   6.422377e-10   2.420332e-12   48
  4.343532e-02   2.194546e-11   1.093985e-04   1.803459e-12   144
  4.412543e-02   2.641022e-11   1.076845e-04   3.212670e-12   72
  4.451927e-02   2.092441e-11   1.107671e-04   1.333485e-12   180
  4.506982e-02   2.190896e-11   8.025835e-05   1.626549e-12   198
  4.532647e-02   2.341418e-11   0.000000e+00   2.594308e-12   48
  4.589413e-02   1.860551e-11   1.086319e-04   1.400716e-12   168
  4.631540e-02   2.171874e-11   1.087222e-04   1.985348e-12   144
  4.695270e-02   2.023554e-11   1.527607e-04   1.061958e-12   248
  4.781330e-02   1.418809e-11   1.053161e-04   9.971259e-13   192
  4.839932e-02   1.841971e-11   1.626762e-04   1.207389e-12   240
  4.875204e-02   2.007102e-11   0.000000e+00   2.175015e-12   72
  4.929001e-02   2.066188e-11   9.927197e-05   1.807628e-12   126
  4.962939e-02   2.178365e-11   9.159181e-05   1.715535e-12   168
  5.027740e-02   2.036560e-11   1.001546e-04   1.134274e-12   288
  5.095853e-02   1.834929e-11   5.274950e-05   1.574103e-12   156
  5.131126e-02   1.569943e-11   8.873998e-05   1.363305e-12   168
  5.184617e-02   1.643713e-11   1.521290e-04   1.013885e-12   264
  5.233850e-02   1.507249e-11   0.000000e+00   1.841188e-12   48
  5.270435e-02   1.537047e-11   1.514052e-04   1.004579e-12   264
  5.322882e-02   1.570285e-11   8.924381e-05   1.305772e-12   144
  5.362492e-02   1.705408e-11   1.825884e-04   1.934723e-12   78
  5.420192e-02   1.403670e-11   1.186900e-04   7.770688e-13   336
  5.474604e-02   1.294681e-11   9.030373e-05   8.804583e-13   200
  5.510338e-02   1.254987e-11   1.768159e-04   9.537038e-13   192
  5.558581e-02   1.540975e-11   8.873069e-05   1.090426e-12   240
  5.602902e-02   1.646441e-11   1.778215e-04   1.143957e-12   168
  5.648434e-02   1.349154e-11   1.423690e-04   1.160843e-12   120
  5.703118e-02   1.474300e-11   1.112738e-04   7.808807e-13   324
  5.756179e-02   1.315314e-11   8.748012e-05   8.940833e-13   192
  5.792293e-02   1.454035e-11   1.568908e-04   1.047377e-12   168
  5.853721e-02   1.107901e-11   1.292197e-04   6.049225e-13   342
  5.909109e-02   1.507017e-11   1.040479e-04   7.775265e-13   336
  5.965251e-02   1.654451e-11   7.962394e-05   1.805013e-12   72
  6.003109e-02   1.319630e-11   1.273478e-04   8.770023e-13   288
  6.047058e-02   1.293910e-11   8.293768e-05   9.359404e-13   264
  6.108439e-02   1.145769e-11   1.090835e-04   6.222536e-13   384
  6.163419e-02   1.193260e-11   1.309286e-04   8.987357e-13   240
  6.186267e-02   1.225715e-11   0.000000e+00   1.495820e-12   48
  6.252352e-02   1.217177e-11   1.071736e-04   6.119690e-13   392
  6.302771e-02   1.121195e-11   1.176177e-04   6.377323e-13   294
  6.356985e-02   1.109395e-11   7.644534e-05   8.324055e-13   228
  6.392640e-02   1.301441e-11   1.160935e-04   8.482297e-13   216
  6.437004e-02   1.081108e-11   7.071608e-05   5.734914e-13   336
  6.491309e-02   1.135481e-11   8.402231e-05   6.439730e-13   360
  6.536140e-02   1.217948e-11   1.280140e-04   7.519260e-13   240
  6.582853e-02   1.134274e-11   1.514699e-04   8.020280e-13   168
  6.626426e-02   1.007684e-11   1.192252e-04   5.710511e-13   312
  6.678338e-02   1.014051e-11   7.461529e-05   5.126141e-13   336
  6.734419e-02   1.080438e-11   1.017891e-04   6.586290e-13   294
  6.776702e-02   1.210190e-11   1.356641e-04   7.453988e-13   288
  6.809058e-02   8.500104e-12   8.488954e-05   5.521377e-13   264
  6.866755e-02   9.822033e-12   1.458184e-04   4.911937e-13   480
  6.914996e-02   1.082524e-11   7.133389e-05   6.454651e-13   240
  6.974139e-02   1.061160e-11   7.213111e-05   6.174185e-13   276
  7.020800e-02   9.744504e-12   1.583420e-04   4.094320e-13   488
  7.076234e-02   1.091302e-11   6.973720e-05   9.590062e-13   240
  7.108411e-02   9.987291e-12   1.354117e-04   4.995840e-13   360
  7.153530e-02   8.394425e-12   4.817743e-05   6.170572e-13   198
  7.211554e-02   8.095461e-12   1.627935e-04   3.505446e-13   480
  7.254038e-02   8.090390e-12   6.008787e-05   4.861259e-13   288
  7.312796e-02   9.240988e-12   1.270121e-04   4.402859e-13   480
  7.365633e-02   9.271311e-12   7.825550e-05   3.997677e-13   480
  7.419894e-02   8.085073e-12   1.012105e-04   5.350847e-13   288
  7.453749e-02   9.159338e-12   1.079729e-04   5.234520e-13   288
  7.506996e-02   8.492268e-12   1.877112e-04   4.131455e-13   456
  7.560610e-02   9.404477e-12   1.767802e-04   4.684141e-13   360
  7.595177e-02   8.358004e-12   1.059672e-04   5.213263e-13   180
  7.645202e-02   7.031374e-12   1.154112e-04   2.998456e-13   486
  7.695907e-02   7.906054e-12   1.535340e-04   3.562732e-13   504
  7.747462e-02   8.342478e-12   1.192882e-04   3.920604e-13   456
  7.790209e-02   7.837139e-12   9.910745e-05   4.557292e-13   296
  7.846686e-02   7.458391e-12   9.779604e-05   3.253141e-13   528
  7.889160e-02   7.483028e-12   9.649931e-05   3.760199e-13   336
  7.951717e-02   7.358120e-12   1.070358e-04   3.050138e-13   600
  7.997507e-02   6.120819e-12   6.270729e-05   3.620575e-13   264
  8.043396e-02   7.124340e-12   6.781049e-05   3.488282e-13   360
  8.090234e-02   6.847260e-12   1.357633e-04   2.988280e-13   630
  8.141847e-02   7.949659e-12   7.007974e-05   3.753120e-13   432
  8.187631e-02   7.529777e-12   1.350259e-04   3.646084e-13   408
  8.243827e-02   6.742941e-12   8.962194e-05   3.635945e-13   324
  8.285635e-02   6.379434e-12   1.277222e-04   2.398462e-13   744
  8.336064e-02   5.966585e-12   1.021054e-04   3.318913e-13   336
  8.384245e-02   6.928014e-12   1.403689e-04   2.988668e-13   528
  8.437080e-02   5.810136e-12   7.162045e-05   3.180057e-13   408
  8.472109e-02   5.591730e-12   1.218981e-04   2.741025e-13   408
  8.529988e-02   5.739191e-12   1.006308e-04   2.618421e-13   470
  8.572148e-02   6.146199e-12   1.208902e-04   2.815944e-13   528
  8.631019e-02   5.185669e-12   1.007343e-04   1.948039e-13   624
  8.674381e-02   5.904016e-12   7.664930e-05   2.767072e-13   504
  8.719116e-02   5.050554e-12   1.067668e-04   2.144445e-13   552
  8.763489e-02   5.453021e-12   5.190111e-05   2.742668e-13   336
  8.819051e-02   5.839534e-12   1.104770e-04   2.606302e-13   528
  8.862093e-02   5.404412e-12   1.257802e-04   2.152670e-13   564
  8.912507e-02   4.982274e-12   1.157674e-04   2.386665e-13   528
  8.967166e-02   5.561707e-12   1.797324e-04   2.404206e-13   582
  9.016871e-02   5.115508e-12   1.383668e-04   2.060539e-13   624
  9.060342e-02   4.928908e-12   1.581799e-04   2.495553e-13   432
  9.112208e-02   5.083861e-12   1.759475e-04   1.721821e-13   816
  9.165576e-02   5.158181e-12   8.018898e-05   2.906029e-13   312
  9.200488e-02   4.449521e-12   1.299641e-04   1.946352e-13   552
  9.256787e-02   4.668800e-12   8.185444e-05   1.737175e-13   744
  9.297574e-02   4.971519e-12   7.646869e-05   2.715079e-13   408
  9.350218e-02   4.336915e-12   1.095830e-04   1.784970e-13   632
  9.404906e-02   4.930479e-12   1.860997e-04   1.849702e-13   750
  9.449396e-02   5.034591e-12   1.280227e-04   2.699867e-13   312
  9.498974e-02   4.484248e-12   1.890077e-04   1.545792e-13   876
  9.548011e-02   3.696721e-12   1.234108e-04   1.516147e-13   552
  9.603265e-02   4.314073e-12   1.020603e-04   1.689445e-13   696
  9.640905e-02   4.351335e-12   1.126552e-04   1.907019e-13   576
  9.692128e-02   3.914624e-12   1.192748e-04   1.815447e-13   576
  9.735848e-02   4.219987e-12   1.598285e-04   1.669252e-13   648
  9.788685e-02   4.181207e-12   1.599783e-04   1.550561e-13   672
  9.847019e-02   4.036195e-12   6.785687e-05   1.922969e-13   480
  9.884355e-02   3.720970e-12   1.050846e-04   1.341444e-13   726
  9.932431e-02   4.093173e-12   1.190745e-04   1.474930e-13   792
  9.984502e-02   3.757344e-12   1.651878e-04   1.381488e-13   768
  1.003938e-01   3.903965e-12   1.350017e-04   1.469092e-13   672
  1.008970e-01   3.747377e-12   9.055629e-05   1.466607e-13   608
  1.012613e-01   3.490384e-12   8.693679e-05   1.372000e-13   624
  1.017809e-01   3.451115e-12   1.129736e-04   1.250936e-13   684
  1.022864e-01   3.474703e-12   1.668752e-04   1.210615e-13   768
  1.027568e-01   3.617382e-12   1.334155e-04   1.239161e-13   744
  1.033173e-01   3.345150e-12   8.400635e-05   1.159551e-13   750
  1.037259e-01   3.168102e-12   1.248642e-04   1.413737e-13   600
  1.041677e-01   3.329296e-12   1.325833e-04   1.366662e-13   600
  1.047135e-01   3.346375e-12   1.527941e-04   1.046825e-13   1008
  1.051470e-01   3.369464e-12   8.474486e-05   1.278193e-13   696
  1.056273e-01   3.453486e-12   1.119517e-04   1.443639e-13   624
  1.061102e-01   3.264790e-12   1.742111e-04   1.231429e-13   840
  1.066588e-01   3.459201e-12   1.185366e-04   1.212838e-13   816
  1.071038e-01   3.036742e-12   7.873478e-05   1.034522e-13   744
  1.075531e-01   3.111878e-12   1.391901e-04   1.321852e-13   510
  1.080960e-01   3.183857e-12   1.336339e-04   1.019358e-13   1020
  1.086012e-01   3.139534e-12   1.078294e-04   1.022979e-13   912
  1.090992e-01   3.200589e-12   1.597552e-04   1.145828e-13   752
  1.095110e-01   3.067294e-12   1.325595e-04   1.211888e-13   888
  1.100730e-01   2.943012e-12   8.554013e-05   1.040152e-13   768
  1.105327e-01   2.899410e-12   1.554339e-04   1.040627e-13   720
  1.110617e-01   2.901357e-12   1.370195e-04   9.486941e-14   1056
  1.115309e-01   2.916556e-12   9.479589e-05   1.292957e-13   504
  1.119154e-01   2.567854e-12   1.480257e-04   9.770539e-14   774
  1.124652e-01   2.833080e-12   1.423615e-04   8.724388e-14   1272
  1.129816e-01   2.884113e-12   9.326921e-05   1.121268e-13   744
  1.134632e-01   2.639800e-12   1.523027e-04   9.694484e-14   768
  1.139050e-01   2.758078e-12   1.288282e-04   9.374485e-14   840
  1.144011e-01   2.813567e-12   8.734207e-05   9.056737e-14   924
  1.148789e-01   2.701177e-12   1.539839e-04   8.887950e-14   936
  1.153484e-01   2.486018e-12   1.070130e-04   8.128898e-14   840
  1.158214e-01   2.712222e-12   1.272259e-04   8.503917e-14   1008
  1.164225e-01   2.477120e-12   1.436262e-04   9.260237e-14   696
  1.167996e-01   2.442405e-12   1.276589e-04   8.120713e-14   974
  1.173599e-01   2.650495e-12   1.695459e-04   7.725996e-14   1152
  1.178471e-01   2.549063e-12   6.634378e-05   8.667353e-14   816
  1.182260e-01   2.401281e-12   1.459488e-04   8.131879e-14   816
  1.187357e-01   2.504677e-12   1.288794e-04   7.504696e-14   1152
  1.192732e-01   2.485724e-12   1.160356e-04   8.065752e-14   912
  1.197621e-01   2.605543e-12   1.409833e-04   8.093343e-14   1056
  1.201806e-01   2.495661e-12   1.205660e-04   1.059034e-13   624
  1.207435e-01   2.377870e-12   1.506027e-04   7.164653e-14   1260
  1.212292e-01   2.435514e-12   9.083716e-05   8.166213e-14   894
  1.217037e-01   2.565050e-12   1.556364e-04   7.140547e-14   1176
  1.221783e-01   2.259255e-12   1.288208e-04   8.601399e-14   840
  1.227186e-01   2.362826e-12   1.464236e-04   6.054538e-14   1440
  1.232859e-01   2.160108e-12   8.232021e-05   7.051432e-14   864
  1.237160e-01   2.406771e-12   1.412655e-04   7.678753e-14   1056
  1.241441e-01   2.466161e-12   8.328830e-05   1.036387e-13   624
  1.246641e-01   2.268146e-12   1.542356e-04   5.833479e-14   1496
  1.251612e-01   2.282509e-12   1.088958e-04   8.935814e-14   936
  1.256039e-01   2.161925e-12   1.576468e-04   7.058462e-14   966
  1.260801e-01   2.177207e-12   1.117465e-04   7.161057e-14   936
  1.265804e-01   2.266140e-12   1.382244e-04   6.306894e-14   1248
  1.270926e-01   2.094207e-12   9.744205e-05   6.359339e-14   1044
  1.275698e-01   2.066442e-12   1.509409e-04   5.940761e-14   1392
  1.279478e-01   2.024997e-12   1.162549e-04   7.885749e-14   600
  1.284885e-01   1.992156e-12   1.320778e-04   5.242955e-14   1416
  1.289955e-01   2.068897e-12   1.421656e-04   6.012316e-14   1152
  1.295092e-01   2.006087e-12   1.363856e-04   6.445322e-14   936
  1.299230e-01   2.016355e-12   1.462802e-04   6.890262e-14   870
  1.304147e-01   2.127712e-12   1.226502e-04   6.164201e-14   1368
  1.309604e-01   2.037000e-12   1.612530e-04   5.227661e-14   1632
  1.314267e-01   2.167069e-12   7.000699e-05   7.628286e-14   816
  1.319315e-01   1.983567e-12   1.597143e-04   5.652860e-14   1200
  1.323720e-01   2.010832e-12   1.527057e-04   5.760860e-14   1184
  1.328194e-01   2.116438e-12   1.158936e-04   6.822809e-14   984
  1.333683e-01   1.907532e-12   1.414942e-04   5.050535e-14   1572
  1.338659e-01   2.078012e-12   7.792333e-05   7.702101e-14   840
  1.343297e-01   1.823692e-12   1.812138e-04   4.948476e-14   1392
  1.348193e-01   1.835400e-12   1.330470e-04   5.792638e-14   1158
  1.352564e-01   1.942856e-12   1.211496e-04   5.622233e-14   1272
  1.357826e-01   1.958469e-12   1.234623e-04   5.575816e-14   1320
  1.362769e-01   1.827626e-12   1.208065e-04   5.688839e-14   1104
  1.367472e-01   1.804660e-12   1.367360e-04   5.224823e-14   1392
  1.372408e-01   1.695952e-12   1.478938e-04   4.916202e-14   1296
  1.377492e-01   1.715647e-12   1.544255e-04   4.662209e-14   1392
  1.382262e-01   1.716228e-12   1.132835e-04   5.269511e-14   1104
  1.386675e-01   1.676095e-12   1.426913e-04   4.501228e-14   1320
  1.392961e-01   1.698452e-12   1.089713e-04   4.696309e-14   1422
  1.396977e-01   1.706205e-12   1.357176e-04   5.342330e-14   1212
  1.401589e-01   1.611120e-12   1.483027e-04   4.526937e-14   1280
  1.406327e-01   1.727691e-12   1.544235e-04   4.909223e-14   1272
  1.410869e-01   1.737359e-12   1.336382e-04   4.344124e-14   1680
  1.416252e-01   1.489179e-12   1.262633e-04   4.667749e-14   1152
  1.421207e-01   1.575603e-12   1.462174e-04   3.938522e-14   1512
  1.426417e-01   1.517478e-12   6.173239e-05   5.297705e-14   912
  1.430535e-01   1.561992e-12   1.556147e-04   3.744596e-14   1680
  1.436012e-01   1.402579e-12   1.378563e-04   3.663653e-14   1518
  1.440071e-01   1.572329e-12   1.276288e-04   4.736612e-14   1056
  1.444347e-01   1.495818e-12   1.288698e-04   3.835561e-14   1344
  1.449875e-01   1.693101e-12   1.383780e-04   4.194319e-14   1680
  1.454876e-01   1.446994e-12   1.363571e-04   3.799392e-14   1656
  1.460341e-01   1.440489e-12   1.159057e-04   4.997703e-14   1140
  1.464444e-01   1.400162e-12   1.342100e-04   4.037045e-14   1368
  1.469271e-01   1.399443e-12   1.526647e-04   3.629569e-14   1656
  1.474179e-01   1.430450e-12   1.563614e-04   4.035099e-14   1448
  1.479520e-01   1.357476e-12   1.468912e-04   3.527444e-14   1422
  1.484453e-01   1.428083e-12   1.621619e-04   3.841557e-14   1512
  1.488673e-01   1.431842e-12   1.236275e-04   4.231310e-14   1296
  1.493554e-01   1.341540e-12   1.128801e-04   3.391895e-14   1824
  1.498832e-01   1.320098e-12   1.463660e-04   3.451228e-14   1464
  1.504163e-01   1.222751e-12   1.306107e-04   2.805517e-14   1824
  1.509111e-01   1.343251e-12   1.038421e-04   3.610405e-14   1416
  1.513416e-01   1.244423e-12   1.521007e-04   3.415733e-14   1392
  1.518062e-01   1.246914e-12   1.403562e-04   3.350199e-14   1464
  1.523732e-01   1.146899e-12   1.372200e-04   3.193692e-14   1524
  1.528113e-01   1.205463e-12   1.264504e-04   3.215115e-14   1686
  1.533176e-01   1.204793e-12   1.505644e-04   3.094883e-14   1800
  1.537528e-01   1.322474e-12   1.195338e-04   4.197333e-14   1344
  1.542356e-01   1.217143e-12   1.394596e-04   3.336391e-14   1656
  1.547196e-01   1.213269e-12   1.113514e-04   3.125031e-14   1488
  1.551402e-01   1.237644e-12   1.111701e-04   3.178557e-14   1536
  1.557262e-01   1.140887e-12   1.234973e-04   2.994039e-14   1760
  1.561802e-01   1.086821e-12   1.373667e-04   2.591917e-14   1824
  1.567053e-01   1.198421e-12   1.152763e-04   3.150758e-14   1560
  1.572105e-01   1.172942e-12   1.324056e-04   3.030339e-14   1926
  1.576857e-01   1.175195e-12   9.415777e-05   3.530956e-14   1272
  1.581194e-01   1.089931e-12   1.582320e-04   2.709537e-14   1848
  1.586895e-01   1.116680e-12   1.278379e-04   2.612678e-14   1908
  1.591231e-01   1.109717e-12   1.246890e-04   3.058139e-14   1488
  1.595806e-01   1.010138e-12   1.406224e-04   2.621766e-14   1800
  1.600766e-01   1.024913e-12   1.407610e-04   2.563532e-14   1752
  1.605517e-01   1.003396e-12   1.496769e-04   2.758023e-14   1368
  1.610272e-01   1.025917e-12   1.406675e-04   2.242472e-14   2016
  1.615501e-01   1.077661e-12   1.485794e-04   2.882803e-14   1542
  1.620327e-01   9.984117e-13   1.454994e-04   2.410027e-14   2184
  1.625669e-01   1.048440e-12   1.330990e-04   2.535336e-14   1776
  1.630283e-01   9.799999e-13   1.521522e-04   2.724706e-14   1568
  1.634682e-01   1.018264e-12   1.390081e-04   2.488523e-14   2040
  1.639468e-01   1.038112e-12   1.486121e-04   2.615139e-14   1704
  1.644478e-01   9.267184e-13   1.489728e-04   2.476065e-14   1512
  1.649202e-01   9.608883e-13   1.270742e-04   2.183714e-14   2028
  1.654509e-01   9.529467e-13   1.532841e-04   2.181043e-14   1968
  1.659362e-01   9.023566e-13   1.554838e-04   2.169642e-14   1854
  1.664110e-01   9.408519e-13   1.482240e-04   2.404176e-14   1632
  1.668977e-01   9.430657e-13   1.523128e-04   2.017060e-14   2424
  1.674021e-01   9.235813e-13   1.524713e-04   2.416910e-14   1560
  1.678285e-01   9.327510e-13   1.440852e-04   2.218190e-14   1728
  1.683437e-01   8.938577e-13   1.538043e-04   2.192433e-14   2088
  1.688623e-01   8.271526e-13   1.464052e-04   1.954297e-14   1968
  1.693394e-01   8.622216e-13   1.449552e-04   2.120854e-14   2256
  1.698178e-01   8.691457e-13   1.288813e-04   2.073397e-14   1728
  1.703172e-01   8.555694e-13   1.270494e-04   2.404276e-14   1416
  1.707596e-01   9.028281e-13   1.339356e-04   1.952637e-14   2246
  1.712606e-01   8.662654e-13   1.483321e-04   2.134038e-14   2148
  1.717398e-01   8.874387e-13   1.252967e-04   2.423633e-14   1680
  1.721909e-01   8.475909e-13   1.584012e-04   1.728675e-14   2280
  1.727331e-01   8.545798e-13   1.475065e-04   1.864329e-14   2352
  1.732395e-01   8.092444e-13   1.239422e-04   2.042858e-14   1632
  1.736402e-01   8.383045e-13   1.418228e-04   2.023021e-14   1968
  1.741900e-01   7.763571e-13   1.455103e-04   1.889404e-14   2112
  1.746998e-01   8.010768e-13   1.093039e-04   1.968753e-14   2208
  1.751952e-01   7.846854e-13   1.102112e-04   1.820941e-14   1974
  1.755862e-01   7.921417e-13   1.078165e-04   1.929918e-14   1944
  1.761144e-01   8.291949e-13   1.219820e-04   1.890796e-14   2160
  1.765722e-01   7.889251e-13   1.140807e-04   1.915918e-14   2040
  1.770670e-01   8.179534e-13   1.596015e-04   1.926768e-14   2352
  1.775745e-01   8.215840e-13   1.325904e-04   1.959395e-14   1836
  1.780376e-01   7.635423e-13   1.414413e-04   1.683457e-14   2352
  1.785577e-01   7.232737e-13   1.483527e-04   1.681580e-14   2008
  1.790344e-01   7.586442e-13   1.459431e-04   1.680852e-14   2464
  1.795659e-01   7.384985e-13   1.177095e-04   1.667367e-14   2118
  1.800019e-01   7.480808e-13   1.183276e-04   1.953703e-14   1848
  1.804507e-01   8.377870e-13   1.565861e-04   2.062200e-14   2280
  1.809928e-01   7.829739e-13   1.489508e-04   1.739462e-14   2472
  1.814993e-01   7.004458e-13   9.953927e-05   1.594547e-14   2280
  1.819245e-01   7.867439e-13   1.216700e-04   1.986147e-14   1992
  1.823831e-01   7.467427e-13   1.279126e-04   1.650461e-14   2184
  1.829118e-01   6.677301e-13   1.543068e-04   1.514031e-14   2352
  1.834214e-01   7.285950e-13   1.626118e-04   1.554184e-14   2496
  1.839203e-01   6.859394e-13   1.518813e-04   1.751338e-14   1770
  1.843678e-01   7.622999e-13   1.310496e-04   1.700306e-14   2568
  1.849057e-01   7.378204e-13   1.607377e-04   1.617901e-14   2712
  1.853947e-01   7.473021e-13   1.276489e-04   1.719858e-14   2448
  1.858830e-01   7.320545e-13   1.076015e-04   1.741754e-14   2064
  1.862881e-01   7.033642e-13   1.135758e-04   1.890035e-14   1944
  1.868133e-01   6.764994e-13   1.403079e-04   1.524034e-14   2480
  1.873491e-01   6.692872e-13   1.524155e-04   1.358599e-14   2880
  1.878237e-01   6.717538e-13   1.462067e-04   1.583072e-14   2304
  1.883193e-01   6.777803e-13   1.343278e-04   1.682182e-14   1806
  1.887589e-01   6.937094e-13   1.317346e-04   1.474760e-14   2856
  1.893097e-01   7.135846e-13   1.263374e-04   1.607414e-14   2568
  1.897288e-01   6.518487e-13   1.267515e-04   1.615402e-14   2112
  1.901850e-01   6.893987e-13   1.220840e-04   1.860646e-14   2028
  1.906744e-01   6.427612e-13   1.445115e-04   1.363283e-14   2712
  1.911714e-01   6.722877e-13   1.556884e-04   1.377386e-14   2952
  1.917055e-01   6.397480e-13   1.202957e-04   1.462039e-14   2112
  1.921372e-01   6.312051e-13   1.409804e-04   1.349822e-14   2520
  1.926559e-01   6.042200e-13   1.359784e-04   1.333486e-14   2376
  1.931282e-01   6.518390e-13   1.090048e-04   1.415445e-14   2526
  1.936186e-01   6.821626e-13   1.356536e-04   1.524670e-14   2664
  1.941040e-01   6.825749e-13   1.617960e-04   1.646452e-14   2408
  1.945694e-01   6.320018e-13   1.296049e-04   1.465741e-14   2568
  1.950440e-01   6.495834e-13   1.221942e-04   1.274459e-14   2904
  1.955589e-01   6.226362e-13   1.371053e-04   1.321757e-14   2544
  1.960480e-01   6.268435e-13   1.009875e-04   1.533549e-14   2160
  1.965096e-01   6.489808e-13   1.745958e-04   1.444945e-14   2652
  1.970194e-01   5.705096e-13   1.382439e-04   1.170687e-14   2784
  1.975101e-01   6.357050e-13   1.365199e-04   1.313223e-14   2694
  1.980185e-01   5.935896e-13   1.226932e-04   1.274933e-14   2952
  1.984602e-01   6.263813e-13   1.162128e-04   1.479721e-14   2208
  1.989102e-01   6.278881e-13   1.238599e-04   1.461791e-14   2304
  1.994125e-01   5.708153e-13   1.610662e-04   1.044219e-14   3504
  1.999983e-01   5.864456e-13   1.304210e-04   1.294762e-14   2616
  2.004552e-01   5.701656e-13   1.274108e-04   1.252204e-14   2664
  2.008953e-01   5.593836e-13   1.183758e-04   1.248517e-14   2448
  2.013388e-01   5.765891e-13   1.648584e-04   1.257267e-14   2472
  2.018606e-01   5.791414e-13   1.310718e-04   1.150138e-14   3134
  2.023516e-01   5.914414e-13   1.433541e-04   1.319596e-14   2616
  2.028419e-01   5.574337e-13   1.161223e-04   1.279320e-14   2712
  2.033463e-01   5.615931e-13   1.331755e-04   1.150103e-14   3204
  2.038284e-01   5.411639e-13   1.533782e-04   1.187442e-14   2760
  2.042862e-01   5.236091e-13   1.338200e-04   1.146650e-14   2688
  2.047911e-01   5.389871e-13   1.265264e-04   1.151101e-14   2760
  2.052376e-01   5.038584e-13   1.044749e-04   1.168312e-14   2568
  2.057517e-01   5.028102e-13   1.622443e-04   9.642952e-15   3336
  2.062452e-01   5.326085e-13   1.373220e-04   1.247047e-14   2334
  2.067435e-01   5.209794e-13   1.519616e-04   1.087978e-14   3264
  2.072092e-01   5.582049e-13   1.104877e-04   1.401824e-14   2760
  2.076868e-01   5.005686e-13   1.334378e-04   1.009047e-14   3192
  2.081730e-01   5.198846e-13   1.385370e-04   1.203213e-14   2904
  2.086902e-01   4.994071e-13   1.390027e-04   1.084446e-14   2784
  2.091231e-01   5.328174e-13   1.144018e-04   1.203172e-14   2592
  2.096156e-01   4.729228e-13   1.559460e-04   9.637414e-15   3284
  2.101389e-01   4.798262e-13   1.566406e-04   9.839117e-15   3168
  2.106071e-01   4.842480e-13   1.292397e-04   1.036860e-14   2616
  2.110994e-01   4.581250e-13   1.248775e-04   1.008951e-14   3222
  2.115781e-01   4.946524e-13   1.401164e-04   1.005743e-14   3240
  2.120418e-01   5.067668e-13   1.417503e-04   1.213207e-14   2568
  2.125690e-01   5.069702e-13   1.300629e-04   1.194834e-14   3120
  2.130097e-01   4.939645e-13   1.429850e-04   1.070668e-14   3168
  2.134838e-01   4.633290e-13   1.251725e-04   1.095932e-14   3240
  2.140024e-01   4.494819e-13   1.284239e-04   9.142011e-15   3144
  2.145062e-01   4.368727e-13   1.224103e-04   9.217391e-15   2856
  2.149823e-01   4.460575e-13   1.307392e-04   8.618988e-15   3264
  2.155212e-01   4.532413e-13   1.444609e-04   9.409253e-15   3318
  2.159452e-01   4.860013e-13   1.011723e-04   1.290119e-14   2556
  2.164506e-01   4.388060e-13   1.728209e-04   8.654071e-15   4008
  2.169623e-01   4.590888e-13   1.275720e-04   1.059410e-14   2904
  2.174000e-01   4.206961e-13   1.304469e-04   8.590766e-15   3144
  2.178983e-01   4.260603e-13   1.359922e-04   9.373138e-15   3200
  2.184140e-01   4.046224e-13   1.341212e-04   8.318805e-15   3312
  2.188763e-01   4.251627e-13   1.080957e-04   9.234441e-15   2832
  2.193924e-01   4.141777e-13   1.555565e-04   7.789191e-15   3984
  2.198717e-01   4.396114e-13   1.264601e-04   1.076278e-14   2238
  2.203092e-01   4.323112e-13   1.488218e-04   9.039672e-15   3984
  2.208520e-01   4.143690e-13   1.414250e-04   8.857763e-15   3384
  2.213029e-01   4.552668e-13   1.321942e-04   1.039390e-14   3048
  2.217737e-01   3.869688e-13   1.213801e-04   8.472229e-15   3096
  2.222656e-01   4.190845e-13   1.375807e-04   8.100545e-15   3708
  2.227545e-01   3.868222e-13   1.304078e-04   8.924899e-15   2784
  2.232087e-01   4.150355e-13   1.354535e-04   8.468876e-15   3648
  2.237247e-01   3.923354e-13   1.394108e-04   8.069865e-15   3888
  2.242738e-01   3.700227e-13   1.488252e-04   8.247192e-15   2958
  2.246837e-01   3.950198e-13   1.270361e-04   7.952744e-15   3264
  2.251777e-01   4.286559e-13   1.402443e-04   9.773492e-15   3160
  2.256445e-01   3.754853e-13   1.271016e-04   7.709458e-15   3736
  2.260868e-01   3.816082e-13   1.158193e-04   9.208368e-15   3216
  2.266085e-01   3.894170e-13   1.419303e-04   7.532820e-15   4032
  2.271526e-01   3.683282e-13   1.295798e-04   7.033489e-15   3528
  2.276165e-01   3.791468e-13   1.143819e-04   8.060242e-15   3192
  2.280803e-01   3.570094e-13   1.252686e-04   7.452352e-15   3456
  2.285834e-01   3.499938e-13   1.298903e-04   7.411441e-15   3060
  2.290876e-01   3.728863e-13   1.544545e-04   7.163542e-15   4518
  2.295790e-01   3.691492e-13   1.375990e-04   7.852174e-15   3528
  2.300307e-01   4.004457e-13   1.155591e-04   9.951551e-15   3024
  2.305122e-01   3.530569e-13   1.564624e-04   7.307111e-15   3672
  2.310028e-01   3.595426e-13   1.342922e-04   7.401128e-15   3864
  2.315474e-01   3.493795e-13   1.423480e-04   6.997884e-15   3816
  2.319928e-01   3.348987e-13   1.295052e-04   6.873633e-15   3456
  2.324198e-01   3.469492e-13   1.172315e-04   7.789542e-15   2688
  2.329230e-01   3.355553e-13   1.390930e-04   5.999436e-15   4248
  2.334218e-01   3.548410e-13   1.332244e-04   7.559727e-15   3926
  2.339228e-01   3.527333e-13   1.406621e-04   7.954513e-15   3504
  2.344067e-01   3.604181e-13   1.257540e-04   7.217638e-15   3960
  2.349411e-01   3.363522e-13   1.415697e-04   7.015568e-15   3684
  2.353994e-01   3.203526e-13   1.415603e-04   6.534372e-15   4104
  2.358576e-01   3.396350e-13   1.342621e-04   7.110792e-15   3144
  2.363498e-01   3.238166e-13   1.470632e-04   6.315494e-15   4224
  2.368909e-01   3.092352e-13   1.305314e-04   5.854571e-15   4008
  2.373532e-01   3.221229e-13   1.436052e-04   6.379786e-15   3312
  2.378293e-01   3.266570e-13   1.428317e-04   7.107370e-15   3726
  2.383356e-01   3.282461e-13   1.467057e-04   6.925619e-15   3936
  2.387852e-01   3.503949e-13   1.512247e-04   8.008755e-15   3888
  2.392518e-01   3.241289e-13   1.429975e-04   6.802757e-15   3864
  2.397372e-01   3.227471e-13   1.520184e-04   6.917906e-15   3888
  2.402373e-01   3.008815e-13   1.433767e-04   6.196093e-15   4080
  2.407309e-01   3.211180e-13   1.521663e-04   6.958641e-15   3400
  2.412345e-01   3.061928e-13   1.395519e-04   5.817168e-15   4588
  2.417438e-01   2.994912e-13   1.381276e-04   6.160186e-15   3816
  2.421888e-01   3.025257e-13   1.308874e-04   6.202004e-15   3534
  2.426599e-01   3.330647e-13   1.292818e-04   6.764715e-15   4080
  2.431528e-01   3.243715e-13   1.351361e-04   6.343843e-15   4248
  2.436477e-01   3.265604e-13   1.361762e-04   7.857195e-15   3528
  2.441045e-01   3.169980e-13   1.392215e-04   6.227315e-15   4248
  2.445661e-01   2.989575e-13   1.361726e-04   6.329720e-15   3696
  2.450802e-01   2.953624e-13   1.412982e-04   5.380173e-15   4560
  2.455678e-01   3.010569e-13   1.323495e-04   5.960705e-15   3864
  2.460685e-01   2.827067e-13   1.441083e-04   5.376834e-15   4440
  2.465431e-01   2.910838e-13   1.344565e-04   6.932380e-15   3432
  2.470417e-01   3.026254e-13   1.318374e-04   6.180873e-15   4470
  2.475323e-01   3.077252e-13   1.171596e-04   6.208082e-15   4188
  2.480144e-01   2.944563e-13   1.500979e-04   5.800410e-15   4392
  2.484933e-01   3.123443e-13   1.161150e-04   6.917075e-15   3960
  2.489913e-01   2.993644e-13   1.311762e-04   5.974749e-15   4328
  2.494737e-01   2.813482e-13   1.365155e-04   5.385818e-15   4320
  2.499612e-01   2.856524e-13   1.427527e-04   5.624419e-15   4152
  2.504133e-01   3.099789e-13   1.194148e-04   7.195998e-15   3528
  2.509246e-01   2.699766e-13   1.292483e-04   4.941634e-15   4512
  2.514030e-01   2.946472e-13   1.321235e-04   6.541298e-15   4134
  2.518889e-01   3.090339e-13   1.407559e-04   5.898282e-15   5208
  2.523561e-01   2.970479e-13   1.226327e-04   6.745990e-15   3240
  2.528396e-01   3.056551e-13   1.352583e-04   6.032098e-15   4680
  2.533316e-01   2.827073e-13   1.339167e-04   5.914183e-15   4440
  2.538242e-01   2.671325e-13   1.517493e-04   5.545949e-15   4260
  2.542967e-01   2.645314e-13   1.238886e-04   5.577873e-15   4056
  2.547833e-01   2.594132e-13   1.373522e-04   4.813417e-15   4704
  2.552940e-01   2.803921e-13   1.598328e-04   5.569864e-15   4800
  2.558338e-01   2.713578e-13   1.384828e-04   5.347599e-15   4806
  2.563004e-01   3.306406e-13   1.380453e-04   7.794181e-15   3552
  2.567447e-01   2.670648e-13   1.384155e-04   6.011826e-15   4304
  2.572463e-01   2.783264e-13   1.342317e-04   5.372356e-15   5280
  2.577424e-01   2.666804e-13   1.287726e-04   5.313708e-15   4320
  2.582120e-01   2.671894e-13   1.454180e-04   5.492665e-15   4296
  2.587071e-01   2.597364e-13   1.616686e-04   4.794746e-15   4608
  2.592079e-01   2.658873e-13   1.548872e-04   4.946480e-15   4824
  2.597037e-01   2.455051e-13   1.462245e-04   4.931228e-15   4488
  2.602357e-01   2.718686e-13   1.365163e-04   5.651281e-15   4530
  2.606750e-01   2.625646e-13   1.332969e-04   5.716415e-15   4464
  2.611146e-01   2.670654e-13   1.256224e-04   5.542948e-15   4104
  2.616192e-01   2.577373e-13   1.354472e-04   4.704802e-15   5424
  2.621157e-01   2.643748e-13   1.458006e-04   5.812935e-15   4392
  2.626209e-01   2.615908e-13   1.427447e-04   5.231427e-15   4896
  2.630796e-01   2.453919e-13   1.399190e-04   5.065018e-15   4104
  2.635583e-01   2.653783e-13   1.261700e-04   5.399395e-15   4824
  2.640634e-01   2.275313e-13   1.205890e-04   4.390080e-15   4680
  2.645034e-01   2.368079e-13   1.233362e-04   4.848962e-15   4328
  2.650142e-01   2.501832e-13   1.421747e-04   4.988175e-15   5118
  2.655274e-01   2.608438e-13   1.647184e-04   5.330985e-15   5304
  2.659905e-01   2.828967e-13   1.297081e-04   6.267408e-15   4392
  2.664951e-01   2.473418e-13   1.301864e-04   5.161750e-15   4476
  2.669364e-01   2.392463e-13   1.292906e-04   5.039578e-15   4704
  2.674274e-01   2.394743e-13   1.564908e-04   4.403210e-15   5208
  2.679435e-01   2.302558e-13   1.319479e-04   4.718564e-15   5304
  2.684190e-01   2.286265e-13   1.413346e-04   4.479703e-15   4296
  2.689066e-01   2.362210e-13   1.340217e-04   4.543633e-15   4752
  2.694189e-01   2.375770e-13   1.345359e-04   4.741856e-15   4950
  2.698794e-01   2.430733e-13   1.406262e-04   5.010266e-15   5064
  2.703399e-01   2.482809e-13   1.178265e-04   5.301405e-15   4872
  2.708057e-01   2.392574e-13   1.240390e-04   5.685979e-15   4224
  2.713029e-01   2.383651e-13   1.370167e-04   4.519307e-15   6120
  2.718321e-01   2.195941e-13   1.507358e-04   4.393179e-15   4968
  2.723121e-01   2.350951e-13   1.333881e-04   4.952883e-15   4424
  2.728088e-01   2.277794e-13   1.703749e-04   4.816462e-15   5436
  2.732993e-01   2.161005e-13   1.452596e-04   4.195807e-15   4896
  2.737736e-01   2.108634e-13   1.390702e-04   4.532270e-15   5214
  2.742308e-01   2.449862e-13   1.182169e-04   5.392662e-15   4656
  2.747387e-01   2.423393e-13   1.503032e-04   5.081921e-15   5448
  2.752241e-01   2.281925e-13   1.269422e-04   5.351995e-15   4992
  2.756994e-01   2.388672e-13   1.404898e-04   5.275779e-15   5400
  2.762219e-01   2.268053e-13   1.557062e-04   4.460798e-15   5328
  2.767032e-01   2.172341e-13   1.392299e-04   4.617076e-15   4776
  2.771561e-01   2.005931e-13   1.308295e-04   4.063832e-15   4800
  2.776593e-01   2.115024e-13   1.682401e-04   3.787840e-15   6552
  2.781857e-01   2.278072e-13   1.271030e-04   5.793239e-15   3942
  2.786419e-01   2.164439e-13   1.601990e-04   4.315075e-15   6072
  2.791470e-01   2.392899e-13   1.244164e-04   5.833607e-15   4692
  2.795705e-01   2.144424e-13   1.298888e-04   4.495571e-15   4944
  2.800665e-01   2.117136e-13   1.394107e-04   4.139898e-15   5840
  2.805759e-01   2.059999e-13   1.492333e-04   4.402218e-15   5712
  2.810773e-01   2.087165e-13   1.250671e-04   4.636404e-15   4800
  2.815348e-01   2.009192e-13   1.656330e-04   4.010184e-15   5688
  2.820359e-01   1.962623e-13   1.306810e-04   4.072425e-15   4848
  2.825324e-01   1.593445e-13   1.454557e-04   3.703718e-15   5406
  2.830037e-01   8.998540e-17   1.312973e-04   1.282098e-18   5568
  2.834769e-01   9.134326e-17   1.180275e-04   1.325195e-18   5736
  2.839884e-01   9.164770e-17   1.465826e-04   1.350148e-18   5280
  2.844524e-01   8.902334e-17   1.355263e-04   1.248119e-18   5592
  2.849301e-01   8.757755e-17   1.551417e-04   1.289665e-18   4968
  2.854352e-01   9.011356e-17   1.391053e-04   1.226240e-18   5964
  2.859279e-01   9.024560e-17   1.397517e-04   1.251705e-18   5376
  2.863756e-01   8.925578e-17   1.349389e-04   1.291615e-18   5472
  2.868946e-01   8.818752e-17   1.281532e-04   1.217551e-18   5472
  2.873693e-01   8.587727e-17   1.457059e-04   1.278775e-18   5415
  2.878292e-01   8.392923e-17   1.281660e-04   1.199309e-18   5096
  2.883268e-01   8.123608e-17   1.648183e-04   1.090445e-18   6372
  2.888302e-01   8.614142e-17   1.337920e-04   1.337014e-18   4656
  2.892814e-01   8.712134e-17   1.460580e-04   1.195398e-18   5844
  2.897668e-01   8.454493e-17   1.284189e-04   1.174404e-18   5508
  2.902812e-01   8.703712e-17   1.456803e-04   1.127511e-18   6324
  2.907860e-01   8.225285e-17   1.251396e-04   1.244608e-18   4752
  2.912474e-01   8.277796e-17   1.401041e-04   1.126845e-18   5676
  2.917468e-01   8.404290e-17   1.281684e-04   1.191685e-18   5472
  2.922209e-01   8.344984e-17   1.445704e-04   1.167793e-18   5556
  2.927301e-01   8.068833e-17   1.408810e-04   1.092598e-18   5436
  2.932217e-01   8.200996e-17   1.442016e-04   1.136826e-18   5916
  2.937264e-01   8.233314e-17   1.500331e-04   1.149794e-18   5520
  2.941809e-01   7.733662e-17   1.364480e-04   1.100183e-18   5280
  2.946466e-01   8.385212e-17   1.340724e-04   1.248719e-18   4416
  2.951720e-01   7.930520e-17   1.306879e-04   1.033959e-18   6260
  2.956655e-01   8.013033e-17   1.554038e-04   1.079239e-18   5940
  2.961126e-01   8.012598e-17   1.217066e-04   1.269944e-18   4188
  2.966047e-01   7.866190e-17   1.556122e-04   1.010661e-18   6360
  2.971222e-01   7.745412e-17   1.387995e-04   1.086332e-18   5256
  2.976029e-01   7.843005e-17   1.312113e-04   1.207110e-18   4848
  2.980147e-01   7.435878e-17   1.189499e-04   1.086561e-18   4704
  2.985217e-01   7.663675e-17   1.459205e-04   1.025036e-18   5784
  2.990374e-01   7.430825e-17   1.544008e-04   1.014829e-18   5820
  2.995352e-01   7.619987e-17   1.383100e-04   1.022199e-18   5700
  3.000361e-01   7.618006e-17   1.282634e-04   1.083923e-18   5232
  3.005375e-01   7.658863e-17   1.423193e-04   1.088538e-18   4932
  3.009817e-01   7.427660e-17   1.224997e-04   1.100719e-18   4716
  3.014485e-01   7.830624e-17   1.560382e-04   1.118810e-18   5616
  3.019287e-01   7.182129e-17   1.378046e-04   1.026295e-18   5184
  3.024240e-01   7.092617e-17   1.390111e-04   1.027390e-18   5064
  3.028912e-01   7.205975e-17   1.423406e-04   1.014604e-18   5544
  3.034093e-01   7.122988e-17   1.428860e-04   1.001737e-18   5192
  3.038807e-01   7.189897e-17   1.284053e-04   1.033363e-18   5244
  3.043764e-01   6.940224e-17   1.389360e-04   9.964695e-19   5112
  3.048691e-01   7.211310e-17   1.275010e-04   1.074874e-18   5040
  3.053213e-01   7.177278e-17   1.340439e-04   1.034963e-18   5124
  3.058494e-01   6.944473e-17   1.504823e-04   9.610277e-19   5952
  3.063369e-01   7.098877e-17   1.318531e-04   1.041692e-18   4824
  3.067788e-01   6.809864e-17   1.330892e-04   1.053236e-18   4536
  3.072903e-01   6.818213e-17   1.414616e-04   9.288595e-19   5712
  3.078157e-01   7.043134e-17   1.547976e-04   1.005002e-18   5352
  3.083112e-01   6.903225e-17   1.348344e-04   9.962019e-19   5004
  3.087539e-01   6.781561e-17   1.348711e-04   1.004011e-18   4800
  3.092296e-01   6.693872e-17   1.449374e-04   9.626553e-19   5148
  3.097567e-01   6.726485e-17   1.505363e-04   9.318679e-19   5664
  3.102329e-01   6.414414e-17   1.352034e-04   9.801241e-19   4692
  3.106729e-01   6.593651e-17   1.256056e-04   1.062514e-18   4008
  3.111861e-01   6.545236e-17   1.439712e-04   8.840562e-19   5852
  3.117078e-01   6.353835e-17   1.363273e-04   8.955272e-19   5784
  3.121712e-01   6.565750e-17   1.256700e-04   1.053117e-18   4392
  3.126481e-01   6.555367e-17   1.232703e-04   9.985665e-19   4944
  3.131489e-01   6.224554e-17   1.453336e-04   9.286410e-19   4776
  3.136211e-01   6.096635e-17   1.398188e-04   8.787319e-19   5244
  3.141336e-01   6.149975e-17   1.395722e-04   8.724551e-19   4884
  3.145636e-01   6.093758e-17   1.183681e-04   9.391665e-19   4488
  3.150636e-01   6.229036e-17   1.406525e-04   9.225761e-19   5160
  3.155671e-01   6.321103e-17   1.432039e-04   8.990476e-19   5316
  3.160521e-01   6.039461e-17   1.447892e-04   9.383793e-19   4896
  3.165249e-01   6.313582e-17   1.345344e-04   1.066611e-18   4188
  3.170014e-01   5.734481e-17   1.467406e-04   8.574648e-19   4836
  3.174880e-01   6.056709e-17   1.455680e-04   8.541541e-19   5316
  3.179808e-01   5.939099e-17   1.347408e-04   8.678616e-19   4920
  3.184417e-01   6.283334e-17   1.357413e-04   1.044158e-18   4128
  3.189362e-01   5.893805e-17   1.460260e-04   8.738796e-19   5348
  3.194229e-01   5.885617e-17   1.267067e-04   8.952829e-19   4836
  3.198876e-01   5.778480e-17   1.365306e-04   9.695281e-19   4392
  3.203882e-01   5.811042e-17   1.199532e-04   9.251775e-19   4632
  3.208388e-01   5.824112e-17   1.340287e-04   9.256277e-19   4596
  3.213563e-01   5.714048e-17   1.347844e-04   8.446534e-19   5424
  3.218683e-01   5.380582e-17   1.387362e-04   7.859790e-19   5256
  3.223958e-01   5.569732e-17   1.409032e-04   8.860748e-19   4524
  3.228350e-01   5.661348e-17   1.340268e-04   9.478111e-19   4440
  3.233270e-01   5.527121e-17   1.146101e-04   8.633893e-19   4380
  3.238085e-01   5.471215e-17   1.499870e-04   8.627066e-19   4812
  3.243210e-01   5.544557e-17   1.489725e-04   8.290997e-19   5376
  3.247896e-01   5.212369e-17   1.189892e-04   8.966135e-19   3888
  3.252385e-01   5.548944e-17   1.362564e-04   8.476807e-19   4896
  3.257395e-01   5.393696e-17   1.437728e-04   8.577211e-19   4608
  3.262654e-01   5.540874e-17   1.357127e-04   8.833009e-19   4448
  3.267232e-01   4.980071e-17   1.400926e-04   7.879036e-19   4752
  3.272056e-01   5.382183e-17   1.467382e-04   9.139947e-19   4356
  3.277129e-01   5.308787e-17   1.412082e-04   8.295480e-19   5232
  3.282173e-01   4.988348e-17   1.423025e-04   8.184112e-19   4548
  3.287063e-01   5.088400e-17   1.383360e-04   7.995728e-19   4608
  3.291837e-01   5.151649e-17   1.256671e-04   9.273655e-19   3936
  3.296343e-01   5.070783e-17   1.502088e-04   8.786968e-19   4260
  3.301407e-01   4.971339e-17   1.346643e-04   7.824985e-19   5004
  3.306038e-01   5.201726e-17   1.330711e-04   9.090353e-19   4224
  3.311115e-01   5.023760e-17   1.437697e-04   8.285330e-19   4788
  3.316047e-01   5.110685e-17   1.511985e-04   8.761450e-19   4428
  3.320852e-01   4.801134e-17   1.263467e-04   8.545825e-19   4080
  3.325477e-01   5.068729e-17   1.381486e-04   7.880983e-19   4632
  3.330347e-01   4.733385e-17   1.436640e-04   8.537026e-19   4056
  3.335467e-01   4.788064e-17   1.352621e-04   8.094529e-19   4536
  3.340144e-01   4.982642e-17   1.379585e-04   8.263575e-19   4668
  3.345266e-01   4.543850e-17   1.478669e-04   7.747080e-19   4604
  3.350255e-01   4.705059e-17   1.328598e-04   8.082908e-19   4152
  3.354859e-01   4.710193e-17   1.287622e-04   8.204445e-19   4224
  3.359739e-01   4.539560e-17   1.237953e-04   8.064899e-19   4152
  3.364615e-01   4.931364e-17   1.404246e-04   8.559594e-19   4224
  3.369356e-01   4.718900e-17   1.298644e-04   8.498579e-19   3960
  3.373922e-01   4.538917e-17   1.340119e-04   7.512133e-19   4656
  3.378910e-01   4.433888e-17   1.445961e-04   7.540550e-19   4452
  3.384025e-01   4.334517e-17   1.470057e-04   7.872212e-19   4056
  3.388784e-01   4.428330e-17   1.456648e-04   7.732872e-19   4212
  3.393606e-01   4.682350e-17   1.210536e-04   9.212491e-19   3432
  3.398492e-01   4.452174e-17   1.548628e-04   7.079602e-19   5352
  3.403267e-01   4.484862e-17   1.134185e-04   8.691161e-19   3600
  3.408466e-01   4.294228e-17   1.251027e-04   7.413069e-19   4584
  3.413005e-01   4.463724e-17   1.247343e-04   8.365778e-19   3768
  3.417680e-01   4.292497e-17   1.331557e-04   8.291025e-19   3848
  3.422347e-01   4.263461e-17   1.220886e-04   8.433442e-19   3720
  3.427639e-01   4.050912e-17   1.532392e-04   6.729551e-19   4764
  3.432311e-01   4.348045e-17   1.234001e-04   7.864171e-19   3864
  3.437109e-01   4.405767e-17   1.528459e-04   7.748247e-19   4332
  3.442342e-01   4.204495e-17   1.304937e-04   7.852015e-19   3792
  3.447018e-01   3.897128e-17   1.480185e-04   6.846453e-19   4284
  3.451974e-01   3.924054e-17   1.401572e-04   7.967014e-19   3840
  3.456664e-01   3.751048e-17   1.334113e-04   7.681690e-19   3480
  3.461427e-01   3.908258e-17   1.488614e-04   6.722045e-19   4380
  3.466576e-01   3.990514e-17   1.398292e-04   7.265020e-19   4200
  3.471635e-01   4.170485e-17   1.344014e-04   7.427442e-19   4056
  3.476333e-01   3.854911e-17   1.350788e-04   7.790370e-19   3600
  3.480735e-01   3.924666e-17   1.345848e-04   7.794352e-19   3492
  3.485878e-01   3.733366e-17   1.571647e-04   6.799759e-19   4500
  3.491126e-01   4.068036e-17   1.376975e-04   7.974190e-19   3516
  3.495636e-01   4.123333e-17   1.439500e-04   8.099827e-19   3968
  3.500690e-01   3.816936e-17   1.383484e-04   7.609549e-19   3648
  3.505165e-01   3.787987e-17   1.322992e-04   7.523278e-19   4224
  3.510237e-01   3.512632e-17   1.484940e-04   7.174651e-19   3588
  3.514997e-01   3.719932e-17   1.369683e-04   7.562509e-19   3456
  3.519786e-01   3.459655e-17   1.216448e-04   6.912779e-19   3660
  3.524735e-01   3.673202e-17   1.335194e-04   7.308661e-19   3768
  3.529347e-01   3.739401e-17   1.350276e-04   7.335938e-19   3744
  3.534301e-01   3.550787e-17   1.482149e-04   6.671782e-19   4176
  3.539572e-01   3.807493e-17   1.367120e-04   7.718503e-19   3612
  3.543928e-01   3.616221e-17   1.485682e-04   7.781604e-19   3216
  3.548913e-01   3.488548e-17   1.436402e-04   7.391483e-19   3624
  3.553925e-01   3.479784e-17   1.350690e-04   6.888908e-19   3744
  3.558768e-01   3.636672e-17   1.441176e-04   7.504870e-19   3672
  3.563547e-01   3.540691e-17   1.306896e-04   7.141324e-19   3852
  3.568482e-01   3.588832e-17   1.345097e-04   7.029398e-19   3672
  3.573731e-01   3.552363e-17   1.310574e-04   8.596377e-19   3248
  3.578115e-01   3.141130e-17   1.341465e-04   6.881576e-19   3336
  3.582900e-01   3.121075e-17   1.365492e-04   6.452866e-19   3576
  3.587793e-01   3.378165e-17   1.159180e-04   7.042934e-19   3336
  3.592778e-01   3.387663e-17   1.376902e-04   6.726468e-19   3936
  3.597697e-01   3.466972e-17   1.466440e-04   7.239174e-19   3408
  3.602575e-01   3.449653e-17   1.291957e-04   7.752801e-19   3336
  3.607316e-01   2.714540e-17   1.451163e-04   6.144265e-19   3312
  3.612054e-01   3.162775e-17   1.469319e-04   7.088527e-19   3432
  3.617101e-01   3.329133e-17   1.273841e-04   7.598856e-19   3144
  3.621706e-01   3.173725e-17   1.382881e-04   6.933566e-19   3456
  3.626887e-01   3.138401e-17   1.329107e-04   6.306722e-19   3792
  3.631568e-01   3.298189e-17   1.305556e-04   7.939806e-19   2868
  3.636625e-01   2.929414e-17   1.352551e-04   5.684882e-19   3888
  3.641351e-01   2.799545e-17   1.174435e-04   6.680480e-19   2784
  3.646004e-01   3.000146e-17   1.341238e-04   7.882426e-19   2964
  3.651086e-01   3.050515e-17   1.381212e-04   6.737919e-19   3432
  3.655924e-01   2.986369e-17   1.429694e-04   6.574992e-19   3416
  3.660820e-01   2.993173e-17   1.528218e-04   6.633504e-19   3528
  3.665830e-01   3.204929e-17   1.226504e-04   7.741754e-19   2904
  3.670262e-01   2.768301e-17   1.375270e-04   6.547503e-19   3072
  3.675416e-01   2.754278e-17   1.544586e-04   6.275786e-19   3216
  3.680569e-01   2.730793e-17   1.250951e-04   6.918670e-19   2844
  3.685093e-01   2.757594e-17   1.431483e-04   6.397707e-19   3432
  3.689737e-01   3.089402e-17   1.150574e-04   7.802999e-19   2880
  3.694925e-01   2.793963e-17   1.524100e-04   6.534148e-19   3576
  3.699812e-01   2.981328e-17   1.362332e-04   7.917406e-19   2700
  3.704492e-01   2.649867e-17   1.530237e-04   6.247528e-19   3000
  3.709392e-01   2.493231e-17   1.270553e-04   6.450821e-19   2556
  3.714151e-01   2.787192e-17   1.361780e-04   6.481565e-19   3360
  3.719070e-01   2.761678e-17   1.323185e-04   6.383132e-19   3120
  3.724371e-01   2.774818e-17   1.557809e-04   6.967918e-19   3216
  3.728935e-01   2.958652e-17   1.098680e-04   7.706942e-19   2628
  3.734065e-01   2.572720e-17   1.452297e-04   6.555266e-19   3200
  3.738745e-01   2.392921e-17   1.370102e-04   6.568629e-19   2232
  3.743471e-01   2.371248e-17   1.563929e-04   6.323758e-19   3108
  3.748177e-01   2.961589e-17   1.373821e-04   8.380937e-19   2604
  3.752991e-01   2.782362e-17   1.479994e-04   6.856587e-19   3096
  3.758288e-01   2.575702e-17   1.348469e-04   6.311768e-19   3084
  3.762884e-01   2.415509e-17   1.376092e-04   6.389800e-19   2664
  3.767621e-01   2.549947e-17   1.213497e-04   7.521190e-19   2232
  3.772262e-01   2.105444e-17   1.494845e-04   5.523507e-19   2808
  3.777344e-01   2.556001e-17   1.412112e-04   7.371363e-19   2592
  3.782089e-01   2.822757e-17   1.449703e-04   7.534912e-19   2952
  3.787074e-01   2.380388e-17   1.368697e-04   6.579133e-19   2772
  3.791921e-01   2.387790e-17   1.471948e-04   6.192147e-19   3036
  3.796993e-01   2.257667e-17   1.427797e-04   7.100163e-19   2136
  3.801616e-01   2.108603e-17   1.138671e-04   6.363169e-19   2496
  3.806364e-01   2.566432e-17   1.516625e-04   7.805537e-19   2228
  3.811316e-01   2.665672e-17   1.413981e-04   7.548306e-19   3048
  3.816243e-01   2.392440e-17   1.350676e-04   7.103614e-19   2676
  3.821140e-01   2.148995e-17   1.345571e-04   5.766587e-19   2784
  3.825820e-01   2.213837e-17   1.307225e-04   6.925243e-19   1920
  3.830514e-01   2.016874e-17   1.395126e-04   5.761016e-19   2400
  3.835600e-01   1.960807e-17   1.279618e-04   5.573128e-19   2532
  3.840860e-01   2.325061e-17   1.421350e-04   7.003761e-19   2544
  3.845592e-01   2.569819e-17   1.486925e-04   7.373702e-19   2772
  3.850254e-01   2.056007e-17   1.392746e-04   7.201133e-19   2160
  3.854884e-01   2.227499e-17   1.500120e-04   6.893809e-19   2304
  3.860241e-01   2.011343e-17   1.467945e-04   6.598233e-19   2328
  3.865043e-01   1.722112e-17   1.407449e-04   5.438111e-19   2304
  3.869492e-01   1.779242e-17   1.330938e-04   5.937418e-19   1908
  3.874552e-01   2.494561e-17   1.488569e-04   8.143032e-19   2736
  3.879425e-01   2.247033e-17   1.410418e-04   7.337514e-19   2448
  3.884609e-01   2.261577e-17   1.318665e-04   7.243394e-19   2040
  3.889299e-01   1.610356e-17   1.372999e-04   6.029757e-19   2120
  3.893809e-01   2.019343e-17   1.138355e-04   6.553107e-19   2040
  3.898664e-01   1.655031e-17   1.412334e-04   6.318895e-19   2208
  3.904158e-01   2.285564e-17   1.268062e-04   7.873829e-19   2208
  3.908608e-01   2.625983e-17   1.405255e-04   8.639194e-19   2196
  3.913207e-01   1.530655e-17   1.236152e-04   5.325787e-19   1848
  3.917886e-01   1.936798e-17   1.401960e-04   7.039993e-19   2124
  3.923120e-01   1.750263e-17   1.470626e-04   5.812427e-19   2328
  3.928231e-01   1.709180e-17   1.497225e-04   6.415969e-19   1920
  3.933200e-01   1.610462e-17   1.374435e-04   6.254766e-19   1548
  3.937619e-01   2.229192e-17   1.507712e-04   7.315569e-19   2388
  3.942832e-01   1.654805e-17   1.395210e-04   6.534393e-19   2160
  3.947606e-01   1.723253e-17   1.269906e-04   7.098379e-19   1704
  3.952179e-01   1.606349e-17   1.430661e-04   6.720320e-19   1776
  3.956506e-01   1.572642e-17   1.338203e-04   6.115906e-19   1800
  3.961977e-01   1.386950e-17   1.544832e-04   5.428580e-19   1700
  3.967087e-01   2.047461e-17   1.390936e-04   7.825552e-19   2292
  3.971846e-01   1.714557e-17   1.291201e-04   7.352409e-19   1704
  3.976337e-01   1.684331e-17   1.443780e-04   7.022106e-19   1728
  3.981255e-01   1.412976e-17   1.336251e-04   6.157564e-19   1728
  3.986075e-01   1.793682e-17   1.334994e-04   7.434936e-19   1680
  3.991202e-01   1.132556e-17   1.537953e-04   4.832580e-19   1704
  3.996310e-01   1.260881e-17   1.207753e-04   4.677729e-19   1752
  4.000877e-01   1.775378e-17   1.435789e-04   7.852594e-19   1872
  4.005817e-01   1.594567e-17   1.407232e-04   7.601714e-19   1500
  4.010829e-01   1.386121e-17   1.232237e-04   6.200072e-19   1656
  4.015697e-01   1.506162e-17   1.321192e-04   6.087698e-19   1464
  4.020023e-01   1.037182e-17   1.157232e-04   5.572952e-19   1488
  4.025329e-01   1.193062e-17   1.396693e-04   4.748162e-19   1680
  4.030178e-01   1.396089e-17   1.459194e-04   6.316174e-19   1692
  4.034716e-01   1.316768e-17   1.397252e-04   6.910607e-19   1128
  4.039751e-01   1.323390e-17   1.345433e-04   6.222245e-19   1536
  4.044663e-01   1.049636e-17   1.402479e-04   5.694807e-19   1616
  4.049637e-01   1.053926e-17   1.352429e-04   5.218643e-19   1476
  4.054650e-01   1.010323e-17   1.488381e-04   6.161126e-19   1176
  4.059124e-01   1.077730e-17   1.599107e-04   4.506432e-19   1656
  4.063997e-01   1.213433e-17   1.404668e-04   8.750544e-19   891
  4.069020e-01   9.482874e-18   1.497388e-04   3.949039e-19   1596
  4.073915e-01   8.783403e-18   1.305762e-04   4.742018e-19   1422
  4.078742e-01   9.107562e-18   1.252138e-04   4.397404e-19   1254
  4.083284e-01   6.970432e-18   1.279202e-04   3.381702e-19   918
  4.088148e-01   9.410962e-18   1.400009e-04   3.711598e-19   1614
  4.093049e-01   7.300188e-18   1.209347e-04   4.573803e-19   798
  4.097922e-01   6.889365e-18   1.550239e-04   3.226430e-19   1458
  4.102863e-01   7.710558e-18   1.419502e-04   3.222934e-19   1374
  4.107747e-01   6.076821e-18   1.212349e-04   3.526722e-19   984
  4.112591e-01   7.014395e-18   1.668024e-04   3.234627e-19   1062
  4.117525e-01   8.254378e-18   1.413965e-04   3.851962e-19   1246
  4.122317e-01   5.031892e-18   1.311095e-04   2.776706e-19   1072
  4.127436e-01   5.378337e-18   1.419832e-04   3.175926e-19   1110
  4.132166e-01   7.177996e-18   1.538182e-04   3.218440e-19   1254
  4.137139e-01   5.840362e-18   1.459816e-04   3.361164e-19   1032
  4.142557e-01   6.497353e-18   1.352509e-04   4.460968e-19   786
  4.146677e-01   6.355945e-18   1.386613e-04   2.765224e-19   1152
  4.151502e-01   5.107909e-18   1.511270e-04   2.660018e-19   1086
  4.156529e-01   3.451423e-18   1.363503e-04   1.351064e-19   912
  4.161175e-01   8.017081e-18   1.366785e-04   3.747763e-19   1062
  4.165917e-01   4.366825e-18   1.362355e-04   1.789912e-19   912
  4.171397e-01   3.679754e-18   1.520835e-04   2.098549e-19   750
  4.175668e-01   5.945632e-18   1.465336e-04   2.658836e-19   1200
  4.180611e-01   4.408478e-18   1.326977e-04   2.594876e-19   918
  4.185524e-01   3.682352e-18   1.377357e-04   1.922709e-19   876
  4.190517e-01   5.846463e-18   1.203534e-04   2.715915e-19   870
  4.194890e-01   4.565169e-18   1.403731e-04   2.236085e-19   768
  4.200015e-01   2.846570e-18   1.286594e-04   1.427153e-19   830
  4.204761e-01   4.419570e-18   1.332096e-04   2.119542e-19   1080
  4.209676e-01   3.952780e-18   1.498783e-04   1.946534e-19   840
  4.214632e-01   3.022241e-18   1.443163e-04   1.419461e-19   798
  4.220251e-01   5.485229e-18   1.145461e-04   3.012094e-19   792
  4.224609e-01   3.306883e-18   1.335978e-04   1.767910e-19   726
  4.229181e-01   2.427814e-18   1.497038e-04   8.405477e-20   864
  4.234189e-01   3.595049e-18   1.281430e-04   2.069124e-19   900
  4.239267e-01   2.678604e-18   1.424135e-04   1.118566e-19   726
  4.243623e-01   2.794111e-18   1.232527e-04   1.275632e-19   576
  4.249434e-01   3.407275e-18   1.282664e-04   1.780449e-19   840
  4.253523e-01   2.780635e-18   1.331485e-04   1.558249e-19   750
  4.258366e-01   2.444837e-18   1.335529e-04   1.153620e-19   720
  4.262936e-01   3.298137e-18   1.351090e-04   1.881892e-19   702
  4.268271e-01   2.785943e-18   1.475571e-04   1.334158e-19   696
  4.272662e-01   2.828380e-18   1.319621e-04   1.679541e-19   480
  4.277837e-01   2.773466e-18   1.250396e-04   1.551949e-19   830
  4.282419e-01   2.587151e-18   1.454616e-04   1.245904e-19   756
  4.287552e-01   2.524270e-18   1.396687e-04   1.283857e-19   624
  4.292083e-01   2.304745e-18   1.475796e-04   1.364531e-19   582
  4.297440e-01   2.832783e-18   1.132706e-04   1.703570e-19   576
  4.302073e-01   2.092127e-18   1.517064e-04   1.057463e-19   624
  4.306823e-01   2.391441e-18   1.238986e-04   1.243333e-19   702
  4.311525e-01   2.173590e-18   1.425165e-04   1.125138e-19   624
  4.317110e-01   2.352428e-18   1.378751e-04   1.128676e-19   672
  4.321659e-01   1.613309e-18   1.032125e-04   9.835087e-20   342
  4.326655e-01   2.212428e-18   1.290292e-04   1.331374e-19   660
  4.331249e-01   1.663628e-18   1.326364e-04   1.120956e-19   576
  4.335992e-01   1.818422e-18   1.289493e-04   1.096117e-19   600
  4.340787e-01   1.636485e-18   1.491476e-04   1.051091e-19   510
  4.346181e-01   2.017368e-18   1.397290e-04   1.022939e-19   600
  4.350341e-01   1.419048e-18   1.112888e-04   9.691399e-20   216
  4.355185e-01   1.598432e-18   1.354577e-04   7.819820e-20   758
  4.360833e-01   1.387316e-18   1.482975e-04   8.639120e-20   576
  4.365782e-01   1.756175e-18   1.259005e-04   9.066736e-20   528
  4.370248e-01   1.504679e-18   8.670054e-05   1.149374e-19   318
  4.375047e-01   1.862169e-18   1.497759e-04   9.504610e-20   540
  4.380721e-01   7.788334e-19   1.058893e-04   4.686594e-20   384
  4.384565e-01   1.523584e-18   1.463022e-04   8.804618e-20   576
  4.389570e-01   1.087802e-18   1.195560e-04   6.343496e-20   414
  4.394302e-01   1.590828e-18   1.335050e-04   9.485774e-20   504
  4.399357e-01   1.440519e-18   1.465573e-04   7.801960e-20   312
  4.404212e-01   1.399091e-18   1.327827e-04   1.005797e-19   414
  4.409029e-01   9.155679e-19   1.226699e-04   5.187320e-20   432
  4.413512e-01   1.143586e-18   1.624587e-04   6.673007e-20   504
  4.418701e-01   1.258595e-18   1.564660e-04   7.516287e-20   432
  4.423558e-01   1.121554e-18   1.281691e-04   6.223380e-20   354
  4.428506e-01   1.300141e-18   1.865017e-04   1.027075e-19   200
  4.432750e-01   9.157491e-19   1.323290e-04   5.565223e-20   480
  4.438485e-01   9.295121e-19   1.512148e-04   5.100060e-20   552
  4.443745e-01   9.523195e-19   9.419478e-05   7.027222e-20   366
  4.447799e-01   1.175347e-18   1.002751e-04   1.201808e-19   240
  4.452261e-01   1.169037e-18   1.401886e-04   6.640820e-20   288
  4.458541e-01   8.805052e-19   9.634579e-05   5.826819e-20   366
  4.462600e-01   6.606143e-19   1.562070e-04   3.887356e-20   408
  4.467132e-01   7.926297e-19   1.174273e-04   5.866280e-20   360
  4.471820e-01   8.775530e-19   1.094619e-04   5.358880e-20   324
  4.476367e-01   8.867976e-19   1.292780e-04   6.944970e-20   174
  4.481783e-01   8.072483e-19   1.485222e-04   5.988692e-20   264
  4.486867e-01   6.738143e-19   1.354596e-04   4.406158e-20   456
  4.491937e-01   6.890571e-19   1.362099e-04   4.366013e-20   360
  4.496105e-01   6.445509e-19   1.500483e-04   5.246654e-20   270
  4.501209e-01   8.565866e-19   1.641082e-04   6.597163e-20   240
  4.507604e-01   1.091015e-18   1.195905e-04   8.739037e-20   120
  4.510747e-01   3.240760e-19   1.248485e-04   2.094131e-20   320
  4.515822e-01   5.939982e-19   1.544785e-04   3.033272e-20   462
  4.521137e-01   6.180807e-19   8.987666e-05   3.977907e-20   276
  4.525754e-01   6.704461e-19   1.019637e-04   5.765578e-20   144
  4.530202e-01   9.211992e-19   1.070818e-04   9.554447e-20   120
  4.536115e-01   3.830447e-19   8.108908e-05   2.206341e-20   294
  4.540583e-01   4.934831e-19   1.438563e-04   3.191581e-20   384
  4.544753e-01   4.264212e-19   9.523196e-05   2.778970e-20   216
  4.548743e-01   7.218502e-19   8.843896e-05   5.990802e-20   168
  4.553251e-01   5.850994e-19   1.052282e-04   5.853815e-20   102
  4.559768e-01   4.476828e-19   1.596520e-04   3.719675e-20   168
  4.564337e-01   4.067210e-19   1.397340e-04   2.424773e-20   384
  4.569346e-01   4.677491e-19   1.419732e-04   3.890953e-20   300
  4.574008e-01   4.860665e-19   1.520225e-04   3.306052e-20   144
  4.579263e-01   5.375445e-19   1.556925e-04   5.337269e-20   102
  4.585568e-01   6.112614e-19   3.685588e-05   6.918075e-20   56
  4.588590e-01   2.505503e-19   1.199932e-04   1.653270e-20   288
  4.593328e-01   3.133387e-19   1.561557e-04   1.460169e-20   360
  4.598487e-01   3.361027e-19   8.376686e-05   2.550523e-20   126
  4.602834e-01   3.460753e-19   4.125612e-05   3.997440e-20   72
  4.607572e-01   5.636619e-19   2.185755e-05   7.067575e-20   48
  4.613754e-01   2.130063e-19   8.842417e-05   1.580400e-20   240
  4.617816e-01   3.105610e-19   1.311982e-04   1.750768e-20   306
  4.621975e-01   3.416967e-19   7.291699e-05   3.044790e-20   120
  4.626766e-01   4.548168e-19   1.794585e-04   5.057116e-20   96
  4.630248e-01   5.500123e-19   0.000000e+00   7.119775e-20   24
  4.638071e-01   1.812209e-19   1.554065e-04   1.895811e-20   120
  4.641905e-01   2.085886e-19   1.343981e-04   1.235493e-20   318
  4.646594e-01   3.009840e-19   1.436227e-04   1.884669e-20   168
  4.651731e-01   3.990018e-19   1.541232e-04   3.745242e-20   72
  4.657357e-01   3.092191e-19   0.000000e+00   4.616196e-20   24
  4.663408e-01   2.956674e-19   7.481195e-05   7.183078e-20   14
  4.666286e-01   1.386791e-19   1.179951e-04   8.199313e-21   288
  4.670757e-01   1.939947e-19   1.419546e-04   1.528576e-20   204
  4.675916e-01   3.286325e-19   2.153808e-05   4.442806e-20   48
  4.680007e-01   6.310022e-19   0.000000e+00   1.270569e-19   24
  4.684739e-01   2.878257e-19   0.000000e+00   7.536973e-20   6
  4.691541e-01   1.193947e-19   8.821950e-05   8.722815e-21   216
  4.695046e-01   1.985843e-19   1.174842e-04   1.422678e-20   192
  4.699334e-01   1.478086e-19   2.143075e-05   2.772931e-20   48
  4.703832e-01   3.631398e-19   1.712353e-04   4.618508e-20   30
  4.716555e-01   1.175012e-19   3.540978e-05   1.115111e-20   96
  4.719167e-01   1.105210e-19   1.160286e-04   6.819705e-21   228
  4.724128e-01   2.232540e-19   1.517284e-04   2.793464e-20   72
  4.730094e-01   3.163529e-19   0.000000e+00   1.293479e-19   6
  4.743680e-01   1.100521e-19   1.145631e-04   6.780159e-21   248
  4.748016e-01   1.351868e-19   1.311235e-04   1.402211e-20   72
  4.753245e-01   1.419957e-19   7.266090e-09   4.649961e-20   6
  4.769053e-01   8.075326e-20   8.141014e-05   5.417551e-21   180
  4.772205e-01   1.265210e-19   1.107713e-04   1.220039e-20   72
  4.776705e-01   1.109532e-19   0.000000e+00   3.538140e-20   6
  4.794278e-01   6.031505e-20   3.483570e-05   6.068071e-21   96
  4.796378e-01   7.737403e-20   9.563861e-05   7.335542e-21   96
  4.800471e-01   2.991838e-19   0.000000e+00   3.827881e-20   6
  4.820778e-01   5.955413e-20   9.153355e-05   4.847891e-21   140
  4.824537e-01   4.098390e-20   0.000000e+00   1.195094e-20   6
  4.846301e-01   4.949717e-20   6.146888e-05   5.211252e-21   96
  4.848898e-01   5.321590e-20   0.000000e+00   1.024298e-20   6
  4.871898e-01   5.196937e-20   3.697860e-05   6.047523e-21   60
  4.873552e-01   6.309330e-20   0.000000e+00   1.739753e-20   6
  4.897713e-01   2.302109e-20   3.748867e-05   3.178470e-21   38
  4.923442e-01   2.399363e-20   1.928513e-05   5.536607e-21   18
  4.949217e-01   4.501002e-21   7.266090e-09   1.642249e-21   6
