# power spectrum of pi_k * H (dimensionless)
# redshift z=88.687977
# k              Pk             sigma(k)       sigma(Pk)      count
  4.487990e-03   5.214543e-12   0.000000e+00   2.101934e-12   6
  6.346976e-03   3.081467e-12   0.000000e+00   6.151115e-13   12
  7.773426e-03   2.328213e-12   8.514949e-11   4.738817e-13   8
  8.975979e-03   7.789457e-12   0.000000e+00   8.381535e-13   6
  1.003545e-02   5.443578e-12   1.605594e-10   1.735349e-12   24
  1.099328e-02   7.808122e-12   1.605594e-10   1.315550e-12   24
  1.269395e-02   3.493734e-12   0.000000e+00   1.572508e-12   12
  1.346397e-02   4.059174e-12   1.816523e-10   7.473861e-13   30
  1.419227e-02   5.083677e-12   0.000000e+00   1.120303e-12   24
  1.488498e-02   4.636101e-12   2.780971e-10   1.149260e-12   24
  1.554685e-02   5.404388e-12   1.702990e-10   1.095389e-12   8
  1.618168e-02   4.577302e-12   2.270653e-10   5.687261e-13   24
  1.679252e-02   4.300995e-12   0.000000e+00   6.044326e-13   48
  1.795196e-02   5.088387e-12   0.000000e+00   2.237283e-12   6
  1.850445e-02   4.060216e-12   2.270653e-10   5.699567e-13   48
  1.904093e-02   3.760890e-12   2.140792e-10   3.913328e-13   36
  1.956269e-02   5.392021e-12   2.270653e-10   1.127612e-12   24
  2.007090e-02   3.162749e-12   3.211188e-10   5.443710e-13   24
  2.056655e-02   2.825221e-12   0.000000e+00   3.841313e-13   48
  2.105054e-02   4.365980e-12   3.211188e-10   6.214902e-13   24
  2.198657e-02   3.464804e-12   3.211188e-10   5.449223e-13   24
  2.243995e-02   2.361972e-12   0.000000e+00   3.865872e-13   30
  2.288435e-02   2.517444e-12   0.000000e+00   2.778224e-13   72
  2.332028e-02   2.453681e-12   3.405980e-10   4.998770e-13   32
  2.416856e-02   3.249765e-12   0.000000e+00   3.766590e-13   72
  2.458173e-02   1.978508e-12   0.000000e+00   2.892780e-13   48
  2.538790e-02   1.044478e-12   0.000000e+00   3.106876e-13   12
  2.597539e-02   1.937959e-12   1.938570e-04   1.793738e-13   96
  2.655130e-02   2.404311e-12   3.211188e-10   3.033732e-13   48
  2.692794e-02   2.880638e-12   3.633045e-10   5.048081e-13   30
  2.757421e-02   2.605067e-12   1.586779e-04   2.447854e-13   96
  2.838454e-02   1.541748e-12   0.000000e+00   2.926712e-13   24
  2.885327e-02   2.163143e-12   1.642099e-04   1.752726e-13   144
  2.942972e-02   1.496866e-12   5.561942e-10   3.675926e-13   24
  3.002225e-02   2.206733e-12   1.456630e-04   2.515858e-13   96
  3.043903e-02   1.926079e-12   0.000000e+00   2.964709e-13   48
  3.137435e-02   2.329916e-12   1.080207e-04   2.630231e-13   62
  3.184971e-02   1.685286e-12   1.519035e-04   2.034728e-13   132
  3.236335e-02   1.102621e-12   4.541306e-10   1.966165e-13   24
  3.284837e-02   1.718361e-12   1.518246e-04   1.457399e-13   168
  3.373431e-02   1.982457e-12   1.492698e-04   1.656706e-13   96
  3.439955e-02   1.326959e-12   1.270423e-04   1.252948e-13   96
  3.521583e-02   1.374165e-12   1.416056e-04   1.132803e-13   168
  3.590392e-02   1.859943e-12   0.000000e+00   8.173521e-13   6
  3.618333e-02   1.508470e-12   0.000000e+00   1.463608e-13   96
  3.651563e-02   1.436300e-12   1.100713e-04   1.415505e-13   120
  3.718966e-02   1.136631e-12   1.278125e-04   8.979307e-14   144
  3.754921e-02   1.308731e-12   0.000000e+00   1.763791e-13   48
  3.823245e-02   1.150095e-12   1.304211e-04   1.239103e-13   84
  3.860715e-02   1.262952e-12   8.899106e-10   1.132765e-13   120
  3.894461e-02   9.727771e-13   1.183479e-04   1.116509e-13   80
  3.946692e-02   9.169135e-13   1.201620e-04   6.725369e-14   144
  4.014180e-02   1.143526e-12   6.422377e-10   2.120990e-13   24
  4.047145e-02   1.247332e-12   1.159510e-04   1.040919e-13   150
  4.098576e-02   1.114234e-12   1.203057e-04   8.133309e-14   120
  4.155056e-02   1.001814e-12   1.096333e-04   8.470263e-14   168
  4.210107e-02   1.478790e-12   6.422377e-10   2.473301e-13   24
  4.244743e-02   8.666072e-13   1.181082e-04   5.497925e-14   264
  4.281269e-02   6.855808e-13   6.422377e-10   9.609475e-14   48
  4.343532e-02   8.843865e-13   1.093985e-04   7.289844e-14   144
  4.412543e-02   1.071676e-12   1.076845e-04   1.310638e-13   72
  4.451927e-02   8.446725e-13   1.107671e-04   5.394109e-14   180
  4.506982e-02   8.842534e-13   8.025835e-05   6.593844e-14   198
  4.532647e-02   9.333713e-13   0.000000e+00   1.025065e-13   48
  4.589413e-02   7.465530e-13   1.086319e-04   5.620724e-14   168
  4.631540e-02   8.766430e-13   1.087222e-04   8.002009e-14   144
  4.695270e-02   8.157364e-13   1.527607e-04   4.266156e-14   248
  4.781330e-02   5.753866e-13   1.053161e-04   4.044614e-14   192
  4.839932e-02   7.468448e-13   1.626762e-04   4.903273e-14   240
  4.875204e-02   8.110031e-13   0.000000e+00   8.790374e-14   72
  4.929001e-02   8.353781e-13   9.927197e-05   7.290406e-14   126
  4.962939e-02   8.829498e-13   9.159181e-05   6.970022e-14   168
  5.027740e-02   8.219160e-13   1.001546e-04   4.586272e-14   288
  5.095853e-02   7.439367e-13   5.274950e-05   6.350142e-14   156
  5.131126e-02   6.341096e-13   8.873998e-05   5.521973e-14   168
  5.184617e-02   6.674275e-13   1.521290e-04   4.096474e-14   264
  5.233850e-02   6.210652e-13   0.000000e+00   7.634480e-14   48
  5.270435e-02   6.261704e-13   1.514052e-04   4.098400e-14   264
  5.322882e-02   6.364574e-13   8.924381e-05   5.284744e-14   144
  5.362492e-02   7.003627e-13   1.825884e-04   7.965661e-14   78
  5.420192e-02   5.691453e-13   1.186900e-04   3.143515e-14   336
  5.474604e-02   5.256014e-13   9.030373e-05   3.564801e-14   200
  5.510338e-02   5.107514e-13   1.768159e-04   3.885248e-14   192
  5.558581e-02   6.302776e-13   8.873069e-05   4.473497e-14   240
  5.602902e-02   6.684771e-13   1.778215e-04   4.618099e-14   168
  5.648434e-02   5.490654e-13   1.423690e-04   4.719984e-14   120
  5.703118e-02   6.039580e-13   1.112738e-04   3.212242e-14   324
  5.756179e-02   5.398756e-13   8.748012e-05   3.679374e-14   192
  5.792293e-02   6.022396e-13   1.568908e-04   4.354698e-14   168
  5.853721e-02   4.507169e-13   1.292197e-04   2.477376e-14   342
  5.909109e-02   6.152083e-13   1.040479e-04   3.157600e-14   336
  5.965251e-02   6.765380e-13   7.962394e-05   7.468627e-14   72
  6.003109e-02   5.392490e-13   1.273478e-04   3.588032e-14   288
  6.047058e-02   5.323125e-13   8.293768e-05   3.856530e-14   264
  6.108439e-02   4.702587e-13   1.090835e-04   2.545245e-14   384
  6.163419e-02   4.897932e-13   1.309286e-04   3.670593e-14   240
  6.186267e-02   5.122207e-13   0.000000e+00   6.255342e-14   48
  6.252352e-02   5.026254e-13   1.071736e-04   2.530963e-14   392
  6.302771e-02   4.610419e-13   1.176177e-04   2.619358e-14   294
  6.356985e-02   4.552116e-13   7.644534e-05   3.390396e-14   228
  6.392640e-02   5.365447e-13   1.160935e-04   3.502447e-14   216
  6.437004e-02   4.444570e-13   7.071608e-05   2.349920e-14   336
  6.491309e-02   4.691760e-13   8.402231e-05   2.675268e-14   360
  6.536140e-02   5.049560e-13   1.280140e-04   3.115731e-14   240
  6.582853e-02   4.619922e-13   1.514699e-04   3.244890e-14   168
  6.626426e-02   4.213734e-13   1.192252e-04   2.392921e-14   312
  6.678338e-02   4.188057e-13   7.461529e-05   2.126548e-14   336
  6.734419e-02   4.487397e-13   1.017891e-04   2.727836e-14   294
  6.776702e-02   5.022907e-13   1.356641e-04   3.091869e-14   288
  6.809058e-02   3.517596e-13   8.488954e-05   2.292462e-14   264
  6.866755e-02   4.059011e-13   1.458184e-04   2.048500e-14   480
  6.914996e-02   4.481559e-13   7.133389e-05   2.675009e-14   240
  6.974139e-02   4.386576e-13   7.213111e-05   2.561625e-14   276
  7.020800e-02   4.068787e-13   1.583420e-04   1.705954e-14   488
  7.076234e-02   4.590511e-13   6.973720e-05   4.046573e-14   240
  7.108411e-02   4.165130e-13   1.354117e-04   2.070487e-14   360
  7.153530e-02   3.494915e-13   4.817743e-05   2.585659e-14   198
  7.211554e-02   3.372024e-13   1.627935e-04   1.463784e-14   480
  7.254038e-02   3.364671e-13   6.008787e-05   2.031064e-14   288
  7.312796e-02   3.844649e-13   1.270121e-04   1.823971e-14   480
  7.365633e-02   3.885925e-13   7.825550e-05   1.654038e-14   480
  7.419894e-02   3.377097e-13   1.012105e-04   2.252017e-14   288
  7.453749e-02   3.799491e-13   1.079729e-04   2.164821e-14   288
  7.506996e-02   3.577527e-13   1.877112e-04   1.732473e-14   456
  7.560610e-02   3.955215e-13   1.767802e-04   1.955982e-14   360
  7.595177e-02   3.512678e-13   1.059672e-04   2.183115e-14   180
  7.645202e-02   2.955367e-13   1.154112e-04   1.258372e-14   486
  7.695907e-02   3.305703e-13   1.535340e-04   1.485207e-14   504
  7.747462e-02   3.502641e-13   1.192882e-04   1.655188e-14   456
  7.790209e-02   3.329924e-13   9.910745e-05   1.942973e-14   296
  7.846686e-02   3.140852e-13   9.779604e-05   1.376409e-14   528
  7.889160e-02   3.153011e-13   9.649931e-05   1.589842e-14   336
  7.951717e-02   3.125251e-13   1.070358e-04   1.293826e-14   600
  7.997507e-02   2.597495e-13   6.270729e-05   1.537431e-14   264
  8.043396e-02   3.033577e-13   6.781049e-05   1.485512e-14   360
  8.090234e-02   2.893529e-13   1.357633e-04   1.260156e-14   630
  8.141847e-02   3.329660e-13   7.007974e-05   1.577322e-14   432
  8.187631e-02   3.162685e-13   1.350259e-04   1.505639e-14   408
  8.243827e-02   2.858487e-13   8.962194e-05   1.542274e-14   324
  8.285635e-02   2.701737e-13   1.277222e-04   1.015182e-14   744
  8.336064e-02   2.575012e-13   1.021054e-04   1.434460e-14   336
  8.384245e-02   2.943095e-13   1.403689e-04   1.279338e-14   528
  8.437080e-02   2.471176e-13   7.162045e-05   1.328374e-14   408
  8.472109e-02   2.392177e-13   1.218981e-04   1.178945e-14   408
  8.529988e-02   2.445563e-13   1.006308e-04   1.105575e-14   470
  8.572148e-02   2.597210e-13   1.208902e-04   1.180698e-14   528
  8.631019e-02   2.206723e-13   1.007343e-04   8.212989e-15   624
  8.674381e-02   2.510319e-13   7.664930e-05   1.164928e-14   504
  8.719116e-02   2.159585e-13   1.067668e-04   9.264559e-15   552
  8.763489e-02   2.346144e-13   5.190111e-05   1.180181e-14   336
  8.819051e-02   2.496157e-13   1.104770e-04   1.097421e-14   528
  8.862093e-02   2.325134e-13   1.257802e-04   9.221742e-15   564
  8.912507e-02   2.173335e-13   1.157674e-04   1.043812e-14   528
  8.967166e-02   2.389527e-13   1.797324e-04   1.040394e-14   582
  9.016871e-02   2.187819e-13   1.383668e-04   8.720227e-15   624
  9.060342e-02   2.113441e-13   1.581799e-04   1.064701e-14   432
  9.112208e-02   2.180358e-13   1.759475e-04   7.413356e-15   816
  9.165576e-02   2.228466e-13   8.018898e-05   1.237656e-14   312
  9.200488e-02   1.937237e-13   1.299641e-04   8.566546e-15   552
  9.256787e-02   2.015145e-13   8.185444e-05   7.478461e-15   744
  9.297574e-02   2.175465e-13   7.646869e-05   1.183986e-14   408
  9.350218e-02   1.881318e-13   1.095830e-04   7.645019e-15   632
  9.404906e-02   2.153716e-13   1.860997e-04   7.984542e-15   750
  9.449396e-02   2.114484e-13   1.280227e-04   1.123406e-14   312
  9.498974e-02   1.945530e-13   1.890077e-04   6.681702e-15   876
  9.548011e-02   1.585345e-13   1.234108e-04   6.554118e-15   552
  9.603265e-02   1.897192e-13   1.020603e-04   7.440108e-15   696
  9.640905e-02   1.892756e-13   1.126552e-04   8.137940e-15   576
  9.692128e-02   1.686567e-13   1.192748e-04   7.801935e-15   576
  9.735848e-02   1.861888e-13   1.598285e-04   7.347815e-15   648
  9.788685e-02   1.834232e-13   1.599783e-04   6.740193e-15   672
  9.847019e-02   1.765926e-13   6.785687e-05   8.392168e-15   480
  9.884355e-02   1.634814e-13   1.050846e-04   5.855672e-15   726
  9.932431e-02   1.792021e-13   1.190745e-04   6.320564e-15   792
  9.984502e-02   1.639934e-13   1.651878e-04   5.999895e-15   768
  1.003938e-01   1.701695e-13   1.350017e-04   6.367702e-15   672
  1.008970e-01   1.639908e-13   9.055629e-05   6.368848e-15   608
  1.012613e-01   1.543584e-13   8.693679e-05   6.070095e-15   624
  1.017809e-01   1.532650e-13   1.129736e-04   5.546281e-15   684
  1.022864e-01   1.544753e-13   1.668752e-04   5.320954e-15   768
  1.027568e-01   1.598924e-13   1.334155e-04   5.470563e-15   744
  1.033173e-01   1.480896e-13   8.400635e-05   5.105261e-15   750
  1.037259e-01   1.387159e-13   1.248642e-04   6.070406e-15   600
  1.041677e-01   1.458399e-13   1.325833e-04   5.913039e-15   600
  1.047135e-01   1.483675e-13   1.527941e-04   4.567744e-15   1008
  1.051470e-01   1.487747e-13   8.474486e-05   5.614851e-15   696
  1.056273e-01   1.522410e-13   1.119517e-04   6.227600e-15   624
  1.061102e-01   1.456340e-13   1.742111e-04   5.398202e-15   840
  1.066588e-01   1.535854e-13   1.185366e-04   5.302989e-15   816
  1.071038e-01   1.363156e-13   7.873478e-05   4.656272e-15   744
  1.075531e-01   1.396039e-13   1.391901e-04   5.863384e-15   510
  1.080960e-01   1.418204e-13   1.336339e-04   4.527795e-15   1020
  1.086012e-01   1.390490e-13   1.078294e-04   4.441003e-15   912
  1.090992e-01   1.422575e-13   1.597552e-04   5.061689e-15   752
  1.095110e-01   1.377124e-13   1.325595e-04   5.311384e-15   888
  1.100730e-01   1.305973e-13   8.554013e-05   4.584729e-15   768
  1.105327e-01   1.311571e-13   1.554339e-04   4.697435e-15   720
  1.110617e-01   1.298354e-13   1.370195e-04   4.160687e-15   1056
  1.115309e-01   1.305618e-13   9.479589e-05   5.693528e-15   504
  1.119154e-01   1.188220e-13   1.480257e-04   4.489928e-15   774
  1.124652e-01   1.261128e-13   1.423615e-04   3.841299e-15   1272
  1.129816e-01   1.287372e-13   9.326921e-05   4.918688e-15   744
  1.134632e-01   1.177677e-13   1.523027e-04   4.226478e-15   768
  1.139050e-01   1.237882e-13   1.288282e-04   4.107873e-15   840
  1.144011e-01   1.278860e-13   8.734207e-05   4.088070e-15   924
  1.148789e-01   1.226274e-13   1.539839e-04   4.003573e-15   936
  1.153484e-01   1.131982e-13   1.070130e-04   3.693964e-15   840
  1.158214e-01   1.245052e-13   1.272259e-04   3.877769e-15   1008
  1.164225e-01   1.134414e-13   1.436262e-04   4.192518e-15   696
  1.167996e-01   1.096003e-13   1.276589e-04   3.521276e-15   974
  1.173599e-01   1.202085e-13   1.695459e-04   3.439147e-15   1152
  1.178471e-01   1.173295e-13   6.634378e-05   3.921635e-15   816
  1.182260e-01   1.077279e-13   1.459488e-04   3.548318e-15   816
  1.187357e-01   1.138985e-13   1.288794e-04   3.299181e-15   1152
  1.192732e-01   1.136542e-13   1.160356e-04   3.619444e-15   912
  1.197621e-01   1.195620e-13   1.409833e-04   3.607973e-15   1056
  1.201806e-01   1.152983e-13   1.205660e-04   4.660517e-15   624
  1.207435e-01   1.089844e-13   1.506027e-04   3.257423e-15   1260
  1.212292e-01   1.121725e-13   9.083716e-05   3.743127e-15   894
  1.217037e-01   1.176303e-13   1.556364e-04   3.195709e-15   1176
  1.221783e-01   1.019288e-13   1.288208e-04   3.781090e-15   840
  1.227186e-01   1.093893e-13   1.464236e-04   2.770534e-15   1440
  1.232859e-01   9.952843e-14   8.232021e-05   3.211356e-15   864
  1.237160e-01   1.113790e-13   1.412655e-04   3.539357e-15   1056
  1.241441e-01   1.128492e-13   8.328830e-05   4.590284e-15   624
  1.246641e-01   1.065225e-13   1.542356e-04   2.731937e-15   1496
  1.251612e-01   1.061051e-13   1.088958e-04   4.016850e-15   936
  1.256039e-01   1.010611e-13   1.576468e-04   3.251226e-15   966
  1.260801e-01   1.005495e-13   1.117465e-04   3.255798e-15   936
  1.265804e-01   1.035933e-13   1.382244e-04   2.839761e-15   1248
  1.270926e-01   9.627552e-14   9.744205e-05   2.823888e-15   1044
  1.275698e-01   9.752988e-14   1.509409e-04   2.753434e-15   1392
  1.279478e-01   9.247141e-14   1.162549e-04   3.542641e-15   600
  1.284885e-01   9.395254e-14   1.320778e-04   2.428650e-15   1416
  1.289955e-01   9.704077e-14   1.421656e-04   2.788352e-15   1152
  1.295092e-01   9.481150e-14   1.363856e-04   2.995592e-15   936
  1.299230e-01   9.536653e-14   1.462802e-04   3.222688e-15   870
  1.304147e-01   9.999916e-14   1.226502e-04   2.884849e-15   1368
  1.309604e-01   9.568224e-14   1.612530e-04   2.451037e-15   1632
  1.314267e-01   9.911524e-14   7.000699e-05   3.470174e-15   816
  1.319315e-01   9.476342e-14   1.597143e-04   2.687762e-15   1200
  1.323720e-01   9.558295e-14   1.527057e-04   2.721204e-15   1184
  1.328194e-01   9.889597e-14   1.158936e-04   3.172831e-15   984
  1.333683e-01   9.091606e-14   1.414942e-04   2.362094e-15   1572
  1.338659e-01   9.863092e-14   7.792333e-05   3.522228e-15   840
  1.343297e-01   8.758956e-14   1.812138e-04   2.302236e-15   1392
  1.348193e-01   8.632459e-14   1.330470e-04   2.662338e-15   1158
  1.352564e-01   9.115069e-14   1.211496e-04   2.560253e-15   1272
  1.357826e-01   9.189906e-14   1.234623e-04   2.518316e-15   1320
  1.362769e-01   8.690386e-14   1.208065e-04   2.679860e-15   1104
  1.367472e-01   8.512946e-14   1.367360e-04   2.400501e-15   1392
  1.372408e-01   8.151246e-14   1.478938e-04   2.329093e-15   1296
  1.377492e-01   8.322258e-14   1.544255e-04   2.217950e-15   1392
  1.382262e-01   8.313800e-14   1.132835e-04   2.503625e-15   1104
  1.386675e-01   8.018487e-14   1.426913e-04   2.120812e-15   1320
  1.392961e-01   8.106313e-14   1.089713e-04   2.167642e-15   1422
  1.396977e-01   7.965117e-14   1.357176e-04   2.362031e-15   1212
  1.401589e-01   7.712984e-14   1.483027e-04   2.089861e-15   1280
  1.406327e-01   8.308874e-14   1.544235e-04   2.320126e-15   1272
  1.410869e-01   8.356750e-14   1.336382e-04   2.058486e-15   1680
  1.416252e-01   7.228637e-14   1.262633e-04   2.168483e-15   1152
  1.421207e-01   7.589284e-14   1.462174e-04   1.851951e-15   1512
  1.426417e-01   7.387554e-14   6.173239e-05   2.507677e-15   912
  1.430535e-01   7.689060e-14   1.556147e-04   1.784155e-15   1680
  1.436012e-01   6.768812e-14   1.378563e-04   1.709732e-15   1518
  1.440071e-01   7.602652e-14   1.276288e-04   2.231858e-15   1056
  1.444347e-01   7.259311e-14   1.288698e-04   1.842403e-15   1344
  1.449875e-01   8.130718e-14   1.383780e-04   1.959194e-15   1680
  1.454876e-01   7.086341e-14   1.363571e-04   1.796088e-15   1656
  1.460341e-01   6.898297e-14   1.159057e-04   2.247180e-15   1140
  1.464444e-01   6.871684e-14   1.342100e-04   1.941145e-15   1368
  1.469271e-01   6.908010e-14   1.526647e-04   1.741395e-15   1656
  1.474179e-01   7.076683e-14   1.563614e-04   1.961448e-15   1448
  1.479520e-01   6.724966e-14   1.468912e-04   1.708763e-15   1422
  1.484453e-01   6.936742e-14   1.621619e-04   1.786065e-15   1512
  1.488673e-01   6.939537e-14   1.236275e-04   1.989690e-15   1296
  1.493554e-01   6.522687e-14   1.128801e-04   1.577753e-15   1824
  1.498832e-01   6.514367e-14   1.463660e-04   1.658370e-15   1464
  1.504163e-01   6.099295e-14   1.306107e-04   1.353167e-15   1824
  1.509111e-01   6.583010e-14   1.038421e-04   1.720273e-15   1416
  1.513416e-01   6.300623e-14   1.521007e-04   1.684678e-15   1392
  1.518062e-01   6.189354e-14   1.403562e-04   1.596202e-15   1464
  1.523732e-01   5.702969e-14   1.372200e-04   1.538958e-15   1524
  1.528113e-01   5.976503e-14   1.264504e-04   1.521110e-15   1686
  1.533176e-01   5.961433e-14   1.505644e-04   1.488885e-15   1800
  1.537528e-01   6.411450e-14   1.195338e-04   1.908059e-15   1344
  1.542356e-01   6.135001e-14   1.394596e-04   1.640381e-15   1656
  1.547196e-01   6.039157e-14   1.113514e-04   1.501729e-15   1488
  1.551402e-01   6.131498e-14   1.111701e-04   1.547717e-15   1536
  1.557262e-01   5.737509e-14   1.234973e-04   1.430175e-15   1760
  1.561802e-01   5.610118e-14   1.373667e-04   1.292155e-15   1824
  1.567053e-01   5.993442e-14   1.152763e-04   1.508916e-15   1560
  1.572105e-01   5.796366e-14   1.324056e-04   1.383372e-15   1926
  1.576857e-01   5.811906e-14   9.415777e-05   1.643807e-15   1272
  1.581194e-01   5.450864e-14   1.582320e-04   1.281891e-15   1848
  1.586895e-01   5.693183e-14   1.278379e-04   1.269168e-15   1908
  1.591231e-01   5.494686e-14   1.246890e-04   1.430583e-15   1488
  1.595806e-01   5.166722e-14   1.406224e-04   1.283081e-15   1800
  1.600766e-01   5.238582e-14   1.407610e-04   1.265384e-15   1752
  1.605517e-01   5.086142e-14   1.496769e-04   1.348850e-15   1368
  1.610272e-01   5.292115e-14   1.406675e-04   1.114502e-15   2016
  1.615501e-01   5.444827e-14   1.485794e-04   1.382041e-15   1542
  1.620327e-01   5.051305e-14   1.454994e-04   1.154621e-15   2184
  1.625669e-01   5.287310e-14   1.330990e-04   1.220237e-15   1776
  1.630283e-01   5.017983e-14   1.521522e-04   1.402490e-15   1568
  1.634682e-01   5.196955e-14   1.390081e-04   1.188755e-15   2040
  1.639468e-01   5.296674e-14   1.486121e-04   1.280889e-15   1704
  1.644478e-01   4.793777e-14   1.489728e-04   1.239291e-15   1512
  1.649202e-01   4.980079e-14   1.270742e-04   1.103192e-15   2028
  1.654509e-01   4.917994e-14   1.532841e-04   1.078616e-15   1968
  1.659362e-01   4.728831e-14   1.554838e-04   1.067074e-15   1854
  1.664110e-01   4.704684e-14   1.482240e-04   1.117557e-15   1632
  1.668977e-01   4.834243e-14   1.523128e-04   9.567645e-16   2424
  1.674021e-01   4.683968e-14   1.524713e-04   1.164387e-15   1560
  1.678285e-01   4.792510e-14   1.440852e-04   1.086053e-15   1728
  1.683437e-01   4.606117e-14   1.538043e-04   1.062405e-15   2088
  1.688623e-01   4.365206e-14   1.464052e-04   9.957709e-16   1968
  1.693394e-01   4.522951e-14   1.449552e-04   1.029504e-15   2256
  1.698178e-01   4.585773e-14   1.288813e-04   1.049707e-15   1728
  1.703172e-01   4.495007e-14   1.270494e-04   1.229142e-15   1416
  1.707596e-01   4.724695e-14   1.339356e-04   9.887504e-16   2246
  1.712606e-01   4.443963e-14   1.483321e-04   1.029101e-15   2148
  1.717398e-01   4.599991e-14   1.252967e-04   1.162749e-15   1680
  1.721909e-01   4.420776e-14   1.584012e-04   8.526374e-16   2280
  1.727331e-01   4.469196e-14   1.475065e-04   9.028796e-16   2352
  1.732395e-01   4.354153e-14   1.239422e-04   1.073531e-15   1632
  1.736402e-01   4.398087e-14   1.418228e-04   1.012915e-15   1968
  1.741900e-01   4.185525e-14   1.455103e-04   9.434256e-16   2112
  1.746998e-01   4.187131e-14   1.093039e-04   9.621645e-16   2208
  1.751952e-01   4.178970e-14   1.102112e-04   9.148435e-16   1974
  1.755862e-01   4.113101e-14   1.078165e-04   9.425185e-16   1944
  1.761144e-01   4.366983e-14   1.219820e-04   9.441470e-16   2160
  1.765722e-01   4.173445e-14   1.140807e-04   9.567108e-16   2040
  1.770670e-01   4.302290e-14   1.596015e-04   9.406012e-16   2352
  1.775745e-01   4.363724e-14   1.325904e-04   9.975887e-16   1836
  1.780376e-01   4.107907e-14   1.414413e-04   8.333821e-16   2352
  1.785577e-01   3.949639e-14   1.483527e-04   8.761681e-16   2008
  1.790344e-01   4.043521e-14   1.459431e-04   8.555036e-16   2464
  1.795659e-01   4.007414e-14   1.177095e-04   8.532638e-16   2118
  1.800019e-01   3.980193e-14   1.183276e-04   9.460021e-16   1848
  1.804507e-01   4.355535e-14   1.565861e-04   9.941145e-16   2280
  1.809928e-01   4.151191e-14   1.489508e-04   8.619511e-16   2472
  1.814993e-01   3.859632e-14   9.953927e-05   8.339812e-16   2280
  1.819245e-01   4.222732e-14   1.216700e-04   9.985505e-16   1992
  1.823831e-01   4.055461e-14   1.279126e-04   8.192439e-16   2184
  1.829118e-01   3.641910e-14   1.543068e-04   7.767104e-16   2352
  1.834214e-01   3.931290e-14   1.626118e-04   7.918992e-16   2496
  1.839203e-01   3.709705e-14   1.518813e-04   8.946032e-16   1770
  1.843678e-01   4.063699e-14   1.310496e-04   8.340912e-16   2568
  1.849057e-01   3.945083e-14   1.607377e-04   7.841712e-16   2712
  1.853947e-01   3.991329e-14   1.276489e-04   8.488705e-16   2448
  1.858830e-01   4.004784e-14   1.076015e-04   8.785844e-16   2064
  1.862881e-01   3.751600e-14   1.135758e-04   9.222934e-16   1944
  1.868133e-01   3.693579e-14   1.403079e-04   7.753134e-16   2480
  1.873491e-01   3.734140e-14   1.524155e-04   7.132281e-16   2880
  1.878237e-01   3.733155e-14   1.462067e-04   7.918463e-16   2304
  1.883193e-01   3.740624e-14   1.343278e-04   8.512535e-16   1806
  1.887589e-01   3.742827e-14   1.317346e-04   7.113988e-16   2856
  1.893097e-01   3.835836e-14   1.263374e-04   7.903190e-16   2568
  1.897288e-01   3.524866e-14   1.267515e-04   7.974187e-16   2112
  1.901850e-01   3.712058e-14   1.220840e-04   8.960049e-16   2028
  1.906744e-01   3.594574e-14   1.445115e-04   6.869679e-16   2712
  1.911714e-01   3.719757e-14   1.556884e-04   7.014371e-16   2952
  1.917055e-01   3.627878e-14   1.202957e-04   7.790004e-16   2112
  1.921372e-01   3.548250e-14   1.409804e-04   7.022778e-16   2520
  1.926559e-01   3.431565e-14   1.359784e-04   7.141788e-16   2376
  1.931282e-01   3.594977e-14   1.090048e-04   7.266041e-16   2526
  1.936186e-01   3.709200e-14   1.356536e-04   7.493005e-16   2664
  1.941040e-01   3.685172e-14   1.617960e-04   7.777644e-16   2408
  1.945694e-01   3.547353e-14   1.296049e-04   7.376890e-16   2568
  1.950440e-01   3.635853e-14   1.221942e-04   6.667777e-16   2904
  1.955589e-01   3.482739e-14   1.371053e-04   6.832495e-16   2544
  1.960480e-01   3.495476e-14   1.009875e-04   7.750731e-16   2160
  1.965096e-01   3.661274e-14   1.745958e-04   7.426451e-16   2652
  1.970194e-01   3.306457e-14   1.382439e-04   6.341089e-16   2784
  1.975101e-01   3.537532e-14   1.365199e-04   6.575149e-16   2694
  1.980185e-01   3.302489e-14   1.226932e-04   6.313705e-16   2952
  1.984602e-01   3.542461e-14   1.162128e-04   7.517116e-16   2208
  1.989102e-01   3.405814e-14   1.238599e-04   7.148890e-16   2304
  1.994125e-01   3.218908e-14   1.610662e-04   5.270501e-16   3504
  1.999983e-01   3.355927e-14   1.304210e-04   6.993708e-16   2616
  2.004552e-01   3.310411e-14   1.274108e-04   6.631841e-16   2664
  2.008953e-01   3.229878e-14   1.183758e-04   6.560928e-16   2448
  2.013388e-01   3.312159e-14   1.648584e-04   6.634825e-16   2472
  2.018606e-01   3.312852e-14   1.310718e-04   5.976112e-16   3134
  2.023516e-01   3.306071e-14   1.433541e-04   6.624283e-16   2616
  2.028419e-01   3.113315e-14   1.161223e-04   6.305761e-16   2712
  2.033463e-01   3.154779e-14   1.331755e-04   5.765665e-16   3204
  2.038284e-01   3.088992e-14   1.533782e-04   6.215144e-16   2760
  2.042862e-01   3.032807e-14   1.338200e-04   5.949163e-16   2688
  2.047911e-01   3.111900e-14   1.265264e-04   6.205430e-16   2760
  2.052376e-01   2.945633e-14   1.044749e-04   6.081058e-16   2568
  2.057517e-01   2.938358e-14   1.622443e-04   5.118000e-16   3336
  2.062452e-01   3.054693e-14   1.373220e-04   6.322164e-16   2334
  2.067435e-01   2.939557e-14   1.519616e-04   5.349549e-16   3264
  2.072092e-01   3.109399e-14   1.104877e-04   6.469394e-16   2760
  2.076868e-01   2.897854e-14   1.334378e-04   5.208247e-16   3192
  2.081730e-01   2.956476e-14   1.385370e-04   5.944225e-16   2904
  2.086902e-01   2.902031e-14   1.390027e-04   5.701435e-16   2784
  2.091231e-01   3.062424e-14   1.144018e-04   6.337964e-16   2592
  2.096156e-01   2.800689e-14   1.559460e-04   4.937748e-16   3284
  2.101389e-01   2.863560e-14   1.566406e-04   5.320000e-16   3168
  2.106071e-01   2.858354e-14   1.292397e-04   5.590021e-16   2616
  2.110994e-01   2.682803e-14   1.248775e-04   5.106711e-16   3222
  2.115781e-01   2.818495e-14   1.401164e-04   4.907491e-16   3240
  2.120418e-01   2.889700e-14   1.417503e-04   6.087474e-16   2568
  2.125690e-01   2.901429e-14   1.300629e-04   5.635840e-16   3120
  2.130097e-01   2.893181e-14   1.429850e-04   5.473269e-16   3168
  2.134838e-01   2.698012e-14   1.251725e-04   5.315939e-16   3240
  2.140024e-01   2.664269e-14   1.284239e-04   4.795717e-16   3144
  2.145062e-01   2.592470e-14   1.224103e-04   4.864502e-16   2856
  2.149823e-01   2.655772e-14   1.307392e-04   4.661533e-16   3264
  2.155212e-01   2.677644e-14   1.444609e-04   4.832283e-16   3318
  2.159452e-01   2.756648e-14   1.011723e-04   6.177298e-16   2556
  2.164506e-01   2.595502e-14   1.728209e-04   4.268427e-16   4008
  2.169623e-01   2.664852e-14   1.275720e-04   5.304877e-16   2904
  2.174000e-01   2.529247e-14   1.304469e-04   4.523348e-16   3144
  2.178983e-01   2.483816e-14   1.359922e-04   4.707133e-16   3200
  2.184140e-01   2.477023e-14   1.341212e-04   4.459423e-16   3312
  2.188763e-01   2.591863e-14   1.080957e-04   5.081311e-16   2832
  2.193924e-01   2.502959e-14   1.555565e-04   4.138017e-16   3984
  2.198717e-01   2.675010e-14   1.264601e-04   5.915039e-16   2238
  2.203092e-01   2.520936e-14   1.488218e-04   4.338669e-16   3984
  2.208520e-01   2.447372e-14   1.414250e-04   4.491216e-16   3384
  2.213029e-01   2.637928e-14   1.321942e-04   5.125982e-16   3048
  2.217737e-01   2.354574e-14   1.213801e-04   4.466783e-16   3096
  2.222656e-01   2.512220e-14   1.375807e-04   4.166943e-16   3708
  2.227545e-01   2.345920e-14   1.304078e-04   4.698565e-16   2784
  2.232087e-01   2.520610e-14   1.354535e-04   4.451338e-16   3648
  2.237247e-01   2.396901e-14   1.394108e-04   4.220144e-16   3888
  2.242738e-01   2.291676e-14   1.488252e-04   4.254702e-16   2958
  2.246837e-01   2.330503e-14   1.270361e-04   4.074873e-16   3264
  2.251777e-01   2.502780e-14   1.402443e-04   4.725857e-16   3160
  2.256445e-01   2.254276e-14   1.271016e-04   3.927921e-16   3736
  2.260868e-01   2.318997e-14   1.158193e-04   4.525046e-16   3216
  2.266085e-01   2.342907e-14   1.419303e-04   3.859048e-16   4032
  2.271526e-01   2.292956e-14   1.295798e-04   3.877671e-16   3528
  2.276165e-01   2.325816e-14   1.143819e-04   4.235261e-16   3192
  2.280803e-01   2.215181e-14   1.252686e-04   3.991346e-16   3456
  2.285834e-01   2.227618e-14   1.298903e-04   4.218316e-16   3060
  2.290876e-01   2.260006e-14   1.544545e-04   3.679614e-16   4518
  2.295790e-01   2.247481e-14   1.375990e-04   3.884971e-16   3528
  2.300307e-01   2.303100e-14   1.155591e-04   4.617174e-16   3024
  2.305122e-01   2.139004e-14   1.564624e-04   3.701312e-16   3672
  2.310028e-01   2.201455e-14   1.342922e-04   3.879402e-16   3864
  2.315474e-01   2.138098e-14   1.423480e-04   3.593904e-16   3816
  2.319928e-01   2.134242e-14   1.295052e-04   3.760683e-16   3456
  2.324198e-01   2.168237e-14   1.172315e-04   4.270321e-16   2688
  2.329230e-01   2.145045e-14   1.390930e-04   3.386998e-16   4248
  2.334218e-01   2.148770e-14   1.332244e-04   3.706400e-16   3926
  2.339228e-01   2.111352e-14   1.406621e-04   3.760189e-16   3504
  2.344067e-01   2.180487e-14   1.257540e-04   3.607090e-16   3960
  2.349411e-01   2.071849e-14   1.415697e-04   3.593699e-16   3684
  2.353994e-01   2.009138e-14   1.415603e-04   3.400922e-16   4104
  2.358576e-01   2.116098e-14   1.342621e-04   3.869944e-16   3144
  2.363498e-01   2.044705e-14   1.470632e-04   3.317150e-16   4224
  2.368909e-01   2.002610e-14   1.305314e-04   3.247533e-16   4008
  2.373532e-01   2.062247e-14   1.436052e-04   3.612935e-16   3312
  2.378293e-01   2.032159e-14   1.428317e-04   3.619131e-16   3726
  2.383356e-01   2.039137e-14   1.467057e-04   3.476337e-16   3936
  2.387852e-01   2.104269e-14   1.512247e-04   3.743601e-16   3888
  2.392518e-01   2.037687e-14   1.429975e-04   3.461574e-16   3864
  2.397372e-01   1.987874e-14   1.520184e-04   3.444972e-16   3888
  2.402373e-01   1.899287e-14   1.433767e-04   3.206543e-16   4080
  2.407309e-01   1.996339e-14   1.521663e-04   3.580211e-16   3400
  2.412345e-01   1.964319e-14   1.395519e-04   3.071409e-16   4588
  2.417438e-01   1.968700e-14   1.381276e-04   3.392057e-16   3816
  2.421888e-01   1.969460e-14   1.308874e-04   3.312283e-16   3534
  2.426599e-01   2.049442e-14   1.292818e-04   3.360873e-16   4080
  2.431528e-01   2.024218e-14   1.351361e-04   3.273471e-16   4248
  2.436477e-01   1.992426e-14   1.361762e-04   3.743737e-16   3528
  2.441045e-01   2.014283e-14   1.392215e-04   3.279052e-16   4248
  2.445661e-01   1.908652e-14   1.361726e-04   3.313434e-16   3696
  2.450802e-01   1.943896e-14   1.412982e-04   3.010637e-16   4560
  2.455678e-01   1.926574e-14   1.323495e-04   3.239589e-16   3864
  2.460685e-01   1.859343e-14   1.441083e-04   2.940116e-16   4440
  2.465431e-01   1.867902e-14   1.344565e-04   3.592153e-16   3432
  2.470417e-01   1.882575e-14   1.318374e-04   3.034753e-16   4470
  2.475323e-01   1.919794e-14   1.171596e-04   3.155765e-16   4188
  2.480144e-01   1.899073e-14   1.500979e-04   3.009821e-16   4392
  2.484933e-01   1.952168e-14   1.161150e-04   3.497517e-16   3960
  2.489913e-01   1.920954e-14   1.311762e-04   3.137291e-16   4328
  2.494737e-01   1.848708e-14   1.365155e-04   3.011221e-16   4320
  2.499612e-01   1.856851e-14   1.427527e-04   2.947239e-16   4152
  2.504133e-01   1.999078e-14   1.194148e-04   3.673542e-16   3528
  2.509246e-01   1.808577e-14   1.292483e-04   2.757198e-16   4512
  2.514030e-01   1.865110e-14   1.321235e-04   3.187738e-16   4134
  2.518889e-01   1.928772e-14   1.407559e-04   2.855631e-16   5208
  2.523561e-01   1.886874e-14   1.226327e-04   3.437736e-16   3240
  2.528396e-01   1.965477e-14   1.352583e-04   3.115839e-16   4680
  2.533316e-01   1.827191e-14   1.339167e-04   3.021994e-16   4440
  2.538242e-01   1.722351e-14   1.517493e-04   2.818157e-16   4260
  2.542967e-01   1.779043e-14   1.238886e-04   3.046603e-16   4056
  2.547833e-01   1.759396e-14   1.373522e-04   2.692668e-16   4704
  2.552940e-01   1.852045e-14   1.598328e-04   2.910264e-16   4800
  2.558338e-01   1.772690e-14   1.384828e-04   2.687844e-16   4806
  2.563004e-01   1.995587e-14   1.380453e-04   3.752990e-16   3552
  2.567447e-01   1.742183e-14   1.384155e-04   3.007258e-16   4304
  2.572463e-01   1.778528e-14   1.342317e-04   2.640622e-16   5280
  2.577424e-01   1.758794e-14   1.287726e-04   2.811094e-16   4320
  2.582120e-01   1.734574e-14   1.454180e-04   2.840180e-16   4296
  2.587071e-01   1.776890e-14   1.616686e-04   2.682186e-16   4608
  2.592079e-01   1.765227e-14   1.548872e-04   2.692916e-16   4824
  2.597037e-01   1.702837e-14   1.462245e-04   2.731457e-16   4488
  2.602357e-01   1.784260e-14   1.365163e-04   2.925923e-16   4530
  2.606750e-01   1.698934e-14   1.332969e-04   2.723441e-16   4464
  2.611146e-01   1.750568e-14   1.256224e-04   2.882533e-16   4104
  2.616192e-01   1.673516e-14   1.354472e-04   2.419789e-16   5424
  2.621157e-01   1.716629e-14   1.458006e-04   2.735382e-16   4392
  2.626209e-01   1.749466e-14   1.427447e-04   2.741680e-16   4896
  2.630796e-01   1.678998e-14   1.399190e-04   2.780081e-16   4104
  2.635583e-01   1.760250e-14   1.261700e-04   2.824165e-16   4824
  2.640634e-01   1.612906e-14   1.205890e-04   2.562849e-16   4680
  2.645034e-01   1.617165e-14   1.233362e-04   2.593893e-16   4328
  2.650142e-01   1.650689e-14   1.421747e-04   2.462031e-16   5118
  2.655274e-01   1.707208e-14   1.647184e-04   2.594297e-16   5304
  2.659905e-01   1.760539e-14   1.297081e-04   2.902562e-16   4392
  2.664951e-01   1.674566e-14   1.301864e-04   2.674288e-16   4476
  2.669364e-01   1.599373e-14   1.292906e-04   2.514190e-16   4704
  2.674274e-01   1.633250e-14   1.564908e-04   2.370823e-16   5208
  2.679435e-01   1.558474e-14   1.319479e-04   2.422479e-16   5304
  2.684190e-01   1.611834e-14   1.413346e-04   2.586517e-16   4296
  2.689066e-01   1.645846e-14   1.340217e-04   2.556172e-16   4752
  2.694189e-01   1.560691e-14   1.345359e-04   2.387486e-16   4950
  2.698794e-01   1.603891e-14   1.406262e-04   2.472826e-16   5064
  2.703399e-01   1.614725e-14   1.178265e-04   2.578161e-16   4872
  2.708057e-01   1.576261e-14   1.240390e-04   2.818701e-16   4224
  2.713029e-01   1.594736e-14   1.370167e-04   2.272214e-16   6120
  2.718321e-01   1.511273e-14   1.507358e-04   2.302310e-16   4968
  2.723121e-01   1.588992e-14   1.333881e-04   2.564808e-16   4424
  2.728088e-01   1.582551e-14   1.703749e-04   2.444729e-16   5436
  2.732993e-01   1.514503e-14   1.452596e-04   2.364393e-16   4896
  2.737736e-01   1.465080e-14   1.390702e-04   2.279555e-16   5214
  2.742308e-01   1.590654e-14   1.182169e-04   2.569188e-16   4656
  2.747387e-01   1.589409e-14   1.503032e-04   2.489543e-16   5448
  2.752241e-01   1.539124e-14   1.269422e-04   2.512360e-16   4992
  2.756994e-01   1.565289e-14   1.404898e-04   2.502702e-16   5400
  2.762219e-01   1.553760e-14   1.557062e-04   2.299941e-16   5328
  2.767032e-01   1.459513e-14   1.392299e-04   2.283278e-16   4776
  2.771561e-01   1.469139e-14   1.308295e-04   2.254390e-16   4800
  2.776593e-01   1.481380e-14   1.682401e-04   2.005375e-16   6552
  2.781857e-01   1.508675e-14   1.271030e-04   2.747544e-16   3942
  2.786419e-01   1.448303e-14   1.601990e-04   2.111542e-16   6072
  2.791470e-01   1.515950e-14   1.244164e-04   2.634632e-16   4692
  2.795705e-01   1.496873e-14   1.298888e-04   2.289594e-16   4944
  2.800665e-01   1.451143e-14   1.394107e-04   2.035744e-16   5840
  2.805759e-01   1.416285e-14   1.492333e-04   2.213912e-16   5712
  2.810773e-01   1.420639e-14   1.250671e-04   2.308026e-16   4800
  2.815348e-01   1.420213e-14   1.656330e-04   2.162439e-16   5688
  2.820359e-01   1.413989e-14   1.306810e-04   2.232646e-16   4848
  2.825324e-01   1.152619e-14   1.454557e-04   2.027429e-16   5406
  2.830037e-01   1.146132e-18   1.312973e-04   1.829160e-20   5568
  2.834769e-01   1.189036e-18   1.180275e-04   1.923334e-20   5736
  2.839884e-01   1.165372e-18   1.465826e-04   1.959285e-20   5280
  2.844524e-01   1.153485e-18   1.355263e-04   1.852546e-20   5592
  2.849301e-01   1.109898e-18   1.551417e-04   1.832598e-20   4968
  2.854352e-01   1.121432e-18   1.391053e-04   1.730944e-20   5964
  2.859279e-01   1.155759e-18   1.397517e-04   1.811281e-20   5376
  2.863756e-01   1.166421e-18   1.349389e-04   1.885787e-20   5472
  2.868946e-01   1.100081e-18   1.281532e-04   1.705271e-20   5472
  2.873693e-01   1.089666e-18   1.457059e-04   1.886290e-20   5415
  2.878292e-01   1.063860e-18   1.281660e-04   1.712988e-20   5096
  2.883268e-01   1.031547e-18   1.648183e-04   1.529909e-20   6372
  2.888302e-01   1.093150e-18   1.337920e-04   1.919679e-20   4656
  2.892814e-01   1.103182e-18   1.460580e-04   1.676026e-20   5844
  2.897668e-01   1.044599e-18   1.284189e-04   1.626497e-20   5508
  2.902812e-01   1.099486e-18   1.456803e-04   1.571105e-20   6324
  2.907860e-01   1.057956e-18   1.251396e-04   1.757986e-20   4752
  2.912474e-01   1.005984e-18   1.401041e-04   1.525593e-20   5676
  2.917468e-01   1.057619e-18   1.281684e-04   1.682616e-20   5472
  2.922209e-01   1.072171e-18   1.445704e-04   1.671219e-20   5556
  2.927301e-01   1.005577e-18   1.408810e-04   1.507642e-20   5436
  2.932217e-01   1.044806e-18   1.442016e-04   1.591077e-20   5916
  2.937264e-01   1.054211e-18   1.500331e-04   1.635977e-20   5520
  2.941809e-01   9.684903e-19   1.364480e-04   1.533915e-20   5280
  2.946466e-01   1.060266e-18   1.340724e-04   1.726555e-20   4416
  2.951720e-01   9.978332e-19   1.306879e-04   1.404460e-20   6260
  2.956655e-01   1.028550e-18   1.554038e-04   1.503796e-20   5940
  2.961126e-01   1.022386e-18   1.217066e-04   1.726332e-20   4188
  2.966047e-01   1.024755e-18   1.556122e-04   1.429961e-20   6360
  2.971222e-01   9.809090e-19   1.387995e-04   1.461217e-20   5256
  2.976029e-01   9.818758e-19   1.312113e-04   1.618665e-20   4848
  2.980147e-01   9.490504e-19   1.189499e-04   1.485023e-20   4704
  2.985217e-01   9.958325e-19   1.459205e-04   1.432306e-20   5784
  2.990374e-01   9.491394e-19   1.544008e-04   1.379489e-20   5820
  2.995352e-01   9.762276e-19   1.383100e-04   1.381475e-20   5700
  3.000361e-01   9.634905e-19   1.282634e-04   1.465079e-20   5232
  3.005375e-01   1.004938e-18   1.423193e-04   1.499597e-20   4932
  3.009817e-01   9.592551e-19   1.224997e-04   1.505111e-20   4716
  3.014485e-01   1.034197e-18   1.560382e-04   1.577641e-20   5616
  3.019287e-01   9.340762e-19   1.378046e-04   1.407571e-20   5184
  3.024240e-01   9.301326e-19   1.390111e-04   1.415812e-20   5064
  3.028912e-01   9.461002e-19   1.423406e-04   1.376343e-20   5544
  3.034093e-01   9.180345e-19   1.428860e-04   1.343947e-20   5192
  3.038807e-01   9.367474e-19   1.284053e-04   1.408515e-20   5244
  3.043764e-01   9.170641e-19   1.389360e-04   1.363638e-20   5112
  3.048691e-01   9.506901e-19   1.275010e-04   1.494783e-20   5040
  3.053213e-01   9.588512e-19   1.340439e-04   1.433322e-20   5124
  3.058494e-01   9.133512e-19   1.504823e-04   1.293340e-20   5952
  3.063369e-01   9.503960e-19   1.318531e-04   1.436640e-20   4824
  3.067788e-01   9.027414e-19   1.330892e-04   1.407731e-20   4536
  3.072903e-01   9.027811e-19   1.414616e-04   1.245086e-20   5712
  3.078157e-01   9.248594e-19   1.547976e-04   1.365318e-20   5352
  3.083112e-01   9.368130e-19   1.348344e-04   1.375517e-20   5004
  3.087539e-01   9.337577e-19   1.348711e-04   1.431655e-20   4800
  3.092296e-01   8.974207e-19   1.449374e-04   1.303447e-20   5148
  3.097567e-01   8.949955e-19   1.505363e-04   1.254619e-20   5664
  3.102329e-01   8.722569e-19   1.352034e-04   1.336260e-20   4692
  3.106729e-01   8.882900e-19   1.256056e-04   1.456778e-20   4008
  3.111861e-01   9.080813e-19   1.439712e-04   1.252740e-20   5852
  3.117078e-01   8.568616e-19   1.363273e-04   1.196224e-20   5784
  3.121712e-01   9.124045e-19   1.256700e-04   1.493207e-20   4392
  3.126481e-01   8.932912e-19   1.232703e-04   1.344096e-20   4944
  3.131489e-01   8.485747e-19   1.453336e-04   1.264567e-20   4776
  3.136211e-01   8.374849e-19   1.398188e-04   1.203099e-20   5244
  3.141336e-01   8.499631e-19   1.395722e-04   1.211028e-20   4884
  3.145636e-01   8.573049e-19   1.183681e-04   1.348375e-20   4488
  3.150636e-01   8.786107e-19   1.406525e-04   1.278338e-20   5160
  3.155671e-01   8.607387e-19   1.432039e-04   1.227175e-20   5316
  3.160521e-01   8.717536e-19   1.447892e-04   1.354733e-20   4896
  3.165249e-01   8.632169e-19   1.345344e-04   1.443749e-20   4188
  3.170014e-01   8.141606e-19   1.467406e-04   1.190422e-20   4836
  3.174880e-01   8.482152e-19   1.455680e-04   1.187006e-20   5316
  3.179808e-01   8.500022e-19   1.347408e-04   1.252003e-20   4920
  3.184417e-01   8.833638e-19   1.357413e-04   1.479508e-20   4128
  3.189362e-01   8.510335e-19   1.460260e-04   1.244039e-20   5348
  3.194229e-01   8.279275e-19   1.267067e-04   1.239595e-20   4836
  3.198876e-01   8.223212e-19   1.365306e-04   1.325184e-20   4392
  3.203882e-01   8.354529e-19   1.199532e-04   1.302958e-20   4632
  3.208388e-01   8.515583e-19   1.340287e-04   1.377515e-20   4596
  3.213563e-01   8.140395e-19   1.347844e-04   1.176491e-20   5424
  3.218683e-01   7.857368e-19   1.387362e-04   1.117093e-20   5256
  3.223958e-01   8.036136e-19   1.409032e-04   1.257203e-20   4524
  3.228350e-01   8.193142e-19   1.340268e-04   1.344127e-20   4440
  3.233270e-01   7.986857e-19   1.146101e-04   1.214347e-20   4380
  3.238085e-01   8.037789e-19   1.499870e-04   1.241098e-20   4812
  3.243210e-01   8.101775e-19   1.489725e-04   1.197168e-20   5376
  3.247896e-01   7.758686e-19   1.189892e-04   1.289359e-20   3888
  3.252385e-01   8.099120e-19   1.362564e-04   1.198712e-20   4896
  3.257395e-01   8.000217e-19   1.437728e-04   1.223908e-20   4608
  3.262654e-01   8.102773e-19   1.357127e-04   1.264394e-20   4448
  3.267232e-01   7.521806e-19   1.400926e-04   1.149996e-20   4752
  3.272056e-01   8.033690e-19   1.467382e-04   1.311489e-20   4356
  3.277129e-01   7.978215e-19   1.412082e-04   1.208076e-20   5232
  3.282173e-01   7.482972e-19   1.423025e-04   1.215832e-20   4548
  3.287063e-01   7.606462e-19   1.383360e-04   1.150168e-20   4608
  3.291837e-01   7.830157e-19   1.256671e-04   1.369635e-20   3936
  3.296343e-01   7.608776e-19   1.502088e-04   1.276325e-20   4260
  3.301407e-01   7.563620e-19   1.346643e-04   1.145482e-20   5004
  3.306038e-01   7.958809e-19   1.330711e-04   1.355270e-20   4224
  3.311115e-01   7.692569e-19   1.437697e-04   1.218986e-20   4788
  3.316047e-01   7.767016e-19   1.511985e-04   1.298627e-20   4428
  3.320852e-01   7.407039e-19   1.263467e-04   1.266609e-20   4080
  3.325477e-01   7.800887e-19   1.381486e-04   1.184290e-20   4632
  3.330347e-01   7.272458e-19   1.436640e-04   1.257679e-20   4056
  3.335467e-01   7.445927e-19   1.352621e-04   1.245189e-20   4536
  3.340144e-01   7.638779e-19   1.379585e-04   1.241567e-20   4668
  3.345266e-01   7.210953e-19   1.478669e-04   1.193318e-20   4604
  3.350255e-01   7.260151e-19   1.328598e-04   1.216095e-20   4152
  3.354859e-01   7.330933e-19   1.287622e-04   1.220805e-20   4224
  3.359739e-01   7.154513e-19   1.237953e-04   1.211459e-20   4152
  3.364615e-01   7.662848e-19   1.404246e-04   1.299227e-20   4224
  3.369356e-01   7.527702e-19   1.298644e-04   1.339822e-20   3960
  3.373922e-01   7.202886e-19   1.340119e-04   1.169856e-20   4656
  3.378910e-01   7.026274e-19   1.445961e-04   1.159862e-20   4452
  3.384025e-01   6.926265e-19   1.470057e-04   1.198823e-20   4056
  3.388784e-01   7.034668e-19   1.456648e-04   1.173696e-20   4212
  3.393606e-01   7.319748e-19   1.210536e-04   1.391889e-20   3432
  3.398492e-01   7.204623e-19   1.548628e-04   1.102254e-20   5352
  3.403267e-01   7.225027e-19   1.134185e-04   1.354245e-20   3600
  3.408466e-01   6.906991e-19   1.251027e-04   1.151864e-20   4584
  3.413005e-01   7.129950e-19   1.247343e-04   1.286527e-20   3768
  3.417680e-01   6.954523e-19   1.331557e-04   1.309752e-20   3848
  3.422347e-01   6.819023e-19   1.220886e-04   1.295559e-20   3720
  3.427639e-01   6.612662e-19   1.532392e-04   1.063226e-20   4764
  3.432311e-01   7.127715e-19   1.234001e-04   1.277144e-20   3864
  3.437109e-01   7.228440e-19   1.528459e-04   1.237208e-20   4332
  3.442342e-01   6.932495e-19   1.304937e-04   1.270256e-20   3792
  3.447018e-01   6.385816e-19   1.480185e-04   1.082034e-20   4284
  3.451974e-01   6.387288e-19   1.401572e-04   1.217354e-20   3840
  3.456664e-01   6.237634e-19   1.334113e-04   1.262067e-20   3480
  3.461427e-01   6.483008e-19   1.488614e-04   1.090360e-20   4380
  3.466576e-01   6.544863e-19   1.398292e-04   1.151363e-20   4200
  3.471635e-01   6.926508e-19   1.344014e-04   1.189201e-20   4056
  3.476333e-01   6.443726e-19   1.350788e-04   1.242266e-20   3600
  3.480735e-01   6.494329e-19   1.345848e-04   1.256129e-20   3492
  3.485878e-01   6.241382e-19   1.571647e-04   1.077676e-20   4500
  3.491126e-01   6.727845e-19   1.376975e-04   1.258238e-20   3516
  3.495636e-01   6.970509e-19   1.439500e-04   1.329067e-20   3968
  3.500690e-01   6.460087e-19   1.383484e-04   1.237778e-20   3648
  3.505165e-01   6.365442e-19   1.322992e-04   1.242339e-20   4224
  3.510237e-01   5.921672e-19   1.484940e-04   1.173503e-20   3588
  3.514997e-01   6.244655e-19   1.369683e-04   1.220856e-20   3456
  3.519786e-01   5.893904e-19   1.216448e-04   1.121324e-20   3660
  3.524735e-01   6.339233e-19   1.335194e-04   1.224363e-20   3768
  3.529347e-01   6.400937e-19   1.350276e-04   1.217546e-20   3744
  3.534301e-01   6.131134e-19   1.482149e-04   1.094428e-20   4176
  3.539572e-01   6.386416e-19   1.367120e-04   1.252378e-20   3612
  3.543928e-01   6.240765e-19   1.485682e-04   1.287451e-20   3216
  3.548913e-01   6.009589e-19   1.436402e-04   1.219316e-20   3624
  3.553925e-01   6.042301e-19   1.350690e-04   1.163402e-20   3744
  3.558768e-01   6.306999e-19   1.441176e-04   1.259689e-20   3672
  3.563547e-01   6.143839e-19   1.306896e-04   1.181877e-20   3852
  3.568482e-01   6.195262e-19   1.345097e-04   1.165297e-20   3672
  3.573731e-01   6.216291e-19   1.310574e-04   1.448529e-20   3248
  3.578115e-01   5.524968e-19   1.341465e-04   1.175506e-20   3336
  3.582900e-01   5.477045e-19   1.365492e-04   1.097630e-20   3576
  3.587793e-01   5.946198e-19   1.159180e-04   1.199612e-20   3336
  3.592778e-01   5.913608e-19   1.376902e-04   1.130912e-20   3936
  3.597697e-01   6.169407e-19   1.466440e-04   1.256831e-20   3408
  3.602575e-01   6.102464e-19   1.291957e-04   1.331934e-20   3336
  3.607316e-01   4.840622e-19   1.451163e-04   1.057769e-20   3312
  3.612054e-01   5.562751e-19   1.469319e-04   1.177444e-20   3432
  3.617101e-01   5.933813e-19   1.273841e-04   1.291123e-20   3144
  3.621706e-01   5.717274e-19   1.382881e-04   1.206078e-20   3456
  3.626887e-01   5.671104e-19   1.329107e-04   1.131215e-20   3792
  3.631568e-01   5.928355e-19   1.305556e-04   1.370137e-20   2868
  3.636625e-01   5.335965e-19   1.352551e-04   1.007500e-20   3888
  3.641351e-01   5.091997e-19   1.174435e-04   1.181890e-20   2784
  3.646004e-01   5.404069e-19   1.341238e-04   1.367517e-20   2964
  3.651086e-01   5.529363e-19   1.381212e-04   1.199600e-20   3432
  3.655924e-01   5.479244e-19   1.429694e-04   1.179434e-20   3416
  3.660820e-01   5.392538e-19   1.528218e-04   1.156858e-20   3528
  3.665830e-01   5.832983e-19   1.226504e-04   1.366495e-20   2904
  3.670262e-01   5.034615e-19   1.375270e-04   1.147401e-20   3072
  3.675416e-01   5.063880e-19   1.544586e-04   1.130137e-20   3216
  3.680569e-01   5.003490e-19   1.250951e-04   1.222076e-20   2844
  3.685093e-01   5.111919e-19   1.431483e-04   1.147445e-20   3432
  3.689737e-01   5.647223e-19   1.150574e-04   1.361170e-20   2880
  3.694925e-01   5.108518e-19   1.524100e-04   1.146688e-20   3576
  3.699812e-01   5.435199e-19   1.362332e-04   1.399532e-20   2700
  3.704492e-01   4.902849e-19   1.530237e-04   1.097966e-20   3000
  3.709392e-01   4.623689e-19   1.270553e-04   1.137746e-20   2556
  3.714151e-01   5.202127e-19   1.361780e-04   1.179459e-20   3360
  3.719070e-01   5.161478e-19   1.323185e-04   1.153171e-20   3120
  3.724371e-01   5.151704e-19   1.557809e-04   1.249567e-20   3216
  3.728935e-01   5.475863e-19   1.098680e-04   1.406740e-20   2628
  3.734065e-01   4.865772e-19   1.452297e-04   1.217455e-20   3200
  3.738745e-01   4.499226e-19   1.370102e-04   1.214407e-20   2232
  3.743471e-01   4.450485e-19   1.563929e-04   1.131827e-20   3108
  3.748177e-01   5.472883e-19   1.373821e-04   1.499317e-20   2604
  3.752991e-01   5.203731e-19   1.479994e-04   1.239391e-20   3096
  3.758288e-01   4.846028e-19   1.348469e-04   1.136083e-20   3084
  3.762884e-01   4.569846e-19   1.376092e-04   1.163112e-20   2664
  3.767621e-01   4.834527e-19   1.213497e-04   1.363408e-20   2232
  3.772262e-01   4.046278e-19   1.494845e-04   9.964623e-21   2808
  3.777344e-01   4.829998e-19   1.412112e-04   1.354374e-20   2592
  3.782089e-01   5.347712e-19   1.449703e-04   1.374129e-20   2952
  3.787074e-01   4.561219e-19   1.368697e-04   1.247635e-20   2772
  3.791921e-01   4.555955e-19   1.471948e-04   1.144524e-20   3036
  3.796993e-01   4.277712e-19   1.427797e-04   1.290506e-20   2136
  3.801616e-01   4.161830e-19   1.138671e-04   1.200722e-20   2496
  3.806364e-01   4.941840e-19   1.516625e-04   1.448179e-20   2228
  3.811316e-01   5.100411e-19   1.413981e-04   1.411206e-20   3048
  3.816243e-01   4.615988e-19   1.350676e-04   1.320254e-20   2676
  3.821140e-01   4.160805e-19   1.345571e-04   1.062084e-20   2784
  3.825820e-01   4.270310e-19   1.307225e-04   1.300264e-20   1920
  3.830514e-01   3.970203e-19   1.395126e-04   1.101333e-20   2400
  3.835600e-01   3.819994e-19   1.279618e-04   1.026924e-20   2532
  3.840860e-01   4.459771e-19   1.421350e-04   1.290731e-20   2544
  3.845592e-01   4.933615e-19   1.486925e-04   1.363986e-20   2772
  3.850254e-01   4.033050e-19   1.392746e-04   1.369004e-20   2160
  3.854884e-01   4.335300e-19   1.500120e-04   1.285263e-20   2304
  3.860241e-01   3.965597e-19   1.467945e-04   1.250949e-20   2328
  3.865043e-01   3.446285e-19   1.407449e-04   1.024808e-20   2304
  3.869492e-01   3.520453e-19   1.330938e-04   1.121105e-20   1908
  3.874552e-01   4.788785e-19   1.488569e-04   1.499845e-20   2736
  3.879425e-01   4.357433e-19   1.410418e-04   1.372457e-20   2448
  3.884609e-01   4.488515e-19   1.318665e-04   1.411994e-20   2040
  3.889299e-01   3.270450e-19   1.372999e-04   1.174674e-20   2120
  3.893809e-01   4.006970e-19   1.138355e-04   1.228691e-20   2040
  3.898664e-01   3.326089e-19   1.412334e-04   1.191663e-20   2208
  3.904158e-01   4.470699e-19   1.268062e-04   1.472142e-20   2208
  3.908608e-01   5.083204e-19   1.405255e-04   1.586541e-20   2196
  3.913207e-01   3.114088e-19   1.236152e-04   1.047015e-20   1848
  3.917886e-01   3.838474e-19   1.401960e-04   1.327216e-20   2124
  3.923120e-01   3.559398e-19   1.470626e-04   1.171721e-20   2328
  3.928231e-01   3.386481e-19   1.497225e-04   1.193050e-20   1920
  3.933200e-01   3.264786e-19   1.374435e-04   1.204064e-20   1548
  3.937619e-01   4.393448e-19   1.507712e-04   1.404136e-20   2388
  3.942832e-01   3.350256e-19   1.395210e-04   1.239206e-20   2160
  3.947606e-01   3.540314e-19   1.269906e-04   1.429726e-20   1704
  3.952179e-01   3.284122e-19   1.430661e-04   1.311318e-20   1776
  3.956506e-01   3.242048e-19   1.338203e-04   1.186174e-20   1800
  3.961977e-01   2.824800e-19   1.544832e-04   1.059222e-20   1700
  3.967087e-01   4.056102e-19   1.390936e-04   1.463776e-20   2292
  3.971846e-01   3.471134e-19   1.291201e-04   1.414339e-20   1704
  3.976337e-01   3.394217e-19   1.443780e-04   1.345862e-20   1728
  3.981255e-01   2.920115e-19   1.336251e-04   1.224704e-20   1728
  3.986075e-01   3.697903e-19   1.334994e-04   1.461908e-20   1680
  3.991202e-01   2.378169e-19   1.537953e-04   9.437751e-21   1704
  3.996310e-01   2.656770e-19   1.207753e-04   9.423605e-21   1752
  4.000877e-01   3.524188e-19   1.435789e-04   1.435881e-20   1872
  4.005817e-01   3.286317e-19   1.407232e-04   1.443210e-20   1500
  4.010829e-01   2.833195e-19   1.232237e-04   1.166558e-20   1656
  4.015697e-01   3.167055e-19   1.321192e-04   1.234835e-20   1464
  4.020023e-01   2.223988e-19   1.157232e-04   1.134476e-20   1488
  4.025329e-01   2.493477e-19   1.396693e-04   9.618529e-21   1680
  4.030178e-01   2.815572e-19   1.459194e-04   1.181999e-20   1692
  4.034716e-01   2.781557e-19   1.397252e-04   1.400913e-20   1128
  4.039751e-01   2.751652e-19   1.345433e-04   1.221663e-20   1536
  4.044663e-01   2.238139e-19   1.402479e-04   1.200098e-20   1616
  4.049637e-01   2.279420e-19   1.352429e-04   1.052661e-20   1476
  4.054650e-01   2.153438e-19   1.488381e-04   1.205847e-20   1176
  4.059124e-01   2.313633e-19   1.599107e-04   9.171837e-21   1656
  4.063997e-01   2.542224e-19   1.404668e-04   1.696128e-20   891
  4.069020e-01   2.011464e-19   1.497388e-04   7.744826e-21   1596
  4.073915e-01   1.933115e-19   1.305762e-04   9.766077e-21   1422
  4.078742e-01   1.976343e-19   1.252138e-04   9.079850e-21   1254
  4.083284e-01   1.561165e-19   1.279202e-04   7.027903e-21   918
  4.088148e-01   2.048378e-19   1.400009e-04   7.649996e-21   1614
  4.093049e-01   1.593277e-19   1.209347e-04   9.435338e-21   798
  4.097922e-01   1.542834e-19   1.550239e-04   6.681857e-21   1458
  4.102863e-01   1.713012e-19   1.419502e-04   6.728889e-21   1374
  4.107747e-01   1.373678e-19   1.212349e-04   7.160972e-21   984
  4.112591e-01   1.575333e-19   1.668024e-04   6.824546e-21   1062
  4.117525e-01   1.806240e-19   1.413965e-04   7.912923e-21   1246
  4.122317e-01   1.173574e-19   1.311095e-04   6.004215e-21   1072
  4.127436e-01   1.245587e-19   1.419832e-04   7.050161e-21   1110
  4.132166e-01   1.566941e-19   1.538182e-04   6.338754e-21   1254
  4.137139e-01   1.331630e-19   1.459816e-04   7.246173e-21   1032
  4.142557e-01   1.454578e-19   1.352509e-04   9.118472e-21   786
  4.146677e-01   1.438783e-19   1.386613e-04   5.981950e-21   1152
  4.151502e-01   1.178343e-19   1.511270e-04   5.558698e-21   1086
  4.156529e-01   8.333220e-20   1.363503e-04   3.197312e-21   912
  4.161175e-01   1.788917e-19   1.366785e-04   8.040949e-21   1062
  4.165917e-01   1.048964e-19   1.362355e-04   4.164818e-21   912
  4.171397e-01   8.848554e-20   1.520835e-04   4.630442e-21   750
  4.175668e-01   1.356337e-19   1.465336e-04   5.696845e-21   1200
  4.180611e-01   1.050359e-19   1.326977e-04   5.829886e-21   918
  4.185524e-01   8.991288e-20   1.377357e-04   4.361775e-21   876
  4.190517e-01   1.343975e-19   1.203534e-04   5.955609e-21   870
  4.194890e-01   1.097380e-19   1.403731e-04   5.185496e-21   768
  4.200015e-01   7.058971e-20   1.286594e-04   3.258072e-21   830
  4.204761e-01   1.052011e-19   1.332096e-04   4.799472e-21   1080
  4.209676e-01   9.697363e-20   1.498783e-04   4.602722e-21   840
  4.214632e-01   7.391251e-20   1.443163e-04   3.280954e-21   798
  4.220251e-01   1.293053e-19   1.145461e-04   6.800762e-21   792
  4.224609e-01   7.964019e-20   1.335978e-04   3.952885e-21   726
  4.229181e-01   6.205406e-20   1.497038e-04   2.139289e-21   864
  4.234189e-01   8.643547e-20   1.281430e-04   4.641357e-21   900
  4.239267e-01   6.606129e-20   1.424135e-04   2.639843e-21   726
  4.243623e-01   7.063783e-20   1.232527e-04   3.139249e-21   576
  4.249434e-01   8.203458e-20   1.282664e-04   4.101490e-21   840
  4.253523e-01   6.847121e-20   1.331485e-04   3.716586e-21   750
  4.258366e-01   6.139986e-20   1.335529e-04   2.808851e-21   720
  4.262936e-01   8.181716e-20   1.351090e-04   4.434756e-21   702
  4.268271e-01   7.062992e-20   1.475571e-04   3.323051e-21   696
  4.272662e-01   7.115631e-20   1.319621e-04   4.171370e-21   480
  4.277837e-01   6.896040e-20   1.250396e-04   3.463047e-21   830
  4.282419e-01   6.344945e-20   1.454616e-04   2.844759e-21   756
  4.287552e-01   6.364009e-20   1.396687e-04   3.193521e-21   624
  4.292083e-01   5.930770e-20   1.475796e-04   3.308076e-21   582
  4.297440e-01   7.246519e-20   1.132706e-04   4.183969e-21   576
  4.302073e-01   5.335825e-20   1.517064e-04   2.521923e-21   624
  4.306823e-01   6.032905e-20   1.238986e-04   2.979110e-21   702
  4.311525e-01   5.553951e-20   1.425165e-04   2.722912e-21   624
  4.317110e-01   6.089028e-20   1.378751e-04   2.889725e-21   672
  4.321659e-01   4.301975e-20   1.032125e-04   2.539922e-21   342
  4.326655e-01   5.714922e-20   1.290292e-04   3.328854e-21   660
  4.331249e-01   4.273971e-20   1.326364e-04   2.746606e-21   576
  4.335992e-01   4.790860e-20   1.289493e-04   2.860277e-21   600
  4.340787e-01   4.314983e-20   1.491476e-04   2.586558e-21   510
  4.346181e-01   5.226323e-20   1.397290e-04   2.625489e-21   600
  4.350341e-01   3.833612e-20   1.112888e-04   2.540581e-21   216
  4.355185e-01   4.226974e-20   1.354577e-04   1.957870e-21   758
  4.360833e-01   3.702599e-20   1.482975e-04   2.182506e-21   576
  4.365782e-01   4.626136e-20   1.259005e-04   2.302050e-21   528
  4.370248e-01   4.018586e-20   8.670054e-05   2.941456e-21   318
  4.375047e-01   4.889939e-20   1.497759e-04   2.445457e-21   540
  4.380721e-01   2.228846e-20   1.058893e-04   1.341601e-21   384
  4.384565e-01   4.104458e-20   1.463022e-04   2.275533e-21   576
  4.389570e-01   2.963970e-20   1.195560e-04   1.636117e-21   414
  4.394302e-01   4.197899e-20   1.335050e-04   2.381484e-21   504
  4.399357e-01   3.945052e-20   1.465573e-04   2.079900e-21   312
  4.404212e-01   3.735607e-20   1.327827e-04   2.582491e-21   414
  4.409029e-01   2.563330e-20   1.226699e-04   1.401493e-21   432
  4.413512e-01   3.099042e-20   1.624587e-04   1.734159e-21   504
  4.418701e-01   3.451226e-20   1.564660e-04   1.967871e-21   432
  4.423558e-01   3.059055e-20   1.281691e-04   1.668004e-21   354
  4.428506e-01   3.477885e-20   1.865017e-04   2.610742e-21   200
  4.432750e-01   2.503962e-20   1.323290e-04   1.476495e-21   480
  4.438485e-01   2.568873e-20   1.512148e-04   1.375689e-21   552
  4.443745e-01   2.595399e-20   9.419478e-05   1.803597e-21   366
  4.447799e-01   3.275108e-20   1.002751e-04   3.204570e-21   240
  4.452261e-01   3.221820e-20   1.401886e-04   1.759134e-21   288
  4.458541e-01   2.430517e-20   9.634579e-05   1.541088e-21   366
  4.462600e-01   1.925092e-20   1.562070e-04   1.076339e-21   408
  4.467132e-01   2.201898e-20   1.174273e-04   1.570113e-21   360
  4.471820e-01   2.396982e-20   1.094619e-04   1.422594e-21   324
  4.476367e-01   2.483425e-20   1.292780e-04   1.939722e-21   174
  4.481783e-01   2.229654e-20   1.485222e-04   1.601632e-21   264
  4.486867e-01   1.913332e-20   1.354596e-04   1.233819e-21   456
  4.491937e-01   1.966647e-20   1.362099e-04   1.235568e-21   360
  4.496105e-01   1.848242e-20   1.500483e-04   1.436176e-21   270
  4.501209e-01   2.378494e-20   1.641082e-04   1.824533e-21   240
  4.507604e-01   3.082255e-20   1.195905e-04   2.530461e-21   120
  4.510747e-01   9.789945e-21   1.248485e-04   6.015295e-22   320
  4.515822e-01   1.690049e-20   1.544785e-04   8.221540e-22   462
  4.521137e-01   1.730482e-20   8.987666e-05   1.040848e-21   276
  4.525754e-01   1.932872e-20   1.019637e-04   1.615178e-21   144
  4.530202e-01   2.553901e-20   1.070818e-04   2.559065e-21   120
  4.536115e-01   1.125267e-20   8.108908e-05   6.256994e-22   294
  4.540583e-01   1.418007e-20   1.438563e-04   8.819873e-22   384
  4.544753e-01   1.246676e-20   9.523196e-05   8.031282e-22   216
  4.548743e-01   2.024150e-20   8.843896e-05   1.656846e-21   168
  4.553251e-01   1.668033e-20   1.052282e-04   1.688044e-21   102
  4.559768e-01   1.260763e-20   1.596520e-04   1.082810e-21   168
  4.564337e-01   1.184185e-20   1.397340e-04   6.926243e-22   384
  4.569346e-01   1.376959e-20   1.419732e-04   1.152468e-21   300
  4.574008e-01   1.415510e-20   1.520225e-04   9.917822e-22   144
  4.579263e-01   1.586929e-20   1.556925e-04   1.596359e-21   102
  4.585568e-01   1.718674e-20   3.685588e-05   2.172285e-21   56
  4.588590e-01   7.538622e-21   1.199932e-04   4.802698e-22   288
  4.593328e-01   9.515818e-21   1.561557e-04   4.463042e-22   360
  4.598487e-01   9.627098e-21   8.376686e-05   7.319022e-22   126
  4.602834e-01   9.657113e-21   4.125612e-05   1.075299e-21   72
  4.607572e-01   1.602824e-20   2.185755e-05   1.848868e-21   48
  4.613754e-01   6.388242e-21   8.842417e-05   4.853521e-22   240
  4.617816e-01   9.330868e-21   1.311982e-04   5.420282e-22   306
  4.621975e-01   1.052014e-20   7.291699e-05   9.601295e-22   120
  4.626766e-01   1.383632e-20   1.794585e-04   1.541527e-21   96
  4.630248e-01   1.704484e-20   0.000000e+00   2.023363e-21   24
  4.638071e-01   5.416765e-21   1.554065e-04   5.829864e-22   120
  4.641905e-01   6.145213e-21   1.343981e-04   3.725024e-22   318
  4.646594e-01   9.310675e-21   1.436227e-04   5.856543e-22   168
  4.651731e-01   1.188939e-20   1.541232e-04   1.120338e-21   72
  4.657357e-01   8.256680e-21   0.000000e+00   1.089294e-21   24
  4.663408e-01   7.957629e-21   7.481195e-05   2.142337e-21   14
  4.666286e-01   4.407769e-21   1.179951e-04   2.471309e-22   288
  4.670757e-01   6.006746e-21   1.419546e-04   4.731666e-22   204
  4.675916e-01   1.053299e-20   2.153808e-05   1.362786e-21   48
  4.680007e-01   1.820899e-20   0.000000e+00   3.513421e-21   24
  4.684739e-01   8.676200e-21   0.000000e+00   1.786397e-21   6
  4.691541e-01   3.473570e-21   8.821950e-05   2.586980e-22   216
  4.695046e-01   5.541547e-21   1.174842e-04   3.989865e-22   192
  4.699334e-01   4.671583e-21   2.143075e-05   8.284553e-22   48
  4.703832e-01   1.202058e-20   1.712353e-04   1.560946e-21   30
  4.716555e-01   3.427743e-21   3.540978e-05   3.299922e-22   96
  4.719167e-01   3.391541e-21   1.160286e-04   2.066369e-22   228
  4.724128e-01   6.733942e-21   1.517284e-04   8.422439e-22   72
  4.730094e-01   7.153300e-21   0.000000e+00   2.564206e-21   6
  4.743680e-01   3.258046e-21   1.145631e-04   2.076997e-22   248
  4.748016e-01   3.888958e-21   1.311235e-04   4.542342e-22   72
  4.753245e-01   3.825382e-21   7.266090e-09   1.048049e-21   6
  4.769053e-01   2.104385e-21   8.141014e-05   1.531977e-22   180
  4.772205e-01   3.503197e-21   1.107713e-04   3.472516e-22   72
  4.776705e-01   2.240205e-21   0.000000e+00   7.451344e-22   6
  4.794278e-01   1.754313e-21   3.483570e-05   1.950435e-22   96
  4.796378e-01   2.099915e-21   9.563861e-05   1.977223e-22   96
  4.800471e-01   1.058134e-20   0.000000e+00   4.765706e-22   6
  4.820778e-01   1.405149e-21   9.153355e-05   1.069809e-22   140
  4.824537e-01   1.958718e-21   0.000000e+00   2.985018e-22   6
  4.846301e-01   1.277414e-21   6.146888e-05   1.536595e-22   96
  4.848898e-01   2.185544e-21   0.000000e+00   4.621118e-22   6
  4.871898e-01   9.495518e-22   3.697860e-05   1.159861e-22   60
  4.873552e-01   1.074344e-21   0.000000e+00   3.295823e-22   6
  4.897713e-01   4.139900e-22   3.748867e-05   6.491138e-23   38
  4.923442e-01   3.487468e-22   1.928513e-05   8.490317e-23   18
  4.949217e-01   7.828117e-23   7.266090e-09   2.171431e-23   6
