# power spectrum of pi_k * H (dimensionless)
# redshift z=19.720714
# k              Pk             sigma(k)       sigma(Pk)      count
  4.487990e-03   1.535098e-10   0.000000e+00   6.187905e-11   6
  6.346976e-03   9.199055e-11   0.000000e+00   1.836125e-11   12
  7.773426e-03   6.994178e-11   8.514949e-11   1.424068e-11   8
  8.975979e-03   2.349351e-10   0.000000e+00   2.527483e-11   6
  1.003545e-02   1.640243e-10   1.605594e-10   5.228614e-11   24
  1.099328e-02   2.349065e-10   1.605594e-10   3.958588e-11   24
  1.269395e-02   1.049810e-10   0.000000e+00   4.723881e-11   12
  1.346397e-02   1.218519e-10   1.816523e-10   2.240956e-11   30
  1.419227e-02   1.530535e-10   0.000000e+00   3.372672e-11   24
  1.488498e-02   1.393236e-10   2.780971e-10   3.454940e-11   24
  1.554685e-02   1.619082e-10   1.702990e-10   3.281324e-11   8
  1.618168e-02   1.373895e-10   2.270653e-10   1.708205e-11   24
  1.679252e-02   1.289423e-10   0.000000e+00   1.812427e-11   48
  1.795196e-02   1.533459e-10   0.000000e+00   6.743455e-11   6
  1.850445e-02   1.217796e-10   2.270653e-10   1.708708e-11   48
  1.904093e-02   1.129055e-10   2.140792e-10   1.176136e-11   36
  1.956269e-02   1.611537e-10   2.270653e-10   3.371557e-11   24
  2.007090e-02   9.481697e-11   3.211188e-10   1.630098e-11   24
  2.056655e-02   8.459540e-11   0.000000e+00   1.149522e-11   48
  2.105054e-02   1.299744e-10   3.211188e-10   1.850156e-11   24
  2.198657e-02   1.034506e-10   3.211188e-10   1.626512e-11   24
  2.243995e-02   7.046702e-11   0.000000e+00   1.153527e-11   30
  2.288435e-02   7.523539e-11   0.000000e+00   8.288688e-12   72
  2.332028e-02   7.365016e-11   3.405980e-10   1.502396e-11   32
  2.416856e-02   9.673134e-11   0.000000e+00   1.119698e-11   72
  2.458173e-02   5.921228e-11   0.000000e+00   8.661035e-12   48
  2.538790e-02   3.104577e-11   0.000000e+00   9.229414e-12   12
  2.597539e-02   5.759874e-11   1.938570e-04   5.329430e-12   96
  2.655130e-02   7.151462e-11   3.211188e-10   9.027837e-12   48
  2.692794e-02   8.554685e-11   3.633045e-10   1.498071e-11   30
  2.757421e-02   7.789915e-11   1.586779e-04   7.346233e-12   96
  2.838454e-02   4.613778e-11   0.000000e+00   8.760711e-12   24
  2.885327e-02   6.412180e-11   1.642099e-04   5.184835e-12   144
  2.942972e-02   4.420466e-11   5.561942e-10   1.084943e-11   24
  3.002225e-02   6.534700e-11   1.456630e-04   7.440417e-12   96
  3.043903e-02   5.728141e-11   0.000000e+00   8.817524e-12   48
  3.137435e-02   6.912421e-11   1.080207e-04   7.835229e-12   62
  3.184971e-02   4.985527e-11   1.519035e-04   5.988688e-12   132
  3.236335e-02   3.263412e-11   4.541306e-10   5.814896e-12   24
  3.284837e-02   5.092811e-11   1.518246e-04   4.312543e-12   168
  3.373431e-02   5.837902e-11   1.492698e-04   4.875476e-12   96
  3.439955e-02   3.925516e-11   1.270423e-04   3.712165e-12   96
  3.521583e-02   4.040123e-11   1.416056e-04   3.329317e-12   168
  3.590392e-02   5.609084e-11   0.000000e+00   2.462138e-11   6
  3.618333e-02   4.452228e-11   0.000000e+00   4.341052e-12   96
  3.651563e-02   4.236528e-11   1.100713e-04   4.175019e-12   120
  3.718966e-02   3.359078e-11   1.278125e-04   2.643339e-12   144
  3.754921e-02   3.804936e-11   0.000000e+00   5.135225e-12   48
  3.823245e-02   3.385275e-11   1.304211e-04   3.626711e-12   84
  3.860715e-02   3.711153e-11   8.899106e-10   3.323448e-12   120
  3.894461e-02   2.841266e-11   1.183479e-04   3.260005e-12   80
  3.946692e-02   2.678934e-11   1.201620e-04   1.963516e-12   144
  4.014180e-02   3.379809e-11   6.422377e-10   6.272778e-12   24
  4.047145e-02   3.668119e-11   1.159510e-04   3.063609e-12   150
  4.098576e-02   3.269132e-11   1.203057e-04   2.389530e-12   120
  4.155056e-02   2.954836e-11   1.096333e-04   2.508696e-12   168
  4.210107e-02   4.246049e-11   6.422377e-10   7.088173e-12   24
  4.244743e-02   2.526593e-11   1.181082e-04   1.604857e-12   264
  4.281269e-02   2.038517e-11   6.422377e-10   2.858395e-12   48
  4.343532e-02   2.576092e-11   1.093985e-04   2.114407e-12   144
  4.412543e-02   3.091312e-11   1.076845e-04   3.752702e-12   72
  4.451927e-02   2.454916e-11   1.107671e-04   1.563100e-12   180
  4.506982e-02   2.570437e-11   8.025835e-05   1.905176e-12   198
  4.532647e-02   2.760675e-11   0.000000e+00   3.068796e-12   48
  4.589413e-02   2.187676e-11   1.086319e-04   1.647569e-12   168
  4.631540e-02   2.547573e-11   1.087222e-04   2.330376e-12   144
  4.695270e-02   2.375219e-11   1.527607e-04   1.248130e-12   248
  4.781330e-02   1.661338e-11   1.053161e-04   1.167639e-12   192
  4.839932e-02   2.156885e-11   1.626762e-04   1.412802e-12   240
  4.875204e-02   2.353678e-11   0.000000e+00   2.550719e-12   72
  4.929001e-02   2.422540e-11   9.927197e-05   2.121953e-12   126
  4.962939e-02   2.551004e-11   9.159181e-05   2.007245e-12   168
  5.027740e-02   2.389228e-11   1.001546e-04   1.329721e-12   288
  5.095853e-02   2.148610e-11   5.274950e-05   1.846882e-12   156
  5.131126e-02   1.841248e-11   8.873998e-05   1.597271e-12   168
  5.184617e-02   1.924015e-11   1.521290e-04   1.189041e-12   264
  5.233850e-02   1.753206e-11   0.000000e+00   2.136877e-12   48
  5.270435e-02   1.796284e-11   1.514052e-04   1.173668e-12   264
  5.322882e-02   1.838665e-11   8.924381e-05   1.529972e-12   144
  5.362492e-02   1.988026e-11   1.825884e-04   2.253501e-12   78
  5.420192e-02   1.643556e-11   1.186900e-04   9.107643e-13   336
  5.474604e-02   1.515548e-11   9.030373e-05   1.031824e-12   200
  5.510338e-02   1.467075e-11   1.768159e-04   1.114434e-12   192
  5.558581e-02   1.798381e-11   8.873069e-05   1.271100e-12   240
  5.602902e-02   1.927255e-11   1.778215e-04   1.341991e-12   168
  5.648434e-02   1.577470e-11   1.423690e-04   1.357977e-12   120
  5.703118e-02   1.719543e-11   1.112738e-04   9.094414e-13   324
  5.756179e-02   1.532406e-11   8.748012e-05   1.040544e-12   192
  5.792293e-02   1.688877e-11   1.568908e-04   1.214314e-12   168
  5.853721e-02   1.295607e-11   1.292197e-04   7.054537e-13   342
  5.909109e-02   1.759885e-11   1.040479e-04   9.101840e-13   336
  5.965251e-02   1.930985e-11   7.962394e-05   2.097790e-12   72
  6.003109e-02   1.540567e-11   1.273478e-04   1.023440e-12   288
  6.047058e-02   1.506675e-11   8.293768e-05   1.089147e-12   264
  6.108439e-02   1.335131e-11   1.090835e-04   7.263242e-13   384
  6.163419e-02   1.390539e-11   1.309286e-04   1.049319e-12   240
  6.186267e-02   1.418081e-11   0.000000e+00   1.729517e-12   48
  6.252352e-02   1.414817e-11   1.071736e-04   7.111149e-13   392
  6.302771e-02   1.305376e-11   1.176177e-04   7.430400e-13   294
  6.356985e-02   1.292910e-11   7.644534e-05   9.730160e-13   228
  6.392640e-02   1.513474e-11   1.160935e-04   9.858482e-13   216
  6.437004e-02   1.259014e-11   7.071608e-05   6.689288e-13   336
  6.491309e-02   1.319840e-11   8.402231e-05   7.469493e-13   360
  6.536140e-02   1.413529e-11   1.280140e-04   8.731475e-13   240
  6.582853e-02   1.325414e-11   1.514699e-04   9.398408e-13   168
  6.626426e-02   1.165929e-11   1.192252e-04   6.602670e-13   312
  6.678338e-02   1.178743e-11   7.461529e-05   5.949217e-13   336
  6.734419e-02   1.253273e-11   1.017891e-04   7.649745e-13   294
  6.776702e-02   1.404152e-11   1.356641e-04   8.655145e-13   288
  6.809058e-02   9.874717e-12   8.488954e-05   6.410225e-13   264
  6.866755e-02   1.141544e-11   1.458184e-04   5.689917e-13   480
  6.914996e-02   1.257277e-11   7.133389e-05   7.494858e-13   240
  6.974139e-02   1.233227e-11   7.213111e-05   7.167278e-13   276
  7.020800e-02   1.127930e-11   1.583420e-04   4.744890e-13   488
  7.076234e-02   1.259258e-11   6.973720e-05   1.105199e-12   240
  7.108411e-02   1.156499e-11   1.354117e-04   5.801947e-13   360
  7.153530e-02   9.727074e-12   4.817743e-05   7.135640e-13   198
  7.211554e-02   9.380935e-12   1.627935e-04   4.059913e-13   480
  7.254038e-02   9.378603e-12   6.008787e-05   5.629627e-13   288
  7.312796e-02   1.071290e-11   1.270121e-04   5.116079e-13   480
  7.365633e-02   1.071425e-11   7.825550e-05   4.646272e-13   480
  7.419894e-02   9.357213e-12   1.012105e-04   6.177650e-13   288
  7.453749e-02   1.062841e-11   1.079729e-04   6.083170e-13   288
  7.506996e-02   9.795594e-12   1.877112e-04   4.774762e-13   456
  7.560610e-02   1.085493e-11   1.767802e-04   5.424711e-13   360
  7.595177e-02   9.649129e-12   1.059672e-04   6.027344e-13   180
  7.645202e-02   8.116192e-12   1.154112e-04   3.465944e-13   486
  7.695907e-02   9.145282e-12   1.535340e-04   4.129420e-13   504
  7.747462e-02   9.635534e-12   1.192882e-04   4.520084e-13   456
  7.790209e-02   9.011200e-12   9.910745e-05   5.238681e-13   296
  7.846686e-02   8.602453e-12   9.779604e-05   3.748196e-13   528
  7.889160e-02   8.629826e-12   9.649931e-05   4.332628e-13   336
  7.951717e-02   8.460180e-12   1.070358e-04   3.509906e-13   600
  7.997507e-02   7.039118e-12   6.270729e-05   4.166434e-13   264
  8.043396e-02   8.183162e-12   6.781049e-05   4.008415e-13   360
  8.090234e-02   7.890425e-12   1.357633e-04   3.449478e-13   630
  8.141847e-02   9.189383e-12   7.007974e-05   4.335495e-13   432
  8.187631e-02   8.696814e-12   1.350259e-04   4.243843e-13   408
  8.243827e-02   7.756504e-12   8.962194e-05   4.183094e-13   324
  8.285635e-02   7.342117e-12   1.277222e-04   2.762332e-13   744
  8.336064e-02   6.817629e-12   1.021054e-04   3.792431e-13   336
  8.384245e-02   7.964898e-12   1.403689e-04   3.428309e-13   528
  8.437080e-02   6.676458e-12   7.162045e-05   3.683108e-13   408
  8.472109e-02   6.412134e-12   1.218981e-04   3.136663e-13   408
  8.529988e-02   6.591195e-12   1.006308e-04   3.020134e-13   470
  8.572148e-02   7.082409e-12   1.208902e-04   3.258719e-13   528
  8.631019e-02   5.959283e-12   1.007343e-04   2.249686e-13   624
  8.674381e-02   6.785122e-12   7.664930e-05   3.195089e-13   504
  8.719116e-02   5.792380e-12   1.067668e-04   2.451393e-13   552
  8.763489e-02   6.238103e-12   5.190111e-05   3.139832e-13   336
  8.819051e-02   6.696168e-12   1.104770e-04   3.008718e-13   528
  8.862093e-02   6.183451e-12   1.257802e-04   2.469097e-13   564
  8.912507e-02   5.669647e-12   1.157674e-04   2.715228e-13   528
  8.967166e-02   6.366609e-12   1.797324e-04   2.747230e-13   582
  9.016871e-02   5.867179e-12   1.383668e-04   2.376829e-13   624
  9.060342e-02   5.647329e-12   1.581799e-04   2.867417e-13   432
  9.112208e-02   5.825632e-12   1.759475e-04   1.972555e-13   816
  9.165576e-02   5.894015e-12   8.018898e-05   3.344425e-13   312
  9.200488e-02   5.068606e-12   1.299641e-04   2.209336e-13   552
  9.256787e-02   5.334241e-12   8.185444e-05   1.988437e-13   744
  9.297574e-02   5.650746e-12   7.646869e-05   3.092155e-13   408
  9.350218e-02   4.946331e-12   1.095830e-04   2.048261e-13   632
  9.404906e-02   5.607199e-12   1.860997e-04   2.116533e-13   750
  9.449396e-02   5.815527e-12   1.280227e-04   3.136710e-13   312
  9.498974e-02   5.113535e-12   1.890077e-04   1.767302e-13   876
  9.548011e-02   4.234872e-12   1.234108e-04   1.733288e-13   552
  9.603265e-02   4.894200e-12   1.020603e-04   1.918363e-13   696
  9.640905e-02   4.957790e-12   1.126552e-04   2.190699e-13   576
  9.692128e-02   4.476229e-12   1.192748e-04   2.079848e-13   576
  9.735848e-02   4.780919e-12   1.598285e-04   1.893547e-13   648
  9.788685e-02   4.748830e-12   1.599783e-04   1.769442e-13   672
  9.847019e-02   4.587466e-12   6.785687e-05   2.190221e-13   480
  9.884355e-02   4.223663e-12   1.050846e-04   1.528400e-13   726
  9.932431e-02   4.653918e-12   1.190745e-04   1.694479e-13   792
  9.984502e-02   4.276383e-12   1.651878e-04   1.578764e-13   768
  1.003938e-01   4.445644e-12   1.350017e-04   1.679951e-13   672
  1.008970e-01   4.258217e-12   9.055629e-05   1.673976e-13   608
  1.012613e-01   3.952003e-12   8.693679e-05   1.555976e-13   624
  1.017809e-01   3.899584e-12   1.129736e-04   1.416139e-13   684
  1.022864e-01   3.925816e-12   1.668752e-04   1.375967e-13   768
  1.027568e-01   4.094740e-12   1.334155e-04   1.405633e-13   744
  1.033173e-01   3.785479e-12   8.400635e-05   1.317748e-13   750
  1.037259e-01   3.602273e-12   1.248642e-04   1.624733e-13   600
  1.041677e-01   3.784683e-12   1.325833e-04   1.564707e-13   600
  1.047135e-01   3.785150e-12   1.527941e-04   1.193821e-13   1008
  1.051470e-01   3.817610e-12   8.474486e-05   1.452824e-13   696
  1.056273e-01   3.916117e-12   1.119517e-04   1.654773e-13   624
  1.061102e-01   3.683559e-12   1.742111e-04   1.400126e-13   840
  1.066588e-01   3.909840e-12   1.185366e-04   1.382157e-13   816
  1.071038e-01   3.417173e-12   7.873478e-05   1.164366e-13   744
  1.075531e-01   3.503161e-12   1.391901e-04   1.497891e-13   510
  1.080960e-01   3.595420e-12   1.336339e-04   1.155494e-13   1020
  1.086012e-01   3.552376e-12   1.078294e-04   1.169069e-13   912
  1.090992e-01   3.617645e-12   1.597552e-04   1.301515e-13   752
  1.095110e-01   3.453586e-12   1.325595e-04   1.380880e-13   888
  1.100730e-01   3.328645e-12   8.554013e-05   1.183444e-13   768
  1.105327e-01   3.253860e-12   1.554339e-04   1.171259e-13   720
  1.110617e-01   3.269675e-12   1.370195e-04   1.079111e-13   1056
  1.115309e-01   3.286457e-12   9.479589e-05   1.470213e-13   504
  1.119154e-01   2.856602e-12   1.480257e-04   1.091622e-13   774
  1.124652e-01   3.200114e-12   1.423615e-04   9.920166e-14   1272
  1.129816e-01   3.254644e-12   9.326921e-05   1.277569e-13   744
  1.134632e-01   2.978763e-12   1.523027e-04   1.106805e-13   768
  1.139050e-01   3.105354e-12   1.288282e-04   1.068517e-13   840
  1.144011e-01   3.152930e-12   8.734207e-05   1.021592e-13   924
  1.148789e-01   3.027090e-12   1.539839e-04   1.001327e-13   936
  1.153484e-01   2.783262e-12   1.070130e-04   9.133066e-14   840
  1.158214e-01   3.026467e-12   1.272259e-04   9.530734e-14   1008
  1.164225e-01   2.766263e-12   1.436262e-04   1.040585e-13   696
  1.167996e-01   2.751253e-12   1.276589e-04   9.307090e-14   974
  1.173599e-01   2.973241e-12   1.695459e-04   8.761045e-14   1152
  1.178471e-01   2.842359e-12   6.634378e-05   9.756929e-14   816
  1.182260e-01   2.705508e-12   1.459488e-04   9.296244e-14   816
  1.187357e-01   2.805932e-12   1.288794e-04   8.546070e-14   1152
  1.192732e-01   2.778364e-12   1.160356e-04   9.106284e-14   912
  1.197621e-01   2.909371e-12   1.409833e-04   9.165963e-14   1056
  1.201806e-01   2.779762e-12   1.205660e-04   1.205983e-13   624
  1.207435e-01   2.655253e-12   1.506027e-04   8.043945e-14   1260
  1.212292e-01   2.716080e-12   9.083716e-05   9.160490e-14   894
  1.217037e-01   2.865252e-12   1.556364e-04   8.082838e-14   1176
  1.221783e-01   2.539381e-12   1.288208e-04   9.814748e-14   840
  1.227186e-01   2.629365e-12   1.464236e-04   6.796589e-14   1440
  1.232859e-01   2.408241e-12   8.232021e-05   7.927051e-14   864
  1.237160e-01   2.678223e-12   1.412655e-04   8.577533e-14   1056
  1.241441e-01   2.758022e-12   8.328830e-05   1.178417e-13   624
  1.246641e-01   2.509283e-12   1.542356e-04   6.479475e-14   1496
  1.251612e-01   2.536002e-12   1.088958e-04   1.009448e-13   936
  1.256039e-01   2.396901e-12   1.576468e-04   7.896317e-14   966
  1.260801e-01   2.426643e-12   1.117465e-04   8.079111e-14   936
  1.265804e-01   2.534588e-12   1.382244e-04   7.124674e-14   1248
  1.270926e-01   2.337677e-12   9.744205e-05   7.227940e-14   1044
  1.275698e-01   2.282561e-12   1.509409e-04   6.633898e-14   1392
  1.279478e-01   2.265996e-12   1.162549e-04   8.921207e-14   600
  1.284885e-01   2.200490e-12   1.320778e-04   5.851534e-14   1416
  1.289955e-01   2.290735e-12   1.421656e-04   6.707098e-14   1152
  1.295092e-01   2.214391e-12   1.363856e-04   7.183800e-14   936
  1.299230e-01   2.225280e-12   1.462802e-04   7.667137e-14   870
  1.304147e-01   2.355236e-12   1.226502e-04   6.861572e-14   1368
  1.309604e-01   2.255656e-12   1.612530e-04   5.822463e-14   1632
  1.314267e-01   2.422546e-12   7.000699e-05   8.572170e-14   816
  1.319315e-01   2.182155e-12   1.597143e-04   6.262848e-14   1200
  1.323720e-01   2.216433e-12   1.527057e-04   6.394963e-14   1184
  1.328194e-01   2.346990e-12   1.158936e-04   7.605875e-14   984
  1.333683e-01   2.099583e-12   1.414942e-04   5.621704e-14   1572
  1.338659e-01   2.290237e-12   7.792333e-05   8.650869e-14   840
  1.343297e-01   2.000591e-12   1.812138e-04   5.522527e-14   1392
  1.348193e-01   2.031933e-12   1.330470e-04   6.510806e-14   1158
  1.352564e-01   2.153131e-12   1.211496e-04   6.334415e-14   1272
  1.357826e-01   2.169892e-12   1.234623e-04   6.298290e-14   1320
  1.362769e-01   2.014310e-12   1.208065e-04   6.327513e-14   1104
  1.367472e-01   1.994050e-12   1.367360e-04   5.852839e-14   1392
  1.372408e-01   1.860732e-12   1.478938e-04   5.448446e-14   1296
  1.377492e-01   1.876383e-12   1.544255e-04   5.165625e-14   1392
  1.382262e-01   1.876847e-12   1.132835e-04   5.827277e-14   1104
  1.386675e-01   1.842278e-12   1.426913e-04   4.999079e-14   1320
  1.392961e-01   1.870027e-12   1.089713e-04   5.270752e-14   1422
  1.396977e-01   1.894947e-12   1.357176e-04   6.091370e-14   1212
  1.401589e-01   1.772185e-12   1.483027e-04   5.082221e-14   1280
  1.406327e-01   1.896033e-12   1.544235e-04   5.456898e-14   1272
  1.410869e-01   1.906661e-12   1.336382e-04   4.821524e-14   1680
  1.416252e-01   1.629010e-12   1.262633e-04   5.235617e-14   1152
  1.421207e-01   1.727629e-12   1.462174e-04   4.382766e-14   1512
  1.426417e-01   1.657397e-12   6.173239e-05   5.874441e-14   912
  1.430535e-01   1.698359e-12   1.556147e-04   4.146005e-14   1680
  1.436012e-01   1.537011e-12   1.378563e-04   4.094298e-14   1518
  1.440071e-01   1.724675e-12   1.276288e-04   5.295603e-14   1056
  1.444347e-01   1.636498e-12   1.288698e-04   4.242246e-14   1344
  1.449875e-01   1.859342e-12   1.383780e-04   4.685966e-14   1680
  1.454876e-01   1.578476e-12   1.363571e-04   4.235833e-14   1656
  1.460341e-01   1.584978e-12   1.159057e-04   5.661556e-14   1140
  1.464444e-01   1.525017e-12   1.342100e-04   4.456362e-14   1368
  1.469271e-01   1.520088e-12   1.526647e-04   4.005862e-14   1656
  1.474179e-01   1.552694e-12   1.563614e-04   4.439795e-14   1448
  1.479520e-01   1.473323e-12   1.468912e-04   3.889648e-14   1422
  1.484453e-01   1.563870e-12   1.621619e-04   4.313717e-14   1512
  1.488673e-01   1.568329e-12   1.236275e-04   4.726859e-14   1296
  1.493554e-01   1.467772e-12   1.128801e-04   3.806735e-14   1824
  1.498832e-01   1.435806e-12   1.463660e-04   3.825863e-14   1464
  1.504163e-01   1.324263e-12   1.306107e-04   3.102284e-14   1824
  1.509111e-01   1.463749e-12   1.038421e-04   4.004620e-14   1416
  1.513416e-01   1.339788e-12   1.521007e-04   3.745019e-14   1392
  1.518062e-01   1.351989e-12   1.403562e-04   3.714777e-14   1464
  1.523732e-01   1.242960e-12   1.372200e-04   3.522358e-14   1524
  1.528113e-01   1.310087e-12   1.264504e-04   3.593123e-14   1686
  1.533176e-01   1.309693e-12   1.505644e-04   3.429895e-14   1800
  1.537528e-01   1.449791e-12   1.195338e-04   4.750055e-14   1344
  1.542356e-01   1.313441e-12   1.394596e-04   3.662597e-14   1656
  1.547196e-01   1.315012e-12   1.113514e-04   3.457541e-14   1488
  1.551402e-01   1.343880e-12   1.111701e-04   3.501090e-14   1536
  1.557262e-01   1.231741e-12   1.234973e-04   3.318692e-14   1760
  1.561802e-01   1.161559e-12   1.373667e-04   2.834497e-14   1824
  1.567053e-01   1.296352e-12   1.152763e-04   3.488605e-14   1560
  1.572105e-01   1.276106e-12   1.324056e-04   3.428697e-14   1926
  1.576857e-01   1.278335e-12   9.415777e-05   3.966969e-14   1272
  1.581194e-01   1.181315e-12   1.582320e-04   3.030994e-14   1848
  1.586895e-01   1.199514e-12   1.278379e-04   2.883779e-14   1908
  1.591231e-01   1.206493e-12   1.246890e-04   3.428131e-14   1488
  1.595806e-01   1.084216e-12   1.406224e-04   2.890952e-14   1800
  1.600766e-01   1.100385e-12   1.407610e-04   2.814234e-14   1752
  1.605517e-01   1.080964e-12   1.496769e-04   3.040854e-14   1368
  1.610272e-01   1.097068e-12   1.406675e-04   2.457057e-14   2016
  1.615501e-01   1.162418e-12   1.485794e-04   3.196867e-14   1542
  1.620327e-01   1.077527e-12   1.454994e-04   2.681479e-14   2184
  1.625669e-01   1.132458e-12   1.330990e-04   2.819384e-14   1776
  1.630283e-01   1.051889e-12   1.521522e-04   2.948708e-14   1568
  1.634682e-01   1.094277e-12   1.390081e-04   2.762743e-14   2040
  1.639468e-01   1.116365e-12   1.486121e-04   2.887998e-14   1704
  1.644478e-01   9.905255e-13   1.489728e-04   2.705104e-14   1512
  1.649202e-01   1.025972e-12   1.270742e-04   2.376282e-14   2028
  1.654509e-01   1.019156e-12   1.532841e-04   2.389849e-14   1968
  1.659362e-01   9.604892e-13   1.554838e-04   2.394277e-14   1854
  1.664110e-01   1.020799e-12   1.482240e-04   2.715092e-14   1632
  1.668977e-01   1.013359e-12   1.523128e-04   2.261886e-14   2424
  1.674021e-01   9.953080e-13   1.524713e-04   2.685249e-14   1560
  1.678285e-01   1.000971e-12   1.440852e-04   2.455351e-14   1728
  1.683437e-01   9.579706e-13   1.538043e-04   2.434051e-14   2088
  1.688623e-01   8.777539e-13   1.464052e-04   2.123959e-14   1968
  1.693394e-01   9.174915e-13   1.449552e-04   2.347684e-14   2256
  1.698178e-01   9.222448e-13   1.288813e-04   2.260543e-14   1728
  1.703172e-01   9.103977e-13   1.270494e-04   2.616619e-14   1416
  1.707596e-01   9.614281e-13   1.339356e-04   2.131621e-14   2246
  1.712606e-01   9.316022e-13   1.483321e-04   2.380903e-14   2148
  1.717398e-01   9.494701e-13   1.252967e-04   2.708766e-14   1680
  1.721909e-01   9.051186e-13   1.584012e-04   1.913285e-14   2280
  1.727331e-01   9.115238e-13   1.475065e-04   2.073145e-14   2352
  1.732395e-01   8.516708e-13   1.239422e-04   2.188652e-14   1632
  1.736402e-01   8.928788e-13   1.418228e-04   2.221075e-14   1968
  1.741900e-01   8.182085e-13   1.455103e-04   2.077368e-14   2112
  1.746998e-01   8.533022e-13   1.093039e-04   2.167566e-14   2208
  1.751952e-01   8.312695e-13   1.102112e-04   1.999803e-14   1974
  1.755862e-01   8.477513e-13   1.078165e-04   2.140468e-14   1944
  1.761144e-01   8.823047e-13   1.219820e-04   2.080668e-14   2160
  1.765722e-01   8.384668e-13   1.140807e-04   2.108541e-14   2040
  1.770670e-01   8.707283e-13   1.596015e-04   2.135994e-14   2352
  1.775745e-01   8.706533e-13   1.325904e-04   2.140357e-14   1836
  1.780376e-01   8.054673e-13   1.414413e-04   1.855977e-14   2352
  1.785577e-01   7.588285e-13   1.483527e-04   1.821423e-14   2008
  1.790344e-01   8.026687e-13   1.459431e-04   1.829029e-14   2464
  1.795659e-01   7.764247e-13   1.177095e-04   1.815154e-14   2118
  1.800019e-01   7.950269e-13   1.183276e-04   2.192259e-14   1848
  1.804507e-01   8.966108e-13   1.565861e-04   2.296849e-14   2280
  1.809928e-01   8.315363e-13   1.489508e-04   1.917131e-14   2472
  1.814993e-01   7.323712e-13   9.953927e-05   1.728506e-14   2280
  1.819245e-01   8.319867e-13   1.216700e-04   2.186287e-14   1992
  1.823831e-01   7.858225e-13   1.279126e-04   1.823500e-14   2184
  1.829118e-01   7.011090e-13   1.543068e-04   1.647395e-14   2352
  1.834214e-01   7.676937e-13   1.626118e-04   1.693385e-14   2496
  1.839203e-01   7.234052e-13   1.518813e-04   1.920352e-14   1770
  1.843678e-01   8.093403e-13   1.310496e-04   1.890282e-14   2568
  1.849057e-01   7.825448e-13   1.607377e-04   1.810122e-14   2712
  1.853947e-01   7.916453e-13   1.276489e-04   1.899510e-14   2448
  1.858830e-01   7.685293e-13   1.076015e-04   1.913597e-14   2064
  1.862881e-01   7.458699e-13   1.135758e-04   2.093612e-14   1944
  1.868133e-01   7.109774e-13   1.403079e-04   1.671771e-14   2480
  1.873491e-01   6.969267e-13   1.524155e-04   1.470076e-14   2880
  1.878237e-01   7.012008e-13   1.462067e-04   1.743179e-14   2304
  1.883193e-01   7.080448e-13   1.343278e-04   1.838426e-14   1806
  1.887589e-01   7.334684e-13   1.317346e-04   1.654350e-14   2856
  1.893097e-01   7.553420e-13   1.263374e-04   1.787068e-14   2568
  1.897288e-01   6.889767e-13   1.267515e-04   1.797993e-14   2112
  1.901850e-01   7.288299e-13   1.220840e-04   2.077692e-14   2028
  1.906744e-01   6.701677e-13   1.445115e-04   1.504362e-14   2712
  1.911714e-01   7.025558e-13   1.556884e-04   1.507747e-14   2952
  1.917055e-01   6.628536e-13   1.202957e-04   1.577463e-14   2112
  1.921372e-01   6.561128e-13   1.409804e-04   1.468409e-14   2520
  1.926559e-01   6.252343e-13   1.359784e-04   1.430871e-14   2376
  1.931282e-01   6.835673e-13   1.090048e-04   1.552538e-14   2526
  1.936186e-01   7.196201e-13   1.356536e-04   1.697611e-14   2664
  1.941040e-01   7.220211e-13   1.617960e-04   1.857811e-14   2408
  1.945694e-01   6.587234e-13   1.296049e-04   1.619600e-14   2568
  1.950440e-01   6.770857e-13   1.221942e-04   1.387444e-14   2904
  1.955589e-01   6.497127e-13   1.371053e-04   1.448735e-14   2544
  1.960480e-01   6.537690e-13   1.009875e-04   1.680525e-14   2160
  1.965096e-01   6.741125e-13   1.745958e-04   1.574280e-14   2652
  1.970194e-01   5.861383e-13   1.382439e-04   1.254632e-14   2784
  1.975101e-01   6.656450e-13   1.365199e-04   1.458815e-14   2694
  1.980185e-01   6.212949e-13   1.226932e-04   1.417197e-14   2952
  1.984602e-01   6.515095e-13   1.162128e-04   1.635892e-14   2208
  1.989102e-01   6.635491e-13   1.238599e-04   1.638083e-14   2304
  1.994125e-01   5.938803e-13   1.610662e-04   1.152864e-14   3504
  1.999983e-01   6.066917e-13   1.304210e-04   1.394060e-14   2616
  2.004552e-01   5.863051e-13   1.274108e-04   1.355873e-14   2664
  2.008953e-01   5.762507e-13   1.183758e-04   1.354719e-14   2448
  2.013388e-01   5.955857e-13   1.648584e-04   1.364511e-14   2472
  2.018606e-01   5.989478e-13   1.310718e-04   1.255329e-14   3134
  2.023516e-01   6.192527e-13   1.433541e-04   1.467467e-14   2616
  2.028419e-01   5.838347e-13   1.161223e-04   1.432532e-14   2712
  2.033463e-01   5.859872e-13   1.331755e-04   1.275300e-14   3204
  2.038284e-01   5.616929e-13   1.533782e-04   1.301879e-14   2760
  2.042862e-01   5.397647e-13   1.338200e-04   1.256849e-14   2688
  2.047911e-01   5.558175e-13   1.265264e-04   1.240235e-14   2760
  2.052376e-01   5.176743e-13   1.044749e-04   1.277773e-14   2568
  2.057517e-01   5.160634e-13   1.622443e-04   1.043983e-14   3336
  2.062452e-01   5.517870e-13   1.373220e-04   1.373019e-14   2334
  2.067435e-01   5.441495e-13   1.519616e-04   1.223872e-14   3264
  2.072092e-01   5.857099e-13   1.104877e-04   1.600232e-14   2760
  2.076868e-01   5.168036e-13   1.334378e-04   1.111547e-14   3192
  2.081730e-01   5.414768e-13   1.385370e-04   1.342660e-14   2904
  2.086902e-01   5.145218e-13   1.390027e-04   1.183110e-14   2784
  2.091231e-01   5.507758e-13   1.144018e-04   1.306426e-14   2592
  2.096156e-01   4.841957e-13   1.559460e-04   1.063092e-14   3284
  2.101389e-01   4.894207e-13   1.566406e-04   1.063087e-14   3168
  2.106071e-01   4.960288e-13   1.292397e-04   1.121934e-14   2616
  2.110994e-01   4.713281e-13   1.248775e-04   1.119721e-14   3222
  2.115781e-01   5.146448e-13   1.401164e-04   1.127650e-14   3240
  2.120418e-01   5.271222e-13   1.417503e-04   1.350128e-14   2568
  2.125690e-01   5.273994e-13   1.300629e-04   1.352582e-14   3120
  2.130097e-01   5.078254e-13   1.429850e-04   1.180902e-14   3168
  2.134838e-01   4.781407e-13   1.251725e-04   1.225310e-14   3240
  2.140024e-01   4.599807e-13   1.284239e-04   9.985979e-15   3144
  2.145062e-01   4.471592e-13   1.224103e-04   1.003253e-14   2856
  2.149823e-01   4.553235e-13   1.307392e-04   9.278659e-15   3264
  2.155212e-01   4.656137e-13   1.444609e-04   1.041130e-14   3318
  2.159452e-01   5.076353e-13   1.011723e-04   1.461708e-14   2556
  2.164506e-01   4.510898e-13   1.728209e-04   9.723183e-15   4008
  2.169623e-01   4.748490e-13   1.275720e-04   1.179266e-14   2904
  2.174000e-01   4.284491e-13   1.304469e-04   9.382479e-15   3144
  2.178983e-01   4.403296e-13   1.359922e-04   1.041694e-14   3200
  2.184140e-01   4.098392e-13   1.341212e-04   9.058254e-15   3312
  2.188763e-01   4.304345e-13   1.080957e-04   9.880117e-15   2832
  2.193924e-01   4.211416e-13   1.555565e-04   8.472459e-15   3984
  2.198717e-01   4.458157e-13   1.264601e-04   1.159432e-14   2238
  2.203092e-01   4.478350e-13   1.488218e-04   1.025155e-14   3984
  2.208520e-01   4.266481e-13   1.414250e-04   9.875515e-15   3384
  2.213029e-01   4.713251e-13   1.321942e-04   1.160739e-14   3048
  2.217737e-01   3.933903e-13   1.213801e-04   9.265269e-15   3096
  2.222656e-01   4.284271e-13   1.375807e-04   8.939429e-15   3708
  2.227545e-01   3.939372e-13   1.304078e-04   9.796457e-15   2784
  2.232087e-01   4.215693e-13   1.354535e-04   9.230374e-15   3648
  2.237247e-01   3.976976e-13   1.394108e-04   8.807774e-15   3888
  2.242738e-01   3.739713e-13   1.488252e-04   9.163354e-15   2958
  2.246837e-01   4.074091e-13   1.270361e-04   8.859857e-15   3264
  2.251777e-01   4.437659e-13   1.402443e-04   1.105259e-14   3160
  2.256445e-01   3.844685e-13   1.271016e-04   8.578811e-15   3736
  2.260868e-01   3.893814e-13   1.158193e-04   1.037410e-14   3216
  2.266085e-01   3.984285e-13   1.419303e-04   8.346185e-15   4032
  2.271526e-01   3.711085e-13   1.295798e-04   7.614254e-15   3528
  2.276165e-01   3.844284e-13   1.143819e-04   8.830809e-15   3192
  2.280803e-01   3.605630e-13   1.252686e-04   8.108388e-15   3456
  2.285834e-01   3.496185e-13   1.298903e-04   7.893147e-15   3060
  2.290876e-01   3.806884e-13   1.544545e-04   7.913762e-15   4518
  2.295790e-01   3.771199e-13   1.375990e-04   8.888777e-15   3528
  2.300307e-01   4.179809e-13   1.155591e-04   1.136423e-14   3024
  2.305122e-01   3.605740e-13   1.564624e-04   8.137816e-15   3672
  2.310028e-01   3.662385e-13   1.342922e-04   8.154838e-15   3864
  2.315474e-01   3.551037e-13   1.423480e-04   7.723419e-15   3816
  2.319928e-01   3.352500e-13   1.295052e-04   7.468478e-15   3456
  2.324198e-01   3.504736e-13   1.172315e-04   8.473865e-15   2688
  2.329230e-01   3.345974e-13   1.390930e-04   6.401783e-15   4248
  2.334218e-01   3.632922e-13   1.332244e-04   8.497820e-15   3926
  2.339228e-01   3.633894e-13   1.406621e-04   9.078418e-15   3504
  2.344067e-01   3.689651e-13   1.257540e-04   8.073448e-15   3960
  2.349411e-01   3.420875e-13   1.415697e-04   7.787198e-15   3684
  2.353994e-01   3.232613e-13   1.415603e-04   7.218185e-15   4104
  2.358576e-01   3.428092e-13   1.342621e-04   7.690608e-15   3144
  2.363498e-01   3.263770e-13   1.470632e-04   6.962211e-15   4224
  2.368909e-01   3.079406e-13   1.305314e-04   6.335415e-15   4008
  2.373532e-01   3.213512e-13   1.436052e-04   6.804167e-15   3312
  2.378293e-01   3.310158e-13   1.428317e-04   7.906047e-15   3726
  2.383356e-01   3.336897e-13   1.467057e-04   7.818174e-15   3936
  2.387852e-01   3.612873e-13   1.512247e-04   9.162823e-15   3888
  2.392518e-01   3.270480e-13   1.429975e-04   7.587179e-15   3864
  2.397372e-01   3.288645e-13   1.520184e-04   7.742768e-15   3888
  2.402373e-01   3.029322e-13   1.433767e-04   6.832004e-15   4080
  2.407309e-01   3.259492e-13   1.521663e-04   7.726128e-15   3400
  2.412345e-01   3.064049e-13   1.395519e-04   6.377499e-15   4588
  2.417438e-01   2.967739e-13   1.381276e-04   6.666549e-15   3816
  2.421888e-01   3.015987e-13   1.308874e-04   6.834363e-15   3534
  2.426599e-01   3.404903e-13   1.292818e-04   7.626500e-15   4080
  2.431528e-01   3.291044e-13   1.351361e-04   7.048598e-15   4248
  2.436477e-01   3.347974e-13   1.361762e-04   8.950671e-15   3528
  2.441045e-01   3.194063e-13   1.392215e-04   6.861033e-15   4248
  2.445661e-01   3.012408e-13   1.361726e-04   7.025645e-15   3696
  2.450802e-01   2.931117e-13   1.412982e-04   5.837350e-15   4560
  2.455678e-01   3.019206e-13   1.323495e-04   6.470181e-15   3864
  2.460685e-01   2.806756e-13   1.441083e-04   5.852238e-15   4440
  2.465431e-01   2.923886e-13   1.344565e-04   7.666377e-15   3432
  2.470417e-01   3.085771e-13   1.318374e-04   7.006213e-15   4470
  2.475323e-01   3.130305e-13   1.171596e-04   6.943028e-15   4188
  2.480144e-01   2.955918e-13   1.500979e-04   6.474645e-15   4392
  2.484933e-01   3.176190e-13   1.161150e-04   7.712797e-15   3960
  2.489913e-01   3.007704e-13   1.311762e-04   6.603523e-15   4328
  2.494737e-01   2.800686e-13   1.365155e-04   5.832065e-15   4320
  2.499612e-01   2.854249e-13   1.427527e-04   6.205335e-15   4152
  2.504133e-01   3.111531e-13   1.194148e-04   8.004033e-15   3528
  2.509246e-01   2.665521e-13   1.292483e-04   5.357183e-15   4512
  2.514030e-01   2.989082e-13   1.321235e-04   7.426313e-15   4134
  2.518889e-01   3.151492e-13   1.407559e-04   6.720808e-15   5208
  2.523561e-01   3.006393e-13   1.226327e-04   7.563719e-15   3240
  2.528396e-01   3.078978e-13   1.352583e-04   6.713917e-15   4680
  2.533316e-01   2.838175e-13   1.339167e-04   6.600332e-15   4440
  2.538242e-01   2.689042e-13   1.517493e-04   6.202987e-15   4260
  2.542967e-01   2.612983e-13   1.238886e-04   6.060634e-15   4056
  2.547833e-01   2.555059e-13   1.373522e-04   5.223499e-15   4704
  2.552940e-01   2.788102e-13   1.598328e-04   6.119382e-15   4800
  2.558338e-01   2.719211e-13   1.384828e-04   6.029040e-15   4806
  2.563004e-01   3.422902e-13   1.380453e-04   8.887313e-15   3552
  2.567447e-01   2.685493e-13   1.384155e-04   6.817541e-15   4304
  2.572463e-01   2.816342e-13   1.342317e-04   6.088282e-15   5280
  2.577424e-01   2.664309e-13   1.287726e-04   5.892982e-15   4320
  2.582120e-01   2.685630e-13   1.454180e-04   6.103628e-15   4296
  2.587071e-01   2.554567e-13   1.616686e-04   5.203088e-15   4608
  2.592079e-01   2.645176e-13   1.548872e-04   5.396613e-15   4824
  2.597037e-01   2.400142e-13   1.462245e-04   5.341646e-15   4488
  2.602357e-01   2.720081e-13   1.365163e-04   6.258761e-15   4530
  2.606750e-01   2.658944e-13   1.332969e-04   6.581205e-15   4464
  2.611146e-01   2.682876e-13   1.256224e-04   6.206923e-15   4104
  2.616192e-01   2.592017e-13   1.354472e-04   5.255166e-15   5424
  2.621157e-01   2.672093e-13   1.458006e-04   6.677980e-15   4392
  2.626209e-01   2.602391e-13   1.427447e-04   5.780541e-15   4896
  2.630796e-01   2.414414e-13   1.399190e-04   5.522881e-15   4104
  2.635583e-01   2.649699e-13   1.261700e-04   5.954940e-15   4824
  2.640634e-01   2.205928e-13   1.205890e-04   4.681423e-15   4680
  2.645034e-01   2.337496e-13   1.233362e-04   5.335433e-15   4328
  2.650142e-01   2.517259e-13   1.421747e-04   5.710857e-15   5118
  2.655274e-01   2.625594e-13   1.647184e-04   6.075487e-15   5304
  2.659905e-01   2.901705e-13   1.297081e-04   7.192326e-15   4392
  2.664951e-01   2.459685e-13   1.301864e-04   5.783323e-15   4476
  2.669364e-01   2.387468e-13   1.292906e-04   5.686438e-15   4704
  2.674274e-01   2.367547e-13   1.564908e-04   4.864224e-15   5208
  2.679435e-01   2.287433e-13   1.319479e-04   5.260972e-15   5304
  2.684190e-01   2.230515e-13   1.413346e-04   4.837691e-15   4296
  2.689066e-01   2.311700e-13   1.340217e-04   4.902433e-15   4752
  2.694189e-01   2.391798e-13   1.345359e-04   5.350258e-15   4950
  2.698794e-01   2.445575e-13   1.406262e-04   5.701582e-15   5064
  2.703399e-01   2.516290e-13   1.178265e-04   6.032318e-15   4872
  2.708057e-01   2.406039e-13   1.240390e-04   6.419114e-15   4224
  2.713029e-01   2.380510e-13   1.370167e-04   5.072973e-15   6120
  2.718321e-01   2.170803e-13   1.507358e-04   4.886375e-15   4968
  2.723121e-01   2.337623e-13   1.333881e-04   5.495851e-15   4424
  2.728088e-01   2.243378e-13   1.703749e-04   5.376449e-15   5436
  2.732993e-01   2.113766e-13   1.452596e-04   4.545422e-15   4896
  2.737736e-01   2.085319e-13   1.390702e-04   5.131021e-15   5214
  2.742308e-01   2.487126e-13   1.182169e-04   6.208411e-15   4656
  2.747387e-01   2.446896e-13   1.503032e-04   5.777272e-15   5448
  2.752241e-01   2.283752e-13   1.269422e-04   6.170789e-15   4992
  2.756994e-01   2.410982e-13   1.404898e-04   5.993763e-15   5400
  2.762219e-01   2.249284e-13   1.557062e-04   4.985453e-15   5328
  2.767032e-01   2.175203e-13   1.392299e-04   5.187487e-15   4776
  2.771561e-01   1.934678e-13   1.308295e-04   4.436719e-15   4800
  2.776593e-01   2.078635e-13   1.682401e-04   4.179434e-15   6552
  2.781857e-01   2.292640e-13   1.271030e-04   6.594765e-15   3942
  2.786419e-01   2.180934e-13   1.601990e-04   4.933522e-15   6072
  2.791470e-01   2.457228e-13   1.244164e-04   6.766467e-15   4692
  2.795705e-01   2.119073e-13   1.298888e-04   5.090950e-15   4944
  2.800665e-01   2.109926e-13   1.394107e-04   4.707965e-15   5840
  2.805759e-01   2.046152e-13   1.492333e-04   4.929928e-15   5712
  2.810773e-01   2.080479e-13   1.250671e-04   5.206395e-15   4800
  2.815348e-01   1.967193e-13   1.656330e-04   4.381601e-15   5688
  2.820359e-01   1.915304e-13   1.306810e-04   4.489672e-15   4848
  2.825324e-01   1.549052e-13   1.454557e-04   4.055967e-15   5406
  2.830037e-01   1.669318e-16   1.312973e-04   2.334843e-18   5568
  2.834769e-01   1.675138e-16   1.180275e-04   2.375784e-18   5736
  2.839884e-01   1.695258e-16   1.465826e-04   2.438103e-18   5280
  2.844524e-01   1.637196e-16   1.355263e-04   2.239497e-18   5592
  2.849301e-01   1.619447e-16   1.551417e-04   2.354401e-18   4968
  2.854352e-01   1.679698e-16   1.391053e-04   2.245256e-18   5964
  2.859279e-01   1.658524e-16   1.397517e-04   2.251144e-18   5376
  2.863756e-01   1.628599e-16   1.349389e-04   2.302078e-18   5472
  2.868946e-01   1.633564e-16   1.281532e-04   2.215416e-18   5472
  2.873693e-01   1.583906e-16   1.457059e-04   2.279269e-18   5415
  2.878292e-01   1.545939e-16   1.281660e-04   2.171026e-18   5096
  2.883268e-01   1.493273e-16   1.648183e-04   1.983208e-18   6372
  2.888302e-01   1.586110e-16   1.337920e-04   2.427427e-18   4656
  2.892814e-01   1.597917e-16   1.460580e-04   2.155005e-18   5844
  2.897668e-01   1.563817e-16   1.284189e-04   2.145174e-18   5508
  2.902812e-01   1.596266e-16   1.456803e-04   2.052219e-18   6324
  2.907860e-01   1.498314e-16   1.251396e-04   2.246175e-18   4752
  2.912474e-01   1.540212e-16   1.401041e-04   2.079141e-18   5676
  2.917468e-01   1.543470e-16   1.281684e-04   2.154827e-18   5472
  2.922209e-01   1.519299e-16   1.445704e-04   2.097929e-18   5556
  2.927301e-01   1.486122e-16   1.408810e-04   1.997792e-18   5436
  2.932217e-01   1.498546e-16   1.442016e-04   2.063989e-18   5916
  2.937264e-01   1.498756e-16   1.500331e-04   2.061976e-18   5520
  2.941809e-01   1.421285e-16   1.364480e-04   2.003927e-18   5280
  2.946466e-01   1.530288e-16   1.340724e-04   2.275935e-18   4416
  2.951720e-01   1.450641e-16   1.306879e-04   1.887968e-18   6260
  2.956655e-01   1.454876e-16   1.554038e-04   1.956285e-18   5940
  2.961126e-01   1.455897e-16   1.217066e-04   2.317551e-18   4188
  2.966047e-01   1.419874e-16   1.556122e-04   1.814247e-18   6360
  2.971222e-01   1.410568e-16   1.387995e-04   1.988367e-18   5256
  2.976029e-01   1.432238e-16   1.312113e-04   2.207390e-18   4848
  2.980147e-01   1.348757e-16   1.189499e-04   1.981524e-18   4704
  2.985217e-01   1.381708e-16   1.459205e-04   1.859814e-18   5784
  2.990374e-01   1.345084e-16   1.544008e-04   1.838720e-18   5820
  2.995352e-01   1.378298e-16   1.383100e-04   1.873563e-18   5700
  3.000361e-01   1.381986e-16   1.282634e-04   1.968751e-18   5232
  3.005375e-01   1.372348e-16   1.423193e-04   1.966935e-18   4932
  3.009817e-01   1.340722e-16   1.224997e-04   2.012037e-18   4716
  3.014485e-01   1.397596e-16   1.560382e-04   1.988497e-18   5616
  3.019287e-01   1.287554e-16   1.378046e-04   1.852073e-18   5184
  3.024240e-01   1.269903e-16   1.390111e-04   1.850553e-18   5064
  3.028912e-01   1.287613e-16   1.423406e-04   1.837140e-18   5544
  3.034093e-01   1.277712e-16   1.428860e-04   1.813997e-18   5192
  3.038807e-01   1.284798e-16   1.284053e-04   1.855786e-18   5244
  3.043764e-01   1.236977e-16   1.389360e-04   1.800255e-18   5112
  3.048691e-01   1.283338e-16   1.275010e-04   1.907972e-18   5040
  3.053213e-01   1.270867e-16   1.340439e-04   1.842962e-18   5124
  3.058494e-01   1.236721e-16   1.504823e-04   1.736490e-18   5952
  3.063369e-01   1.255164e-16   1.318531e-04   1.860523e-18   4824
  3.067788e-01   1.208467e-16   1.330892e-04   1.906387e-18   4536
  3.072903e-01   1.209052e-16   1.414616e-04   1.679903e-18   5712
  3.078157e-01   1.253073e-16   1.547976e-04   1.805834e-18   5352
  3.083112e-01   1.213280e-16   1.348344e-04   1.769099e-18   5004
  3.087539e-01   1.183970e-16   1.348711e-04   1.763752e-18   4800
  3.092296e-01   1.183141e-16   1.449374e-04   1.730238e-18   5148
  3.097567e-01   1.188277e-16   1.505363e-04   1.667367e-18   5664
  3.102329e-01   1.124467e-16   1.352034e-04   1.750051e-18   4692
  3.106729e-01   1.158955e-16   1.256056e-04   1.888765e-18   4008
  3.111861e-01   1.139785e-16   1.439712e-04   1.557542e-18   5852
  3.117078e-01   1.115900e-16   1.363273e-04   1.608944e-18   5784
  3.121712e-01   1.140953e-16   1.256700e-04   1.846367e-18   4392
  3.126481e-01   1.144130e-16   1.232703e-04   1.778883e-18   4944
  3.131489e-01   1.088252e-16   1.453336e-04   1.655154e-18   4776
  3.136211e-01   1.061849e-16   1.398188e-04   1.556528e-18   5244
  3.141336e-01   1.070837e-16   1.395722e-04   1.544167e-18   4884
  3.145636e-01   1.052205e-16   1.183681e-04   1.636263e-18   4488
  3.150636e-01   1.075558e-16   1.406525e-04   1.628428e-18   5160
  3.155671e-01   1.103363e-16   1.432039e-04   1.589314e-18   5316
  3.160521e-01   1.031629e-16   1.447892e-04   1.622819e-18   4896
  3.165249e-01   1.098582e-16   1.345344e-04   1.881586e-18   4188
  3.170014e-01   9.863869e-17   1.467406e-04   1.509287e-18   4836
  3.174880e-01   1.046640e-16   1.455680e-04   1.505671e-18   5316
  3.179808e-01   1.017532e-16   1.347408e-04   1.495977e-18   4920
  3.184417e-01   1.082941e-16   1.357413e-04   1.817216e-18   4128
  3.189362e-01   1.004681e-16   1.460260e-04   1.509425e-18   5348
  3.194229e-01   1.014152e-16   1.267067e-04   1.573038e-18   4836
  3.198876e-01   9.921965e-17   1.365306e-04   1.708710e-18   4392
  3.203882e-01   9.913352e-17   1.199532e-04   1.608260e-18   4632
  3.208388e-01   9.873996e-17   1.340287e-04   1.574108e-18   4596
  3.213563e-01   9.778436e-17   1.347844e-04   1.473830e-18   5424
  3.218683e-01   9.132463e-17   1.387362e-04   1.357150e-18   5256
  3.223958e-01   9.489197e-17   1.409032e-04   1.532038e-18   4524
  3.228350e-01   9.625736e-17   1.340268e-04   1.636481e-18   4440
  3.233270e-01   9.393503e-17   1.146101e-04   1.496046e-18   4380
  3.238085e-01   9.259973e-17   1.499870e-04   1.484483e-18   4812
  3.243210e-01   9.395637e-17   1.489725e-04   1.421246e-18   5376
  3.247896e-01   8.783133e-17   1.189892e-04   1.543674e-18   3888
  3.252385e-01   9.392570e-17   1.362564e-04   1.466231e-18   4896
  3.257395e-01   9.075970e-17   1.437728e-04   1.475061e-18   4608
  3.262654e-01   9.374673e-17   1.357127e-04   1.515892e-18   4448
  3.267232e-01   8.315363e-17   1.400926e-04   1.340045e-18   4752
  3.272056e-01   9.038254e-17   1.467382e-04   1.567350e-18   4356
  3.277129e-01   8.878629e-17   1.412082e-04   1.412242e-18   5232
  3.282173e-01   8.345568e-17   1.423025e-04   1.386117e-18   4548
  3.287063e-01   8.518428e-17   1.383360e-04   1.366847e-18   4608
  3.291837e-01   8.570246e-17   1.256671e-04   1.568506e-18   3936
  3.296343e-01   8.488684e-17   1.502088e-04   1.498981e-18   4260
  3.301407e-01   8.281391e-17   1.346643e-04   1.333750e-18   5004
  3.306038e-01   8.629804e-17   1.330711e-04   1.535580e-18   4224
  3.311115e-01   8.329542e-17   1.437697e-04   1.403223e-18   4788
  3.316047e-01   8.500703e-17   1.511985e-04   1.481431e-18   4428
  3.320852e-01   7.939241e-17   1.263467e-04   1.439556e-18   4080
  3.325477e-01   8.379320e-17   1.381486e-04   1.323023e-18   4632
  3.330347e-01   7.832338e-17   1.436640e-04   1.443002e-18   4056
  3.335467e-01   7.884570e-17   1.352621e-04   1.344482e-18   4536
  3.340144e-01   8.250984e-17   1.379585e-04   1.387719e-18   4668
  3.345266e-01   7.422228e-17   1.478669e-04   1.285838e-18   4604
  3.350255e-01   7.774554e-17   1.328598e-04   1.358869e-18   4152
  3.354859e-01   7.749602e-17   1.287622e-04   1.378396e-18   4224
  3.359739e-01   7.427899e-17   1.237953e-04   1.348991e-18   4152
  3.364615e-01   8.107065e-17   1.404246e-04   1.426015e-18   4224
  3.369356e-01   7.690160e-17   1.298644e-04   1.397142e-18   3960
  3.373922e-01   7.411356e-17   1.340119e-04   1.241419e-18   4656
  3.378910e-01   7.235297e-17   1.445961e-04   1.250320e-18   4452
  3.384025e-01   7.054947e-17   1.470057e-04   1.309966e-18   4056
  3.388784e-01   7.224195e-17   1.456648e-04   1.292524e-18   4212
  3.393606e-01   7.661002e-17   1.210536e-04   1.530684e-18   3432
  3.398492e-01   7.196450e-17   1.548628e-04   1.166864e-18   5352
  3.403267e-01   7.277305e-17   1.134185e-04   1.435405e-18   3600
  3.408466e-01   6.960962e-17   1.251027e-04   1.223369e-18   4584
  3.413005e-01   7.251188e-17   1.247343e-04   1.387658e-18   3768
  3.417680e-01   6.931856e-17   1.331557e-04   1.355713e-18   3848
  3.422347e-01   6.925755e-17   1.220886e-04   1.394407e-18   3720
  3.427639e-01   6.524460e-17   1.532392e-04   1.104691e-18   4764
  3.432311e-01   6.985869e-17   1.234001e-04   1.270743e-18   3864
  3.437109e-01   7.081000e-17   1.528459e-04   1.265599e-18   4332
  3.442342e-01   6.746852e-17   1.304937e-04   1.271066e-18   3792
  3.447018e-01   6.267676e-17   1.480185e-04   1.120675e-18   4284
  3.451974e-01   6.327935e-17   1.401572e-04   1.320607e-18   3840
  3.456664e-01   5.984360e-17   1.334113e-04   1.232263e-18   3480
  3.461427e-01   6.253550e-17   1.488614e-04   1.086887e-18   4380
  3.466576e-01   6.406518e-17   1.398292e-04   1.187521e-18   4200
  3.471635e-01   6.658778e-17   1.344014e-04   1.208627e-18   4056
  3.476333e-01   6.141305e-17   1.350788e-04   1.269888e-18   3600
  3.480735e-01   6.266084e-17   1.345848e-04   1.259268e-18   3492
  3.485878e-01   5.941810e-17   1.571647e-04   1.105770e-18   4500
  3.491126e-01   6.494074e-17   1.376975e-04   1.301333e-18   3516
  3.495636e-01   6.538261e-17   1.439500e-04   1.300486e-18   3968
  3.500690e-01   6.047136e-17   1.383484e-04   1.228638e-18   3648
  3.505165e-01   6.004768e-17   1.322992e-04   1.202551e-18   4224
  3.510237e-01   5.563274e-17   1.484940e-04   1.155611e-18   3588
  3.514997e-01   5.904978e-17   1.369683e-04   1.222745e-18   3456
  3.519786e-01   5.460647e-17   1.216448e-04   1.117300e-18   3660
  3.524735e-01   5.767690e-17   1.335194e-04   1.163038e-18   3768
  3.529347e-01   5.894489e-17   1.350276e-04   1.174302e-18   3744
  3.534301e-01   5.582092e-17   1.482149e-04   1.072419e-18   4176
  3.539572e-01   6.040502e-17   1.367120e-04   1.243282e-18   3612
  3.543928e-01   5.666033e-17   1.485682e-04   1.243160e-18   3216
  3.548913e-01   5.475453e-17   1.436402e-04   1.181548e-18   3624
  3.553925e-01   5.444247e-17   1.350690e-04   1.091195e-18   3744
  3.558768e-01   5.691881e-17   1.441176e-04   1.191586e-18   3672
  3.563547e-01   5.536168e-17   1.306896e-04   1.138984e-18   3852
  3.568482e-01   5.631416e-17   1.345097e-04   1.129794e-18   3672
  3.573731e-01   5.532508e-17   1.310574e-04   1.358895e-18   3248
  3.578115e-01   4.876529e-17   1.341465e-04   1.082795e-18   3336
  3.582900e-01   4.858428e-17   1.365492e-04   1.019581e-18   3576
  3.587793e-01   5.256650e-17   1.159180e-04   1.116645e-18   3336
  3.592778e-01   5.274161e-17   1.376902e-04   1.063504e-18   3936
  3.597697e-01   5.369531e-17   1.466440e-04   1.140082e-18   3408
  3.602575e-01   5.346087e-17   1.291957e-04   1.218372e-18   3336
  3.607316e-01   4.194783e-17   1.451163e-04   9.652721e-19   3312
  3.612054e-01   4.917058e-17   1.469319e-04   1.131505e-18   3432
  3.617101e-01   5.147387e-17   1.273841e-04   1.207469e-18   3144
  3.621706e-01   4.885392e-17   1.382881e-04   1.084772e-18   3456
  3.626887e-01   4.823068e-17   1.329107e-04   9.760083e-19   3792
  3.631568e-01   5.083581e-17   1.305556e-04   1.248842e-18   2868
  3.636625e-01   4.487045e-17   1.352551e-04   8.854135e-19   3888
  3.641351e-01   4.285748e-17   1.174435e-04   1.037797e-18   2784
  3.646004e-01   4.601753e-17   1.341238e-04   1.228160e-18   2964
  3.651086e-01   4.680835e-17   1.381212e-04   1.045320e-18   3432
  3.655924e-01   4.563924e-17   1.429694e-04   1.015837e-18   3416
  3.660820e-01   4.606022e-17   1.528218e-04   1.034783e-18   3528
  3.665830e-01   4.899542e-17   1.226504e-04   1.199613e-18   2904
  3.670262e-01   4.230273e-17   1.375270e-04   1.018253e-18   3072
  3.675416e-01   4.188310e-17   1.544586e-04   9.642603e-19   3216
  3.680569e-01   4.163631e-17   1.250951e-04   1.070226e-18   2844
  3.685093e-01   4.195654e-17   1.431483e-04   9.913350e-19   3432
  3.689737e-01   4.718632e-17   1.150574e-04   1.212255e-18   2880
  3.694925e-01   4.268238e-17   1.524100e-04   1.017362e-18   3576
  3.699812e-01   4.555420e-17   1.362332e-04   1.224179e-18   2700
  3.704492e-01   4.019933e-17   1.530237e-04   9.713280e-19   3000
  3.709392e-01   3.781513e-17   1.270553e-04   9.991104e-19   2556
  3.714151e-01   4.218019e-17   1.361780e-04   9.955483e-19   3360
  3.719070e-01   4.183020e-17   1.323185e-04   9.857047e-19   3120
  3.724371e-01   4.205901e-17   1.557809e-04   1.074004e-18   3216
  3.728935e-01   4.478197e-17   1.098680e-04   1.176464e-18   2628
  3.734065e-01   3.857601e-17   1.452297e-04   9.912649e-19   3200
  3.738745e-01   3.604756e-17   1.370102e-04   9.980515e-19   2232
  3.743471e-01   3.573394e-17   1.563929e-04   9.739257e-19   3108
  3.748177e-01   4.496139e-17   1.373821e-04   1.287739e-18   2604
  3.752991e-01   4.201999e-17   1.479994e-04   1.051138e-18   3096
  3.758288e-01   3.883735e-17   1.348469e-04   9.772662e-19   3084
  3.762884e-01   3.624508e-17   1.376092e-04   9.763594e-19   2664
  3.767621e-01   3.819454e-17   1.213497e-04   1.151023e-18   2232
  3.772262e-01   3.137217e-17   1.494845e-04   8.482222e-19   2808
  3.777344e-01   3.844888e-17   1.412112e-04   1.124890e-18   2592
  3.782089e-01   4.237454e-17   1.449703e-04   1.151715e-18   2952
  3.787074e-01   3.551410e-17   1.368697e-04   9.879169e-19   2772
  3.791921e-01   3.563740e-17   1.471948e-04   9.392588e-19   3036
  3.796993e-01   3.387909e-17   1.427797e-04   1.082063e-18   2136
  3.801616e-01   3.096501e-17   1.138671e-04   9.545689e-19   2496
  3.806364e-01   3.810749e-17   1.516625e-04   1.181975e-18   2228
  3.811316e-01   3.978551e-17   1.413981e-04   1.137047e-18   3048
  3.816243e-01   3.567467e-17   1.350676e-04   1.076270e-18   2676
  3.821140e-01   3.186915e-17   1.345571e-04   8.759965e-19   2784
  3.825820e-01   3.294373e-17   1.307225e-04   1.044862e-18   1920
  3.830514e-01   2.968633e-17   1.395126e-04   8.600897e-19   2400
  3.835600e-01   2.901692e-17   1.279618e-04   8.450203e-19   2532
  3.840860e-01   3.464639e-17   1.421350e-04   1.064560e-18   2544
  3.845592e-01   3.828882e-17   1.486925e-04   1.120327e-18   2772
  3.850254e-01   3.034976e-17   1.392746e-04   1.077913e-18   2160
  3.854884e-01   3.294969e-17   1.500120e-04   1.040003e-18   2304
  3.860241e-01   2.957693e-17   1.467945e-04   9.894155e-19   2328
  3.865043e-01   2.515213e-17   1.407449e-04   8.162595e-19   2304
  3.869492e-01   2.616444e-17   1.330938e-04   8.924321e-19   1908
  3.874552e-01   3.717772e-17   1.488569e-04   1.232943e-18   2736
  3.879425e-01   3.329026e-17   1.410418e-04   1.108950e-18   2448
  3.884609e-01   3.308763e-17   1.318665e-04   1.071619e-18   2040
  3.889299e-01   2.340888e-17   1.372999e-04   8.926185e-19   2120
  3.893809e-01   2.957345e-17   1.138355e-04   9.839201e-19   2040
  3.898664e-01   2.411243e-17   1.412334e-04   9.437375e-19   2208
  3.904158e-01   3.376541e-17   1.268062e-04   1.190266e-18   2208
  3.908608e-01   3.891283e-17   1.405255e-04   1.311674e-18   2196
  3.913207e-01   2.225809e-17   1.236152e-04   7.937631e-19   1848
  3.917886e-01   2.838577e-17   1.401960e-04   1.057905e-18   2124
  3.923120e-01   2.537127e-17   1.470626e-04   8.480336e-19   2328
  3.928231e-01   2.504664e-17   1.497225e-04   9.687915e-19   1920
  3.933200e-01   2.334561e-17   1.374435e-04   9.295684e-19   1548
  3.937619e-01   3.281021e-17   1.507712e-04   1.095738e-18   2388
  3.942832e-01   2.404359e-17   1.395210e-04   9.719163e-19   2160
  3.947606e-01   2.489049e-17   1.269906e-04   1.036577e-18   1704
  3.952179e-01   2.318501e-17   1.430661e-04   9.917851e-19   1776
  3.956506e-01   2.265195e-17   1.338203e-04   9.094788e-19   1800
  3.961977e-01   2.002766e-17   1.544832e-04   8.006561e-19   1700
  3.967087e-01   3.001343e-17   1.390936e-04   1.177748e-18   2292
  3.971846e-01   2.490850e-17   1.291201e-04   1.094348e-18   1704
  3.976337e-01   2.452373e-17   1.443780e-04   1.046042e-18   1728
  3.981255e-01   2.031134e-17   1.336251e-04   8.997142e-19   1728
  3.986075e-01   2.576009e-17   1.334994e-04   1.094808e-18   1680
  3.991202e-01   1.616784e-17   1.537953e-04   7.147500e-19   1704
  3.996310e-01   1.794084e-17   1.207753e-04   6.791578e-19   1752
  4.000877e-01   2.604005e-17   1.435789e-04   1.193425e-18   1872
  4.005817e-01   2.295476e-17   1.407232e-04   1.132597e-18   1500
  4.010829e-01   2.001451e-17   1.232237e-04   9.267906e-19   1656
  4.015697e-01   2.141377e-17   1.321192e-04   8.795430e-19   1464
  4.020023e-01   1.462090e-17   1.157232e-04   8.014383e-19   1488
  4.025329e-01   1.705706e-17   1.396693e-04   6.886045e-19   1680
  4.030178e-01   2.030063e-17   1.459194e-04   9.527652e-19   1692
  4.034716e-01   1.883044e-17   1.397252e-04   1.013723e-18   1128
  4.039751e-01   1.884993e-17   1.345433e-04   9.068424e-19   1536
  4.044663e-01   1.484791e-17   1.402479e-04   8.108027e-19   1616
  4.049637e-01   1.479394e-17   1.352429e-04   7.575468e-19   1476
  4.054650e-01   1.430584e-17   1.488381e-04   9.137752e-19   1176
  4.059124e-01   1.515251e-17   1.599107e-04   6.470200e-19   1656
  4.063997e-01   1.731851e-17   1.404668e-04   1.294428e-18   891
  4.069020e-01   1.344932e-17   1.497388e-04   5.799644e-19   1596
  4.073915e-01   1.221135e-17   1.305762e-04   6.828767e-19   1422
  4.078742e-01   1.279132e-17   1.252138e-04   6.303244e-19   1254
  4.083284e-01   9.605972e-18   1.279202e-04   4.809262e-19   918
  4.088148e-01   1.316413e-17   1.400009e-04   5.330129e-19   1614
  4.093049e-01   1.022511e-17   1.209347e-04   6.618564e-19   798
  4.097922e-01   9.536823e-18   1.550239e-04   4.628866e-19   1458
  4.102863e-01   1.067887e-17   1.419502e-04   4.580756e-19   1374
  4.107747e-01   8.361165e-18   1.212349e-04   5.103685e-19   984
  4.112591e-01   9.695147e-18   1.668024e-04   4.592296e-19   1062
  4.117525e-01   1.149097e-17   1.413965e-04   5.511766e-19   1246
  4.122317e-01   6.814427e-18   1.311095e-04   3.848450e-19   1072
  4.127436e-01   7.323838e-18   1.419832e-04   4.402385e-19   1110
  4.132166e-01   1.002089e-17   1.538182e-04   4.712889e-19   1254
  4.137139e-01   7.989718e-18   1.459816e-04   4.679695e-19   1032
  4.142557e-01   8.967591e-18   1.352509e-04   6.396866e-19   786
  4.146677e-01   8.711094e-18   1.386613e-04   3.869752e-19   1152
  4.151502e-01   6.966440e-18   1.511270e-04   3.786392e-19   1086
  4.156529e-01   4.622378e-18   1.363503e-04   1.820046e-19   912
  4.161175e-01   1.104581e-17   1.366785e-04   5.255394e-19   1062
  4.165917e-01   5.821958e-18   1.362355e-04   2.414615e-19   912
  4.171397e-01   4.931182e-18   1.520835e-04   2.956586e-19   750
  4.175668e-01   8.108622e-18   1.465336e-04   3.715789e-19   1200
  4.180611e-01   5.902406e-18   1.326977e-04   3.541880e-19   918
  4.185524e-01   4.871508e-18   1.377357e-04   2.621784e-19   876
  4.190517e-01   7.973531e-18   1.203534e-04   3.781130e-19   870
  4.194890e-01   6.079206e-18   1.403731e-04   3.036530e-19   768
  4.200015e-01   3.758657e-18   1.286594e-04   1.952604e-19   830
  4.204761e-01   5.922821e-18   1.332096e-04   2.898065e-19   1080
  4.209676e-01   5.222659e-18   1.498783e-04   2.613217e-19   840
  4.214632e-01   4.006316e-18   1.443163e-04   1.927068e-19   798
  4.220251e-01   7.369665e-18   1.145461e-04   4.110339e-19   792
  4.224609e-01   4.399248e-18   1.335978e-04   2.414314e-19   726
  4.229181e-01   3.159461e-18   1.497038e-04   1.094847e-19   864
  4.234189e-01   4.804264e-18   1.281430e-04   2.827018e-19   900
  4.239267e-01   3.543446e-18   1.424135e-04   1.504713e-19   726
  4.243623e-01   3.645807e-18   1.232527e-04   1.677821e-19   576
  4.249434e-01   4.551626e-18   1.282664e-04   2.424786e-19   840
  4.253523e-01   3.674666e-18   1.331485e-04   2.076797e-19   750
  4.258366e-01   3.209070e-18   1.335529e-04   1.523773e-19   720
  4.262936e-01   4.335383e-18   1.351090e-04   2.512977e-19   702
  4.268271e-01   3.639017e-18   1.475571e-04   1.751113e-19   696
  4.272662e-01   3.699307e-18   1.319621e-04   2.196354e-19   480
  4.277837e-01   3.647653e-18   1.250396e-04   2.132799e-19   830
  4.282419e-01   3.419941e-18   1.454616e-04   1.691878e-19   756
  4.287552e-01   3.293688e-18   1.396687e-04   1.675864e-19   624
  4.292083e-01   2.977920e-18   1.475796e-04   1.804315e-19   582
  4.297440e-01   3.663707e-18   1.132706e-04   2.226458e-19   576
  4.302073e-01   2.724995e-18   1.517064e-04   1.406527e-19   624
  4.306823e-01   3.115337e-18   1.238986e-04   1.642774e-19   702
  4.311525e-01   2.825319e-18   1.425165e-04   1.489568e-19   624
  4.317110e-01   3.039396e-18   1.378751e-04   1.458737e-19   672
  4.321659e-01   2.065003e-18   1.032125e-04   1.272389e-19   342
  4.326655e-01   2.858275e-18   1.290292e-04   1.729384e-19   660
  4.331249e-01   2.162969e-18   1.326364e-04   1.464060e-19   576
  4.335992e-01   2.338556e-18   1.289493e-04   1.406517e-19   600
  4.340787e-01   2.097894e-18   1.491476e-04   1.390457e-19   510
  4.346181e-01   2.602967e-18   1.397290e-04   1.318641e-19   600
  4.350341e-01   1.811171e-18   1.112888e-04   1.249663e-19   216
  4.355185e-01   2.045010e-18   1.354577e-04   1.019089e-19   758
  4.360833e-01   1.777874e-18   1.482975e-04   1.123304e-19   576
  4.365782e-01   2.248935e-18   1.259005e-04   1.174069e-19   528
  4.370248e-01   1.930584e-18   8.670054e-05   1.502224e-19   318
  4.375047e-01   2.389077e-18   1.497759e-04   1.230394e-19   540
  4.380721e-01   9.657315e-19   1.058893e-04   5.754770e-20   384
  4.384565e-01   1.936343e-18   1.463022e-04   1.133581e-19   576
  4.389570e-01   1.378711e-18   1.195560e-04   8.297089e-20   414
  4.394302e-01   2.044152e-18   1.335050e-04   1.240837e-19   504
  4.399357e-01   1.812245e-18   1.465573e-04   9.863687e-20   312
  4.404212e-01   1.786915e-18   1.327827e-04   1.288897e-19   414
  4.409029e-01   1.156738e-18   1.226699e-04   6.653542e-20   432
  4.413512e-01   1.446475e-18   1.624587e-04   8.507274e-20   504
  4.418701e-01   1.589267e-18   1.564660e-04   9.652495e-20   432
  4.423558e-01   1.426889e-18   1.281691e-04   7.989784e-20   354
  4.428506e-01   1.674164e-18   1.865017e-04   1.370314e-19   200
  4.432750e-01   1.163839e-18   1.323290e-04   7.014070e-20   480
  4.438485e-01   1.175790e-18   1.512148e-04   6.455084e-20   552
  4.443745e-01   1.222064e-18   9.419478e-05   9.300130e-20   366
  4.447799e-01   1.473180e-18   1.002751e-04   1.525398e-19   240
  4.452261e-01   1.475979e-18   1.401886e-04   8.441421e-20   288
  4.458541e-01   1.114518e-18   9.634579e-05   7.421206e-20   366
  4.462600e-01   8.252440e-19   1.562070e-04   4.924436e-20   408
  4.467132e-01   1.006237e-18   1.174273e-04   7.545935e-20   360
  4.471820e-01   1.119379e-18   1.094619e-04   6.878458e-20   324
  4.476367e-01   1.116437e-18   1.292780e-04   8.756023e-20   174
  4.481783e-01   1.026640e-18   1.485222e-04   7.668045e-20   264
  4.486867e-01   8.509440e-19   1.354596e-04   5.538118e-20   456
  4.491937e-01   8.649001e-19   1.362099e-04   5.398319e-20   360
  4.496105e-01   8.033499e-19   1.500483e-04   6.485022e-20   270
  4.501209e-01   1.085194e-18   1.641082e-04   8.280941e-20   240
  4.507604e-01   1.359854e-18   1.195905e-04   1.076648e-19   120
  4.510747e-01   4.042659e-19   1.248485e-04   2.651507e-20   320
  4.515822e-01   7.495092e-19   1.544785e-04   3.881493e-20   462
  4.521137e-01   7.871923e-19   8.987666e-05   5.243892e-20   276
  4.525754e-01   8.340157e-19   1.019637e-04   7.281203e-20   144
  4.530202e-01   1.171071e-18   1.070818e-04   1.231948e-19   120
  4.536115e-01   4.765638e-19   8.108908e-05   2.732439e-20   294
  4.540583e-01   6.256860e-19   1.438563e-04   4.095550e-20   384
  4.544753e-01   5.404684e-19   9.523196e-05   3.548922e-20   216
  4.548743e-01   9.110019e-19   8.843896e-05   7.601854e-20   168
  4.553251e-01   7.419720e-19   1.052282e-04   7.420999e-20   102
  4.559768e-01   5.754643e-19   1.596520e-04   4.629608e-20   168
  4.564337e-01   5.178732e-19   1.397340e-04   3.071072e-20   384
  4.569346e-01   5.835518e-19   1.419732e-04   4.686561e-20   300
  4.574008e-01   6.104418e-19   1.520225e-04   4.048202e-20   144
  4.579263e-01   6.645415e-19   1.556925e-04   6.500291e-20   102
  4.585568e-01   7.744063e-19   3.685588e-05   8.082029e-20   56
  4.588590e-01   3.205125e-19   1.199932e-04   2.154662e-20   288
  4.593328e-01   3.914008e-19   1.561557e-04   1.825917e-20   360
  4.598487e-01   4.342669e-19   8.376686e-05   3.242546e-20   126
  4.602834e-01   4.561226e-19   4.125612e-05   5.406044e-20   72
  4.607572e-01   7.100056e-19   2.185755e-05   9.442056e-20   48
  4.613754e-01   2.755172e-19   8.842417e-05   1.982335e-20   240
  4.617816e-01   3.918840e-19   1.311982e-04   2.149049e-20   306
  4.621975e-01   4.205257e-19   7.291699e-05   3.669502e-20   120
  4.626766e-01   5.574478e-19   1.794585e-04   6.231049e-20   96
  4.630248e-01   6.680049e-19   0.000000e+00   9.372997e-20   24
  4.638071e-01   2.334705e-19   1.554065e-04   2.325272e-20   120
  4.641905e-01   2.737033e-19   1.343981e-04   1.603206e-20   318
  4.646594e-01   3.741627e-19   1.436227e-04   2.495747e-20   168
  4.651731e-01   5.020785e-19   1.541232e-04   4.835473e-20   72
  4.657357e-01   4.191805e-19   0.000000e+00   6.930450e-20   24
  4.663408e-01   3.885102e-19   7.481195e-05   8.208866e-20   14
  4.666286e-01   1.778552e-19   1.179951e-04   1.075545e-20   288
  4.670757e-01   2.459646e-19   1.419546e-04   1.940325e-20   204
  4.675916e-01   3.937318e-19   2.153808e-05   5.607793e-20   48
  4.680007e-01   8.041283e-19   0.000000e+00   1.664673e-19   24
  4.684739e-01   3.667092e-19   0.000000e+00   1.079465e-19   6
  4.691541e-01   1.633429e-19   8.821950e-05   1.188006e-20   216
  4.695046e-01   2.723249e-19   1.174842e-04   1.954683e-20   192
  4.699334e-01   1.916508e-19   2.143075e-05   3.598918e-20   48
  4.703832e-01   4.205958e-19   1.712353e-04   5.416889e-20   30
  4.716555e-01   1.615744e-19   3.540978e-05   1.522232e-20   96
  4.719167e-01   1.480531e-19   1.160286e-04   9.107642e-21   228
  4.724128e-01   2.866563e-19   1.517284e-04   3.564978e-20   72
  4.730094e-01   4.906054e-19   0.000000e+00   2.130600e-19   6
  4.743680e-01   1.539587e-19   1.145631e-04   9.171743e-21   248
  4.748016e-01   1.851491e-19   1.311235e-04   1.856419e-20   72
  4.753245e-01   1.931577e-19   7.266090e-09   6.894556e-20   6
  4.769053e-01   1.222050e-19   8.141014e-05   7.694711e-21   180
  4.772205e-01   1.801172e-19   1.107713e-04   1.746975e-20   72
  4.776705e-01   1.902791e-19   0.000000e+00   5.411354e-20   6
  4.794278e-01   9.000978e-20   3.483570e-05   8.349865e-21   96
  4.796378e-01   1.176981e-19   9.563861e-05   1.112133e-20   96
  4.800471e-01   3.438496e-19   0.000000e+00   7.365799e-20   6
  4.820778e-01   9.786436e-20   9.153355e-05   7.756473e-21   140
  4.824537e-01   5.678082e-20   0.000000e+00   1.159826e-20   6
  4.846301e-01   8.019725e-20   6.146888e-05   7.668515e-21   96
  4.848898e-01   5.421124e-20   0.000000e+00   1.123350e-20   6
  4.871898e-01   9.758551e-20   3.697860e-05   1.126680e-20   60
  4.873552e-01   1.190684e-19   0.000000e+00   3.260624e-20   6
  4.897713e-01   4.506715e-20   3.748867e-05   6.381007e-21   38
  4.923442e-01   4.773938e-20   1.928513e-05   9.919498e-21   18
  4.949217e-01   9.255407e-21   7.266090e-09   2.769147e-21   6
