# power spectrum of phi_prime/H (dimensionless)
# redshift z=19.720714
# k              Pk             sigma(k)       sigma(Pk)      count
  4.487990e-03   7.251282e-15   0.000000e+00   2.898685e-15   6
  6.346976e-03   5.653075e-15   0.000000e+00   1.179791e-15   12
  7.773426e-03   5.631860e-15   8.514949e-11   1.034719e-15   8
  8.975979e-03   1.251448e-14   0.000000e+00   1.535200e-15   6
  1.003545e-02   1.103288e-14   1.605594e-10   3.573277e-15   24
  1.099328e-02   1.966815e-14   1.605594e-10   3.079187e-15   24
  1.269395e-02   1.009158e-14   0.000000e+00   4.660507e-15   12
  1.346397e-02   1.450837e-14   1.816523e-10   3.247674e-15   30
  1.419227e-02   1.073568e-14   0.000000e+00   2.382426e-15   24
  1.488498e-02   1.480314e-14   2.780971e-10   3.260136e-15   24
  1.554685e-02   2.325491e-14   1.702990e-10   4.581148e-15   8
  1.618168e-02   1.644674e-14   2.270653e-10   1.834758e-15   24
  1.679252e-02   1.775003e-14   0.000000e+00   2.280176e-15   48
  1.795196e-02   1.051587e-14   0.000000e+00   4.317023e-15   6
  1.850445e-02   1.665678e-14   2.270653e-10   2.514850e-15   48
  1.904093e-02   1.303691e-14   2.140792e-10   1.582233e-15   36
  1.956269e-02   2.929208e-14   2.270653e-10   5.834318e-15   24
  2.007090e-02   1.300264e-14   3.211188e-10   3.113781e-15   24
  2.056655e-02   1.283958e-14   0.000000e+00   1.953017e-15   48
  2.105054e-02   3.803936e-14   3.211188e-10   5.428752e-15   24
  2.198657e-02   1.916409e-14   3.211188e-10   3.132220e-15   24
  2.243995e-02   1.728267e-14   0.000000e+00   2.646227e-15   30
  2.288435e-02   1.408763e-14   0.000000e+00   1.901896e-15   72
  2.332028e-02   9.168382e-15   3.405980e-10   1.516199e-15   32
  2.416856e-02   2.617398e-14   0.000000e+00   3.254346e-15   72
  2.458173e-02   9.480550e-15   0.000000e+00   1.256029e-15   48
  2.538790e-02   1.126794e-14   0.000000e+00   3.553257e-15   12
  2.597539e-02   1.862168e-14   1.938570e-04   1.930799e-15   96
  2.655130e-02   2.342123e-14   3.211188e-10   2.628558e-15   48
  2.692794e-02   3.121909e-14   3.633045e-10   6.577401e-15   30
  2.757421e-02   1.452293e-14   1.586779e-04   1.453356e-15   96
  2.838454e-02   9.187294e-15   0.000000e+00   1.794768e-15   24
  2.885327e-02   2.604650e-14   1.642099e-04   2.690959e-15   144
  2.942972e-02   2.141543e-14   5.561942e-10   5.287340e-15   24
  3.002225e-02   2.904724e-14   1.456630e-04   3.988629e-15   96
  3.043903e-02   1.669222e-14   0.000000e+00   2.383328e-15   48
  3.137435e-02   2.725596e-14   1.080207e-04   3.332888e-15   62
  3.184971e-02   2.617516e-14   1.519035e-04   4.564517e-15   132
  3.236335e-02   1.411541e-14   4.541306e-10   2.875046e-15   24
  3.284837e-02   2.179429e-14   1.518246e-04   2.128065e-15   168
  3.373431e-02   3.658173e-14   1.492698e-04   3.335481e-15   96
  3.439955e-02   2.039529e-14   1.270423e-04   2.173289e-15   96
  3.521583e-02   2.741602e-14   1.416056e-04   2.274079e-15   168
  3.590392e-02   3.253907e-15   0.000000e+00   1.798301e-15   6
  3.618333e-02   2.719299e-14   0.000000e+00   2.873507e-15   96
  3.651563e-02   2.505462e-14   1.100713e-04   2.521430e-15   120
  3.718966e-02   2.003275e-14   1.278125e-04   2.443885e-15   144
  3.754921e-02   4.690123e-14   0.000000e+00   6.180776e-15   48
  3.823245e-02   2.470093e-14   1.304211e-04   4.240501e-15   84
  3.860715e-02   2.747339e-14   8.899106e-10   2.994792e-15   120
  3.894461e-02   2.634786e-14   1.183479e-04   2.806087e-15   80
  3.946692e-02   2.787037e-14   1.201620e-04   2.493862e-15   144
  4.014180e-02   1.442197e-14   6.422377e-10   2.232477e-15   24
  4.047145e-02   2.785877e-14   1.159510e-04   2.751091e-15   150
  4.098576e-02   2.943550e-14   1.203057e-04   3.067033e-15   120
  4.155056e-02   2.149748e-14   1.096333e-04   2.242848e-15   168
  4.210107e-02   8.492721e-14   6.422377e-10   1.673005e-14   24
  4.244743e-02   2.831081e-14   1.181082e-04   2.012962e-15   264
  4.281269e-02   7.007407e-15   6.422377e-10   8.492958e-16   48
  4.343532e-02   3.049519e-14   1.093985e-04   3.327598e-15   144
  4.412543e-02   5.540376e-14   1.076845e-04   8.638289e-15   72
  4.451927e-02   3.070340e-14   1.107671e-04   2.762075e-15   180
  4.506982e-02   3.402756e-14   8.025835e-05   3.470851e-15   198
  4.532647e-02   1.942863e-14   0.000000e+00   3.466468e-15   48
  4.589413e-02   2.288776e-14   1.086319e-04   2.240228e-15   168
  4.631540e-02   3.317751e-14   1.087222e-04   2.785149e-15   144
  4.695270e-02   3.059877e-14   1.527607e-04   2.068155e-15   248
  4.781330e-02   2.741627e-14   1.053161e-04   2.087333e-15   192
  4.839932e-02   3.634342e-14   1.626762e-04   2.761041e-15   240
  4.875204e-02   3.020148e-14   0.000000e+00   3.391359e-15   72
  4.929001e-02   3.536443e-14   9.927197e-05   3.374345e-15   126
  4.962939e-02   4.806220e-14   9.159181e-05   5.275451e-15   168
  5.027740e-02   3.423768e-14   1.001546e-04   2.994821e-15   288
  5.095853e-02   3.942668e-14   5.274950e-05   3.419204e-15   156
  5.131126e-02   2.806337e-14   8.873998e-05   3.499927e-15   168
  5.184617e-02   3.443773e-14   1.521290e-04   2.382827e-15   264
  5.233850e-02   5.924526e-14   0.000000e+00   8.273768e-15   48
  5.270435e-02   4.028068e-14   1.514052e-04   3.141870e-15   264
  5.322882e-02   3.248849e-14   8.924381e-05   2.850200e-15   144
  5.362492e-02   5.407914e-14   1.825884e-04   6.225387e-15   78
  5.420192e-02   3.115942e-14   1.186900e-04   2.126078e-15   336
  5.474604e-02   3.351373e-14   9.030373e-05   3.653587e-15   200
  5.510338e-02   3.290793e-14   1.768159e-04   2.947751e-15   192
  5.558581e-02   4.668067e-14   8.873069e-05   4.428637e-15   240
  5.602902e-02   3.494735e-14   1.778215e-04   3.116740e-15   168
  5.648434e-02   3.313173e-14   1.423690e-04   3.245486e-15   120
  5.703118e-02   4.607396e-14   1.112738e-04   3.175824e-15   324
  5.756179e-02   4.795098e-14   8.748012e-05   4.082233e-15   192
  5.792293e-02   6.068889e-14   1.568908e-04   5.431267e-15   168
  5.853721e-02   3.022273e-14   1.292197e-04   2.700690e-15   342
  5.909109e-02   4.632608e-14   1.040479e-04   2.971853e-15   336
  5.965251e-02   5.669406e-14   7.962394e-05   1.175426e-14   72
  6.003109e-02   4.178566e-14   1.273478e-04   3.934701e-15   288
  6.047058e-02   4.760161e-14   8.293768e-05   4.014569e-15   264
  6.108439e-02   4.112649e-14   1.090835e-04   2.371681e-15   384
  6.163419e-02   4.331134e-14   1.309286e-04   4.217696e-15   240
  6.186267e-02   6.963811e-14   0.000000e+00   9.427641e-15   48
  6.252352e-02   5.437510e-14   1.071736e-04   3.412014e-15   392
  6.302771e-02   4.846358e-14   1.176177e-04   3.572449e-15   294
  6.356985e-02   4.617328e-14   7.644534e-05   4.045932e-15   228
  6.392640e-02   5.598294e-14   1.160935e-04   4.357889e-15   216
  6.437004e-02   4.397561e-14   7.071608e-05   2.841087e-15   336
  6.491309e-02   4.995972e-14   8.402231e-05   3.646658e-15   360
  6.536140e-02   6.566078e-14   1.280140e-04   5.108574e-15   240
  6.582853e-02   3.473029e-14   1.514699e-04   3.303347e-15   168
  6.626426e-02   5.745811e-14   1.192252e-04   3.486167e-15   312
  6.678338e-02   4.529345e-14   7.461529e-05   2.979506e-15   336
  6.734419e-02   5.769229e-14   1.017891e-04   4.244555e-15   294
  6.776702e-02   6.743701e-14   1.356641e-04   5.584152e-15   288
  6.809058e-02   4.416274e-14   8.488954e-05   4.143159e-15   264
  6.866755e-02   4.723600e-14   1.458184e-04   3.559661e-15   480
  6.914996e-02   5.560415e-14   7.133389e-05   4.586421e-15   240
  6.974139e-02   4.921226e-14   7.213111e-05   4.062508e-15   276
  7.020800e-02   6.024570e-14   1.583420e-04   3.165034e-15   488
  7.076234e-02   7.838163e-14   6.973720e-05   7.461506e-15   240
  7.108411e-02   6.263419e-14   1.354117e-04   3.714327e-15   360
  7.153530e-02   4.790078e-14   4.817743e-05   4.012830e-15   198
  7.211554e-02   5.038939e-14   1.627935e-04   2.974781e-15   480
  7.254038e-02   4.961400e-14   6.008787e-05   4.259683e-15   288
  7.312796e-02   5.739895e-14   1.270121e-04   3.670502e-15   480
  7.365633e-02   6.695615e-14   7.825550e-05   3.182705e-15   480
  7.419894e-02   5.771887e-14   1.012105e-04   5.162966e-15   288
  7.453749e-02   4.651968e-14   1.079729e-04   2.866989e-15   288
  7.506996e-02   6.607535e-14   1.877112e-04   3.712941e-15   456
  7.560610e-02   7.335609e-14   1.767802e-04   4.447881e-15   360
  7.595177e-02   6.002702e-14   1.059672e-04   4.383645e-15   180
  7.645202e-02   5.854177e-14   1.154112e-04   3.323056e-15   486
  7.695907e-02   5.888371e-14   1.535340e-04   3.487649e-15   504
  7.747462e-02   6.232466e-14   1.192882e-04   3.801855e-15   456
  7.790209e-02   7.753907e-14   9.910745e-05   5.564079e-15   296
  7.846686e-02   6.428371e-14   9.779604e-05   4.137053e-15   528
  7.889160e-02   6.162691e-14   9.649931e-05   4.117194e-15   336
  7.951717e-02   7.114650e-14   1.070358e-04   3.621604e-15   600
  7.997507e-02   5.783062e-14   6.270729e-05   3.765976e-15   264
  8.043396e-02   6.823706e-14   6.781049e-05   3.796674e-15   360
  8.090234e-02   6.368339e-14   1.357633e-04   3.583264e-15   630
  8.141847e-02   6.281424e-14   7.007974e-05   4.556594e-15   432
  8.187631e-02   6.523168e-14   1.350259e-04   4.086101e-15   408
  8.243827e-02   6.645828e-14   8.962194e-05   4.499807e-15   324
  8.285635e-02   6.161355e-14   1.277222e-04   3.031320e-15   744
  8.336064e-02   7.638929e-14   1.021054e-04   5.060160e-15   336
  8.384245e-02   7.066115e-14   1.403689e-04   4.286685e-15   528
  8.437080e-02   6.261458e-14   7.162045e-05   3.637343e-15   408
  8.472109e-02   5.891131e-14   1.218981e-04   3.513798e-15   408
  8.529988e-02   6.178692e-14   1.006308e-04   3.238989e-15   470
  8.572148e-02   6.260128e-14   1.208902e-04   3.835995e-15   528
  8.631019e-02   5.786536e-14   1.007343e-04   2.841281e-15   624
  8.674381e-02   6.215967e-14   7.664930e-05   3.425432e-15   504
  8.719116e-02   5.840502e-14   1.067668e-04   3.472290e-15   552
  8.763489e-02   7.148643e-14   5.190111e-05   4.466540e-15   336
  8.819051e-02   7.050319e-14   1.104770e-04   3.688005e-15   528
  8.862093e-02   6.862344e-14   1.257802e-04   3.487064e-15   564
  8.912507e-02   7.768949e-14   1.157674e-04   4.493793e-15   528
  8.967166e-02   7.075625e-14   1.797324e-04   4.180026e-15   582
  9.016871e-02   6.602653e-14   1.383668e-04   3.440828e-15   624
  9.060342e-02   6.114806e-14   1.581799e-04   3.797941e-15   432
  9.112208e-02   6.328323e-14   1.759475e-04   3.197349e-15   816
  9.165576e-02   7.786719e-14   8.018898e-05   5.383279e-15   312
  9.200488e-02   6.730177e-14   1.299641e-04   3.757463e-15   552
  9.256787e-02   6.462304e-14   8.185444e-05   2.852078e-15   744
  9.297574e-02   8.309434e-14   7.646869e-05   5.365333e-15   408
  9.350218e-02   6.492950e-14   1.095830e-04   3.053816e-15   632
  9.404906e-02   8.289832e-14   1.860997e-04   3.468324e-15   750
  9.449396e-02   5.029872e-14   1.280227e-04   4.459491e-15   312
  9.498974e-02   7.084847e-14   1.890077e-04   3.015938e-15   876
  9.548011e-02   4.887688e-14   1.234108e-04   2.797090e-15   552
  9.603265e-02   8.242204e-14   1.020603e-04   3.978246e-15   696
  9.640905e-02   6.759377e-14   1.126552e-04   3.232590e-15   576
  9.692128e-02   5.548664e-14   1.192748e-04   3.209871e-15   576
  9.735848e-02   7.983169e-14   1.598285e-04   3.661620e-15   648
  9.788685e-02   7.395362e-14   1.599783e-04   3.267175e-15   672
  9.847019e-02   7.187784e-14   6.785687e-05   4.514612e-15   480
  9.884355e-02   6.997675e-14   1.050846e-04   3.241628e-15   726
  9.932431e-02   7.403213e-14   1.190745e-04   3.146881e-15   792
  9.984502e-02   6.622018e-14   1.651878e-04   3.164403e-15   768
  1.003938e-01   6.648026e-14   1.350017e-04   3.368800e-15   672
  1.008970e-01   6.711858e-14   9.055629e-05   3.349261e-15   608
  1.012613e-01   7.360974e-14   8.693679e-05   3.698851e-15   624
  1.017809e-01   7.492873e-14   1.129736e-04   3.391633e-15   684
  1.022864e-01   7.472349e-14   1.668752e-04   2.860300e-15   768
  1.027568e-01   7.389612e-14   1.334155e-04   3.395968e-15   744
  1.033173e-01   7.094903e-14   8.400635e-05   2.973278e-15   750
  1.037259e-01   6.592649e-14   1.248642e-04   3.928735e-15   600
  1.041677e-01   6.385828e-14   1.325833e-04   3.497711e-15   600
  1.047135e-01   7.347602e-14   1.527941e-04   2.767522e-15   1008
  1.051470e-01   6.757488e-14   8.474486e-05   3.184777e-15   696
  1.056273e-01   7.138196e-14   1.119517e-04   3.737082e-15   624
  1.061102e-01   7.452382e-14   1.742111e-04   3.008971e-15   840
  1.066588e-01   7.851933e-14   1.185366e-04   3.528437e-15   816
  1.071038e-01   7.480280e-14   7.873478e-05   3.093209e-15   744
  1.075531e-01   8.135687e-14   1.391901e-04   4.267448e-15   510
  1.080960e-01   7.686171e-14   1.336339e-04   3.180674e-15   1020
  1.086012e-01   6.884812e-14   1.078294e-04   2.559735e-15   912
  1.090992e-01   7.530988e-14   1.597552e-04   3.559586e-15   752
  1.095110e-01   7.944243e-14   1.325595e-04   3.519689e-15   888
  1.100730e-01   6.852831e-14   8.554013e-05   3.378989e-15   768
  1.105327e-01   7.869430e-14   1.554339e-04   3.543894e-15   720
  1.110617e-01   7.083492e-14   1.370195e-04   2.568257e-15   1056
  1.115309e-01   7.436146e-14   9.479589e-05   4.221976e-15   504
  1.119154e-01   8.621018e-14   1.480257e-04   3.493063e-15   774
  1.124652e-01   6.972534e-14   1.423615e-04   2.700372e-15   1272
  1.129816e-01   7.342541e-14   9.326921e-05   3.530904e-15   744
  1.134632e-01   6.636769e-14   1.523027e-04   2.979191e-15   768
  1.139050e-01   7.455286e-14   1.288282e-04   3.102955e-15   840
  1.144011e-01   8.638703e-14   8.734207e-05   3.657501e-15   924
  1.148789e-01   7.863403e-14   1.539839e-04   3.161503e-15   936
  1.153484e-01   7.539275e-14   1.070130e-04   3.181452e-15   840
  1.158214e-01   8.667856e-14   1.272259e-04   3.218543e-15   1008
  1.164225e-01   7.766103e-14   1.436262e-04   3.360859e-15   696
  1.167996e-01   6.678165e-14   1.276589e-04   2.762701e-15   974
  1.173599e-01   8.132007e-14   1.695459e-04   2.908734e-15   1152
  1.178471e-01   8.576872e-14   6.634378e-05   3.376953e-15   816
  1.182260e-01   6.656166e-14   1.459488e-04   2.861984e-15   816
  1.187357e-01   7.696231e-14   1.288794e-04   2.632359e-15   1152
  1.192732e-01   7.998764e-14   1.160356e-04   3.081565e-15   912
  1.197621e-01   8.629159e-14   1.409833e-04   3.042810e-15   1056
  1.201806e-01   9.103978e-14   1.205660e-04   3.994263e-15   624
  1.207435e-01   7.667373e-14   1.506027e-04   2.825787e-15   1260
  1.212292e-01   8.481527e-14   9.083716e-05   3.673532e-15   894
  1.217037e-01   8.831986e-14   1.556364e-04   2.925632e-15   1176
  1.221783e-01   6.989495e-14   1.288208e-04   3.556576e-15   840
  1.227186e-01   8.686717e-14   1.464236e-04   2.852669e-15   1440
  1.232859e-01   7.602586e-14   8.232021e-05   3.116006e-15   864
  1.237160e-01   8.624309e-14   1.412655e-04   3.425942e-15   1056
  1.241441e-01   8.481000e-14   8.328830e-05   4.290670e-15   624
  1.246641e-01   9.278360e-14   1.542356e-04   2.973185e-15   1496
  1.251612e-01   8.689079e-14   1.088958e-04   3.820271e-15   936
  1.256039e-01   8.750104e-14   1.576468e-04   3.360977e-15   966
  1.260801e-01   8.258630e-14   1.117465e-04   3.504676e-15   936
  1.265804e-01   7.662880e-14   1.382244e-04   2.755434e-15   1248
  1.270926e-01   7.614265e-14   9.744205e-05   2.774825e-15   1044
  1.275698e-01   9.103772e-14   1.509409e-04   3.025349e-15   1392
  1.279478e-01   7.081736e-14   1.162549e-04   3.820503e-15   600
  1.284885e-01   8.654879e-14   1.320778e-04   2.645000e-15   1416
  1.289955e-01   8.556752e-14   1.421656e-04   2.931780e-15   1152
  1.295092e-01   8.755084e-14   1.363856e-04   3.231761e-15   936
  1.299230e-01   8.954812e-14   1.462802e-04   3.597253e-15   870
  1.304147e-01   9.285898e-14   1.226502e-04   3.308099e-15   1368
  1.309604e-01   8.873665e-14   1.612530e-04   2.940411e-15   1632
  1.314267e-01   7.486889e-14   7.000699e-05   3.523900e-15   816
  1.319315e-01   9.688666e-14   1.597143e-04   3.409632e-15   1200
  1.323720e-01   9.412985e-14   1.527057e-04   3.460422e-15   1184
  1.328194e-01   8.664309e-14   1.158936e-04   3.566992e-15   984
  1.333683e-01   9.072523e-14   1.414942e-04   2.765577e-15   1572
  1.338659e-01   9.588341e-14   7.792333e-05   3.982618e-15   840
  1.343297e-01   9.295750e-14   1.812138e-04   2.837160e-15   1392
  1.348193e-01   8.607663e-14   1.330470e-04   3.302452e-15   1158
  1.352564e-01   8.444835e-14   1.211496e-04   2.940993e-15   1272
  1.357826e-01   8.568965e-14   1.234623e-04   2.813273e-15   1320
  1.362769e-01   9.005332e-14   1.208065e-04   3.595072e-15   1104
  1.367472e-01   8.192159e-14   1.367360e-04   2.716394e-15   1392
  1.372408e-01   8.739722e-14   1.478938e-04   2.974750e-15   1296
  1.377492e-01   9.485072e-14   1.544255e-04   3.055696e-15   1392
  1.382262e-01   9.271911e-14   1.132835e-04   3.254375e-15   1104
  1.386675e-01   8.305826e-14   1.426913e-04   2.745207e-15   1320
  1.392961e-01   8.609281e-14   1.089713e-04   2.845726e-15   1422
  1.396977e-01   7.567338e-14   1.357176e-04   2.703185e-15   1212
  1.401589e-01   8.397548e-14   1.483027e-04   2.818455e-15   1280
  1.406327e-01   9.198117e-14   1.544235e-04   3.225522e-15   1272
  1.410869e-01   9.189103e-14   1.336382e-04   2.826927e-15   1680
  1.416252e-01   8.762053e-14   1.262633e-04   3.162583e-15   1152
  1.421207e-01   8.408139e-14   1.462174e-04   2.511489e-15   1512
  1.426417e-01   8.646316e-14   6.173239e-05   3.440744e-15   912
  1.430535e-01   9.502479e-14   1.556147e-04   2.517199e-15   1680
  1.436012e-01   7.863914e-14   1.378563e-04   2.435202e-15   1518
  1.440071e-01   9.009068e-14   1.276288e-04   3.489891e-15   1056
  1.444347e-01   8.541984e-14   1.288698e-04   2.771301e-15   1344
  1.449875e-01   8.981869e-14   1.383780e-04   2.721444e-15   1680
  1.454876e-01   8.870175e-14   1.363571e-04   2.765400e-15   1656
  1.460341e-01   7.704408e-14   1.159057e-04   2.782703e-15   1140
  1.464444e-01   8.424925e-14   1.342100e-04   2.841190e-15   1368
  1.469271e-01   8.832947e-14   1.526647e-04   2.530117e-15   1656
  1.474179e-01   9.276402e-14   1.563614e-04   3.134533e-15   1448
  1.479520e-01   8.999379e-14   1.468912e-04   2.804632e-15   1422
  1.484453e-01   8.398337e-14   1.621619e-04   2.697878e-15   1512
  1.488673e-01   8.349689e-14   1.236275e-04   2.919094e-15   1296
  1.493554e-01   7.999238e-14   1.128801e-04   2.419413e-15   1824
  1.498832e-01   8.608677e-14   1.463660e-04   2.704950e-15   1464
  1.504163e-01   8.376785e-14   1.306107e-04   2.269750e-15   1824
  1.509111e-01   8.214614e-14   1.038421e-04   2.708422e-15   1416
  1.513416e-01   9.449020e-14   1.521007e-04   3.029336e-15   1392
  1.518062e-01   8.397248e-14   1.403562e-04   2.511244e-15   1464
  1.523732e-01   7.666416e-14   1.372200e-04   2.395979e-15   1524
  1.528113e-01   8.265046e-14   1.264504e-04   2.530773e-15   1686
  1.533176e-01   8.074062e-14   1.505644e-04   2.477785e-15   1800
  1.537528e-01   7.927452e-14   1.195338e-04   2.800527e-15   1344
  1.542356e-01   9.027127e-14   1.394596e-04   2.875595e-15   1656
  1.547196e-01   8.266414e-14   1.113514e-04   2.494779e-15   1488
  1.551402e-01   8.272773e-14   1.111701e-04   2.691668e-15   1536
  1.557262e-01   8.323239e-14   1.234973e-04   2.283088e-15   1760
  1.561802e-01   9.191179e-14   1.373667e-04   2.485723e-15   1824
  1.567053e-01   8.370472e-14   1.152763e-04   2.451495e-15   1560
  1.572105e-01   7.991738e-14   1.324056e-04   2.170712e-15   1926
  1.576857e-01   8.042791e-14   9.415777e-05   2.744252e-15   1272
  1.581194e-01   8.013785e-14   1.582320e-04   2.276835e-15   1848
  1.586895e-01   8.819114e-14   1.278379e-04   2.240884e-15   1908
  1.591231e-01   7.581312e-14   1.246890e-04   2.511511e-15   1488
  1.595806e-01   8.198645e-14   1.406224e-04   2.377652e-15   1800
  1.600766e-01   8.230651e-14   1.407610e-04   2.377791e-15   1752
  1.605517e-01   7.702413e-14   1.496769e-04   2.508063e-15   1368
  1.610272e-01   8.639972e-14   1.406675e-04   2.186332e-15   2016
  1.615501e-01   8.229721e-14   1.485794e-04   2.360099e-15   1542
  1.620327e-01   7.789959e-14   1.454994e-04   2.057321e-15   2184
  1.625669e-01   7.997866e-14   1.330990e-04   2.344375e-15   1776
  1.630283e-01   8.050778e-14   1.521522e-04   2.891757e-15   1568
  1.634682e-01   8.275363e-14   1.390081e-04   2.084922e-15   2040
  1.639468e-01   8.408992e-14   1.486121e-04   2.495966e-15   1704
  1.644478e-01   8.075546e-14   1.489728e-04   2.521843e-15   1512
  1.649202e-01   8.323174e-14   1.270742e-04   2.241775e-15   2028
  1.654509e-01   8.020318e-14   1.532841e-04   2.024712e-15   1968
  1.659362e-01   8.373657e-14   1.554838e-04   2.165584e-15   1854
  1.664110e-01   7.100702e-14   1.482240e-04   2.106588e-15   1632
  1.668977e-01   7.998700e-14   1.523128e-04   1.849558e-15   2424
  1.674021e-01   7.425393e-14   1.524713e-04   2.258185e-15   1560
  1.678285e-01   7.964007e-14   1.440852e-04   2.234545e-15   1728
  1.683437e-01   7.812378e-14   1.538043e-04   2.108274e-15   2088
  1.688623e-01   7.931616e-14   1.464052e-04   2.116282e-15   1968
  1.693394e-01   8.013938e-14   1.449552e-04   2.007128e-15   2256
  1.698178e-01   8.318017e-14   1.288813e-04   2.243721e-15   1728
  1.703172e-01   8.048128e-14   1.270494e-04   2.751513e-15   1416
  1.707596e-01   8.397458e-14   1.339356e-04   2.111634e-15   2246
  1.712606e-01   7.476022e-14   1.483321e-04   2.091010e-15   2148
  1.717398e-01   8.021374e-14   1.252967e-04   2.420810e-15   1680
  1.721909e-01   7.851305e-14   1.584012e-04   1.886085e-15   2280
  1.727331e-01   7.915471e-14   1.475065e-04   1.862097e-15   2352
  1.732395e-01   8.462758e-14   1.239422e-04   2.413691e-15   1632
  1.736402e-01   7.843794e-14   1.418228e-04   2.263404e-15   1968
  1.741900e-01   8.422254e-14   1.455103e-04   2.069937e-15   2112
  1.746998e-01   7.316814e-14   1.093039e-04   1.811646e-15   2208
  1.751952e-01   8.058147e-14   1.102112e-04   2.075715e-15   1974
  1.755862e-01   7.252193e-14   1.078165e-04   1.999640e-15   1944
  1.761144e-01   8.019085e-14   1.219820e-04   2.084734e-15   2160
  1.765722e-01   7.801583e-14   1.140807e-04   2.070247e-15   2040
  1.770670e-01   7.835535e-14   1.596015e-04   1.964753e-15   2352
  1.775745e-01   8.327186e-14   1.325904e-04   2.383285e-15   1836
  1.780376e-01   8.136460e-14   1.414413e-04   1.814456e-15   2352
  1.785577e-01   8.167331e-14   1.483527e-04   2.117660e-15   2008
  1.790344e-01   7.667992e-14   1.459431e-04   1.947811e-15   2464
  1.795659e-01   8.115056e-14   1.177095e-04   1.918192e-15   2118
  1.800019e-01   7.894229e-14   1.183276e-04   2.208871e-15   1848
  1.804507e-01   7.801339e-14   1.565861e-04   1.984013e-15   2280
  1.809928e-01   7.830120e-14   1.489508e-04   1.861046e-15   2472
  1.814993e-01   8.343116e-14   9.953927e-05   2.091073e-15   2280
  1.819245e-01   8.430037e-14   1.216700e-04   2.401023e-15   1992
  1.823831e-01   8.313334e-14   1.279126e-04   1.917593e-15   2184
  1.829118e-01   7.454683e-14   1.543068e-04   1.787453e-15   2352
  1.834214e-01   7.867666e-14   1.626118e-04   1.827823e-15   2496
  1.839203e-01   7.553177e-14   1.518813e-04   2.188179e-15   1770
  1.843678e-01   8.041633e-14   1.310496e-04   1.912084e-15   2568
  1.849057e-01   7.878357e-14   1.607377e-04   1.817516e-15   2712
  1.853947e-01   7.790779e-14   1.276489e-04   1.855880e-15   2448
  1.858830e-01   8.503068e-14   1.076015e-04   2.132170e-15   2064
  1.862881e-01   7.329327e-14   1.135758e-04   1.983104e-15   1944
  1.868133e-01   7.711142e-14   1.403079e-04   1.887619e-15   2480
  1.873491e-01   8.305479e-14   1.524155e-04   1.792765e-15   2880
  1.878237e-01   8.192524e-14   1.462067e-04   1.854529e-15   2304
  1.883193e-01   8.046173e-14   1.343278e-04   1.961106e-15   1806
  1.887589e-01   7.782438e-14   1.317346e-04   1.684672e-15   2856
  1.893097e-01   7.755188e-14   1.263374e-04   1.850840e-15   2568
  1.897288e-01   7.319972e-14   1.267515e-04   1.941441e-15   2112
  1.901850e-01   7.596813e-14   1.220840e-04   1.998964e-15   2028
  1.906744e-01   8.154832e-14   1.445115e-04   1.723951e-15   2712
  1.911714e-01   8.078854e-14   1.556884e-04   1.684979e-15   2952
  1.917055e-01   8.548410e-14   1.202957e-04   2.187416e-15   2112
  1.921372e-01   8.158298e-14   1.409804e-04   1.862009e-15   2520
  1.926559e-01   7.984027e-14   1.359784e-04   1.887325e-15   2376
  1.931282e-01   7.828521e-14   1.090048e-04   1.874771e-15   2526
  1.936186e-01   7.907008e-14   1.356536e-04   1.820704e-15   2664
  1.941040e-01   7.652418e-14   1.617960e-04   1.785852e-15   2408
  1.945694e-01   8.238814e-14   1.296049e-04   1.906060e-15   2568
  1.950440e-01   8.206421e-14   1.221942e-04   1.769476e-15   2904
  1.955589e-01   7.963113e-14   1.371053e-04   1.859542e-15   2544
  1.960480e-01   7.796185e-14   1.009875e-04   1.863234e-15   2160
  1.965096e-01   8.510864e-14   1.745958e-04   1.836891e-15   2652
  1.970194e-01   8.136356e-14   1.382439e-04   1.747962e-15   2784
  1.975101e-01   8.013318e-14   1.365199e-04   1.745812e-15   2694
  1.980185e-01   7.463442e-14   1.226932e-04   1.586358e-15   2952
  1.984602e-01   8.402904e-14   1.162128e-04   2.020255e-15   2208
  1.989102e-01   7.211144e-14   1.238599e-04   1.833850e-15   2304
  1.994125e-01   7.556098e-14   1.610662e-04   1.398862e-15   3504
  1.999983e-01   8.135009e-14   1.304210e-04   1.943444e-15   2616
  2.004552e-01   8.227007e-14   1.274108e-04   1.808904e-15   2664
  2.008953e-01   7.924810e-14   1.183758e-04   1.736050e-15   2448
  2.013388e-01   8.056824e-14   1.648584e-04   1.849740e-15   2472
  2.018606e-01   8.055981e-14   1.310718e-04   1.605033e-15   3134
  2.023516e-01   7.684038e-14   1.433541e-04   1.804115e-15   2616
  2.028419e-01   7.247582e-14   1.161223e-04   1.663385e-15   2712
  2.033463e-01   7.277497e-14   1.331755e-04   1.496261e-15   3204
  2.038284e-01   7.558193e-14   1.533782e-04   1.780581e-15   2760
  2.042862e-01   7.587556e-14   1.338200e-04   1.647892e-15   2688
  2.047911e-01   7.669078e-14   1.265264e-04   1.753864e-15   2760
  2.052376e-01   7.515090e-14   1.044749e-04   1.698426e-15   2568
  2.057517e-01   7.422644e-14   1.622443e-04   1.412908e-15   3336
  2.062452e-01   7.460988e-14   1.373220e-04   1.718424e-15   2334
  2.067435e-01   7.040976e-14   1.519616e-04   1.447127e-15   3264
  2.072092e-01   7.198399e-14   1.104877e-04   1.566772e-15   2760
  2.076868e-01   7.283521e-14   1.334378e-04   1.475107e-15   3192
  2.081730e-01   7.131133e-14   1.385370e-04   1.587663e-15   2904
  2.086902e-01   7.356950e-14   1.390027e-04   1.599824e-15   2784
  2.091231e-01   7.572013e-14   1.144018e-04   1.752807e-15   2592
  2.096156e-01   7.345312e-14   1.559460e-04   1.389080e-15   3284
  2.101389e-01   7.689160e-14   1.566406e-04   1.582047e-15   3168
  2.106071e-01   7.438374e-14   1.292397e-04   1.666252e-15   2616
  2.110994e-01   7.003964e-14   1.248775e-04   1.383501e-15   3222
  2.115781e-01   6.890836e-14   1.401164e-04   1.297469e-15   3240
  2.120418e-01   7.041466e-14   1.417503e-04   1.651137e-15   2568
  2.125690e-01   7.106224e-14   1.300629e-04   1.411200e-15   3120
  2.130097e-01   7.420229e-14   1.429850e-04   1.479484e-15   3168
  2.134838e-01   6.868598e-14   1.251725e-04   1.326173e-15   3240
  2.140024e-01   7.018533e-14   1.284239e-04   1.369927e-15   3144
  2.145062e-01   6.840655e-14   1.224103e-04   1.414702e-15   2856
  2.149823e-01   7.080423e-14   1.307392e-04   1.345259e-15   3264
  2.155212e-01   7.091407e-14   1.444609e-04   1.393760e-15   3318
  2.159452e-01   6.675951e-14   1.011723e-04   1.639041e-15   2556
  2.164506e-01   6.945102e-14   1.728209e-04   1.188886e-15   4008
  2.169623e-01   6.759562e-14   1.275720e-04   1.449251e-15   2904
  2.174000e-01   6.909708e-14   1.304469e-04   1.325232e-15   3144
  2.178983e-01   6.354511e-14   1.359922e-04   1.322924e-15   3200
  2.184140e-01   7.020748e-14   1.341212e-04   1.355923e-15   3312
  2.188763e-01   7.224727e-14   1.080957e-04   1.506467e-15   2832
  2.193924e-01   6.858696e-14   1.555565e-04   1.204209e-15   3984
  2.198717e-01   7.459288e-14   1.264601e-04   1.779119e-15   2238
  2.203092e-01   6.577983e-14   1.488218e-04   1.191321e-15   3984
  2.208520e-01   6.525695e-14   1.414250e-04   1.319814e-15   3384
  2.213029e-01   6.697224e-14   1.321942e-04   1.373321e-15   3048
  2.217737e-01   6.621580e-14   1.213801e-04   1.308345e-15   3096
  2.222656e-01   6.821940e-14   1.375807e-04   1.217580e-15   3708
  2.227545e-01   6.533766e-14   1.304078e-04   1.433471e-15   2784
  2.232087e-01   6.971602e-14   1.354535e-04   1.261824e-15   3648
  2.237247e-01   6.740642e-14   1.394108e-04   1.184807e-15   3888
  2.242738e-01   6.643088e-14   1.488252e-04   1.303838e-15   2958
  2.246837e-01   6.214217e-14   1.270361e-04   1.229763e-15   3264
  2.251777e-01   6.526647e-14   1.402443e-04   1.299427e-15   3160
  2.256445e-01   6.194680e-14   1.271016e-04   1.164162e-15   3736
  2.260868e-01   6.497541e-14   1.158193e-04   1.279901e-15   3216
  2.266085e-01   6.390963e-14   1.419303e-04   1.149521e-15   4032
  2.271526e-01   6.696832e-14   1.295798e-04   1.240775e-15   3528
  2.276165e-01   6.587215e-14   1.143819e-04   1.267474e-15   3192
  2.280803e-01   6.396959e-14   1.252686e-04   1.213826e-15   3456
  2.285834e-01   6.686886e-14   1.298903e-04   1.366178e-15   3060
  2.290876e-01   6.306844e-14   1.544545e-04   1.057975e-15   4518
  2.295790e-01   6.396914e-14   1.375990e-04   1.172051e-15   3528
  2.300307e-01   5.740007e-14   1.155591e-04   1.207864e-15   3024
  2.305122e-01   5.960493e-14   1.564624e-04   1.083355e-15   3672
  2.310028e-01   6.224868e-14   1.342922e-04   1.179432e-15   3864
  2.315474e-01   6.029774e-14   1.423480e-04   1.054325e-15   3816
  2.319928e-01   6.456959e-14   1.295052e-04   1.224144e-15   3456
  2.324198e-01   6.344165e-14   1.172315e-04   1.388048e-15   2688
  2.329230e-01   6.495589e-14   1.390930e-04   1.082242e-15   4248
  2.334218e-01   5.996208e-14   1.332244e-04   1.043563e-15   3926
  2.339228e-01   5.801192e-14   1.406621e-04   1.057813e-15   3504
  2.344067e-01   6.053734e-14   1.257540e-04   1.051909e-15   3960
  2.349411e-01   5.973894e-14   1.415697e-04   1.070291e-15   3684
  2.353994e-01   5.951687e-14   1.415603e-04   1.030369e-15   4104
  2.358576e-01   6.136119e-14   1.342621e-04   1.199157e-15   3144
  2.363498e-01   6.066153e-14   1.470632e-04   1.033939e-15   4224
  2.368909e-01   6.197831e-14   1.305314e-04   1.065317e-15   4008
  2.373532e-01   6.291878e-14   1.436052e-04   1.157977e-15   3312
  2.378293e-01   5.956807e-14   1.428317e-04   1.072885e-15   3726
  2.383356e-01   6.043323e-14   1.467057e-04   1.089912e-15   3936
  2.387852e-01   5.787701e-14   1.512247e-04   1.041930e-15   3888
  2.392518e-01   6.090379e-14   1.429975e-04   1.030181e-15   3864
  2.397372e-01   5.682010e-14   1.520184e-04   1.001449e-15   3888
  2.402373e-01   5.652982e-14   1.433767e-04   9.420388e-16   4080
  2.407309e-01   5.797977e-14   1.521663e-04   1.108970e-15   3400
  2.412345e-01   5.957188e-14   1.395519e-04   9.372635e-16   4588
  2.417438e-01   6.211462e-14   1.381276e-04   1.078007e-15   3816
  2.421888e-01   6.134349e-14   1.308874e-04   1.075704e-15   3534
  2.426599e-01   5.894706e-14   1.292818e-04   1.020875e-15   4080
  2.431528e-01   5.980134e-14   1.351361e-04   1.002972e-15   4248
  2.436477e-01   5.662439e-14   1.361762e-04   1.051770e-15   3528
  2.441045e-01   6.012458e-14   1.392215e-04   1.027406e-15   4248
  2.445661e-01   5.787194e-14   1.361726e-04   1.075510e-15   3696
  2.450802e-01   6.208106e-14   1.412982e-04   1.022564e-15   4560
  2.455678e-01   5.827226e-14   1.323495e-04   1.025338e-15   3864
  2.460685e-01   5.860445e-14   1.441083e-04   9.567286e-16   4440
  2.465431e-01   5.681074e-14   1.344565e-04   1.099245e-15   3432
  2.470417e-01   5.513194e-14   1.318374e-04   9.158703e-16   4470
  2.475323e-01   5.633952e-14   1.171596e-04   9.713919e-16   4188
  2.480144e-01   5.881279e-14   1.500979e-04   9.576135e-16   4392
  2.484933e-01   5.706128e-14   1.161150e-04   1.045699e-15   3960
  2.489913e-01   5.860627e-14   1.311762e-04   9.913211e-16   4328
  2.494737e-01   5.815868e-14   1.365155e-04   9.957841e-16   4320
  2.499612e-01   5.730358e-14   1.427527e-04   9.251259e-16   4152
  2.504133e-01   6.086155e-14   1.194148e-04   1.118480e-15   3528
  2.509246e-01   5.834847e-14   1.292483e-04   9.254120e-16   4512
  2.514030e-01   5.619571e-14   1.321235e-04   9.498619e-16   4134
  2.518889e-01   5.681374e-14   1.407559e-04   8.514301e-16   5208
  2.523561e-01   5.670781e-14   1.226327e-04   1.077245e-15   3240
  2.528396e-01   5.987153e-14   1.352583e-04   9.715960e-16   4680
  2.533316e-01   5.634112e-14   1.339167e-04   9.248353e-16   4440
  2.538242e-01   5.281839e-14   1.517493e-04   8.843653e-16   4260
  2.542967e-01   5.712519e-14   1.238886e-04   9.668402e-16   4056
  2.547833e-01   5.776052e-14   1.373522e-04   9.162738e-16   4704
  2.552940e-01   5.835112e-14   1.598328e-04   8.778777e-16   4800
  2.558338e-01   5.570581e-14   1.384828e-04   8.440227e-16   4806
  2.563004e-01   5.515991e-14   1.380453e-04   1.115777e-15   3552
  2.567447e-01   5.464087e-14   1.384155e-04   9.468733e-16   4304
  2.572463e-01   5.368215e-14   1.342317e-04   8.103406e-16   5280
  2.577424e-01   5.551857e-14   1.287726e-04   9.182883e-16   4320
  2.582120e-01   5.322708e-14   1.454180e-04   8.978942e-16   4296
  2.587071e-01   5.848324e-14   1.616686e-04   8.994880e-16   4608
  2.592079e-01   5.589592e-14   1.548872e-04   8.788821e-16   4824
  2.597037e-01   5.689079e-14   1.462245e-04   8.810682e-16   4488
  2.602357e-01   5.528600e-14   1.365163e-04   8.898972e-16   4530
  2.606750e-01   5.244872e-14   1.332969e-04   8.514124e-16   4464
  2.611146e-01   5.483375e-14   1.256224e-04   9.406630e-16   4104
  2.616192e-01   5.147369e-14   1.354472e-04   7.631039e-16   5424
  2.621157e-01   5.266589e-14   1.458006e-04   8.215393e-16   4392
  2.626209e-01   5.560941e-14   1.427447e-04   8.592026e-16   4896
  2.630796e-01   5.497374e-14   1.399190e-04   9.109994e-16   4104
  2.635583e-01   5.517890e-14   1.261700e-04   8.746470e-16   4824
  2.640634e-01   5.542918e-14   1.205890e-04   8.729854e-16   4680
  2.645034e-01   5.238834e-14   1.233362e-04   8.354995e-16   4328
  2.650142e-01   5.195364e-14   1.421747e-04   7.945202e-16   5118
  2.655274e-01   5.334269e-14   1.647184e-04   7.842968e-16   5304
  2.659905e-01   5.039631e-14   1.297081e-04   8.086333e-16   4392
  2.664951e-01   5.447298e-14   1.301864e-04   8.761286e-16   4476
  2.669364e-01   5.057164e-14   1.292906e-04   7.790371e-16   4704
  2.674274e-01   5.377024e-14   1.564908e-04   8.006002e-16   5208
  2.679435e-01   4.987274e-14   1.319479e-04   7.477270e-16   5304
  2.684190e-01   5.452450e-14   1.413346e-04   9.074246e-16   4296
  2.689066e-01   5.499305e-14   1.340217e-04   8.540170e-16   4752
  2.694189e-01   4.870639e-14   1.345359e-04   7.507710e-16   4950
  2.698794e-01   5.041046e-14   1.406262e-04   7.749236e-16   5064
  2.703399e-01   4.922133e-14   1.178265e-04   7.828441e-16   4872
  2.708057e-01   4.915901e-14   1.240390e-04   8.448094e-16   4224
  2.713029e-01   5.054571e-14   1.370167e-04   6.896499e-16   6120
  2.718321e-01   4.958152e-14   1.507358e-04   7.501307e-16   4968
  2.723121e-01   5.075912e-14   1.333881e-04   8.052698e-16   4424
  2.728088e-01   5.203750e-14   1.703749e-04   7.320777e-16   5436
  2.732993e-01   5.066168e-14   1.452596e-04   7.973778e-16   4896
  2.737736e-01   4.865772e-14   1.390702e-04   7.140764e-16   5214
  2.742308e-01   4.861742e-14   1.182169e-04   7.772906e-16   4656
  2.747387e-01   4.897978e-14   1.503032e-04   7.590047e-16   5448
  2.752241e-01   4.955331e-14   1.269422e-04   7.533475e-16   4992
  2.756994e-01   4.768143e-14   1.404898e-04   6.828646e-16   5400
  2.762219e-01   5.049200e-14   1.557062e-04   7.310312e-16   5328
  2.767032e-01   4.567026e-14   1.392299e-04   6.713479e-16   4776
  2.771561e-01   5.124570e-14   1.308295e-04   7.450172e-16   4800
  2.776593e-01   4.885618e-14   1.682401e-04   6.336982e-16   6552
  2.781857e-01   4.674769e-14   1.271030e-04   7.670856e-16   3942
  2.786419e-01   4.567787e-14   1.601990e-04   6.545828e-16   6072
  2.791470e-01   4.448224e-14   1.244164e-04   7.344781e-16   4692
  2.795705e-01   4.965178e-14   1.298888e-04   7.450472e-16   4944
  2.800665e-01   4.653032e-14   1.394107e-04   6.331897e-16   5840
  2.805759e-01   4.563941e-14   1.492333e-04   6.531871e-16   5712
  2.810773e-01   4.507698e-14   1.250671e-04   6.809202e-16   4800
  2.815348e-01   4.766016e-14   1.656330e-04   6.781268e-16   5688
  2.820359e-01   4.788079e-14   1.306810e-04   7.524270e-16   4848
  2.825324e-01   3.941413e-14   1.454557e-04   6.526133e-16   5406
  2.830037e-01   3.983523e-16   1.312973e-04   6.116821e-18   5568
  2.834769e-01   3.777456e-16   1.180275e-04   5.717882e-18   5736
  2.839884e-01   3.971332e-16   1.465826e-04   6.264798e-18   5280
  2.844524e-01   3.760084e-16   1.355263e-04   5.740761e-18   5592
  2.849301e-01   3.784801e-16   1.551417e-04   6.211836e-18   4968
  2.854352e-01   4.068859e-16   1.391053e-04   6.137039e-18   5964
  2.859279e-01   3.767496e-16   1.397517e-04   5.694033e-18   5376
  2.863756e-01   3.623566e-16   1.349389e-04   5.609429e-18   5472
  2.868946e-01   3.839937e-16   1.281532e-04   5.823804e-18   5472
  2.873693e-01   3.690937e-16   1.457059e-04   5.684457e-18   5415
  2.878292e-01   3.554300e-16   1.281660e-04   5.648854e-18   5096
  2.883268e-01   3.404685e-16   1.648183e-04   5.188093e-18   6372
  2.888302e-01   3.668503e-16   1.337920e-04   6.465245e-18   4656
  2.892814e-01   3.562754e-16   1.460580e-04   5.289717e-18   5844
  2.897668e-01   3.616794e-16   1.284189e-04   5.736551e-18   5508
  2.902812e-01   3.562266e-16   1.456803e-04   5.296547e-18   6324
  2.907860e-01   3.264024e-16   1.251396e-04   5.669001e-18   4752
  2.912474e-01   3.667638e-16   1.401041e-04   5.672351e-18   5676
  2.917468e-01   3.467138e-16   1.281684e-04   5.506449e-18   5472
  2.922209e-01   3.283209e-16   1.445704e-04   5.139162e-18   5556
  2.927301e-01   3.392147e-16   1.408810e-04   5.333113e-18   5436
  2.932217e-01   3.303900e-16   1.442016e-04   5.329103e-18   5916
  2.937264e-01   3.231570e-16   1.500331e-04   4.984981e-18   5520
  2.941809e-01   3.211997e-16   1.364480e-04   5.356433e-18   5280
  2.946466e-01   3.321582e-16   1.340724e-04   5.954782e-18   4416
  2.951720e-01   3.179590e-16   1.306879e-04   4.819063e-18   6260
  2.956655e-01   3.099901e-16   1.554038e-04   5.026753e-18   5940
  2.961126e-01   3.093027e-16   1.217066e-04   5.856977e-18   4188
  2.966047e-01   2.933940e-16   1.556122e-04   4.360106e-18   6360
  2.971222e-01   3.028320e-16   1.387995e-04   5.156180e-18   5256
  2.976029e-01   3.094924e-16   1.312113e-04   5.529441e-18   4848
  2.980147e-01   2.851406e-16   1.189499e-04   5.103049e-18   4704
  2.985217e-01   2.842448e-16   1.459205e-04   4.819613e-18   5784
  2.990374e-01   2.776600e-16   1.544008e-04   4.457550e-18   5820
  2.995352e-01   2.861997e-16   1.383100e-04   4.833721e-18   5700
  3.000361e-01   2.873885e-16   1.282634e-04   4.776016e-18   5232
  3.005375e-01   2.710461e-16   1.423193e-04   4.729158e-18   4932
  3.009817e-01   2.760080e-16   1.224997e-04   5.291674e-18   4716
  3.014485e-01   2.709041e-16   1.560382e-04   4.421024e-18   5616
  3.019287e-01   2.542225e-16   1.378046e-04   4.335637e-18   5184
  3.024240e-01   2.507850e-16   1.390111e-04   4.388087e-18   5064
  3.028912e-01   2.494874e-16   1.423406e-04   4.310905e-18   5544
  3.034093e-01   2.506145e-16   1.428860e-04   4.190000e-18   5192
  3.038807e-01   2.465171e-16   1.284053e-04   4.219714e-18   5244
  3.043764e-01   2.387591e-16   1.389360e-04   4.365449e-18   5112
  3.048691e-01   2.428682e-16   1.275010e-04   4.058875e-18   5040
  3.053213e-01   2.362855e-16   1.340439e-04   4.051015e-18   5124
  3.058494e-01   2.363093e-16   1.504823e-04   3.964389e-18   5952
  3.063369e-01   2.299598e-16   1.318531e-04   4.060100e-18   4824
  3.067788e-01   2.250909e-16   1.330892e-04   4.369473e-18   4536
  3.072903e-01   2.234513e-16   1.414616e-04   3.836578e-18   5712
  3.078157e-01   2.367437e-16   1.547976e-04   4.013720e-18   5352
  3.083112e-01   2.161514e-16   1.348344e-04   3.737916e-18   5004
  3.087539e-01   2.023771e-16   1.348711e-04   3.570240e-18   4800
  3.092296e-01   2.181837e-16   1.449374e-04   3.905766e-18   5148
  3.097567e-01   2.140213e-16   1.505363e-04   3.505319e-18   5664
  3.102329e-01   1.969923e-16   1.352034e-04   3.721695e-18   4692
  3.106729e-01   2.049599e-16   1.256056e-04   3.947930e-18   4008
  3.111861e-01   1.946629e-16   1.439712e-04   3.143595e-18   5852
  3.117078e-01   1.963545e-16   1.363273e-04   3.437716e-18   5784
  3.121712e-01   1.904812e-16   1.256700e-04   3.671856e-18   4392
  3.126481e-01   1.936106e-16   1.232703e-04   3.586800e-18   4944
  3.131489e-01   1.873711e-16   1.453336e-04   3.446778e-18   4776
  3.136211e-01   1.792774e-16   1.398188e-04   3.181687e-18   5244
  3.141336e-01   1.828548e-16   1.395722e-04   3.165363e-18   4884
  3.145636e-01   1.700116e-16   1.183681e-04   3.086138e-18   4488
  3.150636e-01   1.748399e-16   1.406525e-04   3.204335e-18   5160
  3.155671e-01   1.882914e-16   1.432039e-04   3.162315e-18   5316
  3.160521e-01   1.569722e-16   1.447892e-04   2.909631e-18   4896
  3.165249e-01   1.826809e-16   1.345344e-04   3.545829e-18   4188
  3.170014e-01   1.568037e-16   1.467406e-04   2.930244e-18   4836
  3.174880e-01   1.711040e-16   1.455680e-04   2.940861e-18   5316
  3.179808e-01   1.585542e-16   1.347408e-04   2.615331e-18   4920
  3.184417e-01   1.726470e-16   1.357413e-04   3.351350e-18   4128
  3.189362e-01   1.510426e-16   1.460260e-04   2.576306e-18   5348
  3.194229e-01   1.622111e-16   1.267067e-04   2.997758e-18   4836
  3.198876e-01   1.556430e-16   1.365306e-04   3.214581e-18   4392
  3.203882e-01   1.493659e-16   1.199532e-04   2.852766e-18   4632
  3.208388e-01   1.441237e-16   1.340287e-04   2.562731e-18   4596
  3.213563e-01   1.506807e-16   1.347844e-04   2.686901e-18   5424
  3.218683e-01   1.352798e-16   1.387362e-04   2.338820e-18   5256
  3.223958e-01   1.426906e-16   1.409032e-04   2.635629e-18   4524
  3.228350e-01   1.412172e-16   1.340268e-04   2.756948e-18   4440
  3.233270e-01   1.384930e-16   1.146101e-04   2.594724e-18   4380
  3.238085e-01   1.356520e-16   1.499870e-04   2.522331e-18   4812
  3.243210e-01   1.377824e-16   1.489725e-04   2.340049e-18   5376
  3.247896e-01   1.252298e-16   1.189892e-04   2.638821e-18   3888
  3.252385e-01   1.352206e-16   1.362564e-04   2.503760e-18   4896
  3.257395e-01   1.280189e-16   1.437728e-04   2.472648e-18   4608
  3.262654e-01   1.350046e-16   1.357127e-04   2.476318e-18   4448
  3.267232e-01   1.116235e-16   1.400926e-04   2.074865e-18   4752
  3.272056e-01   1.272285e-16   1.467382e-04   2.532141e-18   4356
  3.277129e-01   1.210839e-16   1.412082e-04   2.217216e-18   5232
  3.282173e-01   1.145418e-16   1.423025e-04   2.206542e-18   4548
  3.287063e-01   1.161728e-16   1.383360e-04   2.213606e-18   4608
  3.291837e-01   1.119891e-16   1.256671e-04   2.397443e-18   3936
  3.296343e-01   1.161600e-16   1.502088e-04   2.375385e-18   4260
  3.301407e-01   1.114276e-16   1.346643e-04   2.153953e-18   5004
  3.306038e-01   1.123291e-16   1.330711e-04   2.287281e-18   4224
  3.311115e-01   1.084528e-16   1.437697e-04   2.121534e-18   4788
  3.316047e-01   1.125935e-16   1.511985e-04   2.246747e-18   4428
  3.320852e-01   1.007022e-16   1.263467e-04   2.143660e-18   4080
  3.325477e-01   1.066774e-16   1.381486e-04   1.952232e-18   4632
  3.330347e-01   1.005812e-16   1.436640e-04   2.115524e-18   4056
  3.335467e-01   9.854935e-17   1.352621e-04   1.860401e-18   4536
  3.340144e-01   1.069288e-16   1.379585e-04   2.039098e-18   4668
  3.345266e-01   8.895712e-17   1.478669e-04   1.768929e-18   4604
  3.350255e-01   1.000368e-16   1.328598e-04   2.065511e-18   4152
  3.354859e-01   9.531306e-17   1.287622e-04   1.959298e-18   4224
  3.359739e-01   8.905695e-17   1.237953e-04   1.862699e-18   4152
  3.364615e-01   1.008334e-16   1.404246e-04   2.013004e-18   4224
  3.369356e-01   9.179694e-17   1.298644e-04   1.871175e-18   3960
  3.373922e-01   8.940588e-17   1.340119e-04   1.697838e-18   4656
  3.378910e-01   8.691119e-17   1.445961e-04   1.735936e-18   4452
  3.384025e-01   8.322194e-17   1.470057e-04   1.783025e-18   4056
  3.388784e-01   8.632541e-17   1.456648e-04   1.881228e-18   4212
  3.393606e-01   9.029836e-17   1.210536e-04   1.999690e-18   3432
  3.398492e-01   8.175636e-17   1.548628e-04   1.550422e-18   5352
  3.403267e-01   8.537184e-17   1.134185e-04   1.977004e-18   3600
  3.408466e-01   7.940487e-17   1.251027e-04   1.606624e-18   4584
  3.413005e-01   8.392602e-17   1.247343e-04   1.947139e-18   3768
  3.417680e-01   7.705109e-17   1.331557e-04   1.701398e-18   3848
  3.422347e-01   8.042009e-17   1.220886e-04   1.825647e-18   3720
  3.427639e-01   7.240809e-17   1.532392e-04   1.458110e-18   4764
  3.432311e-01   7.616687e-17   1.234001e-04   1.509499e-18   3864
  3.437109e-01   7.867262e-17   1.528459e-04   1.628732e-18   4332
  3.442342e-01   7.437173e-17   1.304937e-04   1.562952e-18   3792
  3.447018e-01   6.946551e-17   1.480185e-04   1.439256e-18   4284
  3.451974e-01   7.139644e-17   1.401572e-04   1.779949e-18   3840
  3.456664e-01   6.268098e-17   1.334113e-04   1.399259e-18   3480
  3.461427e-01   6.847205e-17   1.488614e-04   1.345116e-18   4380
  3.466576e-01   6.994850e-17   1.398292e-04   1.525898e-18   4200
  3.471635e-01   7.002360e-17   1.344014e-04   1.490419e-18   4056
  3.476333e-01   6.423492e-17   1.350788e-04   1.598947e-18   3600
  3.480735e-01   6.505903e-17   1.345848e-04   1.430162e-18   3492
  3.485878e-01   6.127633e-17   1.571647e-04   1.322498e-18   4500
  3.491126e-01   6.851743e-17   1.376975e-04   1.663068e-18   3516
  3.495636e-01   6.678896e-17   1.439500e-04   1.470271e-18   3968
  3.500690e-01   6.194238e-17   1.383484e-04   1.466906e-18   3648
  3.505165e-01   6.011623e-17   1.322992e-04   1.321471e-18   4224
  3.510237e-01   5.581306e-17   1.484940e-04   1.363507e-18   3588
  3.514997e-01   5.984655e-17   1.369683e-04   1.428891e-18   3456
  3.519786e-01   5.421895e-17   1.216448e-04   1.329957e-18   3660
  3.524735e-01   5.583102e-17   1.335194e-04   1.266932e-18   3768
  3.529347e-01   5.933590e-17   1.350276e-04   1.356613e-18   3744
  3.534301e-01   5.511343e-17   1.482149e-04   1.245151e-18   4176
  3.539572e-01   6.144651e-17   1.367120e-04   1.451436e-18   3612
  3.543928e-01   5.256215e-17   1.485682e-04   1.349649e-18   3216
  3.548913e-01   5.272531e-17   1.436402e-04   1.303615e-18   3624
  3.553925e-01   5.121005e-17   1.350690e-04   1.194868e-18   3744
  3.558768e-01   5.422771e-17   1.441176e-04   1.282771e-18   3672
  3.563547e-01   5.188994e-17   1.306896e-04   1.231044e-18   3852
  3.568482e-01   5.474085e-17   1.345097e-04   1.369069e-18   3672
  3.573731e-01   5.042282e-17   1.310574e-04   1.357049e-18   3248
  3.578115e-01   4.241113e-17   1.341465e-04   1.065695e-18   3336
  3.582900e-01   4.447753e-17   1.365492e-04   1.116917e-18   3576
  3.587793e-01   4.865252e-17   1.159180e-04   1.217959e-18   3336
  3.592778e-01   4.748509e-17   1.376902e-04   1.083129e-18   3936
  3.597697e-01   4.932853e-17   1.466440e-04   1.271161e-18   3408
  3.602575e-01   4.739419e-17   1.291957e-04   1.249051e-18   3336
  3.607316e-01   3.678218e-17   1.451163e-04   9.853208e-19   3312
  3.612054e-01   4.497740e-17   1.469319e-04   1.281834e-18   3432
  3.617101e-01   4.561369e-17   1.273841e-04   1.364728e-18   3144
  3.621706e-01   4.327996e-17   1.382881e-04   1.087636e-18   3456
  3.626887e-01   4.160867e-17   1.329107e-04   9.763402e-19   3792
  3.631568e-01   4.541606e-17   1.305556e-04   1.321934e-18   2868
  3.636625e-01   3.752152e-17   1.352551e-04   9.067668e-19   3888
  3.641351e-01   3.579114e-17   1.174435e-04   1.012623e-18   2784
  3.646004e-01   3.815390e-17   1.341238e-04   1.142623e-18   2964
  3.651086e-01   4.063884e-17   1.381212e-04   1.059879e-18   3432
  3.655924e-01   3.888076e-17   1.429694e-04   1.005636e-18   3416
  3.660820e-01   4.002419e-17   1.528218e-04   1.035442e-18   3528
  3.665830e-01   4.018179e-17   1.226504e-04   1.121818e-18   2904
  3.670262e-01   3.438172e-17   1.375270e-04   9.770766e-19   3072
  3.675416e-01   3.291133e-17   1.544586e-04   8.848497e-19   3216
  3.680569e-01   3.376153e-17   1.250951e-04   1.009953e-18   2844
  3.685093e-01   3.566733e-17   1.431483e-04   1.031776e-18   3432
  3.689737e-01   3.956306e-17   1.150574e-04   1.127204e-18   2880
  3.694925e-01   3.571187e-17   1.524100e-04   9.802011e-19   3576
  3.699812e-01   3.784669e-17   1.362332e-04   1.140103e-18   2700
  3.704492e-01   3.141324e-17   1.530237e-04   9.550425e-19   3000
  3.709392e-01   3.001600e-17   1.270553e-04   9.509987e-19   2556
  3.714151e-01   3.382564e-17   1.361780e-04   9.554522e-19   3360
  3.719070e-01   3.469606e-17   1.323185e-04   9.861672e-19   3120
  3.724371e-01   3.380436e-17   1.557809e-04   1.007489e-18   3216
  3.728935e-01   3.438332e-17   1.098680e-04   1.042101e-18   2628
  3.734065e-01   2.729109e-17   1.452297e-04   8.011050e-19   3200
  3.738745e-01   2.705268e-17   1.370102e-04   8.773678e-19   2232
  3.743471e-01   2.723105e-17   1.563929e-04   9.084004e-19   3108
  3.748177e-01   3.647661e-17   1.373821e-04   1.164813e-18   2604
  3.752991e-01   3.334822e-17   1.479994e-04   9.605111e-19   3096
  3.758288e-01   3.028922e-17   1.348469e-04   1.021494e-18   3084
  3.762884e-01   2.672343e-17   1.376092e-04   8.793114e-19   2664
  3.767621e-01   2.705118e-17   1.213497e-04   9.830412e-19   2232
  3.772262e-01   2.181590e-17   1.494845e-04   7.666384e-19   2808
  3.777344e-01   3.014870e-17   1.412112e-04   1.037164e-18   2592
  3.782089e-01   3.279265e-17   1.449703e-04   1.013710e-18   2952
  3.787074e-01   2.538937e-17   1.368697e-04   8.324976e-19   2772
  3.791921e-01   2.539599e-17   1.471948e-04   8.126249e-19   3036
  3.796993e-01   2.545439e-17   1.427797e-04   9.439768e-19   2136
  3.801616e-01   1.883206e-17   1.138671e-04   7.257866e-19   2496
  3.806364e-01   2.606424e-17   1.516625e-04   9.528954e-19   2228
  3.811316e-01   2.875011e-17   1.413981e-04   9.376015e-19   3048
  3.816243e-01   2.697976e-17   1.350676e-04   9.390409e-19   2676
  3.821140e-01   2.219434e-17   1.345571e-04   7.604481e-19   2784
  3.825820e-01   2.315438e-17   1.307225e-04   8.702140e-19   1920
  3.830514e-01   1.941329e-17   1.395126e-04   6.833080e-19   2400
  3.835600e-01   1.938358e-17   1.279618e-04   7.191781e-19   2532
  3.840860e-01   2.511737e-17   1.421350e-04   9.125274e-19   2544
  3.845592e-01   2.767536e-17   1.486925e-04   1.005095e-18   2772
  3.850254e-01   2.077312e-17   1.392746e-04   8.311724e-19   2160
  3.854884e-01   2.238123e-17   1.500120e-04   8.513473e-19   2304
  3.860241e-01   1.884944e-17   1.467945e-04   7.883684e-19   2328
  3.865043e-01   1.530444e-17   1.407449e-04   6.357871e-19   2304
  3.869492e-01   1.673720e-17   1.330938e-04   7.049030e-19   1908
  3.874552e-01   2.721778e-17   1.488569e-04   1.028983e-18   2736
  3.879425e-01   2.292829e-17   1.410418e-04   9.475400e-19   2448
  3.884609e-01   2.060939e-17   1.318665e-04   8.153566e-19   2040
  3.889299e-01   1.425072e-17   1.372999e-04   6.544015e-19   2120
  3.893809e-01   1.830833e-17   1.138355e-04   7.627968e-19   2040
  3.898664e-01   1.432536e-17   1.412334e-04   6.709956e-19   2208
  3.904158e-01   2.327999e-17   1.268062e-04   9.913734e-19   2208
  3.908608e-01   2.675664e-17   1.405255e-04   1.065065e-18   2196
  3.913207e-01   1.392942e-17   1.236152e-04   7.232350e-19   1848
  3.917886e-01   1.801100e-17   1.401960e-04   8.350014e-19   2124
  3.923120e-01   1.522433e-17   1.470626e-04   5.840746e-19   2328
  3.928231e-01   1.538815e-17   1.497225e-04   7.699582e-19   1920
  3.933200e-01   1.341019e-17   1.374435e-04   6.910807e-19   1548
  3.937619e-01   2.258422e-17   1.507712e-04   9.301167e-19   2388
  3.942832e-01   1.505470e-17   1.395210e-04   7.190115e-19   2160
  3.947606e-01   1.465149e-17   1.269906e-04   7.372305e-19   1704
  3.952179e-01   1.257134e-17   1.430661e-04   6.953358e-19   1776
  3.956506e-01   1.261134e-17   1.338203e-04   6.830477e-19   1800
  3.961977e-01   1.102692e-17   1.544832e-04   5.649977e-19   1700
  3.967087e-01   1.916236e-17   1.390936e-04   9.018594e-19   2292
  3.971846e-01   1.501686e-17   1.291201e-04   8.064566e-19   1704
  3.976337e-01   1.574433e-17   1.443780e-04   8.450887e-19   1728
  3.981255e-01   1.122772e-17   1.336251e-04   6.300729e-19   1728
  3.986075e-01   1.421092e-17   1.334994e-04   7.798675e-19   1680
  3.991202e-01   8.510334e-18   1.537953e-04   5.237402e-19   1704
  3.996310e-01   8.918728e-18   1.207753e-04   4.392789e-19   1752
  4.000877e-01   1.734252e-17   1.435789e-04   9.920711e-19   1872
  4.005817e-01   1.307610e-17   1.407232e-04   8.133439e-19   1500
  4.010829e-01   1.174718e-17   1.232237e-04   6.877408e-19   1656
  4.015697e-01   1.051007e-17   1.321192e-04   5.515213e-19   1464
  4.020023e-01   6.556396e-18   1.157232e-04   4.482856e-19   1488
  4.025329e-01   9.142623e-18   1.396693e-04   4.805171e-19   1680
  4.030178e-01   1.219721e-17   1.459194e-04   8.575490e-19   1692
  4.034716e-01   1.114920e-17   1.397252e-04   8.235987e-19   1128
  4.039751e-01   8.717956e-18   1.345433e-04   4.982493e-19   1536
  4.044663e-01   7.146177e-18   1.402479e-04   5.497827e-19   1616
  4.049637e-01   6.659151e-18   1.352429e-04   4.702589e-19   1476
  4.054650e-01   6.975188e-18   1.488381e-04   6.889299e-19   1176
  4.059124e-01   6.546208e-18   1.599107e-04   3.583168e-19   1656
  4.063997e-01   8.789118e-18   1.404668e-04   8.737913e-19   891
  4.069020e-01   6.523222e-18   1.497388e-04   3.850402e-19   1596
  4.073915e-01   4.690526e-18   1.305762e-04   4.335499e-19   1422
  4.078742e-01   6.124949e-18   1.252138e-04   3.660817e-19   1254
  4.083284e-01   3.317713e-18   1.279202e-04   2.226694e-19   918
  4.088148e-01   5.575422e-18   1.400009e-04   3.103220e-19   1614
  4.093049e-01   4.718864e-18   1.209347e-04   4.209888e-19   798
  4.097922e-01   3.854600e-18   1.550239e-04   2.439067e-19   1458
  4.102863e-01   4.094877e-18   1.419502e-04   2.123273e-19   1374
  4.107747e-01   3.133366e-18   1.212349e-04   2.928816e-19   984
  4.112591e-01   3.987324e-18   1.668024e-04   2.883153e-19   1062
  4.117525e-01   4.505473e-18   1.413965e-04   2.649237e-19   1246
  4.122317e-01   2.187824e-18   1.311095e-04   1.364814e-19   1072
  4.127436e-01   2.536136e-18   1.419832e-04   2.081801e-19   1110
  4.132166e-01   4.114675e-18   1.538182e-04   2.971520e-19   1254
  4.137139e-01   2.767135e-18   1.459816e-04   1.852609e-19   1032
  4.142557e-01   3.305221e-18   1.352509e-04   3.197083e-19   786
  4.146677e-01   3.041663e-18   1.386613e-04   1.604271e-19   1152
  4.151502e-01   2.442355e-18   1.511270e-04   1.927524e-19   1086
  4.156529e-01   1.356063e-18   1.363503e-04   5.118808e-20   912
  4.161175e-01   3.811680e-18   1.366785e-04   2.265613e-19   1062
  4.165917e-01   1.526585e-18   1.362355e-04   7.373300e-20   912
  4.171397e-01   1.693410e-18   1.520835e-04   1.407902e-19   750
  4.175668e-01   2.530621e-18   1.465336e-04   1.395662e-19   1200
  4.180611e-01   1.675555e-18   1.326977e-04   1.188269e-19   918
  4.185524e-01   1.326485e-18   1.377357e-04   8.610906e-20   876
  4.190517e-01   2.799328e-18   1.203534e-04   1.516533e-19   870
  4.194890e-01   1.625110e-18   1.403731e-04   1.046899e-19   768
  4.200015e-01   1.107149e-18   1.286594e-04   6.369181e-20   830
  4.204761e-01   1.822982e-18   1.332096e-04   1.021698e-19   1080
  4.209676e-01   1.346486e-18   1.498783e-04   7.459263e-20   840
  4.214632e-01   1.204042e-18   1.443163e-04   5.758604e-20   798
  4.220251e-01   2.108435e-18   1.145461e-04   1.223654e-19   792
  4.224609e-01   1.215055e-18   1.335978e-04   6.506277e-20   726
  4.229181e-01   8.181149e-19   1.497038e-04   3.158525e-20   864
  4.234189e-01   1.535694e-18   1.281430e-04   9.374655e-20   900
  4.239267e-01   1.092178e-18   1.424135e-04   5.451836e-20   726
  4.243623e-01   1.020018e-18   1.232527e-04   4.858151e-20   576
  4.249434e-01   1.538922e-18   1.282664e-04   9.944295e-20   840
  4.253523e-01   1.049878e-18   1.331485e-04   5.717543e-20   750
  4.258366e-01   8.936101e-19   1.335529e-04   3.965517e-20   720
  4.262936e-01   1.150739e-18   1.351090e-04   6.616478e-20   702
  4.268271e-01   9.729106e-19   1.475571e-04   4.247226e-20   696
  4.272662e-01   1.016688e-18   1.319621e-04   5.236136e-20   480
  4.277837e-01   1.025214e-18   1.250396e-04   6.083040e-20   830
  4.282419e-01   9.623068e-19   1.454616e-04   5.219319e-20   756
  4.287552e-01   8.745808e-19   1.396687e-04   4.109675e-20   624
  4.292083e-01   7.726095e-19   1.475796e-04   3.934327e-20   582
  4.297440e-01   9.082381e-19   1.132706e-04   4.280841e-20   576
  4.302073e-01   7.340746e-19   1.517064e-04   3.285729e-20   624
  4.306823e-01   8.834151e-19   1.238986e-04   3.714614e-20   702
  4.311525e-01   8.499041e-19   1.425165e-04   4.755461e-20   624
  4.317110e-01   7.744137e-19   1.378751e-04   3.519241e-20   672
  4.321659e-01   6.938575e-19   1.032125e-04   3.967891e-20   342
  4.326655e-01   7.888899e-19   1.290292e-04   3.853503e-20   660
  4.331249e-01   7.124839e-19   1.326364e-04   3.110965e-20   576
  4.335992e-01   7.036058e-19   1.289493e-04   3.227107e-20   600
  4.340787e-01   7.186088e-19   1.491476e-04   4.624326e-20   510
  4.346181e-01   7.284419e-19   1.397290e-04   3.143861e-20   600
  4.350341e-01   6.087275e-19   1.112888e-04   3.771920e-20   216
  4.355185e-01   6.502711e-19   1.354577e-04   2.744796e-20   758
  4.360833e-01   5.944417e-19   1.482975e-04   3.085117e-20   576
  4.365782e-01   7.036225e-19   1.259005e-04   3.318640e-20   528
  4.370248e-01   7.012966e-19   8.670054e-05   4.440920e-20   318
  4.375047e-01   6.699883e-19   1.497759e-04   3.044518e-20   540
  4.380721e-01   4.135788e-19   1.058893e-04   2.102105e-20   384
  4.384565e-01   5.995744e-19   1.463022e-04   2.685345e-20   576
  4.389570e-01   4.981476e-19   1.195560e-04   2.980579e-20   414
  4.394302e-01   6.589202e-19   1.335050e-04   3.340504e-20   504
  4.399357e-01   5.709950e-19   1.465573e-04   3.094629e-20   312
  4.404212e-01   5.867238e-19   1.327827e-04   3.169439e-20   414
  4.409029e-01   5.713236e-19   1.226699e-04   3.110128e-20   432
  4.413512e-01   5.647927e-19   1.624587e-04   2.478674e-20   504
  4.418701e-01   5.526433e-19   1.564660e-04   2.729440e-20   432
  4.423558e-01   5.183431e-19   1.281691e-04   2.609206e-20   354
  4.428506e-01   7.112441e-19   1.865017e-04   6.272499e-20   200
  4.432750e-01   5.350029e-19   1.323290e-04   2.665113e-20   480
  4.438485e-01   5.907402e-19   1.512148e-04   2.506177e-20   552
  4.443745e-01   5.701173e-19   9.419478e-05   3.738228e-20   366
  4.447799e-01   4.869361e-19   1.002751e-04   2.946937e-20   240
  4.452261e-01   5.658198e-19   1.401886e-04   3.485681e-20   288
  4.458541e-01   4.943400e-19   9.634579e-05   2.655478e-20   366
  4.462600e-01   4.798930e-19   1.562070e-04   2.351427e-20   408
  4.467132e-01   5.043320e-19   1.174273e-04   2.884528e-20   360
  4.471820e-01   5.218342e-19   1.094619e-04   2.730871e-20   324
  4.476367e-01   4.892949e-19   1.292780e-04   4.064229e-20   174
  4.481783e-01   5.415307e-19   1.485222e-04   3.290007e-20   264
  4.486867e-01   4.817115e-19   1.354596e-04   2.081957e-20   456
  4.491937e-01   5.010637e-19   1.362099e-04   2.548678e-20   360
  4.496105e-01   5.340635e-19   1.500483e-04   3.285915e-20   270
  4.501209e-01   5.081424e-19   1.641082e-04   2.936258e-20   240
  4.507604e-01   5.586118e-19   1.195905e-04   5.935662e-20   120
  4.510747e-01   4.251540e-19   1.248485e-04   2.305688e-20   320
  4.515822e-01   4.742382e-19   1.544785e-04   2.256763e-20   462
  4.521137e-01   5.504036e-19   8.987666e-05   3.285602e-20   276
  4.525754e-01   4.230823e-19   1.019637e-04   3.815986e-20   144
  4.530202e-01   6.448687e-19   1.070818e-04   5.043623e-20   120
  4.536115e-01   3.994469e-19   8.108908e-05   2.252252e-20   294
  4.540583e-01   4.377951e-19   1.438563e-04   2.093236e-20   384
  4.544753e-01   4.967237e-19   9.523196e-05   4.108907e-20   216
  4.548743e-01   5.133318e-19   8.843896e-05   3.714049e-20   168
  4.553251e-01   4.969488e-19   1.052282e-04   4.850304e-20   102
  4.559768e-01   5.028115e-19   1.596520e-04   3.765762e-20   168
  4.564337e-01   4.494738e-19   1.397340e-04   2.241614e-20   384
  4.569346e-01   5.015444e-19   1.419732e-04   2.793965e-20   300
  4.574008e-01   4.758663e-19   1.520225e-04   3.262408e-20   144
  4.579263e-01   5.490566e-19   1.556925e-04   5.729930e-20   102
  4.585568e-01   6.058776e-19   3.685588e-05   7.522120e-20   56
  4.588590e-01   4.282502e-19   1.199932e-04   2.472840e-20   288
  4.593328e-01   4.425034e-19   1.561557e-04   2.210148e-20   360
  4.598487e-01   5.519822e-19   8.376686e-05   4.560573e-20   126
  4.602834e-01   5.873237e-19   4.125612e-05   6.945748e-20   72
  4.607572e-01   3.941832e-19   2.185755e-05   6.083108e-20   48
  4.613754e-01   4.270218e-19   8.842417e-05   2.556155e-20   240
  4.617816e-01   4.016978e-19   1.311982e-04   2.210343e-20   306
  4.621975e-01   3.956815e-19   7.291699e-05   3.452106e-20   120
  4.626766e-01   5.048408e-19   1.794585e-04   4.738246e-20   96
  4.630248e-01   3.602260e-19   0.000000e+00   5.410483e-20   24
  4.638071e-01   4.523144e-19   1.554065e-04   3.516154e-20   120
  4.641905e-01   4.415696e-19   1.343981e-04   2.327673e-20   318
  4.646594e-01   4.477024e-19   1.436227e-04   3.525189e-20   168
  4.651731e-01   4.530476e-19   1.541232e-04   6.024975e-20   72
  4.657357e-01   5.282447e-19   0.000000e+00   1.333806e-19   24
  4.663408e-01   4.984618e-19   7.481195e-05   1.524067e-19   14
  4.666286e-01   4.398673e-19   1.179951e-04   3.348297e-20   288
  4.670757e-01   3.998140e-19   1.419546e-04   2.705690e-20   204
  4.675916e-01   4.640496e-19   2.153808e-05   8.578175e-20   48
  4.680007e-01   4.818921e-19   0.000000e+00   5.418010e-20   24
  4.684739e-01   4.453838e-19   0.000000e+00   9.943898e-20   6
  4.691541e-01   4.037319e-19   8.821950e-05   3.065661e-20   216
  4.695046e-01   4.934496e-19   1.174842e-04   3.732988e-20   192
  4.699334e-01   4.380873e-19   2.143075e-05   4.875829e-20   48
  4.703832e-01   4.097055e-19   1.712353e-04   5.376248e-20   30
  4.716555e-01   3.991181e-19   3.540978e-05   2.929703e-20   96
  4.719167e-01   4.336024e-19   1.160286e-04   2.603703e-20   228
  4.724128e-01   4.811343e-19   1.517284e-04   5.395513e-20   72
  4.730094e-01   9.322234e-19   0.000000e+00   4.307656e-19   6
  4.743680e-01   4.670015e-19   1.145631e-04   2.988250e-20   248
  4.748016e-01   4.242663e-19   1.311235e-04   5.599470e-20   72
  4.753245e-01   3.144750e-19   7.266090e-09   5.459864e-20   6
  4.769053e-01   3.838055e-19   8.141014e-05   2.492731e-20   180
  4.772205e-01   4.565467e-19   1.107713e-04   7.238221e-20   72
  4.776705e-01   7.145678e-19   0.000000e+00   1.771797e-19   6
  4.794278e-01   4.284593e-19   3.483570e-05   4.262747e-20   96
  4.796378e-01   5.031314e-19   9.563861e-05   4.591173e-20   96
  4.800471e-01   4.919083e-19   0.000000e+00   1.466636e-19   6
  4.820778e-01   4.005991e-19   9.153355e-05   2.477472e-20   140
  4.824537e-01   6.916722e-19   0.000000e+00   1.834280e-19   6
  4.846301e-01   3.863696e-19   6.146888e-05   3.095997e-20   96
  4.848898e-01   2.860098e-19   0.000000e+00   9.791900e-20   6
  4.871898e-01   5.080407e-19   3.697860e-05   6.347641e-20   60
  4.873552e-01   5.298108e-19   0.000000e+00   1.775057e-19   6
  4.897713e-01   2.683529e-19   3.748867e-05   4.033720e-20   38
  4.923442e-01   2.384171e-19   1.928513e-05   3.372333e-20   18
  4.949217e-01   8.254532e-20   7.266090e-09   3.077092e-20   6
