# power spectrum of phi
# redshift z=5.947684
# k              Pk             sigma(k)       sigma(Pk)      count
  1.256637e-01   3.526493e-11   0.000000e+00   1.422613e-11   6
  1.777153e-01   9.215586e-12   0.000000e+00   1.859441e-12   12
  2.176559e-01   4.344108e-12   2.384186e-09   9.726781e-13   8
  2.513274e-01   1.054576e-11   0.000000e+00   1.245853e-12   6
  2.809926e-01   5.771185e-12   4.495664e-09   1.814393e-12   24
  3.078120e-01   6.664412e-12   4.495664e-09   1.214192e-12   24
  3.708310e-01   2.007356e-12   9.740034e-03   3.225613e-13   42
  3.973835e-01   2.380093e-12   0.000000e+00   4.763919e-13   24
  4.167794e-01   2.196934e-12   7.786718e-09   5.386800e-13   24
  4.486432e-01   1.631750e-12   7.696839e-03   1.884574e-13   32
  4.701905e-01   1.390320e-12   0.000000e+00   2.106857e-13   48
  5.026548e-01   1.196975e-12   0.000000e+00   5.283773e-13   6
  5.245624e-01   1.020545e-12   7.433575e-03   1.084051e-13   84
  5.548703e-01   1.122963e-12   7.114891e-03   1.715718e-13   48
  5.803806e-01   7.513276e-13   6.388277e-03   7.497631e-14   72
  6.156239e-01   7.794508e-13   8.991328e-09   1.022815e-13   24
  6.371019e-01   4.955576e-13   5.669664e-03   4.760402e-14   102
  6.694115e-01   5.570439e-13   1.096246e-02   5.913593e-14   104
  6.882885e-01   2.833499e-13   0.000000e+00   4.718256e-14   48
  7.254833e-01   3.198488e-13   7.274260e-03   2.495992e-14   108
  7.474926e-01   3.663513e-13   5.130540e-03   4.353051e-14   78
  7.720780e-01   4.205998e-13   4.442982e-03   3.722224e-14   96
  8.060166e-01   2.517003e-13   6.261981e-03   2.161873e-14   168
  8.373048e-01   2.392664e-13   7.572942e-03   2.135656e-14   120
  8.522927e-01   2.332842e-13   0.000000e+00   3.157968e-14   48
  8.875381e-01   2.353226e-13   7.331812e-03   1.892415e-14   194
  9.180568e-01   1.769990e-13   5.998724e-03   1.330377e-14   192
  9.445606e-01   1.967178e-13   4.179554e-03   1.481656e-14   96
  9.631875e-01   1.574980e-13   3.557186e-03   1.284399e-14   96
  9.867076e-01   1.457856e-13   5.247590e-03   1.104412e-14   174
  1.018302e+00   1.362199e-13   5.162719e-03   9.492799e-15   216
  1.043827e+00   1.111319e-13   5.348761e-03   9.155798e-15   192
  1.076680e+00   9.980642e-14   5.670253e-03   7.129674e-15   204
  1.099851e+00   9.140018e-14   7.765578e-03   6.741995e-15   224
  1.131927e+00   1.129462e-13   4.383724e-03   8.863446e-15   174
  1.156826e+00   9.805439e-14   8.426920e-03   5.259582e-15   288
  1.187720e+00   7.562806e-14   4.148414e-03   4.749339e-15   288
  1.211830e+00   7.136092e-14   8.001468e-03   5.509977e-15   192
  1.243389e+00   7.210778e-14   5.855465e-03   4.201106e-15   252
  1.263357e+00   6.802677e-14   3.489272e-03   4.198143e-15   246
  1.290480e+00   5.845159e-14   6.620985e-03   3.064118e-15   312
  1.314676e+00   6.285339e-14   4.277300e-03   3.706030e-15   248
  1.347888e+00   4.881703e-14   9.048203e-03   2.669836e-15   432
  1.374643e+00   6.261215e-14   7.577672e-03   4.398446e-15   198
  1.401083e+00   5.152436e-14   9.164834e-03   2.445039e-15   456
  1.431960e+00   4.032870e-14   5.348273e-03   2.591970e-15   324
  1.453813e+00   4.287025e-14   6.331779e-03   2.916249e-15   312
  1.480905e+00   3.898550e-14   7.942383e-03   1.741535e-15   408
  1.514610e+00   3.698766e-14   7.334839e-03   1.659914e-15   414
  1.537790e+00   3.060510e-14   6.347030e-03   1.526548e-15   392
  1.561513e+00   3.987308e-14   7.151225e-03   1.916712e-15   408
  1.592735e+00   3.378922e-14   7.590585e-03   1.622582e-15   444
  1.616449e+00   3.231408e-14   6.136314e-03   1.524903e-15   360
  1.646728e+00   2.799219e-14   8.422264e-03   1.100725e-15   678
  1.678751e+00   2.529870e-14   5.398523e-03   1.252584e-15   360
  1.703361e+00   2.665261e-14   8.890407e-03   1.080997e-15   648
  1.726824e+00   2.667916e-14   4.108984e-03   1.527706e-15   288
  1.756709e+00   2.181148e-14   7.655141e-03   8.633812e-16   686
  1.784813e+00   2.266239e-14   5.691443e-03   1.025430e-15   444
  1.810226e+00   2.250000e-14   7.904944e-03   8.459717e-16   696
  1.835505e+00   2.177617e-14   7.510099e-03   1.066413e-15   408
  1.862936e+00   1.804504e-14   7.770126e-03   7.032852e-16   648
  1.891496e+00   1.846714e-14   6.803125e-03   7.246968e-16   582
  1.916959e+00   1.687980e-14   8.515206e-03   5.980872e-16   744
  1.945057e+00   1.829611e-14   8.500719e-03   8.229364e-16   516
  1.970941e+00   1.630373e-14   8.226327e-03   6.290284e-16   728
  1.994838e+00   1.575274e-14   6.815975e-03   6.743341e-16   558
  2.023696e+00   1.405717e-14   6.871155e-03   4.690525e-16   768
  2.054980e+00   1.345822e-14   7.965130e-03   4.441683e-16   960
  2.082310e+00   1.426496e-14   5.572193e-03   6.123699e-16   576
  2.108582e+00   1.347027e-14   9.044734e-03   4.886267e-16   816
  2.136871e+00   1.282543e-14   6.978079e-03   4.790538e-16   666
  2.161711e+00   1.211078e-14   8.183322e-03   3.947571e-16   960
  2.191392e+00   1.158678e-14   8.070536e-03   4.220671e-16   824
  2.220193e+00   1.048274e-14   8.887079e-03   3.238894e-16   936
  2.246715e+00   1.057055e-14   6.609093e-03   4.311119e-16   624
  2.271144e+00   1.015774e-14   7.780512e-03   3.701395e-16   1062
  2.299501e+00   9.126542e-15   8.475658e-03   3.412568e-16   732
  2.324371e+00   9.432231e-15   7.354282e-03   2.918290e-16   1080
  2.354037e+00   9.042140e-15   8.017672e-03   3.031474e-16   936
  2.380866e+00   8.142858e-15   8.659951e-03   2.689495e-16   878
  2.409130e+00   8.639904e-15   8.776125e-03   2.607008e-16   1152
  2.435374e+00   8.135490e-15   6.783314e-03   2.313135e-16   1056
  2.463284e+00   8.051100e-15   8.011817e-03   2.754765e-16   864
  2.488211e+00   7.862855e-15   7.826085e-03   2.406149e-16   1092
  2.518008e+00   7.587737e-15   8.267655e-03   2.225820e-16   1206
  2.546391e+00   6.945125e-15   8.390069e-03   1.947726e-16   1248
  2.572607e+00   6.536074e-15   5.685746e-03   2.242823e-16   864
  2.595945e+00   6.531951e-15   5.903210e-03   2.063942e-16   1152
  2.626371e+00   6.663456e-15   8.788222e-03   1.835622e-16   1382
  2.656067e+00   6.347014e-15   7.832257e-03   1.951226e-16   1188
  2.682071e+00   6.150622e-15   8.299276e-03   1.683968e-16   1248
  2.706625e+00   6.256423e-15   7.872659e-03   1.841256e-16   1152
  2.733569e+00   5.444831e-15   8.645592e-03   1.544918e-16   1320
  2.763459e+00   5.043357e-15   5.730139e-03   1.560188e-16   1206
  2.788258e+00   5.827693e-15   8.325116e-03   1.460203e-16   1560
  2.817720e+00   5.242911e-15   7.749790e-03   1.504697e-16   1280
  2.842925e+00   5.084353e-15   7.802600e-03   1.404099e-16   1308
  2.870501e+00   4.831358e-15   7.830643e-03   1.201465e-16   1512
  2.897970e+00   4.805142e-15   6.388887e-03   1.262532e-16   1350
  2.926276e+00   4.719972e-15   8.441243e-03   1.224968e-16   1608
  2.950474e+00   4.506885e-15   7.259334e-03   1.181707e-16   1320
  2.978655e+00   4.262874e-15   8.744730e-03   9.805915e-17   1656
  3.004023e+00   4.108047e-15   6.874825e-03   1.129928e-16   1254
  3.033365e+00   4.170062e-15   7.846352e-03   9.522649e-17   1932
  3.061022e+00   3.764115e-15   7.045997e-03   9.679768e-17   1640
  3.088272e+00   3.910780e-15   7.314215e-03   9.844712e-17   1488
  3.113972e+00   3.680064e-15   7.070473e-03   9.505577e-17   1560
  3.143202e+00   3.779684e-15   8.492431e-03   8.686176e-17   2046
  3.170335e+00   3.644092e-15   7.617690e-03   9.177998e-17   1512
  3.196616e+00   3.620032e-15   7.580823e-03   9.054341e-17   1764
  3.222826e+00   3.353422e-15   7.558355e-03   7.944891e-17   1776
  3.249873e+00   3.314297e-15   9.086057e-03   7.752157e-17   1704
  3.278891e+00   3.306706e-15   8.897943e-03   7.141048e-17   2126
  3.305023e+00   3.197931e-15   6.181224e-03   7.503389e-17   1632
  3.331250e+00   3.011263e-15   8.234420e-03   6.765942e-17   2064
  3.357691e+00   2.864216e-15   6.789507e-03   7.123196e-17   1680
  3.386462e+00   2.947279e-15   7.615683e-03   6.340960e-17   2154
  3.413240e+00   2.811251e-15   7.709258e-03   6.277693e-17   2016
  3.442077e+00   2.773024e-15   8.463485e-03   5.737943e-17   2304
  3.468500e+00   2.814756e-15   6.738046e-03   7.072170e-17   1680
  3.495952e+00   2.646472e-15   7.805829e-03   5.319977e-17   2432
  3.523471e+00   2.683740e-15   7.691556e-03   6.024860e-17   1902
  3.550783e+00   2.568662e-15   7.909477e-03   5.315787e-17   2292
  3.575143e+00   2.520187e-15   6.264893e-03   5.320033e-17   1992
  3.604046e+00   2.357666e-15   8.030731e-03   4.978818e-17   2568
  3.631839e+00   2.288461e-15   7.011475e-03   5.354756e-17   1806
  3.659925e+00   2.251062e-15   8.624447e-03   4.033116e-17   3000
  3.688362e+00   2.161806e-15   7.847969e-03   4.724081e-17   2016
  3.712101e+00   2.268201e-15   7.325540e-03   4.772441e-17   2168
  3.739165e+00   2.080886e-15   7.480367e-03   4.437054e-17   2412
  3.767457e+00   1.992046e-15   8.182348e-03   4.032289e-17   2550
  3.794682e+00   2.041608e-15   8.123551e-03   3.965304e-17   2592
  3.823097e+00   1.818226e-15   7.483746e-03   3.755771e-17   2496
  3.850113e+00   1.961541e-15   8.278837e-03   3.826394e-17   2688
  3.877062e+00   1.903172e-15   7.151929e-03   3.866433e-17   2424
  3.905465e+00   1.843755e-15   6.562733e-03   3.530159e-17   2634
  3.931062e+00   1.795541e-15   7.872296e-03   3.512762e-17   2552
  3.956564e+00   1.696897e-15   8.258892e-03   3.106144e-17   2832
  3.984868e+00   1.746724e-15   7.843060e-03   3.646969e-17   2424
  4.012777e+00   1.704743e-15   8.700050e-03   2.981509e-17   3198
  4.038905e+00   1.656006e-15   6.944850e-03   3.342820e-17   2400
  4.066601e+00   1.569332e-15   7.988621e-03   2.651891e-17   3336
  4.095222e+00   1.538623e-15   6.723909e-03   2.940349e-17   2508
  4.120369e+00   1.612914e-15   8.104033e-03   3.073497e-17   3104
  4.149775e+00   1.489110e-15   8.153375e-03   2.932153e-17   2934
  4.176274e+00   1.507730e-15   7.495795e-03   2.621675e-17   3120
  4.205010e+00   1.415742e-15   8.363076e-03   2.451386e-17   3288
  4.231486e+00   1.373364e-15   7.040454e-03   2.670944e-17   2808
  4.258671e+00   1.388911e-15   8.835744e-03   2.582234e-17   2988
  4.286036e+00   1.359669e-15   8.089119e-03   2.303191e-17   3486
  4.312540e+00   1.320984e-15   7.656977e-03   2.325630e-17   3000
  4.338131e+00   1.306258e-15   6.660522e-03   2.440105e-17   3024
  4.366804e+00   1.260832e-15   7.334581e-03   2.122265e-17   3584
  4.395565e+00   1.250916e-15   7.857248e-03   2.136701e-17   3486
  4.422393e+00   1.203963e-15   7.076269e-03   2.265637e-17   3120
  4.448626e+00   1.240249e-15   6.987605e-03   2.207990e-17   3396
  4.475108e+00   1.183712e-15   7.983171e-03   1.972365e-17   3552
  4.503379e+00   1.175233e-15   7.682827e-03   2.071255e-17   3384
  4.531323e+00   1.105811e-15   7.821891e-03   1.842104e-17   3726
  4.557931e+00   1.093922e-15   7.580401e-03   1.901198e-17   3344
  4.583208e+00   1.096590e-15   7.789164e-03   1.757670e-17   3744
  4.612116e+00   1.032079e-15   7.582253e-03   1.691990e-17   3540
  4.639216e+00   1.038621e-15   8.049190e-03   1.638939e-17   3822
  4.667652e+00   1.056834e-15   7.902499e-03   1.716955e-17   4056
  4.693533e+00   1.023047e-15   7.262531e-03   1.718451e-17   3288
  4.720670e+00   9.755034e-16   8.388767e-03   1.490895e-17   4056
  4.747313e+00   9.716391e-16   7.684216e-03   1.500391e-17   3984
  4.776480e+00   9.429181e-16   7.065076e-03   1.534309e-17   3662
  4.801185e+00   9.231777e-16   7.708878e-03   1.478700e-17   3828
  4.829054e+00   9.030585e-16   8.714957e-03   1.349769e-17   4632
  4.856839e+00   8.546560e-16   6.728047e-03   1.384660e-17   3600
  4.884615e+00   8.654438e-16   7.988589e-03   1.306902e-17   4320
  4.910897e+00   8.647264e-16   6.267555e-03   1.353639e-17   3918
  4.937429e+00   8.464456e-16   7.211341e-03   1.325381e-17   4200
  4.964105e+00   8.423721e-16   8.183364e-03   1.293995e-17   4188
  4.991760e+00   8.285175e-16   8.311430e-03   1.255204e-17   4360
  5.019842e+00   8.018351e-16   8.310798e-03   1.154244e-17   4582
  5.046995e+00   7.892128e-16   7.387468e-03   1.176775e-17   4128
  5.074602e+00   7.795353e-16   7.936081e-03   1.105803e-17   4752
  5.100601e+00   7.433193e-16   7.305558e-03   1.147900e-17   4176
  5.128877e+00   7.346754e-16   8.400425e-03   1.090066e-17   4848
  5.157185e+00   7.692219e-16   7.298735e-03   1.155552e-17   4338
  5.183856e+00   7.575904e-16   7.965872e-03   1.061301e-17   5160
  5.210226e+00   6.893122e-16   6.457992e-03   1.080205e-17   4008
  5.238833e+00   6.925871e-16   8.537210e-03   9.391333e-18   5360
  5.265161e+00   7.041959e-16   7.941083e-03   1.108542e-17   4110
  5.292550e+00   6.841508e-16   8.507677e-03   9.208508e-18   5424
  5.318664e+00   6.710738e-16   7.274607e-03   1.049614e-17   4140
  5.346136e+00   6.387704e-16   8.127882e-03   8.490010e-18   5664
  5.374330e+00   6.374671e-16   7.064267e-03   9.466139e-18   4632
  5.401180e+00   6.319140e-16   7.451175e-03   9.037065e-18   4902
  5.427773e+00   6.289927e-16   7.962424e-03   8.940201e-18   5072
  5.454995e+00   6.120480e-16   7.508267e-03   8.339423e-18   5472
  5.481937e+00   5.912218e-16   7.630507e-03   8.439806e-18   4704
  5.509580e+00   5.877542e-16   8.381869e-03   8.190208e-18   5436
  5.537725e+00   5.914572e-16   7.980641e-03   8.050622e-18   5646
  5.563320e+00   5.891472e-16   7.141000e-03   8.980172e-18   4512
  5.590561e+00   5.711187e-16   9.120803e-03   7.443705e-18   6120
  5.618647e+00   5.635399e-16   7.056346e-03   7.758909e-18   5112
  5.645654e+00   5.548809e-16   8.338893e-03   7.391224e-18   5606
  5.672833e+00   5.347357e-16   7.771360e-03   7.400196e-18   5328
  5.699944e+00   5.307683e-16   7.829763e-03   6.782501e-18   5964
  5.727177e+00   5.333546e-16   7.952358e-03   7.265205e-18   5448
  5.754787e+00   5.064335e-16   8.143528e-03   6.765390e-18   5904
  5.783001e+00   5.093584e-16   8.002897e-03   7.027486e-18   5598
  5.809029e+00   4.978939e-16   7.509546e-03   6.739735e-18   5952
  5.835933e+00   4.875661e-16   8.215632e-03   6.585291e-18   5688
  5.863154e+00   4.839798e-16   7.877564e-03   6.110759e-18   5876
  5.889819e+00   4.796414e-16   7.683367e-03   6.483594e-18   5784
  5.917504e+00   4.665904e-16   7.664503e-03   5.940066e-18   6462
  5.945268e+00   4.697066e-16   8.266739e-03   6.436427e-18   5688
  5.970984e+00   4.464280e-16   7.627151e-03   5.555079e-18   6408
  5.998781e+00   4.394855e-16   7.874001e-03   5.859343e-18   6000
  6.027110e+00   4.318541e-16   8.473273e-03   5.492143e-18   6582
  6.055106e+00   4.177117e-16   8.064380e-03   5.129988e-18   6564
  6.081315e+00   4.223582e-16   7.110698e-03   5.484059e-18   6048
  6.108497e+00   4.312825e-16   8.148866e-03   5.289571e-18   6512
  6.136984e+00   4.044308e-16   8.100665e-03   4.961884e-18   6816
  6.164250e+00   3.900282e-16   7.084479e-03   5.203695e-18   6222
  6.189839e+00   4.016750e-16   7.381669e-03   4.852238e-18   6432
  6.217169e+00   3.952966e-16   7.769689e-03   4.795637e-18   6804
  6.244340e+00   3.964304e-16   7.323663e-03   5.046119e-18   6432
  6.270934e+00   3.803301e-16   8.611725e-03   4.683058e-18   6846
  6.297948e+00   3.942739e-16   7.863643e-03   4.908088e-18   6424
  6.323775e+00   3.623476e-16   7.057672e-03   4.347003e-18   6952
  6.352148e+00   3.722165e-16   8.504586e-03   4.256575e-18   7560
  6.380013e+00   3.613310e-16   7.307949e-03   4.484037e-18   6648
  6.408752e+00   3.561206e-16   8.030356e-03   4.262825e-18   7578
  6.434049e+00   3.537436e-16   7.250757e-03   4.568672e-18   6552
  6.461385e+00   3.405173e-16   7.983311e-03   3.894899e-18   7536
  6.489254e+00   3.407019e-16   7.305901e-03   4.199439e-18   7272
  6.516383e+00   3.326225e-16   7.782483e-03   3.976721e-18   6936
  6.542425e+00   3.349139e-16   7.981714e-03   3.905547e-18   7430
  6.570600e+00   3.340999e-16   8.360262e-03   3.843200e-18   7644
  6.596748e+00   3.311851e-16   7.446192e-03   3.951902e-18   7248
  6.625170e+00   3.051456e-16   8.518353e-03   3.473307e-18   8232
  6.652948e+00   3.209215e-16   7.768084e-03   3.940436e-18   7038
  6.679654e+00   3.162038e-16   7.550946e-03   3.594274e-18   7824
  6.705868e+00   3.015684e-16   7.953814e-03   3.460582e-18   7752
  6.732926e+00   3.058813e-16   8.025217e-03   3.499482e-18   7480
  6.761041e+00   2.966765e-16   8.094665e-03   3.211303e-18   8404
  6.788355e+00   2.948741e-16   7.519273e-03   3.347270e-18   7614
  6.814566e+00   2.926366e-16   7.875542e-03   3.358608e-18   7776
  6.840939e+00   2.816551e-16   7.513882e-03   3.278211e-18   7944
  6.868508e+00   2.896366e-16   7.813033e-03   3.137482e-18   8424
  6.895711e+00   2.745882e-16   7.666771e-03   3.077753e-18   7872
  6.923812e+00   2.820219e-16   7.704149e-03   3.072644e-18   8658
  6.950761e+00   2.701054e-16   7.689355e-03   2.948465e-18   8352
  6.978503e+00   2.679235e-16   7.724359e-03   2.922915e-18   8648
  7.004730e+00   2.671163e-16   7.319339e-03   3.030909e-18   7680
  7.032294e+00   2.645623e-16   7.624854e-03   2.939853e-18   8646
  7.057906e+00   2.581076e-16   7.387464e-03   2.812362e-18   8448
  7.086215e+00   2.507063e-16   7.850115e-03   2.606833e-18   9120
  7.113531e+00   2.511495e-16   7.671051e-03   2.787826e-18   8316
  7.141154e+00   2.450569e-16   8.279504e-03   2.489457e-18   9504
  7.168899e+00   2.398898e-16   7.529366e-03   2.711540e-18   8358
  7.196590e+00   2.471993e-16   7.958706e-03   2.555365e-18   9584
  7.223343e+00   2.374417e-16   7.615899e-03   2.733438e-18   8616
  7.250971e+00   2.367320e-16   8.292007e-03   2.386768e-18   9432
  7.279186e+00   2.310689e-16   8.435371e-03   2.482396e-18   9018
  7.304796e+00   2.282905e-16   7.140591e-03   2.471014e-18   8568
  7.331558e+00   2.275015e-16   7.948071e-03   2.271898e-18   9816
  7.359242e+00   2.251439e-16   7.524748e-03   2.429374e-18   9000
  7.386598e+00   2.202717e-16   7.870041e-03   2.280341e-18   9504
  7.413845e+00   2.185664e-16   8.051187e-03   2.323787e-18   9446
  7.440641e+00   2.225854e-16   7.699380e-03   2.269171e-18   9696
  7.468195e+00   2.073493e-16   7.164972e-03   2.155819e-18   9180
  7.495259e+00   2.080158e-16   8.282225e-03   2.028577e-18   10512
  7.522902e+00   2.040583e-16   7.829976e-03   2.153112e-18   9048
  7.550250e+00   2.038932e-16   7.510162e-03   2.127127e-18   10014
  7.575574e+00   2.027849e-16   7.329886e-03   2.103396e-18   9096
  7.603121e+00   2.001960e-16   8.390519e-03   1.965373e-18   11088
  7.632406e+00   2.023863e-16   8.163109e-03   2.044599e-18   9860
  7.659230e+00   1.897129e-16   7.737690e-03   1.935984e-18   10110
  7.686130e+00   1.872942e-16   8.053910e-03   1.899719e-18   10104
  7.713191e+00   1.893668e-16   7.636467e-03   1.884758e-18   10392
  7.740583e+00   1.920779e-16   7.904781e-03   1.914733e-18   10104
  7.768502e+00   1.805856e-16   8.180242e-03   1.746671e-18   11352
  7.796944e+00   1.814516e-16   7.491897e-03   1.849347e-18   10014
  7.822199e+00   1.818769e-16   6.915393e-03   1.853584e-18   9636
  7.848914e+00   1.764980e-16   8.196014e-03   1.669824e-18   11552
  7.877111e+00   1.754379e-16   7.615776e-03   1.791457e-18   10488
  7.904334e+00   1.739518e-16   7.953757e-03   1.773616e-18   10254
  7.930828e+00   1.711268e-16   7.488721e-03   1.624189e-18   11304
  7.958358e+00   1.745783e-16   7.600362e-03   1.699895e-18   10872
  7.985758e+00   1.750306e-16   8.150309e-03   1.726635e-18   10932
  8.012305e+00   1.645542e-16   7.353434e-03   1.618728e-18   10848
  8.039746e+00   1.633635e-16   7.690478e-03   1.590583e-18   10998
  8.066964e+00   1.628934e-16   8.081204e-03   1.511539e-18   11720
  8.094283e+00   1.628034e-16   7.434898e-03   1.627433e-18   10776
  8.121163e+00   1.598679e-16   8.133517e-03   1.490047e-18   12072
  8.149014e+00   1.556763e-16   7.457951e-03   1.498117e-18   10704
  8.175729e+00   1.567874e-16   7.650634e-03   1.475071e-18   11730
  8.203619e+00   1.565351e-16   7.946325e-03   1.472697e-18   12144
  8.230515e+00   1.497119e-16   7.529116e-03   1.392488e-18   11568
  8.258661e+00   1.491169e-16   8.144790e-03   1.415931e-18   11552
  8.283969e+00   1.463264e-16   7.350911e-03   1.441430e-18   10926
  8.311503e+00   1.486820e-16   8.325582e-03   1.337618e-18   13032
  8.338493e+00   1.452871e-16   6.804118e-03   1.417142e-18   10776
  8.365813e+00   1.387902e-16   8.375864e-03   1.224245e-18   13116
  8.393750e+00   1.391351e-16   7.882634e-03   1.257860e-18   12288
  8.421268e+00   1.401148e-16   7.244910e-03   1.371944e-18   11262
  8.447035e+00   1.413101e-16   7.826632e-03   1.261036e-18   12672
  8.474745e+00   1.380967e-16   7.673929e-03   1.244032e-18   12624
  8.502218e+00   1.371516e-16   7.698861e-03   1.265486e-18   12392
  8.529471e+00   1.332453e-16   7.891867e-03   1.236437e-18   12060
  8.557084e+00   1.335427e-16   8.322646e-03   1.186410e-18   13662
  8.583571e+00   1.296493e-16   7.187418e-03   1.235711e-18   11592
  8.611145e+00   1.271610e-16   8.541227e-03   1.109255e-18   13776
  8.638662e+00   1.247643e-16   7.263637e-03   1.147895e-18   12240
  8.666295e+00   1.289567e-16   8.368586e-03   1.105864e-18   13662
  8.692255e+00   1.265522e-16   7.192248e-03   1.198340e-18   11520
  8.720283e+00   1.240479e-16   8.289674e-03   1.029992e-18   15044
  8.747920e+00   1.220244e-16   7.450742e-03   1.126566e-18   12384
  8.775053e+00   1.184705e-16   7.843476e-03   1.066773e-18   13176
  8.801619e+00   1.202030e-16   7.103572e-03   1.099317e-18   12798
  8.829027e+00   1.188556e-16   8.067839e-03   1.015394e-18   14376
  8.855653e+00   1.187424e-16   7.668925e-03   1.095027e-18   12528
  8.883017e+00   1.156807e-16   8.053245e-03   1.002332e-18   14100
  8.909486e+00   1.132735e-16   7.307026e-03   1.046956e-18   12630
  8.936818e+00   1.147571e-16   7.935463e-03   9.734934e-19   14624
  8.963857e+00   1.119391e-16   7.915325e-03   1.023359e-18   13272
  8.991387e+00   1.117494e-16   8.068639e-03   9.411186e-19   14664
  9.019422e+00   1.090852e-16   8.248511e-03   9.289704e-19   14328
  9.046471e+00   1.096063e-16   7.659461e-03   1.022954e-18   13086
  9.073888e+00   1.089906e-16   8.240211e-03   8.845457e-19   15612
  9.101226e+00   1.063419e-16   7.102859e-03   9.531352e-19   13416
  9.127768e+00   1.069336e-16   8.354932e-03   9.538230e-19   14360
  9.155037e+00   1.007231e-16   7.816724e-03   8.459385e-19   14064
  9.182826e+00   1.051597e-16   8.044126e-03   8.794491e-19   15750
  9.210217e+00   1.056283e-16   7.598576e-03   9.278046e-19   13680
  9.237239e+00   1.027534e-16   8.272318e-03   8.558994e-19   15468
  9.264722e+00   9.999221e-17   7.971238e-03   8.491544e-19   14352
  9.291378e+00   1.000994e-16   7.864848e-03   8.566348e-19   14454
  9.318166e+00   9.999440e-17   8.076272e-03   8.613741e-19   15048
  9.345749e+00   9.704929e-17   7.485391e-03   8.193006e-19   15360
  9.372980e+00   9.736497e-17   8.226426e-03   8.320599e-19   15224
  9.400343e+00   9.455009e-17   7.789620e-03   8.103626e-19   15096
  9.427486e+00   9.465489e-17   7.610514e-03   8.079950e-19   14514
  9.453949e+00   9.279969e-17   7.977695e-03   7.517429e-19   16416
  9.481727e+00   9.120353e-17   7.850487e-03   7.687809e-19   15216
  9.510083e+00   9.072106e-17   7.900205e-03   7.359126e-19   16440
  9.537157e+00   8.924196e-17   7.947446e-03   7.682738e-19   14904
  9.563059e+00   9.014390e-17   7.465408e-03   7.759942e-19   15134
  9.590642e+00   9.136925e-17   8.352063e-03   7.327048e-19   16644
  9.618181e+00   8.846887e-17   7.841132e-03   7.395335e-19   16128
  9.645195e+00   8.930640e-17   7.791504e-03   7.604357e-19   15384
  9.671810e+00   8.637856e-17   7.659242e-03   7.236126e-19   15462
  9.699070e+00   8.515647e-17   8.182539e-03   6.656827e-19   17304
  9.726859e+00   8.498362e-17   7.715919e-03   7.040006e-19   16176
  9.754135e+00   8.491062e-17   8.162187e-03   6.814746e-19   16824
  9.782053e+00   8.225158e-17   7.507653e-03   6.635666e-19   15980
  9.808353e+00   8.100231e-17   7.472934e-03   6.570971e-19   16326
  9.834872e+00   8.314047e-17   7.977222e-03   6.830988e-19   16488
  9.862344e+00   8.246399e-17   7.739406e-03   6.656975e-19   16944
  9.889933e+00   7.969030e-17   8.144790e-03   6.317436e-19   17256
  9.916536e+00   7.842950e-17   7.553612e-03   6.600490e-19   15966
  9.944151e+00   7.978478e-17   8.020457e-03   6.084405e-19   17628
  9.971186e+00   7.763085e-17   7.618437e-03   6.239998e-19   17280
  9.998502e+00   7.779667e-17   8.386180e-03   6.214838e-19   17056
  1.002543e+01   7.605846e-17   7.907604e-03   6.204412e-19   17296
  1.005354e+01   7.504410e-17   7.745605e-03   5.931579e-19   17526
  1.008007e+01   7.611266e-17   7.795142e-03   6.061354e-19   17592
  1.010769e+01   7.420134e-17   8.109125e-03   5.813518e-19   17880
  1.013460e+01   7.275933e-17   7.519985e-03   5.805032e-19   17028
  1.016122e+01   7.221867e-17   7.646950e-03   5.796727e-19   17376
  1.018830e+01   7.096007e-17   7.591817e-03   5.458234e-19   18414
  1.021626e+01   7.298256e-17   7.785800e-03   5.716595e-19   17840
  1.024337e+01   7.075017e-17   8.173712e-03   5.428758e-19   18960
  1.027040e+01   7.036408e-17   7.593182e-03   5.612760e-19   16992
  1.029753e+01   6.945240e-17   8.364786e-03   5.393231e-19   18378
  1.032409e+01   6.908612e-17   7.447989e-03   5.366402e-19   18192
  1.035171e+01   6.767608e-17   7.951838e-03   5.198081e-19   19320
  1.037913e+01   6.825759e-17   7.712649e-03   5.480680e-19   17856
  1.040647e+01   6.629584e-17   7.961690e-03   5.129111e-19   19128
  1.043334e+01   6.574164e-17   7.364111e-03   5.032402e-19   18246
  1.046071e+01   6.635238e-17   7.654223e-03   5.141417e-19   19184
  1.048780e+01   6.400220e-17   7.833929e-03   4.932138e-19   18900
  1.051563e+01   6.327440e-17   8.170515e-03   4.795182e-19   19776
  1.054217e+01   6.247148e-17   7.496333e-03   5.034022e-19   17814
  1.056977e+01   6.469412e-17   8.157531e-03   4.837421e-19   19944
  1.059666e+01   6.252066e-17   8.046976e-03   4.758064e-19   19536
  1.062448e+01   6.166411e-17   7.963177e-03   4.599448e-19   20112
  1.065147e+01   6.129036e-17   7.400913e-03   4.840599e-19   18116
  1.067839e+01   6.062298e-17   7.715608e-03   4.609580e-19   19878
  1.070483e+01   6.141932e-17   7.798027e-03   4.560443e-19   19800
  1.073278e+01   6.042164e-17   7.797534e-03   4.470817e-19   20136
  1.076062e+01   5.812869e-17   8.202270e-03   4.354600e-19   20808
  1.078773e+01   5.835490e-17   7.430653e-03   4.500697e-19   19152
  1.081500e+01   5.815251e-17   7.848650e-03   4.417028e-19   20526
  1.084254e+01   5.768715e-17   8.075152e-03   4.384298e-19   20532
  1.086927e+01   5.654669e-17   8.024638e-03   4.184742e-19   20120
  1.089574e+01   5.594156e-17   7.477928e-03   4.256699e-19   19512
  1.092341e+01   5.564051e-17   8.123431e-03   4.053857e-19   21246
  1.095048e+01   5.585241e-17   7.387938e-03   4.210257e-19   20112
  1.097792e+01   5.520598e-17   8.226462e-03   3.925644e-19   22104
  1.100525e+01   5.490476e-17   8.072411e-03   4.214285e-19   19620
  1.103241e+01   5.316511e-17   8.023978e-03   3.785290e-19   21912
  1.105960e+01   5.384549e-17   7.486933e-03   4.140383e-19   20070
  1.108668e+01   5.399944e-17   8.154320e-03   3.955364e-19   22064
  1.111425e+01   5.218218e-17   7.741758e-03   3.924318e-19   21048
  1.114100e+01   5.239402e-17   7.571713e-03   3.887989e-19   21168
  1.116818e+01   5.173123e-17   8.188209e-03   3.800313e-19   21384
  1.119608e+01   5.068258e-17   7.408830e-03   3.687880e-19   22146
  1.122333e+01   5.101277e-17   7.925872e-03   3.738298e-19   22200
  1.125081e+01   4.995001e-17   7.507740e-03   3.637121e-19   21648
  1.127772e+01   5.024684e-17   8.037911e-03   3.678758e-19   21144
  1.130434e+01   4.983029e-17   7.645623e-03   3.639433e-19   21710
  1.133171e+01   5.029997e-17   8.123498e-03   3.609361e-19   23112
  1.135996e+01   4.924668e-17   8.104202e-03   3.542904e-19   23064
  1.138718e+01   4.891171e-17   7.500308e-03   3.574812e-19   21252
  1.141334e+01   4.636596e-17   7.518601e-03   3.388554e-19   22128
  1.144063e+01   4.675003e-17   7.793289e-03   3.423295e-19   22446
  1.146791e+01   4.766010e-17   7.637639e-03   3.422491e-19   22848
  1.149492e+01   4.581446e-17   7.647428e-03   3.213254e-19   23208
  1.152254e+01   4.587068e-17   7.871234e-03   3.252416e-19   22536
  1.154973e+01   4.455213e-17   7.982308e-03   3.206153e-19   22586
  1.157685e+01   4.593976e-17   8.138974e-03   3.281360e-19   24096
  1.160413e+01   4.567816e-17   7.636529e-03   3.277411e-19   22440
  1.163106e+01   4.352295e-17   8.321846e-03   3.095004e-19   23400
  1.165801e+01   4.307602e-17   7.559642e-03   3.086053e-19   23232
  1.168584e+01   4.423588e-17   7.960320e-03   3.118840e-19   23886
  1.171266e+01   4.435574e-17   7.654565e-03   3.217726e-19   23376
  1.173984e+01   4.265531e-17   7.723174e-03   3.059623e-19   23540
  1.176669e+01   4.284860e-17   7.660842e-03   3.020727e-19   24240
  1.179458e+01   4.222528e-17   8.060547e-03   2.982072e-19   23952
  1.182201e+01   4.224706e-17   7.540797e-03   2.947710e-19   24006
  1.184951e+01   4.199428e-17   8.459673e-03   2.951830e-19   25560
  1.187610e+01   4.207948e-17   7.500748e-03   3.043256e-19   22728
  1.190276e+01   4.087377e-17   7.559737e-03   2.885538e-19   23556
  1.192978e+01   4.039585e-17   7.888923e-03   2.741048e-19   25398
  1.195717e+01   4.129397e-17   7.728869e-03   3.063606e-19   24088
  1.198446e+01   3.949419e-17   8.045541e-03   2.737863e-19   25696
  1.201181e+01   3.885460e-17   7.556007e-03   2.658548e-19   24144
  1.203893e+01   3.848895e-17   8.075482e-03   2.616287e-19   25560
  1.206623e+01   3.883573e-17   7.449229e-03   2.837899e-19   24246
  1.209362e+01   3.973629e-17   7.909137e-03   2.719030e-19   26292
  1.212094e+01   3.804787e-17   7.800766e-03   2.690341e-19   25200
  1.214813e+01   3.775249e-17   8.124144e-03   2.651613e-19   25296
  1.217472e+01   3.719609e-17   7.419097e-03   2.619203e-19   24192
  1.220300e+01   3.786248e-17   8.192669e-03   2.540699e-19   28646
  1.223055e+01   3.724715e-17   7.533346e-03   2.649169e-19   24552
  1.225757e+01   3.709220e-17   7.897298e-03   2.537018e-19   25788
  1.228397e+01   3.580033e-17   7.455900e-03   2.503419e-19   25272
  1.231128e+01   3.593777e-17   8.068486e-03   2.438334e-19   26118
  1.233803e+01   3.636553e-17   7.897735e-03   2.517705e-19   26016
  1.236603e+01   3.550618e-17   7.978952e-03   2.422112e-19   27792
  1.239286e+01   3.550756e-17   7.826029e-03   2.522712e-19   25072
  1.241991e+01   3.508631e-17   8.106413e-03   2.391109e-19   26824
  1.244701e+01   3.505108e-17   7.401394e-03   2.427943e-19   26106
  1.247458e+01   3.475813e-17   8.145321e-03   2.367126e-19   28296
  1.250188e+01   3.447336e-17   7.836743e-03   2.420478e-19   26640
  1.252911e+01   3.350401e-17   7.461142e-03   2.305934e-19   26064
  1.255607e+01   3.366093e-17   8.185574e-03   2.252510e-19   27822
  1.258286e+01   3.338423e-17   7.607358e-03   2.360375e-19   26160
  1.261000e+01   3.357305e-17   8.365536e-03   2.316613e-19   28108
  1.263740e+01   3.273507e-17   7.995452e-03   2.229972e-19   27664
  1.266458e+01   3.225070e-17   7.953365e-03   2.208478e-19   27600
  1.269222e+01   3.294682e-17   7.970525e-03   2.289817e-19   27510
  1.271950e+01   3.267241e-17   7.887204e-03   2.239835e-19   28848
  1.274666e+01   3.169277e-17   7.810242e-03   2.139537e-19   27744
  1.277393e+01   3.159947e-17   7.609477e-03   2.161603e-19   27888
  1.280105e+01   3.128030e-17   7.736113e-03   2.121813e-19   27780
  1.282823e+01   3.146402e-17   7.793625e-03   2.138692e-19   28734
  1.285511e+01   3.127269e-17   8.047931e-03   2.153996e-19   28232
  1.288264e+01   3.061397e-17   8.002290e-03   2.067691e-19   29016
  1.290954e+01   3.022408e-17   7.906426e-03   2.057956e-19   28056
  1.293662e+01   2.972943e-17   7.672960e-03   2.002194e-19   28710
  1.296395e+01   3.093101e-17   8.105050e-03   2.095436e-19   29220
  1.299233e+01   3.018871e-17   8.291089e-03   1.991992e-19   31584
  1.301920e+01   2.960869e-17   7.642995e-03   2.098121e-19   26904
  1.304540e+01   2.875158e-17   7.428699e-03   1.963442e-19   28512
  1.307329e+01   2.941653e-17   8.001980e-03   1.940887e-19   30878
  1.310095e+01   2.927179e-17   8.036454e-03   2.006309e-19   30408
  1.312802e+01   2.885208e-17   7.762877e-03   1.996469e-19   28632
  1.315463e+01   2.832844e-17   7.470498e-03   1.894792e-19   28764
  1.318150e+01   2.804682e-17   8.311291e-03   1.818762e-19   30630
  1.320912e+01   2.876027e-17   7.695248e-03   1.963345e-19   30240
  1.323680e+01   2.816323e-17   7.884066e-03   1.851306e-19   31008
  1.326377e+01   2.778727e-17   7.551388e-03   1.913811e-19   29240
  1.329026e+01   2.642640e-17   7.706355e-03   1.763355e-19   30000
  1.331789e+01   2.736676e-17   8.157153e-03   1.800130e-19   30978
  1.334510e+01   2.776851e-17   7.690285e-03   1.895099e-19   30696
  1.337220e+01   2.675042e-17   8.060659e-03   1.794489e-19   31320
  1.339896e+01   2.665594e-17   7.533254e-03   1.820916e-19   29280
  1.342610e+01   2.645376e-17   8.055551e-03   1.716036e-19   31488
  1.345323e+01   2.670355e-17   7.562777e-03   1.799284e-19   31326
  1.348064e+01   2.688394e-17   8.120115e-03   1.810177e-19   31480
  1.350831e+01   2.570694e-17   7.877139e-03   1.704952e-19   32572
  1.353590e+01   2.531057e-17   7.881897e-03   1.658081e-19   31296
  1.356270e+01   2.521420e-17   7.664789e-03   1.697487e-19   30798
  1.359005e+01   2.569596e-17   8.159575e-03   1.716606e-19   32256
  1.361689e+01   2.551728e-17   7.881374e-03   1.719695e-19   32088
  1.364377e+01   2.485342e-17   7.799879e-03   1.708603e-19   30936
  1.367098e+01   2.495929e-17   8.109317e-03   1.643323e-19   33036
  1.369872e+01   2.494990e-17   7.851684e-03   1.661603e-19   31846
  1.372573e+01   2.470122e-17   8.003616e-03   1.592377e-19   33832
  1.375286e+01   2.427008e-17   7.413783e-03   1.638669e-19   30912
  1.377976e+01   2.415678e-17   7.774727e-03   1.581177e-19   32976
  1.380680e+01   2.369745e-17   7.671272e-03   1.560436e-19   32712
  1.383439e+01   2.480531e-17   7.755671e-03   1.654039e-19   33438
  1.386158e+01   2.403133e-17   7.807846e-03   1.576747e-19   32556
  1.388806e+01   2.357877e-17   7.738876e-03   1.539869e-19   33144
  1.391538e+01   2.334787e-17   7.655117e-03   1.531784e-19   33504
  1.394342e+01   2.351519e-17   7.926094e-03   1.560805e-19   33542
  1.397001e+01   2.384584e-17   7.808871e-03   1.627275e-19   33768
  1.399757e+01   2.337434e-17   7.912526e-03   1.574664e-19   34368
  1.402447e+01   2.293485e-17   7.518816e-03   1.573777e-19   32856
  1.405193e+01   2.236156e-17   7.775107e-03   1.460330e-19   34524
  1.407887e+01   2.228687e-17   7.384353e-03   1.518336e-19   33510
  1.410655e+01   2.305701e-17   8.264068e-03   1.500735e-19   35856
  1.413390e+01   2.247758e-17   7.831227e-03   1.487266e-19   33888
  1.416075e+01   2.170025e-17   7.673983e-03   1.444464e-19   33752
  1.418755e+01   2.203260e-17   8.069879e-03   1.475871e-19   34902
  1.421572e+01   2.235046e-17   7.894675e-03   1.515713e-19   35484
  1.424315e+01   2.191035e-17   8.126639e-03   1.423785e-19   36648
  1.427028e+01   2.147996e-17   7.515501e-03   1.431165e-19   33000
  1.429708e+01   2.137183e-17   8.125824e-03   1.395088e-19   35520
  1.432477e+01   2.100865e-17   7.936889e-03   1.381675e-19   36078
  1.435172e+01   2.181060e-17   7.768902e-03   1.464956e-19   34992
  1.437863e+01   2.092812e-17   7.687091e-03   1.396474e-19   35072
  1.440611e+01   2.090119e-17   8.060535e-03   1.356856e-19   36876
  1.443267e+01   2.067518e-17   7.453511e-03   1.431825e-19   33216
  1.445993e+01   2.114049e-17   8.258645e-03   1.421622e-19   38382
  1.448787e+01   2.075433e-17   7.746200e-03   1.417634e-19   36072
  1.451534e+01   2.041714e-17   7.757548e-03   1.329112e-19   37464
  1.454219e+01   1.979748e-17   7.456450e-03   1.342171e-19   34416
  1.456954e+01   2.011809e-17   8.171327e-03   1.315713e-19   37386
  1.459668e+01   2.115430e-17   7.801753e-03   1.452979e-19   37040
  1.462373e+01   2.020226e-17   7.595453e-03   1.377704e-19   36240
  1.465060e+01   1.993087e-17   8.102888e-03   1.349240e-19   36432
  1.467786e+01   1.906608e-17   7.650183e-03   1.225918e-19   37560
  1.470522e+01   2.017986e-17   7.927755e-03   1.335264e-19   37350
  1.473307e+01   2.001855e-17   8.104599e-03   1.342759e-19   38616
  1.476009e+01   1.962415e-17   7.639249e-03   1.365541e-19   37092
  1.478727e+01   1.913249e-17   7.346346e-03   1.278731e-19   37272
  1.481439e+01   1.854608e-17   8.088013e-03   1.225402e-19   37616
  1.484184e+01   1.948957e-17   7.832836e-03   1.334120e-19   38478
  1.486887e+01   1.957937e-17   7.959091e-03   1.342221e-19   37992
  1.489585e+01   1.876613e-17   7.804576e-03   1.256058e-19   38232
  1.492288e+01   1.831797e-17   7.649051e-03   1.222042e-19   36708
  1.494999e+01   1.878953e-17   8.006500e-03   1.263879e-19   39534
  1.497738e+01   1.930009e-17   8.022282e-03   1.290428e-19   39336
  1.500458e+01   1.861352e-17   7.717538e-03   1.281359e-19   37624
  1.503181e+01   1.884070e-17   7.896681e-03   1.304955e-19   40408
  1.505926e+01   1.815906e-17   7.553116e-03   1.240412e-19   38256
  1.508658e+01   1.874849e-17   7.716403e-03   1.307772e-19   39438
  1.511414e+01   1.864318e-17   7.962382e-03   1.243501e-19   40524
  1.514097e+01   1.837321e-17   7.517496e-03   1.242681e-19   38448
  1.516801e+01   1.787664e-17   7.911917e-03   1.199346e-19   39312
  1.519496e+01   1.808650e-17   7.563444e-03   1.254693e-19   38718
  1.522202e+01   1.853679e-17   8.070284e-03   1.272805e-19   40872
  1.524923e+01   1.795787e-17   7.663331e-03   1.236243e-19   40088
  1.527685e+01   1.794779e-17   8.168221e-03   1.213922e-19   40644
  1.530411e+01   1.739078e-17   7.664673e-03   1.166688e-19   40176
  1.533152e+01   1.763923e-17   8.126489e-03   1.197530e-19   40998
  1.535825e+01   1.786348e-17   7.452355e-03   1.284556e-19   39192
  1.538541e+01   1.786819e-17   7.868752e-03   1.248110e-19   41640
  1.541273e+01   1.697277e-17   7.892683e-03   1.149902e-19   41400
  1.543963e+01   1.706031e-17   7.768161e-03   1.207753e-19   38640
  1.546698e+01   1.772192e-17   7.971305e-03   1.202877e-19   43658
  1.549433e+01   1.737890e-17   7.666205e-03   1.226477e-19   40608
  1.552141e+01   1.713011e-17   7.825958e-03   1.169382e-19   41880
  1.554905e+01   1.696181e-17   7.735921e-03   1.167946e-19   41712
  1.557668e+01   1.685564e-17   8.075656e-03   1.124351e-19   42942
  1.560371e+01   1.750913e-17   7.671656e-03   1.244435e-19   40896
  1.563082e+01   1.686277e-17   7.903980e-03   1.200497e-19   42708
  1.565771e+01   1.654452e-17   7.480893e-03   1.181963e-19   40968
  1.568503e+01   1.687180e-17   8.127717e-03   1.177040e-19   43496
  1.571229e+01   1.731007e-17   7.780603e-03   1.271311e-19   41454
  1.573957e+01   1.744219e-17   8.036206e-03   1.272688e-19   43704
  1.576601e+01   1.644147e-17   7.405465e-03   1.176908e-19   41208
  1.579343e+01   1.625724e-17   8.125647e-03   1.095513e-19   43944
  1.582111e+01   1.623958e-17   7.840814e-03   1.142207e-19   43218
  1.584856e+01   1.712169e-17   7.868243e-03   1.253547e-19   44136
  1.587537e+01   1.677120e-17   7.751371e-03   1.205307e-19   42304
  1.590241e+01   1.624592e-17   7.874080e-03   1.162364e-19   43096
  1.592904e+01   1.585798e-17   7.705036e-03   1.112645e-19   43464
  1.595683e+01   1.611718e-17   8.034740e-03   1.144474e-19   44382
  1.598402e+01   1.687184e-17   8.026125e-03   1.192656e-19   44316
  1.601141e+01   1.614404e-17   7.914523e-03   1.152916e-19   44592
  1.603847e+01   1.615876e-17   7.744714e-03   1.171389e-19   44328
  1.606589e+01   1.598972e-17   7.618529e-03   1.173634e-19   43560
  1.609305e+01   1.595426e-17   7.854011e-03   1.173084e-19   44763
  1.612010e+01   1.550324e-17   7.874634e-03   1.121550e-19   44216
  1.614733e+01   1.592462e-17   8.023742e-03   1.130649e-19   45144
  1.617476e+01   1.517736e-17   7.626489e-03   1.080062e-19   42876
  1.620177e+01   1.474976e-17   8.312753e-03   9.879875e-20   46164
  1.622883e+01   1.479362e-17   7.631177e-03   1.070443e-19   42360
  1.625642e+01   1.448830e-17   8.035741e-03   9.991782e-20   45324
  1.628339e+01   1.412198e-17   7.996711e-03   9.953228e-20   43320
  1.631053e+01   1.375079e-17   8.058377e-03   9.246640e-20   44580
  1.633834e+01   1.374372e-17   8.049076e-03   9.282413e-20   44468
  1.636560e+01   1.352776e-17   7.656882e-03   9.134784e-20   43416
  1.639205e+01   1.327467e-17   7.602523e-03   9.110036e-20   42264
  1.641942e+01   1.316673e-17   7.985984e-03   8.688383e-20   44580
  1.644684e+01   1.281942e-17   8.106687e-03   8.394428e-20   43824
  1.647414e+01   1.238489e-17   7.618783e-03   8.157670e-20   43392
  1.650112e+01   1.247920e-17   7.767469e-03   8.330347e-20   43296
  1.652862e+01   1.227628e-17   7.476507e-03   8.004006e-20   42656
  1.655543e+01   1.173507e-17   7.984671e-03   7.420041e-20   43728
  1.658295e+01   1.198472e-17   8.051188e-03   7.743818e-20   43536
  1.661015e+01   1.169890e-17   8.012929e-03   7.668529e-20   42180
  1.663736e+01   1.134931e-17   7.758982e-03   7.018691e-20   44136
  1.666469e+01   1.127999e-17   7.818720e-03   7.189010e-20   42372
  1.669168e+01   1.112119e-17   7.642141e-03   7.017110e-20   41604
  1.671865e+01   1.091394e-17   8.052166e-03   6.716512e-20   43440
  1.674591e+01   1.077719e-17   8.058315e-03   6.684094e-20   42488
  1.677280e+01   1.063645e-17   7.737331e-03   6.722011e-20   41496
  1.680037e+01   1.060632e-17   8.076487e-03   6.482407e-20   44112
  1.682781e+01   1.047795e-17   7.701796e-03   6.628805e-20   41688
  1.685478e+01   1.028769e-17   8.023099e-03   6.217710e-20   42276
  1.688185e+01   1.011520e-17   7.738403e-03   6.254934e-20   41172
  1.690910e+01   1.006333e-17   8.113510e-03   6.070983e-20   43536
  1.693648e+01   9.914905e-18   7.552546e-03   6.091006e-20   41496
  1.696357e+01   9.665703e-18   8.013565e-03   5.902794e-20   40764
  1.699059e+01   9.777177e-18   7.863299e-03   5.979383e-20   43220
  1.701801e+01   9.487287e-18   7.793558e-03   5.837804e-20   41076
  1.704520e+01   9.388444e-18   7.789489e-03   5.687825e-20   41532
  1.707253e+01   9.202200e-18   7.930746e-03   5.585386e-20   41928
  1.709962e+01   9.291638e-18   7.591923e-03   5.647978e-20   41412
  1.712669e+01   9.085036e-18   7.901140e-03   5.533012e-20   40032
  1.715360e+01   9.075281e-18   7.836003e-03   5.379839e-20   41880
  1.718066e+01   8.731375e-18   7.797889e-03   5.286764e-20   40264
  1.720807e+01   8.835144e-18   7.984761e-03   5.212298e-20   42592
  1.723555e+01   8.717100e-18   7.659679e-03   5.328533e-20   39588
  1.726269e+01   8.494875e-18   7.919285e-03   5.089661e-20   42180
  1.728964e+01   8.392779e-18   7.640645e-03   5.172389e-20   39240
  1.731672e+01   8.408583e-18   8.019988e-03   5.049803e-20   40920
  1.734417e+01   8.148510e-18   7.916149e-03   4.797052e-20   41184
  1.737148e+01   8.201431e-18   7.841651e-03   4.857521e-20   40872
  1.739851e+01   8.003092e-18   7.458870e-03   4.871318e-20   38748
  1.742584e+01   7.994178e-18   7.938970e-03   4.686736e-20   41420
  1.745277e+01   7.932145e-18   7.786899e-03   4.766132e-20   39816
  1.748015e+01   7.975683e-18   7.806853e-03   4.802468e-20   39792
  1.750718e+01   7.656276e-18   7.458008e-03   4.556299e-20   39816
  1.753482e+01   7.628397e-18   8.060540e-03   4.402600e-20   41064
  1.756204e+01   7.546336e-18   7.732612e-03   4.525571e-20   39204
  1.758962e+01   7.554584e-18   8.159762e-03   4.384978e-20   40080
  1.761611e+01   7.485760e-18   7.539970e-03   4.440451e-20   38332
  1.764336e+01   7.165508e-18   7.869497e-03   4.215206e-20   39952
  1.767051e+01   7.407312e-18   7.861463e-03   4.409640e-20   39000
  1.769834e+01   7.135182e-18   8.073005e-03   4.111121e-20   40356
  1.772549e+01   7.198199e-18   7.920672e-03   4.299322e-20   39300
  1.775258e+01   7.115718e-18   7.814872e-03   4.170188e-20   37452
  1.777947e+01   7.026812e-18   7.748812e-03   4.141406e-20   39732
  1.780715e+01   6.938240e-18   7.788125e-03   4.083964e-20   39312
  1.783409e+01   6.770233e-18   7.919824e-03   4.051754e-20   37632
  1.786117e+01   6.716533e-18   7.786981e-03   3.998212e-20   38420
  1.788837e+01   6.749107e-18   8.047977e-03   3.906608e-20   39564
  1.791566e+01   6.508335e-18   7.744200e-03   3.838630e-20   37236
  1.794258e+01   6.550199e-18   7.829241e-03   3.918521e-20   38100
  1.796962e+01   6.359166e-18   7.697474e-03   3.685543e-20   38208
  1.799720e+01   6.426034e-18   8.010746e-03   3.692009e-20   39072
  1.802423e+01   6.307283e-18   7.404299e-03   3.784643e-20   36192
  1.805146e+01   6.368636e-18   8.004549e-03   3.728560e-20   38928
  1.807900e+01   6.205462e-18   7.952762e-03   3.603699e-20   38768
  1.810691e+01   6.143163e-18   7.814175e-03   3.623293e-20   37596
  1.813420e+01   6.106583e-18   7.779491e-03   3.560247e-20   37296
  1.816097e+01   5.964601e-18   7.786782e-03   3.530503e-20   36948
  1.818788e+01   6.024945e-18   7.986715e-03   3.476668e-20   37248
  1.821573e+01   5.867422e-18   7.887193e-03   3.422429e-20   37152
  1.824246e+01   5.886940e-18   7.873757e-03   3.459580e-20   37512
  1.826977e+01   5.866650e-18   7.537578e-03   3.465006e-20   35876
  1.829687e+01   5.701199e-18   8.032760e-03   3.290293e-20   36936
  1.832440e+01   5.704043e-18   8.002739e-03   3.260792e-20   38028
  1.835174e+01   5.630624e-18   7.614568e-03   3.400899e-20   35592
  1.837843e+01   5.635985e-18   7.556684e-03   3.401428e-20   35508
  1.840544e+01   5.508202e-18   7.836142e-03   3.323990e-20   36492
  1.843306e+01   5.474884e-18   8.083782e-03   3.170833e-20   37608
  1.846041e+01   5.357037e-18   7.976399e-03   3.158921e-20   34848
  1.848695e+01   5.470879e-18   7.480817e-03   3.256961e-20   35220
  1.851428e+01   5.258953e-18   7.804135e-03   2.998681e-20   36884
  1.854159e+01   5.339328e-18   7.745105e-03   3.141493e-20   35412
  1.856929e+01   5.202802e-18   8.019441e-03   3.077877e-20   35652
  1.859625e+01   5.263065e-18   8.017579e-03   3.074453e-20   36072
  1.862327e+01   5.247220e-18   7.726812e-03   3.136328e-20   34368
  1.865060e+01   5.035322e-18   7.826948e-03   2.951045e-20   35484
  1.867793e+01   5.097117e-18   7.747795e-03   2.988916e-20   35256
  1.870471e+01   5.089538e-18   8.064976e-03   3.041389e-20   34476
  1.873205e+01   4.940660e-18   7.912430e-03   2.973112e-20   34916
  1.875917e+01   4.955504e-18   7.802546e-03   2.936446e-20   34596
  1.878631e+01   4.872358e-18   7.632431e-03   2.912305e-20   34656
  1.881357e+01   4.855093e-18   7.906329e-03   2.865702e-20   34596
  1.884100e+01   4.773122e-18   7.670020e-03   2.927905e-20   33984
  1.886781e+01   4.806344e-18   7.830568e-03   2.869407e-20   34080
  1.889482e+01   4.749873e-18   7.864407e-03   2.818687e-20   34140
  1.892243e+01   4.694930e-18   8.122722e-03   2.846728e-20   33804
  1.894976e+01   4.585277e-18   7.807553e-03   2.711013e-20   35096
  1.897724e+01   4.567016e-18   7.740540e-03   2.774516e-20   33108
  1.900394e+01   4.555130e-18   7.700076e-03   2.848768e-20   32280
  1.903103e+01   4.509446e-18   7.838582e-03   2.709767e-20   34404
  1.905859e+01   4.505452e-18   7.998694e-03   2.650700e-20   34248
  1.908625e+01   4.421261e-18   7.494894e-03   2.688320e-20   32016
  1.911337e+01   4.424340e-18   7.911289e-03   2.657790e-20   34344
  1.914071e+01   4.424122e-18   7.607033e-03   2.699593e-20   32024
  1.916710e+01   4.357235e-18   7.885123e-03   2.709723e-20   31908
  1.919452e+01   4.306565e-18   7.901719e-03   2.642573e-20   33192
  1.922202e+01   4.293245e-18   8.187143e-03   2.612479e-20   33288
  1.924897e+01   4.272139e-18   7.454749e-03   2.623902e-20   31356
  1.927629e+01   4.242011e-18   8.068575e-03   2.543951e-20   32496
  1.930347e+01   4.223720e-18   7.669020e-03   2.590784e-20   31944
  1.933001e+01   4.098220e-18   7.874782e-03   2.532775e-20   31512
  1.935714e+01   4.167419e-18   7.643415e-03   2.583747e-20   31156
  1.938495e+01   4.107956e-18   8.053610e-03   2.489037e-20   33352
  1.941220e+01   4.065208e-18   7.811603e-03   2.532316e-20   31344
  1.943973e+01   4.005878e-18   8.088155e-03   2.507201e-20   31068
  1.946682e+01   4.041576e-18   7.977135e-03   2.501136e-20   31752
  1.949347e+01   3.984476e-18   7.363577e-03   2.523193e-20   29868
  1.952079e+01   3.894098e-18   8.091554e-03   2.393610e-20   32052
  1.954831e+01   3.912085e-18   7.677592e-03   2.575721e-20   30012
  1.957519e+01   3.906300e-18   8.055322e-03   2.392263e-20   31520
  1.960283e+01   3.786476e-18   7.875748e-03   2.389115e-20   30648
  1.962965e+01   3.828216e-18   7.768696e-03   2.480831e-20   29304
  1.965690e+01   3.850636e-18   7.702418e-03   2.384005e-20   31140
  1.968467e+01   3.771832e-18   8.205576e-03   2.328985e-20   31320
  1.971193e+01   3.760773e-18   7.744015e-03   2.465266e-20   28356
  1.973877e+01   3.742868e-18   7.915676e-03   2.367994e-20   30288
  1.976553e+01   3.732837e-18   7.866880e-03   2.373539e-20   29472
  1.979244e+01   3.666992e-18   7.776599e-03   2.368031e-20   28716
  1.982023e+01   3.632063e-18   7.717551e-03   2.330362e-20   30740
  1.984769e+01   3.702715e-18   7.871304e-03   2.435441e-20   29304
  1.987461e+01   3.630507e-18   7.839449e-03   2.378353e-20   28476
  1.990201e+01   3.601777e-18   7.940535e-03   2.340340e-20   29304
  1.992924e+01   3.563321e-18   7.931260e-03   2.311836e-20   29280
  1.995681e+01   3.547226e-18   7.910453e-03   2.310762e-20   29100
  1.998425e+01   3.463810e-18   7.754981e-03   2.273063e-20   27816
  2.001064e+01   3.547712e-18   7.789785e-03   2.383621e-20   27692
  2.003790e+01   3.436385e-18   8.099960e-03   2.253137e-20   29724
  2.006569e+01   3.394754e-18   7.720825e-03   2.294497e-20   27240
  2.009257e+01   3.469585e-18   7.504098e-03   2.338381e-20   27588
  2.011947e+01   3.349256e-18   7.809040e-03   2.212174e-20   28560
  2.014697e+01   3.343100e-18   7.908926e-03   2.260193e-20   26952
  2.017419e+01   3.350032e-18   7.918326e-03   2.253420e-20   27516
  2.020131e+01   3.376467e-18   8.001754e-03   2.212828e-20   28344
  2.022880e+01   3.314717e-18   7.881374e-03   2.292249e-20   26196
  2.025536e+01   3.250760e-18   7.707843e-03   2.262131e-20   26360
  2.028260e+01   3.309788e-18   7.968328e-03   2.228692e-20   28152
  2.031008e+01   3.276032e-18   7.705922e-03   2.295567e-20   25896
  2.033701e+01   3.226743e-18   7.889711e-03   2.214842e-20   26592
  2.036431e+01   3.164738e-18   7.553857e-03   2.154573e-20   26568
  2.039181e+01   3.199785e-18   7.993400e-03   2.243784e-20   26832
  2.041857e+01   3.134553e-18   7.579371e-03   2.272617e-20   24972
  2.044633e+01   3.160746e-18   7.991756e-03   2.205171e-20   27000
  2.047334e+01   3.130348e-18   7.662250e-03   2.219181e-20   25448
  2.050028e+01   3.079314e-18   7.921955e-03   2.165999e-20   25476
  2.052794e+01   3.124214e-18   7.765527e-03   2.216688e-20   25152
  2.055466e+01   3.046928e-18   7.960898e-03   2.156599e-20   25968
  2.058220e+01   2.982018e-18   7.925318e-03   2.118721e-20   25320
  2.060968e+01   2.978169e-18   7.486690e-03   2.172125e-20   23796
  2.063597e+01   3.068819e-18   7.857982e-03   2.180462e-20   25500
  2.066331e+01   3.008839e-18   7.830690e-03   2.187631e-20   24420
  2.069103e+01   2.914203e-18   8.105288e-03   2.059866e-20   24656
  2.071777e+01   3.017620e-18   7.679386e-03   2.197652e-20   24036
  2.074491e+01   2.932138e-18   7.941852e-03   2.096474e-20   24528
  2.077187e+01   2.890139e-18   7.672231e-03   2.118782e-20   23004
  2.079910e+01   2.929243e-18   7.878852e-03   2.120274e-20   24576
  2.082647e+01   2.831829e-18   7.525706e-03   2.085985e-20   23736
  2.085380e+01   2.821241e-18   7.995853e-03   2.086165e-20   23712
  2.088131e+01   2.865316e-18   7.763525e-03   2.171348e-20   22992
  2.090840e+01   2.829482e-18   7.709879e-03   2.083437e-20   23984
  2.093548e+01   2.800748e-18   7.701015e-03   2.150752e-20   22344
  2.096270e+01   2.744443e-18   7.814535e-03   2.084146e-20   22536
  2.098976e+01   2.816789e-18   7.734348e-03   2.129207e-20   23268
  2.101677e+01   2.766001e-18   7.943257e-03   2.159221e-20   22152
  2.104400e+01   2.630520e-18   7.843558e-03   2.079550e-20   22068
  2.107191e+01   2.782009e-18   8.054520e-03   2.090265e-20   23664
  2.109883e+01   2.691226e-18   7.480070e-03   2.205996e-20   20640
  2.112570e+01   2.636320e-18   7.938442e-03   2.012775e-20   22376
  2.115343e+01   2.687049e-18   7.807393e-03   2.147735e-20   21444
  2.118016e+01   2.703537e-18   8.090082e-03   2.155515e-20   21576
  2.120735e+01   2.602994e-18   8.020716e-03   2.084253e-20   21660
  2.123530e+01   2.669645e-18   8.110439e-03   2.162529e-20   20916
  2.126231e+01   2.631825e-18   7.955295e-03   2.073706e-20   21504
  2.128916e+01   2.591753e-18   7.581308e-03   2.107775e-20   20508
  2.131667e+01   2.565810e-18   8.100472e-03   2.118259e-20   20036
  2.134369e+01   2.618875e-18   7.839478e-03   2.099100e-20   21276
  2.137104e+01   2.488699e-18   7.761018e-03   1.986040e-20   20652
  2.139834e+01   2.496875e-18   7.723249e-03   2.144311e-20   18696
  2.142558e+01   2.576512e-18   8.083660e-03   2.063267e-20   21504
  2.145287e+01   2.528559e-18   7.559924e-03   2.183415e-20   19284
  2.148009e+01   2.389637e-18   8.152926e-03   1.981135e-20   19356
  2.150716e+01   2.460673e-18   7.704747e-03   2.112673e-20   19236
  2.153397e+01   2.529691e-18   7.855474e-03   2.170914e-20   19476
  2.156136e+01   2.382271e-18   8.174267e-03   2.079774e-20   19184
  2.158918e+01   2.448357e-18   7.919111e-03   2.125154e-20   18852
  2.161627e+01   2.511163e-18   7.666005e-03   2.231057e-20   18876
  2.164286e+01   2.387215e-18   7.969235e-03   2.146024e-20   18336
  2.167039e+01   2.323542e-18   7.996407e-03   2.043241e-20   17820
  2.169807e+01   2.430665e-18   8.070725e-03   2.069549e-20   19392
  2.172492e+01   2.345951e-18   7.991408e-03   2.119409e-20   17616
  2.175159e+01   2.280819e-18   7.523195e-03   2.110508e-20   16320
  2.177930e+01   2.412470e-18   8.147723e-03   2.140335e-20   19292
  2.180620e+01   2.327479e-18   7.805053e-03   2.155394e-20   17112
  2.183426e+01   2.250033e-18   7.910587e-03   2.018642e-20   17388
  2.186163e+01   2.317177e-18   7.406044e-03   2.252787e-20   16692
  2.188744e+01   2.370061e-18   7.834176e-03   2.240404e-20   16956
  2.191562e+01   2.190178e-18   7.901521e-03   2.026458e-20   17040
  2.194315e+01   2.151052e-18   7.818664e-03   2.002571e-20   16092
  2.196931e+01   2.342976e-18   7.765588e-03   2.276868e-20   16380
  2.199714e+01   2.161774e-18   7.982102e-03   2.084157e-20   16688
  2.202443e+01   2.156352e-18   7.984779e-03   2.118036e-20   14940
  2.205121e+01   2.327745e-18   8.028740e-03   2.290359e-20   16668
  2.207897e+01   2.112068e-18   7.840129e-03   2.062225e-20   15804
  2.210591e+01   2.040359e-18   7.785654e-03   2.070635e-20   14280
  2.213311e+01   2.230244e-18   7.664432e-03   2.191198e-20   16068
  2.216027e+01   2.094903e-18   7.811361e-03   2.119817e-20   15048
  2.218728e+01   2.055334e-18   7.960916e-03   2.182405e-20   13940
  2.221435e+01   2.078324e-18   7.608541e-03   2.131318e-20   15072
  2.224148e+01   2.081458e-18   8.111188e-03   2.189500e-20   14808
  2.226834e+01   1.979113e-18   7.531402e-03   2.143165e-20   13200
  2.229597e+01   1.987802e-18   7.978123e-03   2.056355e-20   15156
  2.232362e+01   2.051427e-18   7.780063e-03   2.312736e-20   13788
  2.235075e+01   1.892718e-18   7.667664e-03   1.950738e-20   13608
  2.237787e+01   1.910920e-18   7.309729e-03   2.069346e-20   13224
  2.240490e+01   2.028636e-18   7.880989e-03   2.216875e-20   13320
  2.243177e+01   1.904884e-18   7.770921e-03   2.038102e-20   13220
  2.245943e+01   1.821716e-18   7.854231e-03   1.957353e-20   12984
  2.248722e+01   1.951977e-18   7.949992e-03   2.257429e-20   12780
  2.251346e+01   1.819707e-18   7.524108e-03   1.988130e-20   12360
  2.254113e+01   1.803188e-18   7.915992e-03   2.042786e-20   12480
  2.256873e+01   1.818842e-18   7.688920e-03   2.120912e-20   11892
  2.259507e+01   1.760864e-18   7.971977e-03   1.974228e-20   12192
  2.262265e+01   1.654443e-18   7.815371e-03   1.840649e-20   11328
  2.265008e+01   1.713167e-18   8.287652e-03   1.963906e-20   12020
  2.267688e+01   1.720429e-18   7.619741e-03   1.967629e-20   11052
  2.270474e+01   1.689890e-18   8.094529e-03   1.996872e-20   11304
  2.273085e+01   1.600050e-18   7.448122e-03   1.964606e-20   10368
  2.275755e+01   1.582986e-18   7.750489e-03   1.757671e-20   10899
  2.278573e+01   1.580546e-18   7.770104e-03   1.713242e-20   10752
  2.281248e+01   1.518262e-18   7.798996e-03   1.679132e-20   10446
  2.284006e+01   1.560714e-18   7.675986e-03   1.830574e-20   10092
  2.286738e+01   1.457239e-18   7.777671e-03   1.686842e-20   10220
  2.289377e+01   1.496055e-18   7.617781e-03   1.786454e-20   9636
  2.292187e+01   1.462050e-18   7.836775e-03   1.610643e-20   10020
  2.294942e+01   1.411881e-18   8.141935e-03   1.629815e-20   9906
  2.297609e+01   1.422493e-18   7.552194e-03   1.703500e-20   8940
  2.300374e+01   1.426233e-18   7.658760e-03   1.645412e-20   9558
  2.303075e+01   1.411916e-18   8.340455e-03   1.649470e-20   9180
  2.305748e+01   1.394458e-18   7.984707e-03   1.664717e-20   8674
  2.308544e+01   1.373079e-18   7.936927e-03   1.572626e-20   9454
  2.311244e+01   1.326352e-18   8.157429e-03   1.587872e-20   8316
  2.313927e+01   1.355212e-18   8.044596e-03   1.620373e-20   8622
  2.316729e+01   1.299527e-18   7.987844e-03   1.519591e-20   9006
  2.319409e+01   1.250317e-18   8.051411e-03   1.512880e-20   7698
  2.322094e+01   1.348617e-18   7.725335e-03   1.620709e-20   8406
  2.324898e+01   1.275118e-18   8.243382e-03   1.470532e-20   8646
  2.327567e+01   1.220766e-18   7.832776e-03   1.520264e-20   7014
  2.330241e+01   1.290783e-18   7.786203e-03   1.527120e-20   8510
  2.333084e+01   1.274867e-18   8.206177e-03   1.575247e-20   7890
  2.335752e+01   1.169401e-18   7.872033e-03   1.474050e-20   6966
  2.338382e+01   1.273058e-18   7.524577e-03   1.626273e-20   7902
  2.341187e+01   1.240582e-18   8.206647e-03   1.552506e-20   7278
  2.343914e+01   1.197297e-18   8.061902e-03   1.550970e-20   7338
  2.346598e+01   1.221243e-18   7.466958e-03   1.596623e-20   7254
  2.349349e+01   1.210545e-18   8.041931e-03   1.588741e-20   6678
  2.352016e+01   1.192247e-18   8.034352e-03   1.525041e-20   7286
  2.354846e+01   1.175911e-18   7.948593e-03   1.457827e-20   7200
  2.357656e+01   1.128557e-18   7.715007e-03   1.475854e-20   6234
  2.360147e+01   1.125594e-18   7.732755e-03   1.468908e-20   6630
  2.362968e+01   1.182898e-18   7.973696e-03   1.543376e-20   6822
  2.365766e+01   1.096208e-18   7.511861e-03   1.558625e-20   6078
  2.368315e+01   1.121931e-18   7.985650e-03   1.483538e-20   6528
  2.371136e+01   1.163720e-18   7.632002e-03   1.602070e-20   6034
  2.373836e+01   1.068849e-18   7.815536e-03   1.442579e-20   6190
  2.376518e+01   1.092662e-18   8.029546e-03   1.408314e-20   6270
  2.379352e+01   1.100969e-18   7.221014e-03   1.627488e-20   5520
  2.381945e+01   1.029004e-18   8.084792e-03   1.404792e-20   6126
  2.384659e+01   1.096590e-18   7.559933e-03   1.573225e-20   5562
  2.387506e+01   1.067723e-18   7.559401e-03   1.449682e-20   5790
  2.390087e+01   1.037827e-18   7.739398e-03   1.425401e-20   5496
  2.392823e+01   1.039167e-18   7.795319e-03   1.493670e-20   5262
  2.395608e+01   1.027846e-18   7.677429e-03   1.386044e-20   5774
  2.398271e+01   9.766242e-19   7.605630e-03   1.426585e-20   5124
  2.401077e+01   1.010892e-18   7.629279e-03   1.469206e-20   5070
  2.403716e+01   9.706272e-19   7.941706e-03   1.303471e-20   5430
  2.406413e+01   1.001050e-18   7.418331e-03   1.540644e-20   4680
  2.409270e+01   9.849004e-19   7.682912e-03   1.393334e-20   5370
  2.411895e+01   1.008043e-18   7.340081e-03   1.524918e-20   4638
  2.414568e+01   1.023427e-18   7.716026e-03   1.522463e-20   4536
  2.417357e+01   9.599761e-19   7.726385e-03   1.397746e-20   5222
  2.420035e+01   9.824540e-19   7.090155e-03   1.484850e-20   4254
  2.422780e+01   9.818561e-19   7.815564e-03   1.518966e-20   4548
  2.425432e+01   9.999446e-19   7.579482e-03   1.519152e-20   4638
  2.428140e+01   9.867908e-19   7.483101e-03   1.640523e-20   4176
  2.430949e+01   9.303087e-19   7.509019e-03   1.420637e-20   4518
  2.433617e+01   9.915596e-19   7.565687e-03   1.560981e-20   4278
  2.436274e+01   9.694282e-19   7.320142e-03   1.669544e-20   3732
  2.438997e+01   9.104691e-19   7.733266e-03   1.410401e-20   4502
  2.441740e+01   9.313870e-19   7.517350e-03   1.474584e-20   3984
  2.444510e+01   9.546980e-19   7.787847e-03   1.548862e-20   3726
  2.447087e+01   9.321424e-19   7.506460e-03   1.476608e-20   4014
  2.449802e+01   9.403286e-19   7.871904e-03   1.529067e-20   3756
  2.452699e+01   9.096090e-19   7.900562e-03   1.470596e-20   3894
  2.455330e+01   9.281677e-19   7.731015e-03   1.555369e-20   3744
  2.457984e+01   9.597587e-19   7.859115e-03   1.715645e-20   3174
  2.460752e+01   9.061449e-19   8.044173e-03   1.422659e-20   3968
  2.463495e+01   9.244020e-19   8.111977e-03   1.568546e-20   3522
  2.466361e+01   9.489359e-19   8.331476e-03   1.703238e-20   3198
  2.468960e+01   9.065931e-19   8.160722e-03   1.497460e-20   3648
  2.471673e+01   9.324771e-19   8.295663e-03   1.696412e-20   3054
  2.474531e+01   8.701382e-19   7.802164e-03   1.518078e-20   3312
  2.477133e+01   9.061299e-19   8.241859e-03   1.579379e-20   3354
  2.479887e+01   9.030041e-19   8.150052e-03   1.839272e-20   2624
  2.482582e+01   8.551030e-19   7.951149e-03   1.418872e-20   3462
  2.485324e+01   8.920658e-19   8.293836e-03   1.565386e-20   2976
  2.488216e+01   8.725185e-19   7.851233e-03   1.759546e-20   2670
  2.490725e+01   8.892875e-19   8.172809e-03   1.601989e-20   3186
  2.493414e+01   9.171511e-19   7.634891e-03   1.885103e-20   2376
  2.496277e+01   8.343273e-19   8.048462e-03   1.497886e-20   3102
  2.498920e+01   8.493482e-19   7.878239e-03   1.651195e-20   2688
  2.501669e+01   8.626484e-19   8.219146e-03   1.782985e-20   2286
  2.504363e+01   8.149603e-19   7.927897e-03   1.522013e-20   3020
  2.507087e+01   8.458532e-19   7.551293e-03   1.726085e-20   2310
  2.509979e+01   8.593409e-19   8.345324e-03   1.675572e-20   2544
  2.512556e+01   7.669143e-19   7.780395e-03   1.606298e-20   2526
  2.515251e+01   8.712073e-19   7.990277e-03   1.918912e-20   2112
  2.518075e+01   8.466632e-19   7.678919e-03   1.676345e-20   2538
  2.520745e+01   8.437955e-19   7.988717e-03   1.744838e-20   2304
  2.523462e+01   8.741278e-19   7.882303e-03   1.940732e-20   1902
  2.526098e+01   7.930111e-19   7.530128e-03   1.609468e-20   2408
  2.528828e+01   8.282345e-19   7.943273e-03   1.653792e-20   2094
  2.531734e+01   8.354361e-19   8.093111e-03   1.887852e-20   2028
  2.534285e+01   8.835809e-19   7.676617e-03   2.026997e-20   2094
  2.536993e+01   8.332710e-19   8.374792e-03   2.015707e-20   1920
  2.539868e+01   8.466911e-19   7.060880e-03   1.932654e-20   1926
  2.542499e+01   8.163570e-19   8.241772e-03   1.823258e-20   2088
  2.545174e+01   8.647667e-19   7.229896e-03   2.296636e-20   1434
  2.547863e+01   7.828284e-19   7.644346e-03   1.706298e-20   2048
  2.550528e+01   8.495916e-19   7.622193e-03   1.947101e-20   1758
  2.553461e+01   8.629811e-19   8.409251e-03   2.280498e-20   1584
  2.556148e+01   8.244678e-19   8.331443e-03   1.876628e-20   1998
  2.558869e+01   8.435331e-19   7.588551e-03   2.207107e-20   1428
  2.561718e+01   8.151406e-19   6.351940e-03   2.092581e-20   1488
  2.564207e+01   7.804065e-19   8.091724e-03   1.850269e-20   1806
  2.566834e+01   8.759071e-19   7.366434e-03   2.733445e-20   1040
  2.569640e+01   8.006711e-19   7.718660e-03   1.835917e-20   1782
  2.572208e+01   8.119836e-19   7.296767e-03   2.058049e-20   1428
  2.575279e+01   8.084647e-19   8.761453e-03   2.349449e-20   1206
  2.577877e+01   8.121463e-19   8.140073e-03   2.073539e-20   1728
  2.580495e+01   8.332989e-19   7.628696e-03   2.462194e-20   1038
  2.583514e+01   7.862914e-19   6.189728e-03   2.144771e-20   1248
  2.585899e+01   8.579758e-19   7.893923e-03   2.345459e-20   1530
  2.588517e+01   7.431422e-19   7.235058e-03   2.780156e-20   656
  2.591442e+01   7.773601e-19   8.111352e-03   1.916396e-20   1662
  2.593913e+01   7.878941e-19   6.715149e-03   2.593234e-20   1008
  2.597172e+01   8.322324e-19   8.916900e-03   2.735494e-20   960
  2.599619e+01   7.824073e-19   7.667610e-03   2.084417e-20   1458
  2.602176e+01   8.036990e-19   7.576318e-03   2.989497e-20   672
  2.605313e+01   7.822235e-19   5.938027e-03   2.493088e-20   1062
  2.607533e+01   8.080664e-19   7.703272e-03   2.235801e-20   1224
  2.610192e+01   8.372862e-19   6.728834e-03   4.248182e-20   374
  2.613189e+01   7.747544e-19   8.088036e-03   1.972356e-20   1512
  2.615613e+01   8.182456e-19   6.777684e-03   3.190741e-20   666
  2.619082e+01   8.122263e-19   8.286559e-03   3.214113e-20   720
  2.621257e+01   8.356870e-19   7.420738e-03   2.494880e-20   1224
  2.623931e+01   7.690307e-19   7.377122e-03   3.657142e-20   390
  2.627131e+01   7.689939e-19   5.485178e-03   2.213112e-20   936
  2.629167e+01   7.292922e-19   7.826288e-03   2.444326e-20   882
  2.632074e+01   8.165411e-19   7.641458e-03   5.169811e-20   216
  2.634900e+01   7.657166e-19   7.587347e-03   2.112936e-20   1286
  2.637295e+01   8.730800e-19   6.338203e-03   4.624765e-20   384
  2.640957e+01   7.746744e-19   7.979226e-03   3.316895e-20   576
  2.642852e+01   7.435384e-19   7.151571e-03   2.423615e-20   930
  2.645565e+01   8.348021e-19   7.025337e-03   6.041165e-20   216
  2.649025e+01   7.894596e-19   5.639356e-03   2.455558e-20   918
  2.651019e+01   8.113043e-19   7.595740e-03   3.479525e-20   480
  2.653721e+01   7.294011e-19   6.400332e-03   7.730551e-20   78
  2.656526e+01   8.272856e-19   6.918403e-03   2.309864e-20   1052
  2.659116e+01   8.085039e-19   8.055672e-03   4.474725e-20   240
  2.663081e+01   7.658256e-19   2.941168e-03   3.490247e-20   438
  2.664436e+01   7.787267e-19   6.804857e-03   2.843833e-20   648
  2.666962e+01   8.411919e-19   5.618433e-03   5.637187e-20   78
  2.670728e+01   7.498643e-19   4.902201e-03   2.758260e-20   780
  2.672622e+01   6.402836e-19   6.840274e-03   4.204163e-20   240
  2.674955e+01   7.435218e-19   0.000000e+00   8.758303e-20   6
  2.678099e+01   8.302875e-19   6.266110e-03   3.012586e-20   824
  2.680374e+01   7.910370e-19   4.844192e-03   9.559949e-20   78
  2.684861e+01   8.169210e-19   2.532737e-03   3.984310e-20   432
  2.686032e+01   7.618402e-19   6.125575e-03   4.066223e-20   348
  2.688264e+01   3.588062e-19   0.000000e+00   7.314606e-20   6
  2.692341e+01   7.997368e-19   4.330580e-03   3.199861e-20   600
  2.693953e+01   6.157280e-19   4.077791e-03   7.331041e-20   78
  2.699635e+01   7.656255e-19   5.360574e-03   3.010449e-20   572
  2.701740e+01   1.820347e-18   0.000000e+00   4.616652e-19   6
  2.706595e+01   7.558617e-19   2.516850e-03   4.569334e-20   384
  2.707567e+01   7.003497e-19   3.741025e-03   7.674557e-20   102
  2.713929e+01   7.204627e-19   3.679793e-03   3.525841e-20   396
  2.715383e+01   3.902940e-19   0.000000e+00   1.368836e-19   6
  2.721112e+01   7.727156e-19   3.329304e-03   4.041923e-20   326
  2.728263e+01   7.450544e-19   2.315142e-03   4.538897e-20   252
  2.729189e+01   6.950949e-19   0.000000e+00   2.703115e-19   6
  2.735467e+01   7.673301e-19   2.106672e-03   4.832966e-20   198
  2.742659e+01   8.870655e-19   1.607428e-03   6.948983e-20   146
  2.749861e+01   9.553529e-19   1.179854e-03   8.648683e-20   102
  2.757072e+01   9.800829e-19   8.199682e-04   1.322194e-19   66
  2.764293e+01   1.092623e-18   5.207611e-04   1.743029e-19   38
  2.771523e+01   6.394155e-19   2.685925e-04   5.938519e-20   18
  2.778760e+01   1.937271e-18   0.000000e+00   1.302049e-19   6
