# power spectrum of pi_k * H (dimensionless)
# redshift z=9.908781
# k              Pk             sigma(k)       sigma(Pk)      count
  1.256637e-01   1.493177e-11   0.000000e+00   6.017778e-12   6
  1.777153e-01   3.937491e-12   0.000000e+00   7.919940e-13   12
  2.176559e-01   1.862290e-12   2.384186e-09   4.035007e-13   8
  2.513274e-01   4.420527e-12   0.000000e+00   4.872263e-13   6
  2.809926e-01   2.403454e-12   4.495664e-09   7.598321e-13   24
  3.078120e-01   2.790942e-12   4.495664e-09   4.826523e-13   24
  3.708310e-01   8.618515e-13   9.740034e-03   1.492892e-13   42
  3.973835e-01   1.001145e-12   0.000000e+00   2.106007e-13   24
  4.167794e-01   8.917856e-13   7.786718e-09   2.174136e-13   24
  4.486432e-01   7.095805e-13   7.696839e-03   7.775969e-14   32
  4.701905e-01   5.800257e-13   0.000000e+00   8.425228e-14   48
  5.026548e-01   5.711572e-13   0.000000e+00   2.557103e-13   6
  5.245624e-01   4.269256e-13   7.433575e-03   4.307308e-14   84
  5.548703e-01   4.474240e-13   7.114891e-03   6.603300e-14   48
  5.803806e-01   3.063370e-13   6.388277e-03   3.066180e-14   72
  6.156239e-01   2.994064e-13   8.991328e-09   4.200185e-14   24
  6.371019e-01   1.963497e-13   5.669664e-03   1.883165e-14   102
  6.694115e-01   2.190157e-13   1.096246e-02   2.329570e-14   104
  6.882885e-01   1.175308e-13   0.000000e+00   1.816207e-14   48
  7.254833e-01   1.222773e-13   7.274260e-03   9.802045e-15   108
  7.474926e-01   1.493874e-13   5.130540e-03   1.741274e-14   78
  7.720780e-01   1.579796e-13   4.442982e-03   1.479743e-14   96
  8.060166e-01   1.043154e-13   6.261981e-03   8.639104e-15   168
  8.373048e-01   9.523721e-14   7.572942e-03   9.193674e-15   120
  8.522927e-01   9.183507e-14   0.000000e+00   1.212448e-14   48
  8.875381e-01   8.935858e-14   7.331812e-03   7.693767e-15   194
  9.180568e-01   6.852557e-14   5.998724e-03   5.371675e-15   192
  9.445606e-01   8.011173e-14   4.179554e-03   5.789328e-15   96
  9.631875e-01   5.771784e-14   3.557186e-03   5.036749e-15   96
  9.867076e-01   5.465312e-14   5.247590e-03   4.463015e-15   174
  1.018302e+00   5.204364e-14   5.162719e-03   3.759371e-15   216
  1.043827e+00   4.297105e-14   5.348761e-03   3.311836e-15   192
  1.076680e+00   3.922219e-14   5.670253e-03   2.632663e-15   204
  1.099851e+00   3.333828e-14   7.765578e-03   2.434360e-15   224
  1.131927e+00   4.317385e-14   4.383724e-03   3.420647e-15   174
  1.156826e+00   3.561365e-14   8.426920e-03   1.903959e-15   288
  1.187720e+00   2.917322e-14   4.148414e-03   1.809362e-15   288
  1.211830e+00   2.580398e-14   8.001468e-03   2.009607e-15   192
  1.243389e+00   2.636942e-14   5.855465e-03   1.540106e-15   252
  1.263357e+00   2.573084e-14   3.489272e-03   1.586945e-15   246
  1.290480e+00   2.208742e-14   6.620985e-03   1.198701e-15   312
  1.314676e+00   2.281337e-14   4.277300e-03   1.242797e-15   248
  1.347888e+00   1.780102e-14   9.048203e-03   9.239842e-16   432
  1.374643e+00   2.251737e-14   7.577672e-03   1.577021e-15   198
  1.401083e+00   1.946038e-14   9.164834e-03   8.804919e-16   456
  1.431960e+00   1.580614e-14   5.348273e-03   1.065212e-15   324
  1.453813e+00   1.554552e-14   6.331779e-03   9.991179e-16   312
  1.480905e+00   1.379997e-14   7.942383e-03   6.546226e-16   408
  1.514610e+00   1.335069e-14   7.334839e-03   6.713282e-16   414
  1.537790e+00   1.057686e-14   6.347030e-03   5.468506e-16   392
  1.561513e+00   1.460794e-14   7.151225e-03   7.106559e-16   408
  1.592735e+00   1.218662e-14   7.590585e-03   6.013271e-16   444
  1.616449e+00   1.138359e-14   6.136314e-03   5.091137e-16   360
  1.646728e+00   1.026685e-14   8.422264e-03   3.902897e-16   678
  1.678751e+00   9.534124e-15   5.398523e-03   4.828723e-16   360
  1.703361e+00   9.211517e-15   8.890407e-03   4.094802e-16   648
  1.726824e+00   9.138331e-15   4.108984e-03   5.170220e-16   288
  1.756709e+00   7.748962e-15   7.655141e-03   2.990892e-16   686
  1.784813e+00   7.945647e-15   5.691443e-03   3.622281e-16   444
  1.810226e+00   7.552020e-15   7.904944e-03   2.938089e-16   696
  1.835505e+00   7.652509e-15   7.510099e-03   3.615224e-16   408
  1.862936e+00   6.608164e-15   7.770126e-03   2.600822e-16   648
  1.891496e+00   7.070911e-15   6.803125e-03   2.888691e-16   582
  1.916959e+00   5.817531e-15   8.515206e-03   2.116536e-16   744
  1.945057e+00   6.556554e-15   8.500719e-03   2.796459e-16   516
  1.970941e+00   6.078318e-15   8.226327e-03   2.399779e-16   728
  1.994838e+00   5.509574e-15   6.815975e-03   2.460047e-16   558
  2.023696e+00   4.846436e-15   6.871155e-03   1.587127e-16   768
  2.054980e+00   4.799414e-15   7.965130e-03   1.593642e-16   960
  2.082310e+00   5.033437e-15   5.572193e-03   2.151003e-16   576
  2.108582e+00   4.877377e-15   9.044734e-03   1.725965e-16   816
  2.136871e+00   4.149046e-15   6.978079e-03   1.530637e-16   666
  2.161711e+00   4.340092e-15   8.183322e-03   1.390460e-16   960
  2.191392e+00   4.014006e-15   8.070536e-03   1.571807e-16   824
  2.220193e+00   3.701979e-15   8.887079e-03   1.179669e-16   936
  2.246715e+00   3.553829e-15   6.609093e-03   1.410332e-16   624
  2.271144e+00   3.635753e-15   7.780512e-03   1.327733e-16   1062
  2.299501e+00   3.292853e-15   8.475658e-03   1.211593e-16   732
  2.324371e+00   3.100845e-15   7.354282e-03   9.759279e-17   1080
  2.354037e+00   3.162665e-15   8.017672e-03   1.092740e-16   936
  2.380866e+00   2.962616e-15   8.659951e-03   9.963492e-17   878
  2.409130e+00   2.889386e-15   8.776125e-03   9.062944e-17   1152
  2.435374e+00   2.832404e-15   6.783314e-03   8.777895e-17   1056
  2.463284e+00   2.745083e-15   8.011817e-03   9.657114e-17   864
  2.488211e+00   2.733338e-15   7.826085e-03   8.180804e-17   1092
  2.518008e+00   2.489677e-15   8.267655e-03   7.194200e-17   1206
  2.546391e+00   2.479276e-15   8.390069e-03   7.153506e-17   1248
  2.572607e+00   2.301196e-15   5.685746e-03   7.498256e-17   864
  2.595945e+00   2.260949e-15   5.903210e-03   6.956577e-17   1152
  2.626371e+00   2.283749e-15   8.788222e-03   6.536729e-17   1382
  2.656067e+00   2.144355e-15   7.832257e-03   6.579979e-17   1188
  2.682071e+00   2.048260e-15   8.299276e-03   6.368516e-17   1248
  2.706625e+00   2.069256e-15   7.872659e-03   6.212970e-17   1152
  2.733569e+00   2.016799e-15   8.645592e-03   5.595319e-17   1320
  2.763459e+00   1.741262e-15   5.730139e-03   5.364580e-17   1206
  2.788258e+00   1.966319e-15   8.325116e-03   4.970727e-17   1560
  2.817720e+00   1.745223e-15   7.749790e-03   4.902654e-17   1280
  2.842925e+00   1.716243e-15   7.802600e-03   4.589639e-17   1308
  2.870501e+00   1.675936e-15   7.830643e-03   4.146257e-17   1512
  2.897970e+00   1.676675e-15   6.388887e-03   4.667900e-17   1350
  2.926276e+00   1.616520e-15   8.441243e-03   4.141500e-17   1608
  2.950474e+00   1.496232e-15   7.259334e-03   3.994819e-17   1320
  2.978655e+00   1.431416e-15   8.744730e-03   3.363521e-17   1656
  3.004023e+00   1.374053e-15   6.874825e-03   3.782096e-17   1254
  3.033365e+00   1.374814e-15   7.846352e-03   3.177023e-17   1932
  3.061022e+00   1.355341e-15   7.045997e-03   3.368597e-17   1640
  3.088272e+00   1.362194e-15   7.314215e-03   3.428478e-17   1488
  3.113972e+00   1.197323e-15   7.070473e-03   3.082961e-17   1560
  3.143202e+00   1.260340e-15   8.492431e-03   2.798073e-17   2046
  3.170335e+00   1.181247e-15   7.617690e-03   3.196094e-17   1512
  3.196616e+00   1.155990e-15   7.580823e-03   2.771996e-17   1764
  3.222826e+00   1.120650e-15   7.558355e-03   2.741131e-17   1776
  3.249873e+00   1.116368e-15   9.086057e-03   2.670741e-17   1704
  3.278891e+00   1.057477e-15   8.897943e-03   2.275866e-17   2126
  3.305023e+00   1.054335e-15   6.181224e-03   2.612592e-17   1632
  3.331250e+00   1.039402e-15   8.234420e-03   2.254904e-17   2064
  3.357691e+00   9.887878e-16   6.789507e-03   2.260581e-17   1680
  3.386462e+00   9.819368e-16   7.615683e-03   2.175063e-17   2154
  3.413240e+00   8.968517e-16   7.709258e-03   1.879173e-17   2016
  3.442077e+00   9.294862e-16   8.463485e-03   1.845346e-17   2304
  3.468500e+00   9.281091e-16   6.738046e-03   2.283278e-17   1680
  3.495952e+00   9.179059e-16   7.805829e-03   1.838888e-17   2432
  3.523471e+00   8.543674e-16   7.691556e-03   1.902317e-17   1902
  3.550783e+00   8.357114e-16   7.909477e-03   1.675122e-17   2292
  3.575143e+00   8.062372e-16   6.264893e-03   1.773556e-17   1992
  3.604046e+00   7.720751e-16   8.030731e-03   1.523765e-17   2568
  3.631839e+00   7.201047e-16   7.011475e-03   1.801551e-17   1806
  3.659925e+00   7.320497e-16   8.624447e-03   1.278274e-17   3000
  3.688362e+00   7.144952e-16   7.847969e-03   1.537094e-17   2016
  3.712101e+00   7.493966e-16   7.325540e-03   1.659025e-17   2168
  3.739165e+00   6.801622e-16   7.480367e-03   1.419719e-17   2412
  3.767457e+00   6.833800e-16   8.182348e-03   1.362757e-17   2550
  3.794682e+00   6.884213e-16   8.123551e-03   1.413393e-17   2592
  3.823097e+00   6.007576e-16   7.483746e-03   1.239686e-17   2496
  3.850113e+00   6.256966e-16   8.278837e-03   1.192590e-17   2688
  3.877062e+00   6.304076e-16   7.151929e-03   1.319413e-17   2424
  3.905465e+00   5.852264e-16   6.562733e-03   1.075558e-17   2634
  3.931062e+00   5.876381e-16   7.872296e-03   1.190055e-17   2552
  3.956564e+00   5.522726e-16   8.258892e-03   1.042403e-17   2832
  3.984868e+00   5.824671e-16   7.843060e-03   1.271344e-17   2424
  4.012777e+00   5.337289e-16   8.700050e-03   9.764854e-18   3198
  4.038905e+00   5.713744e-16   6.944850e-03   1.153455e-17   2400
  4.066601e+00   5.276226e-16   7.988621e-03   9.069954e-18   3336
  4.095222e+00   5.137352e-16   6.723909e-03   1.023809e-17   2508
  4.120369e+00   5.064741e-16   8.104033e-03   9.494538e-18   3104
  4.149775e+00   4.930844e-16   8.153375e-03   9.302543e-18   2934
  4.176274e+00   4.975506e-16   7.495795e-03   8.995459e-18   3120
  4.205010e+00   4.703311e-16   8.363076e-03   7.927667e-18   3288
  4.231486e+00   4.562994e-16   7.040454e-03   8.776365e-18   2808
  4.258671e+00   4.332274e-16   8.835744e-03   8.078109e-18   2988
  4.286036e+00   4.522233e-16   8.089119e-03   7.803345e-18   3486
  4.312540e+00   4.269298e-16   7.656977e-03   7.948301e-18   3000
  4.338131e+00   4.333528e-16   6.660522e-03   7.662209e-18   3024
  4.366804e+00   3.972167e-16   7.334581e-03   6.613302e-18   3584
  4.395565e+00   4.106580e-16   7.857248e-03   7.114328e-18   3486
  4.422393e+00   3.921717e-16   7.076269e-03   6.917108e-18   3120
  4.448626e+00   3.947053e-16   6.987605e-03   6.787541e-18   3396
  4.475108e+00   3.723549e-16   7.983171e-03   5.990796e-18   3552
  4.503379e+00   3.824438e-16   7.682827e-03   6.349727e-18   3384
  4.531323e+00   3.668499e-16   7.821891e-03   5.995650e-18   3726
  4.557931e+00   3.518445e-16   7.580401e-03   6.313660e-18   3344
  4.583208e+00   3.618643e-16   7.789164e-03   5.953762e-18   3744
  4.612116e+00   3.306792e-16   7.582253e-03   5.649189e-18   3540
  4.639216e+00   3.451360e-16   8.049190e-03   5.815139e-18   3822
  4.667652e+00   3.436671e-16   7.902499e-03   5.347720e-18   4056
  4.693533e+00   3.362571e-16   7.262531e-03   6.004068e-18   3288
  4.720670e+00   3.163332e-16   8.388767e-03   4.978817e-18   4056
  4.747313e+00   3.218051e-16   7.684216e-03   5.074161e-18   3984
  4.776480e+00   3.094523e-16   7.065076e-03   5.330816e-18   3662
  4.801185e+00   3.139301e-16   7.708878e-03   4.866785e-18   3828
  4.829054e+00   2.955375e-16   8.714957e-03   4.342404e-18   4632
  4.856839e+00   2.829118e-16   6.728047e-03   4.739459e-18   3600
  4.884615e+00   2.826541e-16   7.988589e-03   4.114143e-18   4320
  4.910897e+00   2.904907e-16   6.267555e-03   4.697271e-18   3918
  4.937429e+00   2.783754e-16   7.211341e-03   4.384876e-18   4200
  4.964105e+00   2.677019e-16   8.183364e-03   4.096170e-18   4188
  4.991760e+00   2.636381e-16   8.311430e-03   4.120261e-18   4360
  5.019842e+00   2.634992e-16   8.310798e-03   3.840430e-18   4582
  5.046995e+00   2.606826e-16   7.387468e-03   4.066070e-18   4128
  5.074602e+00   2.545530e-16   7.936081e-03   3.704688e-18   4752
  5.100601e+00   2.513639e-16   7.305558e-03   3.829630e-18   4176
  5.128877e+00   2.427812e-16   8.400425e-03   3.430328e-18   4848
  5.157185e+00   2.458118e-16   7.298735e-03   3.888801e-18   4338
  5.183856e+00   2.449498e-16   7.965872e-03   3.393984e-18   5160
  5.210226e+00   2.353104e-16   6.457992e-03   3.707009e-18   4008
  5.238833e+00   2.356345e-16   8.537210e-03   3.220966e-18   5360
  5.265161e+00   2.226415e-16   7.941083e-03   3.662458e-18   4110
  5.292550e+00   2.235336e-16   8.507677e-03   2.998408e-18   5424
  5.318664e+00   2.257016e-16   7.274607e-03   3.556034e-18   4140
  5.346136e+00   2.107263e-16   8.127882e-03   2.780522e-18   5664
  5.374330e+00   2.115342e-16   7.064267e-03   3.053323e-18   4632
  5.401180e+00   2.106579e-16   7.451175e-03   3.039359e-18   4902
  5.427773e+00   2.156438e-16   7.962424e-03   3.025592e-18   5072
  5.454995e+00   1.982474e-16   7.508267e-03   2.778365e-18   5472
  5.481937e+00   2.020373e-16   7.630507e-03   2.934510e-18   4704
  5.509580e+00   1.910744e-16   8.381869e-03   2.556908e-18   5436
  5.537725e+00   1.931963e-16   7.980641e-03   2.646874e-18   5646
  5.563320e+00   1.873952e-16   7.141000e-03   2.940395e-18   4512
  5.590561e+00   1.932012e-16   9.120803e-03   2.415010e-18   6120
  5.618647e+00   1.771324e-16   7.056346e-03   2.522313e-18   5112
  5.645654e+00   1.820658e-16   8.338893e-03   2.436151e-18   5606
  5.672833e+00   1.811487e-16   7.771360e-03   2.449842e-18   5328
  5.699944e+00   1.768134e-16   7.829763e-03   2.262626e-18   5964
  5.727177e+00   1.739218e-16   7.952358e-03   2.344446e-18   5448
  5.754787e+00   1.641451e-16   8.143528e-03   2.209686e-18   5904
  5.783001e+00   1.662083e-16   8.002897e-03   2.211565e-18   5598
  5.809029e+00   1.700961e-16   7.509546e-03   2.132215e-18   5952
  5.835933e+00   1.644467e-16   8.215632e-03   2.194257e-18   5688
  5.863154e+00   1.634086e-16   7.877564e-03   2.164603e-18   5876
  5.889819e+00   1.573273e-16   7.683367e-03   2.060624e-18   5784
  5.917504e+00   1.513751e-16   7.664503e-03   1.894732e-18   6462
  5.945268e+00   1.561595e-16   8.266739e-03   2.123642e-18   5688
  5.970984e+00   1.505485e-16   7.627151e-03   1.858612e-18   6408
  5.998781e+00   1.408920e-16   7.874001e-03   1.816862e-18   6000
  6.027110e+00   1.504685e-16   8.473273e-03   1.943750e-18   6582
  6.055106e+00   1.400460e-16   8.064380e-03   1.700380e-18   6564
  6.081315e+00   1.391514e-16   7.110698e-03   1.811988e-18   6048
  6.108497e+00   1.358575e-16   8.148866e-03   1.660901e-18   6512
  6.136984e+00   1.376757e-16   8.100665e-03   1.622751e-18   6816
  6.164250e+00   1.382200e-16   7.084479e-03   1.877843e-18   6222
  6.189839e+00   1.276718e-16   7.381669e-03   1.586924e-18   6432
  6.217169e+00   1.298102e-16   7.769689e-03   1.570392e-18   6804
  6.244340e+00   1.286270e-16   7.323663e-03   1.629889e-18   6432
  6.270934e+00   1.264377e-16   8.611725e-03   1.582152e-18   6846
  6.297948e+00   1.296377e-16   7.863643e-03   1.626364e-18   6424
  6.323775e+00   1.212838e-16   7.057672e-03   1.440847e-18   6952
  6.352148e+00   1.187080e-16   8.504586e-03   1.382280e-18   7560
  6.380013e+00   1.221519e-16   7.307949e-03   1.511219e-18   6648
  6.408752e+00   1.174077e-16   8.030356e-03   1.345433e-18   7578
  6.434049e+00   1.180220e-16   7.250757e-03   1.470214e-18   6552
  6.461385e+00   1.143367e-16   7.983311e-03   1.364824e-18   7536
  6.489254e+00   1.139239e-16   7.305901e-03   1.336671e-18   7272
  6.516383e+00   1.118197e-16   7.782483e-03   1.387716e-18   6936
  6.542425e+00   1.116215e-16   7.981714e-03   1.328860e-18   7430
  6.570600e+00   1.073142e-16   8.360262e-03   1.256692e-18   7644
  6.596748e+00   1.099679e-16   7.446192e-03   1.317212e-18   7248
  6.625170e+00   1.050724e-16   8.518353e-03   1.155720e-18   8232
  6.652948e+00   1.013649e-16   7.768084e-03   1.343381e-18   7038
  6.679654e+00   1.035670e-16   7.550946e-03   1.156585e-18   7824
  6.705868e+00   1.023781e-16   7.953814e-03   1.161245e-18   7752
  6.732926e+00   9.818133e-17   8.025217e-03   1.167576e-18   7480
  6.761041e+00   9.775495e-17   8.094665e-03   1.105071e-18   8404
  6.788355e+00   1.013040e-16   7.519273e-03   1.202863e-18   7614
  6.814566e+00   9.435032e-17   7.875542e-03   1.087874e-18   7776
  6.840939e+00   9.146608e-17   7.513882e-03   1.028541e-18   7944
  6.868508e+00   9.388757e-17   7.813033e-03   1.003663e-18   8424
  6.895711e+00   8.945722e-17   7.666771e-03   1.034374e-18   7872
  6.923812e+00   9.053200e-17   7.704149e-03   1.040177e-18   8658
  6.950761e+00   8.842447e-17   7.689355e-03   9.572381e-19   8352
  6.978503e+00   8.574115e-17   7.724359e-03   9.201808e-19   8648
  7.004730e+00   8.850970e-17   7.319339e-03   1.011053e-18   7680
  7.032294e+00   8.649325e-17   7.624854e-03   9.792784e-19   8646
  7.057906e+00   8.433033e-17   7.387464e-03   9.458642e-19   8448
  7.086215e+00   8.195772e-17   7.850115e-03   8.849449e-19   9120
  7.113531e+00   8.102738e-17   7.671051e-03   9.000360e-19   8316
  7.141154e+00   8.199173e-17   8.279504e-03   8.582470e-19   9504
  7.168899e+00   8.262411e-17   7.529366e-03   1.213165e-18   8358
  7.196590e+00   7.793576e-17   7.958706e-03   8.103654e-19   9584
  7.223343e+00   7.658822e-17   7.615899e-03   8.329207e-19   8616
  7.250971e+00   7.782682e-17   8.292007e-03   8.034585e-19   9432
  7.279186e+00   7.646556e-17   8.435371e-03   8.581005e-19   9018
  7.304796e+00   7.456330e-17   7.140591e-03   8.295302e-19   8568
  7.331558e+00   7.284012e-17   7.948071e-03   7.391832e-19   9816
  7.359242e+00   7.207523e-17   7.524748e-03   7.569083e-19   9000
  7.386598e+00   7.251639e-17   7.870041e-03   7.267325e-19   9504
  7.413845e+00   7.099390e-17   8.051187e-03   7.937211e-19   9446
  7.440641e+00   7.051571e-17   7.699380e-03   7.209059e-19   9696
  7.468195e+00   6.935582e-17   7.164972e-03   7.347465e-19   9180
  7.495259e+00   6.679578e-17   8.282225e-03   6.688126e-19   10512
  7.522902e+00   6.745553e-17   7.829976e-03   6.970953e-19   9048
  7.550250e+00   6.851805e-17   7.510162e-03   7.230031e-19   10014
  7.575574e+00   6.577338e-17   7.329886e-03   6.938889e-19   9096
  7.603121e+00   6.397098e-17   8.390519e-03   6.066987e-19   11088
  7.632406e+00   6.275099e-17   8.163109e-03   6.304825e-19   9860
  7.659230e+00   6.435971e-17   7.737690e-03   9.314145e-19   10110
  7.686130e+00   6.148846e-17   8.053910e-03   6.205901e-19   10104
  7.713191e+00   6.149526e-17   7.636467e-03   6.183820e-19   10392
  7.740583e+00   6.232348e-17   7.904781e-03   6.205222e-19   10104
  7.768502e+00   6.024137e-17   8.180242e-03   5.640678e-19   11352
  7.796944e+00   6.141009e-17   7.491897e-03   7.400110e-19   10014
  7.822199e+00   5.883648e-17   6.915393e-03   6.220860e-19   9636
  7.848914e+00   5.687365e-17   8.196014e-03   5.282722e-19   11552
  7.877111e+00   5.746936e-17   7.615776e-03   5.750888e-19   10488
  7.904334e+00   5.594975e-17   7.953757e-03   5.653011e-19   10254
  7.930828e+00   5.868495e-17   7.488721e-03   6.191074e-19   11304
  7.958358e+00   5.503634e-17   7.600362e-03   5.243856e-19   10872
  7.985758e+00   5.395256e-17   8.150309e-03   5.169114e-19   10932
  8.012305e+00   5.307814e-17   7.353434e-03   5.166494e-19   10848
  8.039746e+00   5.314878e-17   7.690478e-03   5.743327e-19   10998
  8.066964e+00   5.179714e-17   8.081204e-03   4.786249e-19   11720
  8.094283e+00   5.250817e-17   7.434898e-03   5.054244e-19   10776
  8.121163e+00   5.126927e-17   8.133517e-03   4.641269e-19   12072
  8.149014e+00   5.058030e-17   7.457951e-03   4.842620e-19   10704
  8.175729e+00   5.259628e-17   7.650634e-03   7.809154e-19   11730
  8.203619e+00   4.932365e-17   7.946325e-03   4.554844e-19   12144
  8.230515e+00   4.846616e-17   7.529116e-03   4.557216e-19   11568
  8.258661e+00   4.730462e-17   8.144790e-03   4.343500e-19   11552
  8.283969e+00   4.850050e-17   7.350911e-03   6.140086e-19   10926
  8.311503e+00   4.714054e-17   8.325582e-03   4.264978e-19   13032
  8.338493e+00   4.645548e-17   6.804118e-03   4.525983e-19   10776
  8.365813e+00   4.615671e-17   8.375864e-03   4.006378e-19   13116
  8.393750e+00   4.459646e-17   7.882634e-03   4.021605e-19   12288
  8.421268e+00   4.578020e-17   7.244910e-03   5.067298e-19   11262
  8.447035e+00   4.332974e-17   7.826632e-03   3.773637e-19   12672
  8.474745e+00   4.349130e-17   7.673929e-03   3.958699e-19   12624
  8.502218e+00   4.185193e-17   7.698861e-03   3.850428e-19   12392
  8.529471e+00   4.202883e-17   7.891867e-03   3.875897e-19   12060
  8.557084e+00   4.359403e-17   8.322646e-03   4.528367e-19   13662
  8.583571e+00   4.165401e-17   7.187418e-03   3.967067e-19   11592
  8.611145e+00   4.042052e-17   8.541227e-03   3.454348e-19   13776
  8.638662e+00   3.953836e-17   7.263637e-03   3.591300e-19   12240
  8.666295e+00   4.144543e-17   8.368586e-03   8.047494e-19   13662
  8.692255e+00   3.999284e-17   7.192248e-03   3.748809e-19   11520
  8.720283e+00   3.824062e-17   8.289674e-03   3.147824e-19   15044
  8.747920e+00   3.731849e-17   7.450742e-03   3.343241e-19   12384
  8.775053e+00   3.684208e-17   7.843476e-03   3.234875e-19   13176
  8.801619e+00   3.968528e-17   7.103572e-03   4.989372e-19   12798
  8.829027e+00   3.735628e-17   8.067839e-03   3.137941e-19   14376
  8.855653e+00   3.593899e-17   7.668925e-03   3.241880e-19   12528
  8.883017e+00   3.556104e-17   8.053245e-03   3.013611e-19   14100
  8.909486e+00   3.610135e-17   7.307026e-03   4.230908e-19   12630
  8.936818e+00   3.656598e-17   7.935463e-03   3.399502e-19   14624
  8.963857e+00   3.462905e-17   7.915325e-03   3.050072e-19   13272
  8.991387e+00   3.370922e-17   8.068639e-03   2.828550e-19   14664
  9.019422e+00   3.402438e-17   8.248511e-03   2.819556e-19   14328
  9.046471e+00   3.547917e-17   7.659461e-03   3.869404e-19   13086
  9.073888e+00   3.283478e-17   8.240211e-03   2.637322e-19   15612
  9.101226e+00   3.240815e-17   7.102859e-03   2.827428e-19   13416
  9.127768e+00   3.199801e-17   8.354932e-03   2.710668e-19   14360
  9.155037e+00   3.194835e-17   7.816724e-03   2.641854e-19   14064
  9.182826e+00   3.485103e-17   8.044126e-03   6.923546e-19   15750
  9.210217e+00   3.142139e-17   7.598576e-03   2.773048e-19   13680
  9.237239e+00   3.082423e-17   8.272318e-03   2.507072e-19   15468
  9.264722e+00   2.935792e-17   7.971238e-03   2.381374e-19   14352
  9.291378e+00   3.175112e-17   7.864848e-03   4.129955e-19   14454
  9.318166e+00   3.009956e-17   8.076272e-03   2.551221e-19   15048
  9.345749e+00   2.910457e-17   7.485391e-03   2.388003e-19   15360
  9.372980e+00   2.851388e-17   8.226426e-03   2.304211e-19   15224
  9.400343e+00   2.824598e-17   7.789620e-03   2.310688e-19   15096
  9.427486e+00   3.046273e-17   7.610514e-03   3.923592e-19   14514
  9.453949e+00   2.790402e-17   7.977695e-03   2.195195e-19   16416
  9.481727e+00   2.721508e-17   7.850487e-03   2.197764e-19   15216
  9.510083e+00   2.686890e-17   7.900205e-03   2.128287e-19   16440
  9.537157e+00   2.641560e-17   7.947446e-03   2.160840e-19   14904
  9.563059e+00   2.805842e-17   7.465408e-03   3.006599e-19   15134
  9.590642e+00   2.630875e-17   8.352063e-03   2.055650e-19   16644
  9.618181e+00   2.547659e-17   7.841132e-03   2.024709e-19   16128
  9.645195e+00   2.516641e-17   7.791504e-03   2.024878e-19   15384
  9.671810e+00   2.779427e-17   7.659242e-03   6.372819e-19   15462
  9.699070e+00   2.482515e-17   8.182539e-03   1.918034e-19   17304
  9.726859e+00   2.490340e-17   7.715919e-03   1.979526e-19   16176
  9.754135e+00   2.409920e-17   8.162187e-03   1.885025e-19   16824
  9.782053e+00   2.343506e-17   7.507653e-03   1.876562e-19   15980
  9.808353e+00   2.590913e-17   7.472934e-03   3.440679e-19   16326
  9.834872e+00   2.370545e-17   7.977222e-03   1.840947e-19   16488
  9.862344e+00   2.295630e-17   7.739406e-03   1.778517e-19   16944
  9.889933e+00   2.257247e-17   8.144790e-03   1.723922e-19   17256
  9.916536e+00   2.339350e-17   7.553612e-03   3.274198e-19   15966
  9.944151e+00   2.248780e-17   8.020457e-03   1.944340e-19   17628
  9.971186e+00   2.169539e-17   7.618437e-03   1.664991e-19   17280
  9.998502e+00   2.148982e-17   8.386180e-03   1.659109e-19   17056
  1.002543e+01   2.130882e-17   7.907604e-03   1.631127e-19   17296
  1.005354e+01   2.276293e-17   7.745605e-03   2.403505e-19   17526
  1.008007e+01   2.100770e-17   7.795142e-03   1.610915e-19   17592
  1.010769e+01   2.059346e-17   8.109125e-03   1.539191e-19   17880
  1.013460e+01   2.040074e-17   7.519985e-03   1.551192e-19   17028
  1.016122e+01   2.009407e-17   7.646950e-03   1.537690e-19   17376
  1.018830e+01   2.250707e-17   7.591817e-03   6.592322e-19   18414
  1.021626e+01   1.962211e-17   7.785800e-03   1.473275e-19   17840
  1.024337e+01   1.896791e-17   8.173712e-03   1.381602e-19   18960
  1.027040e+01   1.907322e-17   7.593182e-03   1.470893e-19   16992
  1.029753e+01   2.024484e-17   8.364786e-03   2.967105e-19   18378
  1.032409e+01   1.933910e-17   7.447989e-03   1.528334e-19   18192
  1.035171e+01   1.870516e-17   7.951838e-03   1.385397e-19   19320
  1.037913e+01   1.818447e-17   7.712649e-03   1.359728e-19   17856
  1.040647e+01   1.805924e-17   7.961690e-03   1.321990e-19   19128
  1.043334e+01   1.941003e-17   7.364111e-03   3.096923e-19   18246
  1.046071e+01   1.791627e-17   7.654223e-03   1.332744e-19   19184
  1.048780e+01   1.716257e-17   7.833929e-03   1.241618e-19   18900
  1.051563e+01   1.685170e-17   8.170515e-03   1.205227e-19   19776
  1.054217e+01   1.716798e-17   7.496333e-03   1.371233e-19   17814
  1.056977e+01   1.850917e-17   8.157531e-03   1.951837e-19   19944
  1.059666e+01   1.628397e-17   8.046976e-03   1.190684e-19   19536
  1.062448e+01   1.637547e-17   7.963177e-03   1.148976e-19   20112
  1.065147e+01   1.592200e-17   7.400913e-03   1.194320e-19   18116
  1.067839e+01   1.805271e-17   7.715608e-03   4.710980e-19   19878
  1.070483e+01   1.587715e-17   7.798027e-03   1.150161e-19   19800
  1.073278e+01   1.567865e-17   7.797534e-03   1.103608e-19   20136
  1.076062e+01   1.528461e-17   8.202270e-03   1.057265e-19   20808
  1.078773e+01   1.508676e-17   7.430653e-03   1.115326e-19   19152
  1.081500e+01   1.685530e-17   7.848650e-03   2.410488e-19   20526
  1.084254e+01   1.459829e-17   8.075152e-03   1.026755e-19   20532
  1.086927e+01   1.468340e-17   8.024638e-03   1.047150e-19   20120
  1.089574e+01   1.399338e-17   7.477928e-03   1.008312e-19   19512
  1.092341e+01   1.492673e-17   8.123431e-03   2.314795e-19   21246
  1.095048e+01   1.469810e-17   7.387938e-03   1.117960e-19   20112
  1.097792e+01   1.398890e-17   8.226462e-03   9.382065e-20   22104
  1.100525e+01   1.368652e-17   8.072411e-03   9.906401e-20   19620
  1.103241e+01   1.370923e-17   8.023978e-03   9.399101e-20   21912
  1.105960e+01   1.455582e-17   7.486933e-03   1.738351e-19   20070
  1.108668e+01   1.325316e-17   8.154320e-03   8.978302e-20   22064
  1.111425e+01   1.318021e-17   7.741758e-03   9.126142e-20   21048
  1.114100e+01   1.288197e-17   7.571713e-03   8.827679e-20   21168
  1.116818e+01   1.261648e-17   8.188209e-03   8.676700e-20   21384
  1.119608e+01   1.453531e-17   7.408830e-03   3.989321e-19   22146
  1.122333e+01   1.279163e-17   7.925872e-03   8.703403e-20   22200
  1.125081e+01   1.250622e-17   7.507740e-03   8.568361e-20   21648
  1.127772e+01   1.190960e-17   8.037911e-03   8.205439e-20   21144
  1.130434e+01   1.336539e-17   7.645623e-03   2.120816e-19   21710
  1.133171e+01   1.221995e-17   8.123498e-03   8.257320e-20   23112
  1.135996e+01   1.163630e-17   8.104202e-03   7.805980e-20   23064
  1.138718e+01   1.152181e-17   7.500308e-03   8.023854e-20   21252
  1.141334e+01   1.129660e-17   7.518601e-03   7.682172e-20   22128
  1.144063e+01   1.245375e-17   7.793289e-03   2.040822e-19   22446
  1.146791e+01   1.129403e-17   7.637639e-03   7.638882e-20   22848
  1.149492e+01   1.100802e-17   7.647428e-03   7.289495e-20   23208
  1.152254e+01   1.085243e-17   7.871234e-03   7.266119e-20   22536
  1.154973e+01   1.116968e-17   7.982308e-03   1.135480e-19   22586
  1.157685e+01   1.109569e-17   8.138974e-03   9.871382e-20   24096
  1.160413e+01   1.054519e-17   7.636529e-03   7.110889e-20   22440
  1.163106e+01   1.030236e-17   8.321846e-03   6.711972e-20   23400
  1.165801e+01   1.045774e-17   7.559642e-03   6.875845e-20   23232
  1.168584e+01   1.155160e-17   7.960320e-03   3.395507e-19   23886
  1.171266e+01   1.039302e-17   7.654565e-03   6.923063e-20   23376
  1.173984e+01   9.878096e-18   7.723174e-03   6.394225e-20   23540
  1.176669e+01   9.728916e-18   7.660842e-03   6.261497e-20   24240
  1.179458e+01   9.651046e-18   8.060547e-03   6.313408e-20   23952
  1.182201e+01   1.088554e-17   7.540797e-03   1.850464e-19   24006
  1.184951e+01   9.422993e-18   8.459673e-03   6.050029e-20   25560
  1.187610e+01   9.080477e-18   7.500748e-03   6.080799e-20   22728
  1.190276e+01   9.252696e-18   7.559737e-03   6.086210e-20   23556
  1.192978e+01   9.626177e-18   7.888923e-03   1.670947e-19   25398
  1.195717e+01   9.441145e-18   7.728869e-03   6.794369e-20   24088
  1.198446e+01   8.965642e-18   8.045541e-03   5.698489e-20   25696
  1.201181e+01   8.732540e-18   7.556007e-03   5.738096e-20   24144
  1.203893e+01   8.460923e-18   8.075482e-03   5.368901e-20   25560
  1.206623e+01   9.411202e-18   7.449229e-03   1.158270e-19   24246
  1.209362e+01   8.559200e-18   7.909137e-03   5.411260e-20   26292
  1.212094e+01   8.359792e-18   7.800766e-03   5.339225e-20   25200
  1.214813e+01   8.228732e-18   8.124144e-03   5.220945e-20   25296
  1.217472e+01   8.047760e-18   7.419097e-03   5.233076e-20   24192
  1.220300e+01   9.071155e-18   8.192669e-03   2.494094e-19   28646
  1.223055e+01   7.948188e-18   7.533346e-03   5.111285e-20   24552
  1.225757e+01   7.862166e-18   7.897298e-03   5.016215e-20   25788
  1.228397e+01   7.650758e-18   7.455900e-03   4.852168e-20   25272
  1.231128e+01   8.604729e-18   8.068486e-03   1.502965e-19   26118
  1.233803e+01   7.711647e-18   7.897735e-03   4.998126e-20   26016
  1.236603e+01   7.447734e-18   7.978952e-03   4.520223e-20   27792
  1.239286e+01   7.184219e-18   7.826029e-03   4.578328e-20   25072
  1.241991e+01   7.310037e-18   8.106413e-03   4.484725e-20   26824
  1.244701e+01   8.108456e-18   7.401394e-03   1.580627e-19   26106
  1.247458e+01   7.114744e-18   8.145321e-03   4.354998e-20   28296
  1.250188e+01   7.144290e-18   7.836743e-03   4.448886e-20   26640
  1.252911e+01   6.858507e-18   7.461142e-03   4.302678e-20   26064
  1.255607e+01   7.294327e-18   8.185574e-03   1.013326e-19   27822
  1.258286e+01   7.029990e-18   7.607358e-03   4.708983e-20   26160
  1.261000e+01   6.780624e-18   8.365536e-03   4.152580e-20   28108
  1.263740e+01   6.654159e-18   7.995452e-03   3.978055e-20   27664
  1.266458e+01   6.445835e-18   7.953365e-03   3.944342e-20   27600
  1.269222e+01   7.214601e-18   7.970525e-03   1.901444e-19   27510
  1.271950e+01   6.431418e-18   7.887204e-03   3.859817e-20   28848
  1.274666e+01   6.325806e-18   7.810242e-03   3.837318e-20   27744
  1.277393e+01   6.233380e-18   7.609477e-03   3.746810e-20   27888
  1.280105e+01   6.069170e-18   7.736113e-03   3.705352e-20   27780
  1.282823e+01   6.923782e-18   7.793625e-03   1.093420e-19   28734
  1.285511e+01   6.043634e-18   8.047931e-03   3.709899e-20   28232
  1.288264e+01   5.918750e-18   8.002290e-03   3.549635e-20   29016
  1.290954e+01   5.778358e-18   7.906426e-03   3.530988e-20   28056
  1.293662e+01   6.235885e-18   7.672960e-03   1.147829e-19   28710
  1.296395e+01   5.846572e-18   8.105050e-03   3.575158e-20   29220
  1.299233e+01   5.640760e-18   8.291089e-03   3.218870e-20   31584
  1.301920e+01   5.532540e-18   7.642995e-03   3.445826e-20   26904
  1.304540e+01   5.520547e-18   7.428699e-03   3.308445e-20   28512
  1.307329e+01   5.949182e-18   8.001980e-03   9.421387e-20   30878
  1.310095e+01   5.440145e-18   8.036454e-03   3.187286e-20   30408
  1.312802e+01   5.289421e-18   7.762877e-03   3.152100e-20   28632
  1.315463e+01   5.150540e-18   7.470498e-03   3.097348e-20   28764
  1.318150e+01   5.483922e-18   8.311291e-03   1.251459e-19   30630
  1.320912e+01   5.446533e-18   7.695248e-03   4.211741e-20   30240
  1.323680e+01   5.096485e-18   7.884066e-03   2.960876e-20   31008
  1.326377e+01   4.970786e-18   7.551388e-03   3.008355e-20   29240
  1.329026e+01   4.916752e-18   7.706355e-03   2.896242e-20   30000
  1.331789e+01   5.530181e-18   8.157153e-03   9.481892e-20   30978
  1.334510e+01   4.889023e-18   7.690285e-03   2.899538e-20   30696
  1.337220e+01   4.750130e-18   8.060659e-03   2.735103e-20   31320
  1.339896e+01   4.701019e-18   7.533254e-03   2.782624e-20   29280
  1.342610e+01   4.614055e-18   8.055551e-03   2.656848e-20   31488
  1.345323e+01   5.041680e-18   7.562777e-03   8.431976e-20   31326
  1.348064e+01   4.650011e-18   8.120115e-03   2.697189e-20   31480
  1.350831e+01   4.398935e-18   7.877139e-03   2.493843e-20   32572
  1.353590e+01   4.388473e-18   7.881897e-03   2.518212e-20   31296
  1.356270e+01   4.679421e-18   7.664789e-03   9.696687e-20   30798
  1.359005e+01   4.397739e-18   8.159575e-03   2.636009e-20   32256
  1.361689e+01   4.253242e-18   7.881374e-03   2.431297e-20   32088
  1.364377e+01   4.210979e-18   7.799879e-03   2.435818e-20   30936
  1.367098e+01   4.153217e-18   8.109317e-03   2.349558e-20   33036
  1.369872e+01   4.459498e-18   7.851684e-03   8.158280e-20   31846
  1.372573e+01   4.156817e-18   8.003616e-03   2.330987e-20   33832
  1.375286e+01   4.015886e-18   7.413783e-03   2.328398e-20   30912
  1.377976e+01   3.924279e-18   7.774727e-03   2.214259e-20   32976
  1.380680e+01   3.896403e-18   7.671272e-03   2.182258e-20   32712
  1.383439e+01   4.280104e-18   7.755671e-03   6.130206e-20   33438
  1.386158e+01   3.920148e-18   7.807846e-03   2.235223e-20   32556
  1.388806e+01   3.771598e-18   7.738876e-03   2.126315e-20   33144
  1.391538e+01   3.730300e-18   7.655117e-03   2.125309e-20   33504
  1.394342e+01   3.962426e-18   7.926094e-03   5.958631e-20   33542
  1.397001e+01   3.641672e-18   7.808871e-03   2.041319e-20   33768
  1.399757e+01   3.619574e-18   7.912526e-03   2.012013e-20   34368
  1.402447e+01   3.591417e-18   7.518816e-03   2.019117e-20   32856
  1.405193e+01   3.455753e-18   7.775107e-03   1.898330e-20   34524
  1.407887e+01   3.781809e-18   7.384353e-03   7.924944e-20   33510
  1.410655e+01   3.437157e-18   8.264068e-03   1.849319e-20   35856
  1.413390e+01   3.413554e-18   7.831227e-03   1.896441e-20   33888
  1.416075e+01   3.308720e-18   7.673983e-03   1.864091e-20   33752
  1.418755e+01   3.452668e-18   8.069879e-03   4.638396e-20   34902
  1.421572e+01   3.408097e-18   7.894675e-03   2.012072e-20   35484
  1.424315e+01   3.262341e-18   8.126639e-03   1.790752e-20   36648
  1.427028e+01   3.247030e-18   7.515501e-03   1.849279e-20   33000
  1.429708e+01   3.136648e-18   8.125824e-03   1.738022e-20   35520
  1.432477e+01   3.343696e-18   7.936889e-03   4.329597e-20   36078
  1.435172e+01   3.124674e-18   7.768902e-03   1.733895e-20   34992
  1.437863e+01   3.064387e-18   7.687091e-03   1.699618e-20   35072
  1.440611e+01   3.011998e-18   8.060535e-03   1.619979e-20   36876
  1.443267e+01   2.942286e-18   7.453511e-03   1.653631e-20   33216
  1.445993e+01   3.123795e-18   8.258645e-03   3.474598e-20   38382
  1.448787e+01   2.912132e-18   7.746200e-03   1.592810e-20   36072
  1.451534e+01   2.862075e-18   7.757548e-03   1.538173e-20   37464
  1.454219e+01   2.848282e-18   7.456450e-03   1.622441e-20   34416
  1.456954e+01   2.946675e-18   8.171327e-03   5.783162e-20   37386
  1.459668e+01   2.832831e-18   7.801753e-03   1.541337e-20   37040
  1.462373e+01   2.760476e-18   7.595453e-03   1.539064e-20   36240
  1.465060e+01   2.687038e-18   8.102888e-03   1.481017e-20   36432
  1.467786e+01   2.658821e-18   7.650183e-03   1.433297e-20   37560
  1.470522e+01   2.774550e-18   7.927755e-03   2.394097e-20   37350
  1.473307e+01   2.589196e-18   8.104599e-03   1.407331e-20   38616
  1.476009e+01   2.579290e-18   7.639249e-03   1.427445e-20   37092
  1.478727e+01   2.501945e-18   7.346346e-03   1.357441e-20   37272
  1.481439e+01   2.489410e-18   8.088013e-03   1.365191e-20   37616
  1.484184e+01   2.651733e-18   7.832836e-03   2.534954e-20   38478
  1.486887e+01   2.490930e-18   7.959091e-03   1.355534e-20   37992
  1.489585e+01   2.425218e-18   7.804576e-03   1.332480e-20   38232
  1.492288e+01   2.342984e-18   7.649051e-03   1.291456e-20   36708
  1.494999e+01   2.462880e-18   8.006500e-03   2.201862e-20   39534
  1.497738e+01   2.367557e-18   8.022282e-03   1.291502e-20   39336
  1.500458e+01   2.318007e-18   7.717538e-03   1.305892e-20   37624
  1.503181e+01   2.274995e-18   7.896681e-03   1.215161e-20   40408
  1.505926e+01   2.235656e-18   7.553116e-03   1.217098e-20   38256
  1.508658e+01   2.330920e-18   7.716403e-03   3.230948e-20   39438
  1.511414e+01   2.217912e-18   7.962382e-03   1.189341e-20   40524
  1.514097e+01   2.147921e-18   7.517496e-03   1.182536e-20   38448
  1.516801e+01   2.131443e-18   7.911917e-03   1.170573e-20   39312
  1.519496e+01   2.149323e-18   7.563444e-03   1.584765e-20   38718
  1.522202e+01   2.103515e-18   8.070284e-03   1.176631e-20   40872
  1.524923e+01   2.066800e-18   7.663331e-03   1.147642e-20   40088
  1.527685e+01   2.037886e-18   8.168221e-03   1.106986e-20   40644
  1.530411e+01   1.984355e-18   7.664673e-03   1.082940e-20   40176
  1.533152e+01   2.066301e-18   8.126489e-03   1.617419e-20   40998
  1.535825e+01   1.960601e-18   7.452355e-03   1.094639e-20   39192
  1.538541e+01   1.979700e-18   7.868752e-03   1.074121e-20   41640
  1.541273e+01   1.887571e-18   7.892683e-03   1.048782e-20   41400
  1.543963e+01   1.876859e-18   7.768161e-03   1.041973e-20   38640
  1.546698e+01   1.909285e-18   7.971305e-03   1.246427e-20   43658
  1.549433e+01   1.842458e-18   7.666205e-03   1.036715e-20   40608
  1.552141e+01   1.774666e-18   7.825958e-03   9.587261e-21   41880
  1.554905e+01   1.766482e-18   7.735921e-03   9.598967e-21   41712
  1.557668e+01   1.775767e-18   8.075656e-03   1.226970e-20   42942
  1.560371e+01   1.750596e-18   7.671656e-03   1.019130e-20   40896
  1.563082e+01   1.696241e-18   7.903980e-03   9.363337e-21   42708
  1.565771e+01   1.684336e-18   7.480893e-03   9.700399e-21   40968
  1.568503e+01   1.610109e-18   8.127717e-03   8.767276e-21   43496
  1.571229e+01   1.672432e-18   7.780603e-03   1.084085e-20   41454
  1.573957e+01   1.639998e-18   8.036206e-03   9.378685e-21   43704
  1.576601e+01   1.567401e-18   7.405465e-03   9.010018e-21   41208
  1.579343e+01   1.533912e-18   8.125647e-03   8.751468e-21   43944
  1.582111e+01   1.491908e-18   7.840814e-03   9.191084e-21   43218
  1.584856e+01   1.535129e-18   7.868243e-03   9.164802e-21   44136
  1.587537e+01   1.480635e-18   7.751371e-03   8.493973e-21   42304
  1.590241e+01   1.435795e-18   7.874080e-03   8.179934e-21   43096
  1.592904e+01   1.400644e-18   7.705036e-03   8.056642e-21   43464
  1.595683e+01   1.402997e-18   8.034740e-03   8.846140e-21   44382
  1.598402e+01   1.382125e-18   8.026125e-03   8.071595e-21   44316
  1.601141e+01   1.323789e-18   7.914523e-03   7.520411e-21   44592
  1.603847e+01   1.303492e-18   7.744714e-03   7.773463e-21   44328
  1.606589e+01   1.263158e-18   7.618529e-03   7.235698e-21   43560
  1.609305e+01   1.253767e-18   7.854011e-03   7.386807e-21   44763
  1.612010e+01   1.224647e-18   7.874634e-03   7.213693e-21   44216
  1.614733e+01   1.190729e-18   8.023742e-03   6.829679e-21   45144
  1.617476e+01   1.159382e-18   7.626489e-03   6.821024e-21   42876
  1.620177e+01   1.102029e-18   8.312753e-03   6.363049e-21   46164
  1.622883e+01   1.089552e-18   7.631177e-03   6.394249e-21   42360
  1.625642e+01   1.068029e-18   8.035741e-03   6.228173e-21   45324
  1.628339e+01   1.029261e-18   7.996711e-03   6.028772e-21   43320
  1.631053e+01   1.010159e-18   8.058377e-03   5.668720e-21   44580
  1.633834e+01   9.559505e-19   8.049076e-03   5.186833e-21   44468
  1.636560e+01   9.441528e-19   7.656882e-03   5.342065e-21   43416
  1.639205e+01   9.314420e-19   7.602523e-03   5.320934e-21   42264
  1.641942e+01   9.005344e-19   7.985984e-03   4.836807e-21   44580
  1.644684e+01   8.741221e-19   8.106687e-03   4.800926e-21   43824
  1.647414e+01   8.440288e-19   7.618783e-03   4.576275e-21   43392
  1.650112e+01   8.278939e-19   7.767469e-03   4.604673e-21   43296
  1.652862e+01   8.048283e-19   7.476507e-03   4.438358e-21   42656
  1.655543e+01   7.823184e-19   7.984671e-03   4.207001e-21   43728
  1.658295e+01   7.746361e-19   8.051188e-03   4.222452e-21   43536
  1.661015e+01   7.447323e-19   8.012929e-03   4.045493e-21   42180
  1.663736e+01   7.333893e-19   7.758982e-03   3.957295e-21   44136
  1.666469e+01   7.103311e-19   7.818720e-03   3.842438e-21   42372
  1.669168e+01   6.907859e-19   7.642141e-03   3.849499e-21   41604
  1.671865e+01   6.739411e-19   8.052166e-03   3.503957e-21   43440
  1.674591e+01   6.611691e-19   8.058315e-03   3.510784e-21   42488
  1.677280e+01   6.541839e-19   7.737331e-03   3.465049e-21   41496
  1.680037e+01   6.271235e-19   8.076487e-03   3.231276e-21   44112
  1.682781e+01   6.209712e-19   7.701796e-03   3.341672e-21   41688
  1.685478e+01   6.093681e-19   8.023099e-03   3.218811e-21   42276
  1.688185e+01   5.922343e-19   7.738403e-03   3.143972e-21   41172
  1.690910e+01   5.810427e-19   8.113510e-03   3.027882e-21   43536
  1.693648e+01   5.612921e-19   7.552546e-03   3.009128e-21   41496
  1.696357e+01   5.479965e-19   8.013565e-03   2.962231e-21   40764
  1.699059e+01   5.401728e-19   7.863299e-03   2.803867e-21   43220
  1.701801e+01   5.271773e-19   7.793558e-03   2.803237e-21   41076
  1.704520e+01   5.181184e-19   7.789489e-03   2.726825e-21   41532
  1.707253e+01   5.061772e-19   7.930746e-03   2.651188e-21   41928
  1.709962e+01   4.925345e-19   7.591923e-03   2.577630e-21   41412
  1.712669e+01   4.870045e-19   7.901140e-03   2.629740e-21   40032
  1.715360e+01   4.752460e-19   7.836003e-03   2.450231e-21   41880
  1.718066e+01   4.595672e-19   7.797889e-03   2.444708e-21   40264
  1.720807e+01   4.595242e-19   7.984761e-03   2.368183e-21   42592
  1.723555e+01   4.423559e-19   7.659679e-03   2.324444e-21   39588
  1.726269e+01   4.309102e-19   7.919285e-03   2.183961e-21   42180
  1.728964e+01   4.317867e-19   7.640645e-03   2.349679e-21   39240
  1.731672e+01   4.229278e-19   8.019988e-03   2.189708e-21   40920
  1.734417e+01   4.078056e-19   7.916149e-03   2.080214e-21   41184
  1.737148e+01   4.032484e-19   7.841651e-03   2.091086e-21   40872
  1.739851e+01   3.926603e-19   7.458870e-03   2.066887e-21   38748
  1.742584e+01   3.907871e-19   7.938970e-03   2.019531e-21   41420
  1.745277e+01   3.857284e-19   7.786899e-03   2.048821e-21   39816
  1.748015e+01   3.781442e-19   7.806853e-03   2.033045e-21   39792
  1.750718e+01   3.649763e-19   7.458008e-03   1.908872e-21   39816
  1.753482e+01   3.578428e-19   8.060540e-03   1.850569e-21   41064
  1.756204e+01   3.504982e-19   7.732612e-03   1.856681e-21   39204
  1.758962e+01   3.450386e-19   8.159762e-03   1.813087e-21   40080
  1.761611e+01   3.351909e-19   7.539970e-03   1.758563e-21   38332
  1.764336e+01   3.299762e-19   7.869497e-03   1.750404e-21   39952
  1.767051e+01   3.263914e-19   7.861463e-03   1.732515e-21   39000
  1.769834e+01   3.156060e-19   8.073005e-03   1.628828e-21   40356
  1.772549e+01   3.140894e-19   7.920672e-03   1.637264e-21   39300
  1.775258e+01   3.036000e-19   7.814872e-03   1.639324e-21   37452
  1.777947e+01   3.042156e-19   7.748812e-03   1.607644e-21   39732
  1.780715e+01   2.982741e-19   7.788125e-03   1.571526e-21   39312
  1.783409e+01   2.930790e-19   7.919824e-03   1.565587e-21   37632
  1.786117e+01   2.831894e-19   7.786981e-03   1.483676e-21   38420
  1.788837e+01   2.840911e-19   8.047977e-03   1.489159e-21   39564
  1.791566e+01   2.802415e-19   7.744200e-03   1.509840e-21   37236
  1.794258e+01   2.748084e-19   7.829241e-03   1.484473e-21   38100
  1.796962e+01   2.642618e-19   7.697474e-03   1.419308e-21   38208
  1.799720e+01   2.603956e-19   8.010746e-03   1.371834e-21   39072
  1.802423e+01   2.546917e-19   7.404299e-03   1.363932e-21   36192
  1.805146e+01   2.496518e-19   8.004549e-03   1.319717e-21   38928
  1.807900e+01   2.448818e-19   7.952762e-03   1.290071e-21   38768
  1.810691e+01   2.480727e-19   7.814175e-03   1.326927e-21   37596
  1.813420e+01   2.393450e-19   7.779491e-03   1.289912e-21   37296
  1.816097e+01   2.360854e-19   7.786782e-03   1.284555e-21   36948
  1.818788e+01   2.335616e-19   7.986715e-03   1.273592e-21   37248
  1.821573e+01   2.264910e-19   7.887193e-03   1.220148e-21   37152
  1.824246e+01   2.238928e-19   7.873757e-03   1.185935e-21   37512
  1.826977e+01   2.193987e-19   7.537578e-03   1.196280e-21   35876
  1.829687e+01   2.150406e-19   8.032760e-03   1.172800e-21   36936
  1.832440e+01   2.145643e-19   8.002739e-03   1.141320e-21   38028
  1.835174e+01   2.090513e-19   7.614568e-03   1.145805e-21   35592
  1.837843e+01   2.084371e-19   7.556684e-03   1.116632e-21   35508
  1.840544e+01   2.044243e-19   7.836142e-03   1.100680e-21   36492
  1.843306e+01   1.991522e-19   8.083782e-03   1.069742e-21   37608
  1.846041e+01   1.995894e-19   7.976399e-03   1.104040e-21   34848
  1.848695e+01   1.936377e-19   7.480817e-03   1.081846e-21   35220
  1.851428e+01   1.897315e-19   7.804135e-03   1.019068e-21   36884
  1.854159e+01   1.876976e-19   7.745105e-03   1.027544e-21   35412
  1.856929e+01   1.847477e-19   8.019441e-03   1.021537e-21   35652
  1.859625e+01   1.796883e-19   8.017579e-03   9.768655e-22   36072
  1.862327e+01   1.791292e-19   7.726812e-03   1.000035e-21   34368
  1.865060e+01   1.765571e-19   7.826948e-03   9.628759e-22   35484
  1.867793e+01   1.726267e-19   7.747795e-03   9.546348e-22   35256
  1.870471e+01   1.703521e-19   8.064976e-03   9.568201e-22   34476
  1.873205e+01   1.678180e-19   7.912430e-03   9.240180e-22   34916
  1.875917e+01   1.620138e-19   7.802546e-03   8.992991e-22   34596
  1.878631e+01   1.636714e-19   7.632431e-03   8.956472e-22   34656
  1.881357e+01   1.615400e-19   7.906329e-03   8.983161e-22   34596
  1.884100e+01   1.592851e-19   7.670020e-03   8.788676e-22   33984
  1.886781e+01   1.537128e-19   7.830568e-03   8.639130e-22   34080
  1.889482e+01   1.552542e-19   7.864407e-03   8.608928e-22   34140
  1.892243e+01   1.514688e-19   8.122722e-03   8.459597e-22   33804
  1.894976e+01   1.482450e-19   7.807553e-03   8.194338e-22   35096
  1.897724e+01   1.452878e-19   7.740540e-03   8.162534e-22   33108
  1.900394e+01   1.459062e-19   7.700076e-03   8.361897e-22   32280
  1.903103e+01   1.427302e-19   7.838582e-03   7.851606e-22   34404
  1.905859e+01   1.401577e-19   7.998694e-03   7.836721e-22   34248
  1.908625e+01   1.383269e-19   7.494894e-03   7.966021e-22   32016
  1.911337e+01   1.358428e-19   7.911289e-03   7.554709e-22   34344
  1.914071e+01   1.331997e-19   7.607033e-03   7.726293e-22   32024
  1.916710e+01   1.332348e-19   7.885123e-03   7.796034e-22   31908
  1.919452e+01   1.320345e-19   7.901719e-03   7.421574e-22   33192
  1.922202e+01   1.291561e-19   8.187143e-03   7.325090e-22   33288
  1.924897e+01   1.275405e-19   7.454749e-03   7.483111e-22   31356
  1.927629e+01   1.237237e-19   8.068575e-03   7.079984e-22   32496
  1.930347e+01   1.228274e-19   7.669020e-03   7.145637e-22   31944
  1.933001e+01   1.223270e-19   7.874782e-03   7.054136e-22   31512
  1.935714e+01   1.206476e-19   7.643415e-03   7.056865e-22   31156
  1.938495e+01   1.169708e-19   8.053610e-03   6.527383e-22   33352
  1.941220e+01   1.165697e-19   7.811603e-03   6.735389e-22   31344
  1.943973e+01   1.143106e-19   8.088155e-03   6.621527e-22   31068
  1.946682e+01   1.134087e-19   7.977135e-03   6.536898e-22   31752
  1.949347e+01   1.098697e-19   7.363577e-03   6.547555e-22   29868
  1.952079e+01   1.117323e-19   8.091554e-03   6.354393e-22   32052
  1.954831e+01   1.100981e-19   7.677592e-03   6.524353e-22   30012
  1.957519e+01   1.062701e-19   8.055322e-03   6.183257e-22   31520
  1.960283e+01   1.056812e-19   7.875748e-03   6.241605e-22   30648
  1.962965e+01   1.052422e-19   7.768696e-03   6.314068e-22   29304
  1.965690e+01   1.020360e-19   7.702418e-03   5.948804e-22   31140
  1.968467e+01   1.011917e-19   8.205576e-03   5.845567e-22   31320
  1.971193e+01   1.016065e-19   7.744015e-03   6.311127e-22   28356
  1.973877e+01   9.673160e-20   7.915676e-03   5.647867e-22   30288
  1.976553e+01   9.685838e-20   7.866880e-03   5.844782e-22   29472
  1.979244e+01   9.703114e-20   7.776599e-03   5.890008e-22   28716
  1.982023e+01   9.397964e-20   7.717551e-03   5.534547e-22   30740
  1.984769e+01   9.280307e-20   7.871304e-03   5.544641e-22   29304
  1.987461e+01   9.079443e-20   7.839449e-03   5.385511e-22   28476
  1.990201e+01   9.065008e-20   7.940535e-03   5.426867e-22   29304
  1.992924e+01   9.053489e-20   7.931260e-03   5.489038e-22   29280
  1.995681e+01   8.796648e-20   7.910453e-03   5.269206e-22   29100
  1.998425e+01   8.641159e-20   7.754981e-03   5.342925e-22   27816
  2.001064e+01   8.727962e-20   7.789785e-03   5.441090e-22   27692
  2.003790e+01   8.398416e-20   8.099960e-03   5.000983e-22   29724
  2.006569e+01   8.431154e-20   7.720825e-03   5.330336e-22   27240
  2.009257e+01   8.324127e-20   7.504098e-03   5.215908e-22   27588
  2.011947e+01   8.088784e-20   7.809040e-03   4.889651e-22   28560
  2.014697e+01   8.055737e-20   7.908926e-03   5.156460e-22   26952
  2.017419e+01   8.085206e-20   7.918326e-03   5.009938e-22   27516
  2.020131e+01   7.904715e-20   8.001754e-03   4.778606e-22   28344
  2.022880e+01   7.765849e-20   7.881374e-03   4.864007e-22   26196
  2.025536e+01   7.630878e-20   7.707843e-03   4.827864e-22   26360
  2.028260e+01   7.675960e-20   7.968328e-03   4.649623e-22   28152
  2.031008e+01   7.536904e-20   7.705922e-03   4.879638e-22   25896
  2.033701e+01   7.418676e-20   7.889711e-03   4.708742e-22   26592
  2.036431e+01   7.291133e-20   7.553857e-03   4.609962e-22   26568
  2.039181e+01   7.275984e-20   7.993400e-03   4.626127e-22   26832
  2.041857e+01   7.142001e-20   7.579371e-03   4.610062e-22   24972
  2.044633e+01   6.988810e-20   7.991756e-03   4.387840e-22   27000
  2.047334e+01   6.961593e-20   7.662250e-03   4.524413e-22   25448
  2.050028e+01   6.907171e-20   7.921955e-03   4.416055e-22   25476
  2.052794e+01   6.812528e-20   7.765527e-03   4.434869e-22   25152
  2.055466e+01   6.698849e-20   7.960898e-03   4.317040e-22   25968
  2.058220e+01   6.685210e-20   7.925318e-03   4.328227e-22   25320
  2.060968e+01   6.584845e-20   7.486690e-03   4.512408e-22   23796
  2.063597e+01   6.570983e-20   7.857982e-03   4.222852e-22   25500
  2.066331e+01   6.502655e-20   7.830690e-03   4.222302e-22   24420
  2.069103e+01   6.311173e-20   8.105288e-03   4.124420e-22   24656
  2.071777e+01   6.301086e-20   7.679386e-03   4.200438e-22   24036
  2.074491e+01   6.143276e-20   7.941852e-03   4.030299e-22   24528
  2.077187e+01   6.096186e-20   7.672231e-03   4.162634e-22   23004
  2.079910e+01   6.096750e-20   7.878852e-03   4.006804e-22   24576
  2.082647e+01   5.885046e-20   7.525706e-03   3.909670e-22   23736
  2.085380e+01   5.922756e-20   7.995853e-03   4.023423e-22   23712
  2.088131e+01   5.882056e-20   7.763525e-03   4.100132e-22   22992
  2.090840e+01   5.792282e-20   7.709879e-03   3.849384e-22   23984
  2.093548e+01   5.707820e-20   7.701015e-03   3.922700e-22   22344
  2.096270e+01   5.715914e-20   7.814535e-03   3.943092e-22   22536
  2.098976e+01   5.652341e-20   7.734348e-03   3.806889e-22   23268
  2.101677e+01   5.492327e-20   7.943257e-03   3.791804e-22   22152
  2.104400e+01   5.419849e-20   7.843558e-03   3.804685e-22   22068
  2.107191e+01   5.379790e-20   8.054520e-03   3.599231e-22   23664
  2.109883e+01   5.281507e-20   7.480070e-03   3.853191e-22   20640
  2.112570e+01   5.330548e-20   7.938442e-03   3.653701e-22   22376
  2.115343e+01   5.303289e-20   7.807393e-03   3.787036e-22   21444
  2.118016e+01   5.186424e-20   8.090082e-03   3.612441e-22   21576
  2.120735e+01   5.128652e-20   8.020716e-03   3.646153e-22   21660
  2.123530e+01   5.047530e-20   8.110439e-03   3.527678e-22   20916
  2.126231e+01   5.005195e-20   7.955295e-03   3.633134e-22   21504
  2.128916e+01   4.887829e-20   7.581308e-03   3.528299e-22   20508
  2.131667e+01   4.892290e-20   8.100472e-03   3.602276e-22   20036
  2.134369e+01   4.917780e-20   7.839478e-03   3.568705e-22   21276
  2.137104e+01   4.736339e-20   7.761018e-03   3.476689e-22   20652
  2.139834e+01   4.529845e-20   7.723249e-03   3.435152e-22   18696
  2.142558e+01   4.637064e-20   8.083660e-03   3.317761e-22   21504
  2.145287e+01   4.631579e-20   7.559924e-03   3.466537e-22   19284
  2.148009e+01   4.545064e-20   8.152926e-03   3.432358e-22   19356
  2.150716e+01   4.552749e-20   7.704747e-03   3.434190e-22   19236
  2.153397e+01   4.495773e-20   7.855474e-03   3.373621e-22   19476
  2.156136e+01   4.366080e-20   8.174267e-03   3.354390e-22   19184
  2.158918e+01   4.333462e-20   7.919111e-03   3.355758e-22   18852
  2.161627e+01   4.404896e-20   7.666005e-03   3.378548e-22   18876
  2.164286e+01   4.277007e-20   7.969235e-03   3.320848e-22   18336
  2.167039e+01   4.212861e-20   7.996407e-03   3.338332e-22   17820
  2.169807e+01   4.308861e-20   8.070725e-03   3.286232e-22   19392
  2.172492e+01   4.041783e-20   7.991408e-03   3.175652e-22   17616
  2.175159e+01   4.063194e-20   7.523195e-03   3.356596e-22   16320
  2.177930e+01   4.142937e-20   8.147723e-03   3.244334e-22   19292
  2.180620e+01   4.058931e-20   7.805053e-03   3.369899e-22   17112
  2.183426e+01   3.917886e-20   7.910587e-03   3.147541e-22   17388
  2.186163e+01   4.029629e-20   7.406044e-03   3.318709e-22   16692
  2.188744e+01   3.958924e-20   7.834176e-03   3.256532e-22   16956
  2.191562e+01   3.792638e-20   7.901521e-03   3.095898e-22   17040
  2.194315e+01   3.873446e-20   7.818664e-03   3.296070e-22   16092
  2.196931e+01   3.900919e-20   7.765588e-03   3.370066e-22   16380
  2.199714e+01   3.767590e-20   7.982102e-03   3.253323e-22   16688
  2.202443e+01   3.642334e-20   7.984779e-03   3.170925e-22   14940
  2.205121e+01   3.683667e-20   8.028740e-03   3.129383e-22   16668
  2.207897e+01   3.558577e-20   7.840129e-03   3.073277e-22   15804
  2.210591e+01   3.501624e-20   7.785654e-03   3.151057e-22   14280
  2.213311e+01   3.709601e-20   7.664432e-03   3.201950e-22   16068
  2.216027e+01   3.494539e-20   7.811361e-03   3.135411e-22   15048
  2.218728e+01   3.508617e-20   7.960916e-03   3.298348e-22   13940
  2.221435e+01   3.492695e-20   7.608541e-03   3.157016e-22   15072
  2.224148e+01   3.379690e-20   8.111188e-03   3.045021e-22   14808
  2.226834e+01   3.257873e-20   7.531402e-03   3.061833e-22   13200
  2.229597e+01   3.303624e-20   7.978123e-03   3.015454e-22   15156
  2.232362e+01   3.404919e-20   7.780063e-03   3.218918e-22   13788
  2.235075e+01   3.169198e-20   7.667664e-03   3.024443e-22   13608
  2.237787e+01   3.165576e-20   7.309729e-03   3.008517e-22   13224
  2.240490e+01   3.234962e-20   7.880989e-03   3.154677e-22   13320
  2.243177e+01   3.070693e-20   7.770921e-03   2.972891e-22   13220
  2.245943e+01   3.017457e-20   7.854231e-03   2.935544e-22   12984
  2.248722e+01   3.167802e-20   7.949992e-03   3.218003e-22   12780
  2.251346e+01   2.944804e-20   7.524108e-03   2.977490e-22   12360
  2.254113e+01   2.841013e-20   7.915992e-03   2.724943e-22   12480
  2.256873e+01   2.939319e-20   7.688920e-03   3.021636e-22   11892
  2.259507e+01   2.911904e-20   7.971977e-03   2.873604e-22   12192
  2.262265e+01   2.785890e-20   7.815371e-03   2.870535e-22   11328
  2.265008e+01   2.723421e-20   8.287652e-03   2.829688e-22   12020
  2.267688e+01   2.808420e-20   7.619741e-03   3.080993e-22   11052
  2.270474e+01   2.684156e-20   8.094529e-03   2.699455e-22   11304
  2.273085e+01   2.592663e-20   7.448122e-03   2.853693e-22   10368
  2.275755e+01   2.647189e-20   7.750489e-03   2.853324e-22   10899
  2.278573e+01   2.548519e-20   7.770104e-03   2.696692e-22   10752
  2.281248e+01   2.502104e-20   7.798996e-03   2.642758e-22   10446
  2.284006e+01   2.493206e-20   7.675986e-03   2.660785e-22   10092
  2.286738e+01   2.399531e-20   7.777671e-03   2.669048e-22   10220
  2.289377e+01   2.410191e-20   7.617781e-03   2.661834e-22   9636
  2.292187e+01   2.398128e-20   7.836775e-03   2.553011e-22   10020
  2.294942e+01   2.332221e-20   8.141935e-03   2.487393e-22   9906
  2.297609e+01   2.270215e-20   7.552194e-03   2.625468e-22   8940
  2.300374e+01   2.217277e-20   7.658760e-03   2.331878e-22   9558
  2.303075e+01   2.210106e-20   8.340455e-03   2.460411e-22   9180
  2.305748e+01   2.254381e-20   7.984707e-03   2.623284e-22   8674
  2.308544e+01   2.124551e-20   7.936927e-03   2.322973e-22   9454
  2.311244e+01   2.172131e-20   8.157429e-03   2.447464e-22   8316
  2.313927e+01   2.151858e-20   8.044596e-03   2.497983e-22   8622
  2.316729e+01   2.078232e-20   7.987844e-03   2.343443e-22   9006
  2.319409e+01   2.086720e-20   8.051411e-03   2.560568e-22   7698
  2.322094e+01   2.061059e-20   7.725335e-03   2.456296e-22   8406
  2.324898e+01   2.022888e-20   8.243382e-03   2.354776e-22   8646
  2.327567e+01   1.908239e-20   7.832776e-03   2.422211e-22   7014
  2.330241e+01   1.922982e-20   7.786203e-03   2.249509e-22   8510
  2.333084e+01   1.930071e-20   8.206177e-03   2.299112e-22   7890
  2.335752e+01   1.961709e-20   7.872033e-03   2.436212e-22   6966
  2.338382e+01   1.877179e-20   7.524577e-03   2.246276e-22   7902
  2.341187e+01   1.873779e-20   8.206647e-03   2.368367e-22   7278
  2.343914e+01   1.809190e-20   8.061902e-03   2.280589e-22   7338
  2.346598e+01   1.845861e-20   7.466958e-03   2.265679e-22   7254
  2.349349e+01   1.827333e-20   8.041931e-03   2.404465e-22   6678
  2.352016e+01   1.750992e-20   8.034352e-03   2.131409e-22   7286
  2.354846e+01   1.819874e-20   7.948593e-03   2.313427e-22   7200
  2.357656e+01   1.739675e-20   7.715007e-03   2.283884e-22   6234
  2.360147e+01   1.667733e-20   7.732755e-03   2.141430e-22   6630
  2.362968e+01   1.730029e-20   7.973696e-03   2.197712e-22   6822
  2.365766e+01   1.616476e-20   7.511861e-03   2.132932e-22   6078
  2.368315e+01   1.602129e-20   7.985650e-03   2.043560e-22   6528
  2.371136e+01   1.675489e-20   7.632002e-03   2.303461e-22   6034
  2.373836e+01   1.538107e-20   7.815536e-03   2.104740e-22   6190
  2.376518e+01   1.615634e-20   8.029546e-03   2.102307e-22   6270
  2.379352e+01   1.586003e-20   7.221014e-03   2.211101e-22   5520
  2.381945e+01   1.506834e-20   8.084792e-03   2.028650e-22   6126
  2.384659e+01   1.591943e-20   7.559933e-03   2.269921e-22   5562
  2.387506e+01   1.569966e-20   7.559401e-03   2.152397e-22   5790
  2.390087e+01   1.479395e-20   7.739398e-03   2.065182e-22   5496
  2.392823e+01   1.545910e-20   7.795319e-03   2.298918e-22   5262
  2.395608e+01   1.478604e-20   7.677429e-03   1.996803e-22   5774
  2.398271e+01   1.413806e-20   7.605630e-03   2.076177e-22   5124
  2.401077e+01   1.421817e-20   7.629279e-03   2.072459e-22   5070
  2.403716e+01   1.396749e-20   7.941706e-03   1.994186e-22   5430
  2.406413e+01   1.456386e-20   7.418331e-03   2.113958e-22   4680
  2.409270e+01   1.399211e-20   7.682912e-03   1.989232e-22   5370
  2.411895e+01   1.326892e-20   7.340081e-03   2.040950e-22   4638
  2.414568e+01   1.384616e-20   7.716026e-03   2.087694e-22   4536
  2.417357e+01   1.355634e-20   7.726385e-03   1.947510e-22   5222
  2.420035e+01   1.281047e-20   7.090155e-03   1.999447e-22   4254
  2.422780e+01   1.289627e-20   7.815564e-03   1.996814e-22   4548
  2.425432e+01   1.249353e-20   7.579482e-03   1.895931e-22   4638
  2.428140e+01   1.334182e-20   7.483101e-03   2.077880e-22   4176
  2.430949e+01   1.273137e-20   7.509019e-03   2.023275e-22   4518
  2.433617e+01   1.258900e-20   7.565687e-03   2.006291e-22   4278
  2.436274e+01   1.290636e-20   7.320142e-03   2.105527e-22   3732
  2.438997e+01   1.207273e-20   7.733266e-03   1.743695e-22   4502
  2.441740e+01   1.204302e-20   7.517350e-03   1.996901e-22   3984
  2.444510e+01   1.230816e-20   7.787847e-03   2.089953e-22   3726
  2.447087e+01   1.210075e-20   7.506460e-03   1.966178e-22   4014
  2.449802e+01   1.180384e-20   7.871904e-03   1.994769e-22   3756
  2.452699e+01   1.161328e-20   7.900562e-03   1.933459e-22   3894
  2.455330e+01   1.138427e-20   7.731015e-03   1.885397e-22   3744
  2.457984e+01   1.141155e-20   7.859115e-03   2.096901e-22   3174
  2.460752e+01   1.134222e-20   8.044173e-03   1.917630e-22   3968
  2.463495e+01   1.123731e-20   8.111977e-03   2.036003e-22   3522
  2.466361e+01   1.123362e-20   8.331476e-03   2.037290e-22   3198
  2.468960e+01   1.068043e-20   8.160722e-03   1.742627e-22   3648
  2.471673e+01   1.119980e-20   8.295663e-03   1.976859e-22   3054
  2.474531e+01   1.093348e-20   7.802164e-03   1.917273e-22   3312
  2.477133e+01   1.093739e-20   8.241859e-03   1.982944e-22   3354
  2.479887e+01   1.057758e-20   8.150052e-03   2.183006e-22   2624
  2.482582e+01   1.032974e-20   7.951149e-03   1.819603e-22   3462
  2.485324e+01   1.097956e-20   8.293836e-03   2.079707e-22   2976
  2.488216e+01   1.042898e-20   7.851233e-03   2.007867e-22   2670
  2.490725e+01   1.039580e-20   8.172809e-03   1.758975e-22   3186
  2.493414e+01   1.017599e-20   7.634891e-03   2.137023e-22   2376
  2.496277e+01   9.976355e-21   8.048462e-03   1.822822e-22   3102
  2.498920e+01   1.004529e-20   7.878239e-03   1.972465e-22   2688
  2.501669e+01   1.009159e-20   8.219146e-03   2.166703e-22   2286
  2.504363e+01   9.903771e-21   7.927897e-03   1.875405e-22   3020
  2.507087e+01   9.647933e-21   7.551293e-03   2.042147e-22   2310
  2.509979e+01   1.007252e-20   8.345324e-03   2.008265e-22   2544
  2.512556e+01   9.368078e-21   7.780395e-03   1.933371e-22   2526
  2.515251e+01   9.591528e-21   7.990277e-03   2.044135e-22   2112
  2.518075e+01   9.526580e-21   7.678919e-03   1.919658e-22   2538
  2.520745e+01   9.276649e-21   7.988717e-03   1.966709e-22   2304
  2.523462e+01   9.889396e-21   7.882303e-03   2.291218e-22   1902
  2.526098e+01   9.196988e-21   7.530128e-03   1.858421e-22   2408
  2.528828e+01   9.431759e-21   7.943273e-03   1.977498e-22   2094
  2.531734e+01   9.131345e-21   8.093111e-03   2.000187e-22   2028
  2.534285e+01   8.516762e-21   7.676617e-03   1.868000e-22   2094
  2.536993e+01   9.486066e-21   8.374792e-03   2.191832e-22   1920
  2.539868e+01   9.334626e-21   7.060880e-03   2.191249e-22   1926
  2.542499e+01   9.031742e-21   8.241772e-03   1.959025e-22   2088
  2.545174e+01   8.809344e-21   7.229896e-03   2.358787e-22   1434
  2.547863e+01   9.020930e-21   7.644346e-03   2.022471e-22   2048
  2.550528e+01   8.952416e-21   7.622193e-03   2.070644e-22   1758
  2.553461e+01   8.315344e-21   8.409251e-03   2.027484e-22   1584
  2.556148e+01   9.049061e-21   8.331443e-03   2.061289e-22   1998
  2.558869e+01   8.655990e-21   7.588551e-03   2.307882e-22   1428
  2.561718e+01   8.484964e-21   6.351940e-03   2.377185e-22   1488
  2.564207e+01   8.639985e-21   8.091724e-03   1.980657e-22   1806
  2.566834e+01   8.750421e-21   7.366434e-03   2.640185e-22   1040
  2.569640e+01   7.910914e-21   7.718660e-03   1.927332e-22   1782
  2.572208e+01   8.459267e-21   7.296767e-03   2.296475e-22   1428
  2.575279e+01   8.431066e-21   8.761453e-03   2.394032e-22   1206
  2.577877e+01   8.641522e-21   8.140073e-03   2.236332e-22   1728
  2.580495e+01   8.678033e-21   7.628696e-03   2.937647e-22   1038
  2.583514e+01   8.346164e-21   6.189728e-03   2.355773e-22   1248
  2.585899e+01   8.507520e-21   7.893923e-03   2.034156e-22   1530
  2.588517e+01   8.734683e-21   7.235058e-03   3.171208e-22   656
  2.591442e+01   7.815230e-21   8.111352e-03   1.993741e-22   1662
  2.593913e+01   7.591180e-21   6.715149e-03   2.484414e-22   1008
  2.597172e+01   7.905262e-21   8.916900e-03   2.462722e-22   960
  2.599619e+01   7.653645e-21   7.667610e-03   1.968478e-22   1458
  2.602176e+01   7.822541e-21   7.576318e-03   2.897746e-22   672
  2.605313e+01   8.144645e-21   5.938027e-03   2.433350e-22   1062
  2.607533e+01   8.224141e-21   7.703272e-03   2.244282e-22   1224
  2.610192e+01   7.774229e-21   6.728834e-03   4.170999e-22   374
  2.613189e+01   7.614177e-21   8.088036e-03   1.974996e-22   1512
  2.615613e+01   8.243834e-21   6.777684e-03   3.158224e-22   666
  2.619082e+01   7.745553e-21   8.286559e-03   3.068863e-22   720
  2.621257e+01   7.639356e-21   7.420738e-03   2.170471e-22   1224
  2.623931e+01   8.598626e-21   7.377122e-03   4.156597e-22   390
  2.627131e+01   7.216354e-21   5.485178e-03   2.410295e-22   936
  2.629167e+01   7.666881e-21   7.826288e-03   2.406522e-22   882
  2.632074e+01   7.062344e-21   7.641458e-03   3.844965e-22   216
  2.634900e+01   7.766309e-21   7.587347e-03   2.212434e-22   1286
  2.637295e+01   7.850395e-21   6.338203e-03   3.977596e-22   384
  2.640957e+01   7.325329e-21   7.979226e-03   2.956575e-22   576
  2.642852e+01   7.631048e-21   7.151571e-03   2.533201e-22   930
  2.645565e+01   8.007035e-21   7.025337e-03   4.319067e-22   216
  2.649025e+01   6.951634e-21   5.639356e-03   2.323369e-22   918
  2.651019e+01   7.555298e-21   7.595740e-03   3.585779e-22   480
  2.653721e+01   7.278901e-21   6.400332e-03   5.687635e-22   78
  2.656526e+01   7.510462e-21   6.918403e-03   2.197148e-22   1052
  2.659116e+01   7.186556e-21   8.055672e-03   4.337928e-22   240
  2.663081e+01   6.877346e-21   2.941168e-03   3.182181e-22   438
  2.664436e+01   7.802648e-21   6.804857e-03   2.975299e-22   648
  2.666962e+01   6.476707e-21   5.618433e-03   6.373371e-22   78
  2.670728e+01   6.716381e-21   4.902201e-03   2.354209e-22   780
  2.672622e+01   8.385877e-21   6.840274e-03   5.310886e-22   240
  2.674955e+01   5.584880e-21   0.000000e+00   4.506385e-22   6
  2.678099e+01   7.275118e-21   6.266110e-03   2.494838e-22   824
  2.680374e+01   7.320725e-21   4.844192e-03   9.215631e-22   78
  2.684861e+01   6.950299e-21   2.532737e-03   3.722441e-22   432
  2.686032e+01   7.074161e-21   6.125575e-03   3.688041e-22   348
  2.688264e+01   7.510196e-21   0.000000e+00   2.655963e-21   6
  2.692341e+01   7.110086e-21   4.330580e-03   2.841862e-22   600
  2.693953e+01   7.922573e-21   4.077791e-03   9.022145e-22   78
  2.699635e+01   6.817280e-21   5.360574e-03   2.672504e-22   572
  2.701740e+01   7.538113e-21   0.000000e+00   2.143274e-21   6
  2.706595e+01   6.502205e-21   2.516850e-03   3.134272e-22   384
  2.707567e+01   6.483289e-21   3.741025e-03   6.640402e-22   102
  2.713929e+01   6.693572e-21   3.679793e-03   3.664836e-22   396
  2.715383e+01   3.811831e-21   0.000000e+00   1.344311e-21   6
  2.721112e+01   5.919310e-21   3.329304e-03   3.074676e-22   326
  2.728263e+01   6.607074e-21   2.315142e-03   3.846486e-22   252
  2.729189e+01   1.275873e-20   0.000000e+00   5.468281e-21   6
  2.735467e+01   7.047235e-21   2.106672e-03   5.792178e-22   198
  2.742659e+01   8.237860e-21   1.607428e-03   6.811872e-22   146
  2.749861e+01   5.793294e-21   1.179854e-03   7.371161e-22   102
  2.757072e+01   6.655619e-21   8.199682e-04   9.140949e-22   66
  2.764293e+01   5.849493e-21   5.207611e-04   9.287449e-22   38
  2.771523e+01   6.846397e-21   2.685925e-04   1.159757e-21   18
  2.778760e+01   1.628409e-20   0.000000e+00   5.860452e-21   6
