# power spectrum of phi
# redshift z=0.894649
# k              Pk             sigma(k)       sigma(Pk)      count
  1.256637e-01   3.434186e-11   0.000000e+00   1.381312e-11   6
  1.777153e-01   8.887464e-12   0.000000e+00   1.839413e-12   12
  2.176559e-01   3.917972e-12   2.384186e-09   1.034620e-12   8
  2.513274e-01   1.015823e-11   0.000000e+00   1.568027e-12   6
  2.809926e-01   5.664777e-12   4.495664e-09   1.673160e-12   24
  3.078120e-01   6.445282e-12   4.495664e-09   1.325030e-12   24
  3.708310e-01   2.071366e-12   9.740034e-03   2.015421e-13   42
  3.973835e-01   2.020295e-12   0.000000e+00   2.924635e-13   24
  4.167794e-01   2.521798e-12   7.786718e-09   5.404856e-13   24
  4.486432e-01   1.208006e-12   7.696839e-03   2.355763e-13   32
  4.701905e-01   1.451975e-12   0.000000e+00   2.859675e-13   48
  5.026548e-01   4.286773e-13   0.000000e+00   1.451162e-13   6
  5.245624e-01   1.025224e-12   7.433575e-03   1.115606e-13   84
  5.548703e-01   1.063398e-12   7.114891e-03   1.463100e-13   48
  5.803806e-01   9.505010e-13   6.388277e-03   1.113642e-13   72
  6.156239e-01   7.112799e-13   8.991328e-09   1.083060e-13   24
  6.371019e-01   6.280179e-13   5.669664e-03   6.094557e-14   102
  6.694115e-01   5.883229e-13   1.096246e-02   5.756058e-14   104
  6.882885e-01   4.256655e-13   0.000000e+00   7.179482e-14   48
  7.254833e-01   4.616713e-13   7.274260e-03   4.174522e-14   108
  7.474926e-01   5.872729e-13   5.130540e-03   5.538793e-14   78
  7.720780e-01   4.979118e-13   4.442982e-03   5.504441e-14   96
  8.060166e-01   3.060204e-13   6.261981e-03   2.298610e-14   168
  8.373048e-01   4.101702e-13   7.572942e-03   3.120038e-14   120
  8.522927e-01   3.453328e-13   0.000000e+00   5.396919e-14   48
  8.875381e-01   3.274399e-13   7.331812e-03   1.993206e-14   194
  9.180568e-01   3.128256e-13   5.998724e-03   2.382741e-14   192
  9.445606e-01   3.108207e-13   4.179554e-03   2.618140e-14   96
  9.631875e-01   2.524590e-13   3.557186e-03   2.561304e-14   96
  9.867076e-01   2.487892e-13   5.247590e-03   1.729175e-14   174
  1.018302e+00   2.471847e-13   5.162719e-03   1.557146e-14   216
  1.043827e+00   2.379929e-13   5.348761e-03   1.941512e-14   192
  1.076680e+00   2.290280e-13   5.670253e-03   1.553562e-14   204
  1.099851e+00   1.941221e-13   7.765578e-03   1.219585e-14   224
  1.131927e+00   1.986714e-13   4.383724e-03   1.378195e-14   174
  1.156826e+00   2.115358e-13   8.426920e-03   1.149400e-14   288
  1.187720e+00   1.615567e-13   4.148414e-03   9.507939e-15   288
  1.211830e+00   1.633783e-13   8.001468e-03   1.111545e-14   192
  1.243389e+00   1.676118e-13   5.855465e-03   9.004273e-15   252
  1.263357e+00   1.301613e-13   3.489272e-03   9.567946e-15   246
  1.290480e+00   1.349775e-13   6.620985e-03   8.310180e-15   312
  1.314676e+00   1.316771e-13   4.277300e-03   8.139080e-15   248
  1.347888e+00   1.302153e-13   9.048203e-03   6.736762e-15   432
  1.374643e+00   1.168828e-13   7.577672e-03   9.263753e-15   198
  1.401083e+00   1.307217e-13   9.164834e-03   6.351158e-15   456
  1.431960e+00   1.111490e-13   5.348273e-03   6.363991e-15   324
  1.453813e+00   1.127416e-13   6.331779e-03   5.811181e-15   312
  1.480905e+00   1.059669e-13   7.942383e-03   5.641518e-15   408
  1.514610e+00   1.022220e-13   7.334839e-03   4.929761e-15   414
  1.537790e+00   1.138578e-13   6.347030e-03   6.422147e-15   392
  1.561513e+00   1.012526e-13   7.151225e-03   5.052932e-15   408
  1.592735e+00   1.026601e-13   7.590585e-03   4.427449e-15   444
  1.616449e+00   9.438090e-14   6.136314e-03   4.511447e-15   360
  1.646728e+00   9.157449e-14   8.422264e-03   3.363667e-15   678
  1.678751e+00   9.130548e-14   5.398523e-03   4.932708e-15   360
  1.703361e+00   7.708445e-14   8.890407e-03   3.221374e-15   648
  1.726824e+00   8.510819e-14   4.108984e-03   5.484223e-15   288
  1.756709e+00   7.677775e-14   7.655141e-03   2.641369e-15   686
  1.784813e+00   8.315157e-14   5.691443e-03   3.774738e-15   444
  1.810226e+00   7.272570e-14   7.904944e-03   2.744486e-15   696
  1.835505e+00   6.623270e-14   7.510099e-03   3.257450e-15   408
  1.862936e+00   6.409628e-14   7.770126e-03   2.272000e-15   648
  1.891496e+00   6.271031e-14   6.803125e-03   2.538664e-15   582
  1.916959e+00   5.779850e-14   8.515206e-03   1.897092e-15   744
  1.945057e+00   6.095698e-14   8.500719e-03   2.865596e-15   516
  1.970941e+00   5.417856e-14   8.226327e-03   2.072969e-15   728
  1.994838e+00   6.348467e-14   6.815975e-03   2.481799e-15   558
  2.023696e+00   5.446957e-14   6.871155e-03   1.960752e-15   768
  2.054980e+00   5.155396e-14   7.965130e-03   1.640512e-15   960
  2.082310e+00   5.076059e-14   5.572193e-03   2.204208e-15   576
  2.108582e+00   5.081842e-14   9.044734e-03   1.819188e-15   816
  2.136871e+00   4.797041e-14   6.978079e-03   2.084655e-15   666
  2.161711e+00   5.200482e-14   8.183322e-03   1.690779e-15   960
  2.191392e+00   4.777182e-14   8.070536e-03   1.561591e-15   824
  2.220193e+00   4.257602e-14   8.887079e-03   1.506308e-15   936
  2.246715e+00   4.343619e-14   6.609093e-03   1.677049e-15   624
  2.271144e+00   4.324147e-14   7.780512e-03   1.333487e-15   1062
  2.299501e+00   4.352512e-14   8.475658e-03   1.639509e-15   732
  2.324371e+00   4.126011e-14   7.354282e-03   1.282981e-15   1080
  2.354037e+00   4.235341e-14   8.017672e-03   1.320839e-15   936
  2.380866e+00   4.092768e-14   8.659951e-03   1.431556e-15   878
  2.409130e+00   3.681081e-14   8.776125e-03   9.980912e-16   1152
  2.435374e+00   3.718213e-14   6.783314e-03   1.143884e-15   1056
  2.463284e+00   3.460031e-14   8.011817e-03   1.216559e-15   864
  2.488211e+00   3.641008e-14   7.826085e-03   1.124871e-15   1092
  2.518008e+00   3.456099e-14   8.267655e-03   1.001590e-15   1206
  2.546391e+00   3.280453e-14   8.390069e-03   8.987797e-16   1248
  2.572607e+00   3.330599e-14   5.685746e-03   1.218430e-15   864
  2.595945e+00   3.276089e-14   5.903210e-03   1.020288e-15   1152
  2.626371e+00   3.279080e-14   8.788222e-03   9.574664e-16   1382
  2.656067e+00   3.151085e-14   7.832257e-03   9.045234e-16   1188
  2.682071e+00   2.965478e-14   8.299276e-03   8.098272e-16   1248
  2.706625e+00   3.127015e-14   7.872659e-03   9.548302e-16   1152
  2.733569e+00   3.073564e-14   8.645592e-03   8.744224e-16   1320
  2.763459e+00   2.751110e-14   5.730139e-03   7.228581e-16   1206
  2.788258e+00   2.815089e-14   8.325116e-03   6.865644e-16   1560
  2.817720e+00   2.689289e-14   7.749790e-03   7.715408e-16   1280
  2.842925e+00   2.550465e-14   7.802600e-03   7.081259e-16   1308
  2.870501e+00   2.738617e-14   7.830643e-03   7.219559e-16   1512
  2.897970e+00   2.568551e-14   6.388887e-03   6.849478e-16   1350
  2.926276e+00   2.629637e-14   8.441243e-03   6.512525e-16   1608
  2.950474e+00   2.451635e-14   7.259334e-03   6.987792e-16   1320
  2.978655e+00   2.351337e-14   8.744730e-03   5.787982e-16   1656
  3.004023e+00   2.487879e-14   6.874825e-03   6.802942e-16   1254
  3.033365e+00   2.464654e-14   7.846352e-03   5.359313e-16   1932
  3.061022e+00   2.314939e-14   7.045997e-03   5.641753e-16   1640
  3.088272e+00   2.147216e-14   7.314215e-03   5.352788e-16   1488
  3.113972e+00   2.211781e-14   7.070473e-03   5.316580e-16   1560
  3.143202e+00   2.094998e-14   8.492431e-03   4.492091e-16   2046
  3.170335e+00   2.147171e-14   7.617690e-03   5.471460e-16   1512
  3.196616e+00   2.044832e-14   7.580823e-03   4.578688e-16   1764
  3.222826e+00   2.006567e-14   7.558355e-03   4.642216e-16   1776
  3.249873e+00   1.935034e-14   9.086057e-03   4.538392e-16   1704
  3.278891e+00   1.920166e-14   8.897943e-03   4.014434e-16   2126
  3.305023e+00   1.831061e-14   6.181224e-03   4.436517e-16   1632
  3.331250e+00   1.801767e-14   8.234420e-03   3.989221e-16   2064
  3.357691e+00   1.848757e-14   6.789507e-03   4.569858e-16   1680
  3.386462e+00   1.761324e-14   7.615683e-03   3.870788e-16   2154
  3.413240e+00   1.761829e-14   7.709258e-03   3.955868e-16   2016
  3.442077e+00   1.715964e-14   8.463485e-03   3.603973e-16   2304
  3.468500e+00   1.682915e-14   6.738046e-03   4.201805e-16   1680
  3.495952e+00   1.618126e-14   7.805829e-03   3.321291e-16   2432
  3.523471e+00   1.609856e-14   7.691556e-03   3.718788e-16   1902
  3.550783e+00   1.535544e-14   7.909477e-03   3.377986e-16   2292
  3.575143e+00   1.465863e-14   6.264893e-03   3.351138e-16   1992
  3.604046e+00   1.454735e-14   8.030731e-03   2.820294e-16   2568
  3.631839e+00   1.466556e-14   7.011475e-03   3.446007e-16   1806
  3.659925e+00   1.399568e-14   8.624447e-03   2.633781e-16   3000
  3.688362e+00   1.433434e-14   7.847969e-03   3.111811e-16   2016
  3.712101e+00   1.354041e-14   7.325540e-03   2.778464e-16   2168
  3.739165e+00   1.370366e-14   7.480367e-03   2.798826e-16   2412
  3.767457e+00   1.333899e-14   8.182348e-03   2.569677e-16   2550
  3.794682e+00   1.363490e-14   8.123551e-03   2.812656e-16   2592
  3.823097e+00   1.274168e-14   7.483746e-03   2.565855e-16   2496
  3.850113e+00   1.217748e-14   8.278837e-03   2.335006e-16   2688
  3.877062e+00   1.252684e-14   7.151929e-03   2.553502e-16   2424
  3.905465e+00   1.239696e-14   6.562733e-03   2.423108e-16   2634
  3.931062e+00   1.179080e-14   7.872296e-03   2.331458e-16   2552
  3.956564e+00   1.192161e-14   8.258892e-03   2.222350e-16   2832
  3.984868e+00   1.169840e-14   7.843060e-03   2.336230e-16   2424
  4.012777e+00   1.099050e-14   8.700050e-03   1.906895e-16   3198
  4.038905e+00   1.167829e-14   6.944850e-03   2.308746e-16   2400
  4.066601e+00   1.078947e-14   7.988621e-03   1.923138e-16   3336
  4.095222e+00   1.077214e-14   6.723909e-03   2.129680e-16   2508
  4.120369e+00   9.999393e-15   8.104033e-03   1.756606e-16   3104
  4.149775e+00   1.067734e-14   8.153375e-03   1.898595e-16   2934
  4.176274e+00   1.039319e-14   7.495795e-03   1.812395e-16   3120
  4.205010e+00   9.794689e-15   8.363076e-03   1.687522e-16   3288
  4.231486e+00   9.651457e-15   7.040454e-03   1.762044e-16   2808
  4.258671e+00   9.408235e-15   8.835744e-03   1.709449e-16   2988
  4.286036e+00   8.923668e-15   8.089119e-03   1.486594e-16   3486
  4.312540e+00   9.421206e-15   7.656977e-03   1.705373e-16   3000
  4.338131e+00   8.928089e-15   6.660522e-03   1.699982e-16   3024
  4.366804e+00   8.614125e-15   7.334581e-03   1.397628e-16   3584
  4.395565e+00   8.493268e-15   7.857248e-03   1.451341e-16   3486
  4.422393e+00   8.833895e-15   7.076269e-03   1.526234e-16   3120
  4.448626e+00   8.389073e-15   6.987605e-03   1.407796e-16   3396
  4.475108e+00   8.560002e-15   7.983171e-03   1.409774e-16   3552
  4.503379e+00   8.213339e-15   7.682827e-03   1.429792e-16   3384
  4.531323e+00   7.661790e-15   7.821891e-03   1.260203e-16   3726
  4.557931e+00   8.012548e-15   7.580401e-03   1.364049e-16   3344
  4.583208e+00   7.288415e-15   7.789164e-03   1.164494e-16   3744
  4.612116e+00   7.493461e-15   7.582253e-03   1.324547e-16   3540
  4.639216e+00   7.389583e-15   8.049190e-03   1.225386e-16   3822
  4.667652e+00   7.486141e-15   7.902499e-03   1.195596e-16   4056
  4.693533e+00   7.075060e-15   7.262531e-03   1.243306e-16   3288
  4.720670e+00   7.056301e-15   8.388767e-03   1.066195e-16   4056
  4.747313e+00   6.806904e-15   7.684216e-03   1.060509e-16   3984
  4.776480e+00   7.028454e-15   7.065076e-03   1.146147e-16   3662
  4.801185e+00   6.790858e-15   7.708878e-03   1.118747e-16   3828
  4.829054e+00   6.514669e-15   8.714957e-03   9.736618e-17   4632
  4.856839e+00   6.288784e-15   6.728047e-03   1.065594e-16   3600
  4.884615e+00   6.530525e-15   7.988589e-03   9.904148e-17   4320
  4.910897e+00   6.169488e-15   6.267555e-03   9.930102e-17   3918
  4.937429e+00   6.051289e-15   7.211341e-03   9.196755e-17   4200
  4.964105e+00   5.822324e-15   8.183364e-03   9.010535e-17   4188
  4.991760e+00   6.261478e-15   8.311430e-03   9.132448e-17   4360
  5.019842e+00   5.954014e-15   8.310798e-03   8.898897e-17   4582
  5.046995e+00   5.865499e-15   7.387468e-03   9.293470e-17   4128
  5.074602e+00   5.798401e-15   7.936081e-03   8.515015e-17   4752
  5.100601e+00   5.728563e-15   7.305558e-03   8.390577e-17   4176
  5.128877e+00   5.615183e-15   8.400425e-03   8.269339e-17   4848
  5.157185e+00   5.449839e-15   7.298735e-03   8.277195e-17   4338
  5.183856e+00   5.245453e-15   7.965872e-03   7.291648e-17   5160
  5.210226e+00   5.132135e-15   6.457992e-03   8.269237e-17   4008
  5.238833e+00   5.064922e-15   8.537210e-03   6.717939e-17   5360
  5.265161e+00   4.822820e-15   7.941083e-03   7.652829e-17   4110
  5.292550e+00   4.891023e-15   8.507677e-03   6.696458e-17   5424
  5.318664e+00   5.019655e-15   7.274607e-03   7.625459e-17   4140
  5.346136e+00   4.832313e-15   8.127882e-03   6.428876e-17   5664
  5.374330e+00   4.704587e-15   7.064267e-03   6.994008e-17   4632
  5.401180e+00   4.649710e-15   7.451175e-03   6.652004e-17   4902
  5.427773e+00   4.539744e-15   7.962424e-03   6.356170e-17   5072
  5.454995e+00   4.306064e-15   7.508267e-03   5.778865e-17   5472
  5.481937e+00   4.357067e-15   7.630507e-03   6.045819e-17   4704
  5.509580e+00   4.512300e-15   8.381869e-03   6.093189e-17   5436
  5.537725e+00   4.300230e-15   7.980641e-03   5.753826e-17   5646
  5.563320e+00   4.206416e-15   7.141000e-03   6.245029e-17   4512
  5.590561e+00   4.098302e-15   9.120803e-03   5.095371e-17   6120
  5.618647e+00   4.091672e-15   7.056346e-03   5.595374e-17   5112
  5.645654e+00   3.971513e-15   8.338893e-03   5.408555e-17   5606
  5.672833e+00   4.013156e-15   7.771360e-03   5.368311e-17   5328
  5.699944e+00   3.737235e-15   7.829763e-03   4.825915e-17   5964
  5.727177e+00   3.762755e-15   7.952358e-03   5.109163e-17   5448
  5.754787e+00   3.766817e-15   8.143528e-03   4.781165e-17   5904
  5.783001e+00   3.773064e-15   8.002897e-03   5.022029e-17   5598
  5.809029e+00   3.703771e-15   7.509546e-03   4.736029e-17   5952
  5.835933e+00   3.621211e-15   8.215632e-03   4.916050e-17   5688
  5.863154e+00   3.513635e-15   7.877564e-03   4.606912e-17   5876
  5.889819e+00   3.373924e-15   7.683367e-03   4.431384e-17   5784
  5.917504e+00   3.333594e-15   7.664503e-03   4.211053e-17   6462
  5.945268e+00   3.255761e-15   8.266739e-03   4.267646e-17   5688
  5.970984e+00   3.244326e-15   7.627151e-03   3.988666e-17   6408
  5.998781e+00   3.217129e-15   7.874001e-03   4.187290e-17   6000
  6.027110e+00   3.289179e-15   8.473273e-03   3.913159e-17   6582
  6.055106e+00   3.058893e-15   8.064380e-03   3.868419e-17   6564
  6.081315e+00   3.130712e-15   7.110698e-03   4.111255e-17   6048
  6.108497e+00   3.008740e-15   8.148866e-03   3.653683e-17   6512
  6.136984e+00   2.954274e-15   8.100665e-03   3.592323e-17   6816
  6.164250e+00   2.908849e-15   7.084479e-03   3.636673e-17   6222
  6.189839e+00   2.912015e-15   7.381669e-03   3.598066e-17   6432
  6.217169e+00   2.829960e-15   7.769689e-03   3.560988e-17   6804
  6.244340e+00   2.608500e-15   7.323663e-03   3.325531e-17   6432
  6.270934e+00   2.735064e-15   8.611725e-03   3.378763e-17   6846
  6.297948e+00   2.658884e-15   7.863643e-03   3.318636e-17   6424
  6.323775e+00   2.639356e-15   7.057672e-03   3.132505e-17   6952
  6.352148e+00   2.721291e-15   8.504586e-03   3.095831e-17   7560
  6.380013e+00   2.590456e-15   7.307949e-03   3.192096e-17   6648
  6.408752e+00   2.543605e-15   8.030356e-03   2.942248e-17   7578
  6.434049e+00   2.517457e-15   7.250757e-03   3.184848e-17   6552
  6.461385e+00   2.474273e-15   7.983311e-03   2.804504e-17   7536
  6.489254e+00   2.437240e-15   7.305901e-03   2.873137e-17   7272
  6.516383e+00   2.411870e-15   7.782483e-03   2.880657e-17   6936
  6.542425e+00   2.431330e-15   7.981714e-03   2.769303e-17   7430
  6.570600e+00   2.358612e-15   8.360262e-03   2.691817e-17   7644
  6.596748e+00   2.310051e-15   7.446192e-03   2.708945e-17   7248
  6.625170e+00   2.270303e-15   8.518353e-03   2.478337e-17   8232
  6.652948e+00   2.261338e-15   7.768084e-03   2.671680e-17   7038
  6.679654e+00   2.203034e-15   7.550946e-03   2.444739e-17   7824
  6.705868e+00   2.152843e-15   7.953814e-03   2.489367e-17   7752
  6.732926e+00   2.157342e-15   8.025217e-03   2.535497e-17   7480
  6.761041e+00   2.065551e-15   8.094665e-03   2.214795e-17   8404
  6.788355e+00   2.085288e-15   7.519273e-03   2.421544e-17   7614
  6.814566e+00   2.052617e-15   7.875542e-03   2.297004e-17   7776
  6.840939e+00   2.004693e-15   7.513882e-03   2.291471e-17   7944
  6.868508e+00   2.030715e-15   7.813033e-03   2.221961e-17   8424
  6.895711e+00   1.952370e-15   7.666771e-03   2.229618e-17   7872
  6.923812e+00   1.944822e-15   7.704149e-03   2.099135e-17   8658
  6.950761e+00   1.907114e-15   7.689355e-03   2.121993e-17   8352
  6.978503e+00   1.915565e-15   7.724359e-03   2.009919e-17   8648
  7.004730e+00   1.847010e-15   7.319339e-03   2.141929e-17   7680
  7.032294e+00   1.794338e-15   7.624854e-03   1.919528e-17   8646
  7.057906e+00   1.770467e-15   7.387464e-03   1.941379e-17   8448
  7.086215e+00   1.799183e-15   7.850115e-03   1.889207e-17   9120
  7.113531e+00   1.736699e-15   7.671051e-03   1.917345e-17   8316
  7.141154e+00   1.729143e-15   8.279504e-03   1.816803e-17   9504
  7.168899e+00   1.731357e-15   7.529366e-03   1.883946e-17   8358
  7.196590e+00   1.706498e-15   7.958706e-03   1.812692e-17   9584
  7.223343e+00   1.670047e-15   7.615899e-03   1.809697e-17   8616
  7.250971e+00   1.645427e-15   8.292007e-03   1.729537e-17   9432
  7.279186e+00   1.568440e-15   8.435371e-03   1.642522e-17   9018
  7.304796e+00   1.591942e-15   7.140591e-03   1.713778e-17   8568
  7.331558e+00   1.519484e-15   7.948071e-03   1.536949e-17   9816
  7.359242e+00   1.534252e-15   7.524748e-03   1.673819e-17   9000
  7.386598e+00   1.500337e-15   7.870041e-03   1.558952e-17   9504
  7.413845e+00   1.480373e-15   8.051187e-03   1.546220e-17   9446
  7.440641e+00   1.478910e-15   7.699380e-03   1.490891e-17   9696
  7.468195e+00   1.471917e-15   7.164972e-03   1.532650e-17   9180
  7.495259e+00   1.396135e-15   8.282225e-03   1.356123e-17   10512
  7.522902e+00   1.405367e-15   7.829976e-03   1.468998e-17   9048
  7.550250e+00   1.397640e-15   7.510162e-03   1.377959e-17   10014
  7.575574e+00   1.365322e-15   7.329886e-03   1.489206e-17   9096
  7.603121e+00   1.296685e-15   8.390519e-03   1.240018e-17   11088
  7.632406e+00   1.327075e-15   8.163109e-03   1.350308e-17   9860
  7.659230e+00   1.276460e-15   7.737690e-03   1.282028e-17   10110
  7.686130e+00   1.278790e-15   8.053910e-03   1.279353e-17   10104
  7.713191e+00   1.294850e-15   7.636467e-03   1.275167e-17   10392
  7.740583e+00   1.247452e-15   7.904781e-03   1.242261e-17   10104
  7.768502e+00   1.220333e-15   8.180242e-03   1.160337e-17   11352
  7.796944e+00   1.230312e-15   7.491897e-03   1.252723e-17   10014
  7.822199e+00   1.224421e-15   6.915393e-03   1.305281e-17   9636
  7.848914e+00   1.179206e-15   8.196014e-03   1.100329e-17   11552
  7.877111e+00   1.156294e-15   7.615776e-03   1.134904e-17   10488
  7.904334e+00   1.145914e-15   7.953757e-03   1.156107e-17   10254
  7.930828e+00   1.157613e-15   7.488721e-03   1.097301e-17   11304
  7.958358e+00   1.127735e-15   7.600362e-03   1.105460e-17   10872
  7.985758e+00   1.097063e-15   8.150309e-03   1.073838e-17   10932
  8.012305e+00   1.073148e-15   7.353434e-03   1.050680e-17   10848
  8.039746e+00   1.085344e-15   7.690478e-03   1.044305e-17   10998
  8.066964e+00   1.057295e-15   8.081204e-03   9.824583e-18   11720
  8.094283e+00   1.043655e-15   7.434898e-03   1.013981e-17   10776
  8.121163e+00   1.029558e-15   8.133517e-03   9.515917e-18   12072
  8.149014e+00   1.012699e-15   7.457951e-03   9.803735e-18   10704
  8.175729e+00   1.044377e-15   7.650634e-03   9.764149e-18   11730
  8.203619e+00   9.883173e-16   7.946325e-03   9.270878e-18   12144
  8.230515e+00   9.798511e-16   7.529116e-03   9.415728e-18   11568
  8.258661e+00   9.557545e-16   8.144790e-03   9.029604e-18   11552
  8.283969e+00   9.640563e-16   7.350911e-03   9.402359e-18   10926
  8.311503e+00   9.374929e-16   8.325582e-03   8.325645e-18   13032
  8.338493e+00   9.252701e-16   6.804118e-03   9.119688e-18   10776
  8.365813e+00   9.347798e-16   8.375864e-03   8.199899e-18   13116
  8.393750e+00   9.114234e-16   7.882634e-03   8.456196e-18   12288
  8.421268e+00   8.763787e-16   7.244910e-03   8.445228e-18   11262
  8.447035e+00   9.041849e-16   7.826632e-03   8.186042e-18   12672
  8.474745e+00   8.737092e-16   7.673929e-03   7.893182e-18   12624
  8.502218e+00   8.673525e-16   7.698861e-03   7.887830e-18   12392
  8.529471e+00   8.544157e-16   7.891867e-03   8.256980e-18   12060
  8.557084e+00   8.524928e-16   8.322646e-03   7.453725e-18   13662
  8.583571e+00   8.405257e-16   7.187418e-03   7.980156e-18   11592
  8.611145e+00   8.031700e-16   8.541227e-03   7.000092e-18   13776
  8.638662e+00   7.878037e-16   7.263637e-03   7.298829e-18   12240
  8.666295e+00   7.946856e-16   8.368586e-03   6.948118e-18   13662
  8.692255e+00   7.898887e-16   7.192248e-03   7.413352e-18   11520
  8.720283e+00   7.730526e-16   8.289674e-03   6.556478e-18   15044
  8.747920e+00   7.468513e-16   7.450742e-03   6.819697e-18   12384
  8.775053e+00   7.462377e-16   7.843476e-03   6.637881e-18   13176
  8.801619e+00   7.551987e-16   7.103572e-03   6.909436e-18   12798
  8.829027e+00   7.293803e-16   8.067839e-03   6.108814e-18   14376
  8.855653e+00   7.123416e-16   7.668925e-03   6.542418e-18   12528
  8.883017e+00   7.173947e-16   8.053245e-03   6.120873e-18   14100
  8.909486e+00   7.089688e-16   7.307026e-03   6.377973e-18   12630
  8.936818e+00   6.874204e-16   7.935463e-03   5.806343e-18   14624
  8.963857e+00   7.026132e-16   7.915325e-03   6.189825e-18   13272
  8.991387e+00   6.788564e-16   8.068639e-03   5.763694e-18   14664
  9.019422e+00   6.662966e-16   8.248511e-03   5.736885e-18   14328
  9.046471e+00   6.625275e-16   7.659461e-03   5.804865e-18   13086
  9.073888e+00   6.585003e-16   8.240211e-03   5.423080e-18   15612
  9.101226e+00   6.689468e-16   7.102859e-03   5.968979e-18   13416
  9.127768e+00   6.226655e-16   8.354932e-03   5.408069e-18   14360
  9.155037e+00   6.338176e-16   7.816724e-03   5.426288e-18   14064
  9.182826e+00   6.132686e-16   8.044126e-03   4.987953e-18   15750
  9.210217e+00   6.127407e-16   7.598576e-03   5.373784e-18   13680
  9.237239e+00   6.023952e-16   8.272318e-03   5.002162e-18   15468
  9.264722e+00   5.836109e-16   7.971238e-03   4.991949e-18   14352
  9.291378e+00   5.860193e-16   7.864848e-03   5.147508e-18   14454
  9.318166e+00   5.820478e-16   8.076272e-03   4.730436e-18   15048
  9.345749e+00   5.743170e-16   7.485391e-03   4.743628e-18   15360
  9.372980e+00   5.607765e-16   8.226426e-03   4.629911e-18   15224
  9.400343e+00   5.649573e-16   7.789620e-03   4.741956e-18   15096
  9.427486e+00   5.493162e-16   7.610514e-03   4.705852e-18   14514
  9.453949e+00   5.448157e-16   7.977695e-03   4.307136e-18   16416
  9.481727e+00   5.394921e-16   7.850487e-03   4.475311e-18   15216
  9.510083e+00   5.375013e-16   7.900205e-03   4.388179e-18   16440
  9.537157e+00   5.176197e-16   7.947446e-03   4.304064e-18   14904
  9.563059e+00   5.249899e-16   7.465408e-03   4.375016e-18   15134
  9.590642e+00   5.127734e-16   8.352063e-03   4.109565e-18   16644
  9.618181e+00   5.084476e-16   7.841132e-03   4.085490e-18   16128
  9.645195e+00   5.005305e-16   7.791504e-03   4.232446e-18   15384
  9.671810e+00   5.003366e-16   7.659242e-03   4.147575e-18   15462
  9.699070e+00   4.876047e-16   8.182539e-03   3.782208e-18   17304
  9.726859e+00   4.794367e-16   7.715919e-03   3.849661e-18   16176
  9.754135e+00   4.817259e-16   8.162187e-03   3.846859e-18   16824
  9.782053e+00   4.689785e-16   7.507653e-03   3.887466e-18   15980
  9.808353e+00   4.660471e-16   7.472934e-03   3.741405e-18   16326
  9.834872e+00   4.603827e-16   7.977222e-03   3.700961e-18   16488
  9.862344e+00   4.563189e-16   7.739406e-03   3.618934e-18   16944
  9.889933e+00   4.360635e-16   8.144790e-03   3.403595e-18   17256
  9.916536e+00   4.471597e-16   7.553612e-03   3.673239e-18   15966
  9.944151e+00   4.413970e-16   8.020457e-03   3.335431e-18   17628
  9.971186e+00   4.302366e-16   7.618437e-03   3.400594e-18   17280
  9.998502e+00   4.323819e-16   8.386180e-03   3.432729e-18   17056
  1.002543e+01   4.147945e-16   7.907604e-03   3.257330e-18   17296
  1.005354e+01   4.105214e-16   7.745605e-03   3.214923e-18   17526
  1.008007e+01   4.138905e-16   7.795142e-03   3.193462e-18   17592
  1.010769e+01   4.030459e-16   8.109125e-03   3.058488e-18   17880
  1.013460e+01   3.990608e-16   7.519985e-03   3.169652e-18   17028
  1.016122e+01   3.929498e-16   7.646950e-03   3.112094e-18   17376
  1.018830e+01   3.961792e-16   7.591817e-03   3.035815e-18   18414
  1.021626e+01   3.941934e-16   7.785800e-03   3.034512e-18   17840
  1.024337e+01   3.824538e-16   8.173712e-03   2.861114e-18   18960
  1.027040e+01   3.737209e-16   7.593182e-03   2.940763e-18   16992
  1.029753e+01   3.723322e-16   8.364786e-03   2.780057e-18   18378
  1.032409e+01   3.722334e-16   7.447989e-03   2.813566e-18   18192
  1.035171e+01   3.675288e-16   7.951838e-03   2.721590e-18   19320
  1.037913e+01   3.557207e-16   7.712649e-03   2.777461e-18   17856
  1.040647e+01   3.501791e-16   7.961690e-03   2.644872e-18   19128
  1.043334e+01   3.495468e-16   7.364111e-03   2.680332e-18   18246
  1.046071e+01   3.452270e-16   7.654223e-03   2.587045e-18   19184
  1.048780e+01   3.416722e-16   7.833929e-03   2.563765e-18   18900
  1.051563e+01   3.346547e-16   8.170515e-03   2.469149e-18   19776
  1.054217e+01   3.331383e-16   7.496333e-03   2.594711e-18   17814
  1.056977e+01   3.297384e-16   8.157531e-03   2.465131e-18   19944
  1.059666e+01   3.282639e-16   8.046976e-03   2.389522e-18   19536
  1.062448e+01   3.290149e-16   7.963177e-03   2.389201e-18   20112
  1.065147e+01   3.191726e-16   7.400913e-03   2.518037e-18   18116
  1.067839e+01   3.107618e-16   7.715608e-03   2.298269e-18   19878
  1.070483e+01   3.201288e-16   7.798027e-03   2.366371e-18   19800
  1.073278e+01   3.133878e-16   7.797534e-03   2.289166e-18   20136
  1.076062e+01   2.999145e-16   8.202270e-03   2.175296e-18   20808
  1.078773e+01   2.996656e-16   7.430653e-03   2.249153e-18   19152
  1.081500e+01   3.015786e-16   7.848650e-03   2.176693e-18   20526
  1.084254e+01   2.923233e-16   8.075152e-03   2.110635e-18   20532
  1.086927e+01   2.923510e-16   8.024638e-03   2.135320e-18   20120
  1.089574e+01   2.825168e-16   7.477928e-03   2.151710e-18   19512
  1.092341e+01   2.851034e-16   8.123431e-03   2.033185e-18   21246
  1.095048e+01   2.835783e-16   7.387938e-03   2.109827e-18   20112
  1.097792e+01   2.785981e-16   8.226462e-03   1.922241e-18   22104
  1.100525e+01   2.795248e-16   8.072411e-03   2.102261e-18   19620
  1.103241e+01   2.706227e-16   8.023978e-03   1.875209e-18   21912
  1.105960e+01   2.672885e-16   7.486933e-03   1.971129e-18   20070
  1.108668e+01   2.670007e-16   8.154320e-03   1.854609e-18   22064
  1.111425e+01   2.637352e-16   7.741758e-03   1.896118e-18   21048
  1.114100e+01   2.617704e-16   7.571713e-03   1.887433e-18   21168
  1.116818e+01   2.568966e-16   8.188209e-03   1.843411e-18   21384
  1.119608e+01   2.546609e-16   7.408830e-03   1.808860e-18   22146
  1.122333e+01   2.526246e-16   7.925872e-03   1.787929e-18   22200
  1.125081e+01   2.486761e-16   7.507740e-03   1.757302e-18   21648
  1.127772e+01   2.442072e-16   8.037911e-03   1.734605e-18   21144
  1.130434e+01   2.399885e-16   7.645623e-03   1.713711e-18   21710
  1.133171e+01   2.369163e-16   8.123498e-03   1.648104e-18   23112
  1.135996e+01   2.369121e-16   8.104202e-03   1.631519e-18   23064
  1.138718e+01   2.357532e-16   7.500308e-03   1.699001e-18   21252
  1.141334e+01   2.301583e-16   7.518601e-03   1.618894e-18   22128
  1.144063e+01   2.321154e-16   7.793289e-03   1.613670e-18   22446
  1.146791e+01   2.279394e-16   7.637639e-03   1.585576e-18   22848
  1.149492e+01   2.250344e-16   7.647428e-03   1.564622e-18   23208
  1.152254e+01   2.171375e-16   7.871234e-03   1.505008e-18   22536
  1.154973e+01   2.194891e-16   7.982308e-03   1.522666e-18   22586
  1.157685e+01   2.209750e-16   8.138974e-03   1.500737e-18   24096
  1.160413e+01   2.178784e-16   7.636529e-03   1.521617e-18   22440
  1.163106e+01   2.124771e-16   8.321846e-03   1.459943e-18   23400
  1.165801e+01   2.075459e-16   7.559642e-03   1.450233e-18   23232
  1.168584e+01   2.109497e-16   7.960320e-03   1.449938e-18   23886
  1.171266e+01   2.045709e-16   7.654565e-03   1.402879e-18   23376
  1.173984e+01   1.983457e-16   7.723174e-03   1.365293e-18   23540
  1.176669e+01   2.012556e-16   7.660842e-03   1.344439e-18   24240
  1.179458e+01   1.943990e-16   8.060547e-03   1.317134e-18   23952
  1.182201e+01   1.954569e-16   7.540797e-03   1.313296e-18   24006
  1.184951e+01   1.947156e-16   8.459673e-03   1.265441e-18   25560
  1.187610e+01   1.962039e-16   7.500748e-03   1.368493e-18   22728
  1.190276e+01   1.883024e-16   7.559737e-03   1.295247e-18   23556
  1.192978e+01   1.875934e-16   7.888923e-03   1.220082e-18   25398
  1.195717e+01   1.879351e-16   7.728869e-03   1.271678e-18   24088
  1.198446e+01   1.852724e-16   8.045541e-03   1.231048e-18   25696
  1.201181e+01   1.807295e-16   7.556007e-03   1.216419e-18   24144
  1.203893e+01   1.799203e-16   8.075482e-03   1.173132e-18   25560
  1.206623e+01   1.785771e-16   7.449229e-03   1.208576e-18   24246
  1.209362e+01   1.784025e-16   7.909137e-03   1.183378e-18   26292
  1.212094e+01   1.752882e-16   7.800766e-03   1.188916e-18   25200
  1.214813e+01   1.702692e-16   8.124144e-03   1.121715e-18   25296
  1.217472e+01   1.720535e-16   7.419097e-03   1.162006e-18   24192
  1.220300e+01   1.703859e-16   8.192669e-03   1.067626e-18   28646
  1.223055e+01   1.655788e-16   7.533346e-03   1.103259e-18   24552
  1.225757e+01   1.645029e-16   7.897298e-03   1.090429e-18   25788
  1.228397e+01   1.609245e-16   7.455900e-03   1.080565e-18   25272
  1.231128e+01   1.633657e-16   8.068486e-03   1.079440e-18   26118
  1.233803e+01   1.612472e-16   7.897735e-03   1.064993e-18   26016
  1.236603e+01   1.550985e-16   7.978952e-03   9.809659e-19   27792
  1.239286e+01   1.589671e-16   7.826029e-03   1.049363e-18   25072
  1.241991e+01   1.546029e-16   8.106413e-03   9.963360e-19   26824
  1.244701e+01   1.516532e-16   7.401394e-03   9.863953e-19   26106
  1.247458e+01   1.522687e-16   8.145321e-03   9.851368e-19   28296
  1.250188e+01   1.498359e-16   7.836743e-03   9.788780e-19   26640
  1.252911e+01   1.489606e-16   7.461142e-03   9.719558e-19   26064
  1.255607e+01   1.475014e-16   8.185574e-03   9.400134e-19   27822
  1.258286e+01   1.461199e-16   7.607358e-03   9.639241e-19   26160
  1.261000e+01   1.479975e-16   8.365536e-03   9.580794e-19   28108
  1.263740e+01   1.402795e-16   7.995452e-03   8.922851e-19   27664
  1.266458e+01   1.384624e-16   7.953365e-03   8.962445e-19   27600
  1.269222e+01   1.397511e-16   7.970525e-03   9.023685e-19   27510
  1.271950e+01   1.414403e-16   7.887204e-03   9.070886e-19   28848
  1.274666e+01   1.367813e-16   7.810242e-03   8.857637e-19   27744
  1.277393e+01   1.342664e-16   7.609477e-03   8.442870e-19   27888
  1.280105e+01   1.314918e-16   7.736113e-03   8.398510e-19   27780
  1.282823e+01   1.317186e-16   7.793625e-03   8.394406e-19   28734
  1.285511e+01   1.326614e-16   8.047931e-03   8.362798e-19   28232
  1.288264e+01   1.291535e-16   8.002290e-03   8.051681e-19   29016
  1.290954e+01   1.242811e-16   7.906426e-03   7.954095e-19   28056
  1.293662e+01   1.268941e-16   7.672960e-03   8.007258e-19   28710
  1.296395e+01   1.268818e-16   8.105050e-03   7.979880e-19   29220
  1.299233e+01   1.240109e-16   8.291089e-03   7.533259e-19   31584
  1.301920e+01   1.216275e-16   7.642995e-03   7.946695e-19   26904
  1.304540e+01   1.205617e-16   7.428699e-03   7.681685e-19   28512
  1.307329e+01   1.216579e-16   8.001980e-03   7.522365e-19   30878
  1.310095e+01   1.195612e-16   8.036454e-03   7.355536e-19   30408
  1.312802e+01   1.185844e-16   7.762877e-03   7.527389e-19   28632
  1.315463e+01   1.162914e-16   7.470498e-03   7.348927e-19   28764
  1.318150e+01   1.173099e-16   8.311291e-03   7.148565e-19   30630
  1.320912e+01   1.159384e-16   7.695248e-03   7.296707e-19   30240
  1.323680e+01   1.136170e-16   7.884066e-03   6.928131e-19   31008
  1.326377e+01   1.124121e-16   7.551388e-03   7.027293e-19   29240
  1.329026e+01   1.101214e-16   7.706355e-03   6.959846e-19   30000
  1.331789e+01   1.098742e-16   8.157153e-03   6.773894e-19   30978
  1.334510e+01   1.077051e-16   7.690285e-03   6.657174e-19   30696
  1.337220e+01   1.070972e-16   8.060659e-03   6.525552e-19   31320
  1.339896e+01   1.071818e-16   7.533254e-03   6.764460e-19   29280
  1.342610e+01   1.048206e-16   8.055551e-03   6.489552e-19   31488
  1.345323e+01   1.064649e-16   7.562777e-03   6.589548e-19   31326
  1.348064e+01   1.046542e-16   8.120115e-03   6.409298e-19   31480
  1.350831e+01   1.025993e-16   7.877139e-03   6.191240e-19   32572
  1.353590e+01   1.018661e-16   7.881897e-03   6.275819e-19   31296
  1.356270e+01   1.003966e-16   7.664789e-03   6.165094e-19   30798
  1.359005e+01   9.996347e-17   8.159575e-03   6.213165e-19   32256
  1.361689e+01   9.734926e-17   7.881374e-03   5.859457e-19   32088
  1.364377e+01   9.796561e-17   7.799879e-03   6.146095e-19   30936
  1.367098e+01   9.620044e-17   8.109317e-03   5.823055e-19   33036
  1.369872e+01   9.741738e-17   7.851684e-03   5.919759e-19   31846
  1.372573e+01   9.565802e-17   8.003616e-03   5.713413e-19   33832
  1.375286e+01   9.532595e-17   7.413783e-03   6.053636e-19   30912
  1.377976e+01   9.180092e-17   7.774727e-03   5.530728e-19   32976
  1.380680e+01   9.128297e-17   7.671272e-03   5.571505e-19   32712
  1.383439e+01   9.265910e-17   7.755671e-03   5.607425e-19   33438
  1.386158e+01   9.096790e-17   7.807846e-03   5.586990e-19   32556
  1.388806e+01   8.914866e-17   7.738876e-03   5.370207e-19   33144
  1.391538e+01   8.867297e-17   7.655117e-03   5.332055e-19   33504
  1.394342e+01   8.710112e-17   7.926094e-03   5.263861e-19   33542
  1.397001e+01   8.836180e-17   7.808871e-03   5.357625e-19   33768
  1.399757e+01   8.760111e-17   7.912526e-03   5.186438e-19   34368
  1.402447e+01   8.555823e-17   7.518816e-03   5.181615e-19   32856
  1.405193e+01   8.414069e-17   7.775107e-03   4.999840e-19   34524
  1.407887e+01   8.383131e-17   7.384353e-03   5.135785e-19   33510
  1.410655e+01   8.386130e-17   8.264068e-03   4.960603e-19   35856
  1.413390e+01   8.192545e-17   7.831227e-03   4.909810e-19   33888
  1.416075e+01   8.088250e-17   7.673983e-03   4.829915e-19   33752
  1.418755e+01   8.145124e-17   8.069879e-03   4.849644e-19   34902
  1.421572e+01   8.003959e-17   7.894675e-03   4.834914e-19   35484
  1.424315e+01   7.921788e-17   8.126639e-03   4.653410e-19   36648
  1.427028e+01   8.062019e-17   7.515501e-03   5.002402e-19   33000
  1.429708e+01   7.741388e-17   8.125824e-03   4.623697e-19   35520
  1.432477e+01   7.720139e-17   7.936889e-03   4.623832e-19   36078
  1.435172e+01   7.923822e-17   7.768902e-03   4.797646e-19   34992
  1.437863e+01   7.561963e-17   7.687091e-03   4.633948e-19   35072
  1.440611e+01   7.514547e-17   8.060535e-03   4.461426e-19   36876
  1.443267e+01   7.456177e-17   7.453511e-03   4.601084e-19   33216
  1.445993e+01   7.494578e-17   8.258645e-03   4.405873e-19   38382
  1.448787e+01   7.353480e-17   7.746200e-03   4.555030e-19   36072
  1.451534e+01   7.320633e-17   7.757548e-03   4.331642e-19   37464
  1.454219e+01   7.150649e-17   7.456450e-03   4.360096e-19   34416
  1.456954e+01   7.139064e-17   8.171327e-03   4.192563e-19   37386
  1.459668e+01   7.161342e-17   7.801753e-03   4.245069e-19   37040
  1.462373e+01   7.067462e-17   7.595453e-03   4.244216e-19   36240
  1.465060e+01   7.007759e-17   8.102888e-03   4.162976e-19   36432
  1.467786e+01   6.821586e-17   7.650183e-03   3.994914e-19   37560
  1.470522e+01   6.905376e-17   7.927755e-03   4.161372e-19   37350
  1.473307e+01   6.956942e-17   8.104599e-03   4.101508e-19   38616
  1.476009e+01   6.754702e-17   7.639249e-03   4.146014e-19   37092
  1.478727e+01   6.649684e-17   7.346346e-03   4.042838e-19   37272
  1.481439e+01   6.535631e-17   8.088013e-03   3.835923e-19   37616
  1.484184e+01   6.711299e-17   7.832836e-03   4.010637e-19   38478
  1.486887e+01   6.623965e-17   7.959091e-03   3.951854e-19   37992
  1.489585e+01   6.483719e-17   7.804576e-03   3.815866e-19   38232
  1.492288e+01   6.442858e-17   7.649051e-03   3.923337e-19   36708
  1.494999e+01   6.449637e-17   8.006500e-03   3.832467e-19   39534
  1.497738e+01   6.431647e-17   8.022282e-03   3.896887e-19   39336
  1.500458e+01   6.309263e-17   7.717538e-03   3.867571e-19   37624
  1.503181e+01   6.342089e-17   7.896681e-03   3.734118e-19   40408
  1.505926e+01   6.206263e-17   7.553116e-03   3.757537e-19   38256
  1.508658e+01   6.191749e-17   7.716403e-03   3.701927e-19   39438
  1.511414e+01   6.252129e-17   7.962382e-03   3.694598e-19   40524
  1.514097e+01   6.034145e-17   7.517496e-03   3.570054e-19   38448
  1.516801e+01   6.001572e-17   7.911917e-03   3.661962e-19   39312
  1.519496e+01   5.979410e-17   7.563444e-03   3.620467e-19   38718
  1.522202e+01   6.013104e-17   8.070284e-03   3.649056e-19   40872
  1.524923e+01   6.003807e-17   7.663331e-03   3.649586e-19   40088
  1.527685e+01   5.880565e-17   8.168221e-03   3.494396e-19   40644
  1.530411e+01   5.740975e-17   7.664673e-03   3.402538e-19   40176
  1.533152e+01   5.754367e-17   8.126489e-03   3.504201e-19   40998
  1.535825e+01   5.834695e-17   7.452355e-03   3.603733e-19   39192
  1.538541e+01   5.808498e-17   7.868752e-03   3.494943e-19   41640
  1.541273e+01   5.621943e-17   7.892683e-03   3.291761e-19   41400
  1.543963e+01   5.539977e-17   7.768161e-03   3.374481e-19   38640
  1.546698e+01   5.702511e-17   7.971305e-03   3.398872e-19   43658
  1.549433e+01   5.673203e-17   7.666205e-03   3.465368e-19   40608
  1.552141e+01   5.568202e-17   7.825958e-03   3.386353e-19   41880
  1.554905e+01   5.516865e-17   7.735921e-03   3.347626e-19   41712
  1.557668e+01   5.402589e-17   8.075656e-03   3.247083e-19   42942
  1.560371e+01   5.468669e-17   7.671656e-03   3.448225e-19   40896
  1.563082e+01   5.459426e-17   7.903980e-03   3.261373e-19   42708
  1.565771e+01   5.372533e-17   7.480893e-03   3.313824e-19   40968
  1.568503e+01   5.218154e-17   8.127717e-03   3.096882e-19   43496
  1.571229e+01   5.367210e-17   7.780603e-03   3.380609e-19   41454
  1.573957e+01   5.388223e-17   8.036206e-03   3.238951e-19   43704
  1.576601e+01   5.210946e-17   7.405465e-03   3.295804e-19   41208
  1.579343e+01   5.162138e-17   8.125647e-03   3.089108e-19   43944
  1.582111e+01   5.176017e-17   7.840814e-03   3.163209e-19   43218
  1.584856e+01   5.252631e-17   7.868243e-03   3.246986e-19   44136
  1.587537e+01   5.223391e-17   7.751371e-03   3.299752e-19   42304
  1.590241e+01   5.151613e-17   7.874080e-03   3.292125e-19   43096
  1.592904e+01   5.019366e-17   7.705036e-03   3.126864e-19   43464
  1.595683e+01   5.115128e-17   8.034740e-03   3.223635e-19   44382
  1.598402e+01   5.193738e-17   8.026125e-03   3.303896e-19   44316
  1.601141e+01   5.072787e-17   7.914523e-03   3.269045e-19   44592
  1.603847e+01   5.023883e-17   7.744714e-03   3.171135e-19   44328
  1.606589e+01   4.965811e-17   7.618529e-03   3.109784e-19   43560
  1.609305e+01   4.908634e-17   7.854011e-03   3.085643e-19   44763
  1.612010e+01   4.877021e-17   7.874634e-03   3.053030e-19   44216
  1.614733e+01   4.928941e-17   8.023742e-03   3.124517e-19   45144
  1.617476e+01   4.728283e-17   7.626489e-03   3.112613e-19   42876
  1.620177e+01   4.613850e-17   8.312753e-03   2.830087e-19   46164
  1.622883e+01   4.615961e-17   7.631177e-03   2.983996e-19   42360
  1.625642e+01   4.529404e-17   8.035741e-03   2.774029e-19   45324
  1.628339e+01   4.408578e-17   7.996711e-03   2.848090e-19   43320
  1.631053e+01   4.499474e-17   8.058377e-03   2.797318e-19   44580
  1.633834e+01   4.350981e-17   8.049076e-03   2.675066e-19   44468
  1.636560e+01   4.216108e-17   7.656882e-03   2.619615e-19   43416
  1.639205e+01   4.259510e-17   7.602523e-03   2.646690e-19   42264
  1.641942e+01   4.107265e-17   7.985984e-03   2.476052e-19   44580
  1.644684e+01   4.182169e-17   8.106687e-03   2.565790e-19   43824
  1.647414e+01   3.977461e-17   7.618783e-03   2.453528e-19   43392
  1.650112e+01   4.001633e-17   7.767469e-03   2.459251e-19   43296
  1.652862e+01   3.924351e-17   7.476507e-03   2.367655e-19   42656
  1.655543e+01   3.818017e-17   7.984671e-03   2.348616e-19   43728
  1.658295e+01   3.834059e-17   8.051188e-03   2.283545e-19   43536
  1.661015e+01   3.706075e-17   8.012929e-03   2.246135e-19   42180
  1.663736e+01   3.650414e-17   7.758982e-03   2.122795e-19   44136
  1.666469e+01   3.690826e-17   7.818720e-03   2.254195e-19   42372
  1.669168e+01   3.564935e-17   7.642141e-03   2.172571e-19   41604
  1.671865e+01   3.570987e-17   8.052166e-03   2.095076e-19   43440
  1.674591e+01   3.502612e-17   8.058315e-03   2.079306e-19   42488
  1.677280e+01   3.436213e-17   7.737331e-03   2.060319e-19   41496
  1.680037e+01   3.380953e-17   8.076487e-03   1.927499e-19   44112
  1.682781e+01   3.325132e-17   7.701796e-03   1.969386e-19   41688
  1.685478e+01   3.275272e-17   8.023099e-03   1.968953e-19   42276
  1.688185e+01   3.270025e-17   7.738403e-03   1.959262e-19   41172
  1.690910e+01   3.208839e-17   8.113510e-03   1.872958e-19   43536
  1.693648e+01   3.169666e-17   7.552546e-03   1.898766e-19   41496
  1.696357e+01   3.118517e-17   8.013565e-03   1.877512e-19   40764
  1.699059e+01   3.098901e-17   7.863299e-03   1.823062e-19   43220
  1.701801e+01   3.052174e-17   7.793558e-03   1.821545e-19   41076
  1.704520e+01   3.017460e-17   7.789489e-03   1.795148e-19   41532
  1.707253e+01   2.934900e-17   7.930746e-03   1.716678e-19   41928
  1.709962e+01   2.946531e-17   7.591923e-03   1.724524e-19   41412
  1.712669e+01   2.880743e-17   7.901140e-03   1.754360e-19   40032
  1.715360e+01   2.860633e-17   7.836003e-03   1.666512e-19   41880
  1.718066e+01   2.802041e-17   7.797889e-03   1.655325e-19   40264
  1.720807e+01   2.794407e-17   7.984761e-03   1.603294e-19   42592
  1.723555e+01   2.701847e-17   7.659679e-03   1.609043e-19   39588
  1.726269e+01   2.690243e-17   7.919285e-03   1.552207e-19   42180
  1.728964e+01   2.663816e-17   7.640645e-03   1.607437e-19   39240
  1.731672e+01   2.662958e-17   8.019988e-03   1.590824e-19   40920
  1.734417e+01   2.589132e-17   7.916149e-03   1.509301e-19   41184
  1.737148e+01   2.623025e-17   7.841651e-03   1.533482e-19   40872
  1.739851e+01   2.537404e-17   7.458870e-03   1.507323e-19   38748
  1.742584e+01   2.505992e-17   7.938970e-03   1.435271e-19   41420
  1.745277e+01   2.462398e-17   7.786899e-03   1.431882e-19   39816
  1.748015e+01   2.484794e-17   7.806853e-03   1.441642e-19   39792
  1.750718e+01   2.405992e-17   7.458008e-03   1.428975e-19   39816
  1.753482e+01   2.357667e-17   8.060540e-03   1.329957e-19   41064
  1.756204e+01   2.342576e-17   7.732612e-03   1.388552e-19   39204
  1.758962e+01   2.364195e-17   8.159762e-03   1.397654e-19   40080
  1.761611e+01   2.345028e-17   7.539970e-03   1.396753e-19   38332
  1.764336e+01   2.210572e-17   7.869497e-03   1.274709e-19   39952
  1.767051e+01   2.278486e-17   7.861463e-03   1.321913e-19   39000
  1.769834e+01   2.204617e-17   8.073005e-03   1.263153e-19   40356
  1.772549e+01   2.196293e-17   7.920672e-03   1.304799e-19   39300
  1.775258e+01   2.164652e-17   7.814872e-03   1.288607e-19   37452
  1.777947e+01   2.137396e-17   7.748812e-03   1.233107e-19   39732
  1.780715e+01   2.059114e-17   7.788125e-03   1.191261e-19   39312
  1.783409e+01   2.117080e-17   7.919824e-03   1.264574e-19   37632
  1.786117e+01   2.054199e-17   7.786981e-03   1.211879e-19   38420
  1.788837e+01   2.046610e-17   8.047977e-03   1.188020e-19   39564
  1.791566e+01   1.995017e-17   7.744200e-03   1.195222e-19   37236
  1.794258e+01   1.985243e-17   7.829241e-03   1.150099e-19   38100
  1.796962e+01   1.952474e-17   7.697474e-03   1.122659e-19   38208
  1.799720e+01   1.940766e-17   8.010746e-03   1.124278e-19   39072
  1.802423e+01   1.914920e-17   7.404299e-03   1.153827e-19   36192
  1.805146e+01   1.905254e-17   8.004549e-03   1.093790e-19   38928
  1.807900e+01   1.863672e-17   7.952762e-03   1.059561e-19   38768
  1.810691e+01   1.832920e-17   7.814175e-03   1.072621e-19   37596
  1.813420e+01   1.843160e-17   7.779491e-03   1.075877e-19   37296
  1.816097e+01   1.820299e-17   7.786782e-03   1.045427e-19   36948
  1.818788e+01   1.791235e-17   7.986715e-03   1.053817e-19   37248
  1.821573e+01   1.782237e-17   7.887193e-03   1.045977e-19   37152
  1.824246e+01   1.749164e-17   7.873757e-03   1.025303e-19   37512
  1.826977e+01   1.719499e-17   7.537578e-03   1.026059e-19   35876
  1.829687e+01   1.711128e-17   8.032760e-03   9.923492e-20   36936
  1.832440e+01   1.684174e-17   8.002739e-03   9.775089e-20   38028
  1.835174e+01   1.652013e-17   7.614568e-03   9.837230e-20   35592
  1.837843e+01   1.653929e-17   7.556684e-03   9.813556e-20   35508
  1.840544e+01   1.606512e-17   7.836142e-03   9.421802e-20   36492
  1.843306e+01   1.608870e-17   8.083782e-03   9.352561e-20   37608
  1.846041e+01   1.587379e-17   7.976399e-03   9.419007e-20   34848
  1.848695e+01   1.568749e-17   7.480817e-03   9.182383e-20   35220
  1.851428e+01   1.554953e-17   7.804135e-03   8.980173e-20   36884
  1.854159e+01   1.543024e-17   7.745105e-03   9.043315e-20   35412
  1.856929e+01   1.531883e-17   8.019441e-03   8.988530e-20   35652
  1.859625e+01   1.518587e-17   8.017579e-03   8.833017e-20   36072
  1.862327e+01   1.473165e-17   7.726812e-03   8.657266e-20   34368
  1.865060e+01   1.490603e-17   7.826948e-03   8.700030e-20   35484
  1.867793e+01   1.455330e-17   7.747795e-03   8.464367e-20   35256
  1.870471e+01   1.452299e-17   8.064976e-03   8.642333e-20   34476
  1.873205e+01   1.431664e-17   7.912430e-03   8.461758e-20   34916
  1.875917e+01   1.387521e-17   7.802546e-03   8.088667e-20   34596
  1.878631e+01   1.399439e-17   7.632431e-03   8.069697e-20   34656
  1.881357e+01   1.376203e-17   7.906329e-03   8.192019e-20   34596
  1.884100e+01   1.378397e-17   7.670020e-03   8.244853e-20   33984
  1.886781e+01   1.359277e-17   7.830568e-03   8.118412e-20   34080
  1.889482e+01   1.336249e-17   7.864407e-03   7.922825e-20   34140
  1.892243e+01   1.300782e-17   8.122722e-03   7.779735e-20   33804
  1.894976e+01   1.299663e-17   7.807553e-03   7.561890e-20   35096
  1.897724e+01   1.275782e-17   7.740540e-03   7.663079e-20   33108
  1.900394e+01   1.278623e-17   7.700076e-03   7.855049e-20   32280
  1.903103e+01   1.271042e-17   7.838582e-03   7.571087e-20   34404
  1.905859e+01   1.255068e-17   7.998694e-03   7.562938e-20   34248
  1.908625e+01   1.241864e-17   7.494894e-03   7.645990e-20   32016
  1.911337e+01   1.240789e-17   7.911289e-03   7.341585e-20   34344
  1.914071e+01   1.222389e-17   7.607033e-03   7.590525e-20   32024
  1.916710e+01   1.203202e-17   7.885123e-03   7.446992e-20   31908
  1.919452e+01   1.199967e-17   7.901719e-03   7.323455e-20   33192
  1.922202e+01   1.184730e-17   8.187143e-03   6.956630e-20   33288
  1.924897e+01   1.151772e-17   7.454749e-03   7.037982e-20   31356
  1.927629e+01   1.162123e-17   8.068575e-03   6.973359e-20   32496
  1.930347e+01   1.142119e-17   7.669020e-03   6.920548e-20   31944
  1.933001e+01   1.131173e-17   7.874782e-03   7.055329e-20   31512
  1.935714e+01   1.144912e-17   7.643415e-03   7.049770e-20   31156
  1.938495e+01   1.101469e-17   8.053610e-03   6.595933e-20   33352
  1.941220e+01   1.108761e-17   7.811603e-03   6.775331e-20   31344
  1.943973e+01   1.090984e-17   8.088155e-03   6.839067e-20   31068
  1.946682e+01   1.079835e-17   7.977135e-03   6.577131e-20   31752
  1.949347e+01   1.080296e-17   7.363577e-03   6.810687e-20   29868
  1.952079e+01   1.075734e-17   8.091554e-03   6.511786e-20   32052
  1.954831e+01   1.050394e-17   7.677592e-03   6.529136e-20   30012
  1.957519e+01   1.031011e-17   8.055322e-03   6.257610e-20   31520
  1.960283e+01   1.016559e-17   7.875748e-03   6.197408e-20   30648
  1.962965e+01   1.017306e-17   7.768696e-03   6.405782e-20   29304
  1.965690e+01   1.031847e-17   7.702418e-03   6.381029e-20   31140
  1.968467e+01   9.891661e-18   8.205576e-03   6.048182e-20   31320
  1.971193e+01   9.926146e-18   7.744015e-03   6.485994e-20   28356
  1.973877e+01   9.818667e-18   7.915676e-03   6.232232e-20   30288
  1.976553e+01   9.728127e-18   7.866880e-03   6.144796e-20   29472
  1.979244e+01   9.639836e-18   7.776599e-03   6.128598e-20   28716
  1.982023e+01   9.549030e-18   7.717551e-03   5.919617e-20   30740
  1.984769e+01   9.511138e-18   7.871304e-03   6.006921e-20   29304
  1.987461e+01   9.321502e-18   7.839449e-03   6.051004e-20   28476
  1.990201e+01   9.181850e-18   7.940535e-03   5.827198e-20   29304
  1.992924e+01   9.484708e-18   7.931260e-03   6.080923e-20   29280
  1.995681e+01   9.073110e-18   7.910453e-03   5.823917e-20   29100
  1.998425e+01   9.027787e-18   7.754981e-03   5.952417e-20   27816
  2.001064e+01   9.064395e-18   7.789785e-03   5.918815e-20   27692
  2.003790e+01   8.806874e-18   8.099960e-03   5.511074e-20   29724
  2.006569e+01   8.731727e-18   7.720825e-03   5.735092e-20   27240
  2.009257e+01   8.822344e-18   7.504098e-03   5.709218e-20   27588
  2.011947e+01   8.604122e-18   7.809040e-03   5.563829e-20   28560
  2.014697e+01   8.622671e-18   7.908926e-03   5.595006e-20   26952
  2.017419e+01   8.571543e-18   7.918326e-03   5.617600e-20   27516
  2.020131e+01   8.386936e-18   8.001754e-03   5.369737e-20   28344
  2.022880e+01   8.415378e-18   7.881374e-03   5.672320e-20   26196
  2.025536e+01   8.119109e-18   7.707843e-03   5.456227e-20   26360
  2.028260e+01   8.192015e-18   7.968328e-03   5.340364e-20   28152
  2.031008e+01   8.181214e-18   7.705922e-03   5.610282e-20   25896
  2.033701e+01   7.857319e-18   7.889711e-03   5.211474e-20   26592
  2.036431e+01   8.005013e-18   7.553857e-03   5.358547e-20   26568
  2.039181e+01   7.910705e-18   7.993400e-03   5.280367e-20   26832
  2.041857e+01   7.681635e-18   7.579371e-03   5.311002e-20   24972
  2.044633e+01   7.856983e-18   7.991756e-03   5.213636e-20   27000
  2.047334e+01   7.913315e-18   7.662250e-03   5.450126e-20   25448
  2.050028e+01   7.587632e-18   7.921955e-03   5.192780e-20   25476
  2.052794e+01   7.570663e-18   7.765527e-03   5.264702e-20   25152
  2.055466e+01   7.450192e-18   7.960898e-03   5.000045e-20   25968
  2.058220e+01   7.441194e-18   7.925318e-03   5.049034e-20   25320
  2.060968e+01   7.329545e-18   7.486690e-03   5.084333e-20   23796
  2.063597e+01   7.364505e-18   7.857982e-03   4.996048e-20   25500
  2.066331e+01   7.436823e-18   7.830690e-03   5.179100e-20   24420
  2.069103e+01   7.107222e-18   8.105288e-03   5.047504e-20   24656
  2.071777e+01   7.215799e-18   7.679386e-03   5.239280e-20   24036
  2.074491e+01   7.142266e-18   7.941852e-03   5.017165e-20   24528
  2.077187e+01   7.135892e-18   7.672231e-03   5.284334e-20   23004
  2.079910e+01   7.132097e-18   7.878852e-03   4.988505e-20   24576
  2.082647e+01   6.808536e-18   7.525706e-03   4.801591e-20   23736
  2.085380e+01   6.785435e-18   7.995853e-03   4.737408e-20   23712
  2.088131e+01   6.968305e-18   7.763525e-03   5.172698e-20   22992
  2.090840e+01   6.700254e-18   7.709879e-03   4.775985e-20   23984
  2.093548e+01   6.718315e-18   7.701015e-03   4.959721e-20   22344
  2.096270e+01   6.506879e-18   7.814535e-03   4.813937e-20   22536
  2.098976e+01   6.666519e-18   7.734348e-03   4.854060e-20   23268
  2.101677e+01   6.570134e-18   7.943257e-03   4.863936e-20   22152
  2.104400e+01   6.444065e-18   7.843558e-03   4.795100e-20   22068
  2.107191e+01   6.473245e-18   8.054520e-03   4.601654e-20   23664
  2.109883e+01   6.452915e-18   7.480070e-03   4.941590e-20   20640
  2.112570e+01   6.296936e-18   7.938442e-03   4.686379e-20   22376
  2.115343e+01   6.396322e-18   7.807393e-03   4.844809e-20   21444
  2.118016e+01   6.501196e-18   8.090082e-03   4.895727e-20   21576
  2.120735e+01   6.219277e-18   8.020716e-03   4.631429e-20   21660
  2.123530e+01   6.188776e-18   8.110439e-03   4.750034e-20   20916
  2.126231e+01   6.117057e-18   7.955295e-03   4.628545e-20   21504
  2.128916e+01   6.149638e-18   7.581308e-03   4.803888e-20   20508
  2.131667e+01   6.009055e-18   8.100472e-03   4.696042e-20   20036
  2.134369e+01   6.138469e-18   7.839478e-03   4.783220e-20   21276
  2.137104e+01   6.019383e-18   7.761018e-03   4.694262e-20   20652
  2.139834e+01   5.847627e-18   7.723249e-03   4.835285e-20   18696
  2.142558e+01   6.009209e-18   8.083660e-03   4.588072e-20   21504
  2.145287e+01   5.878991e-18   7.559924e-03   4.820376e-20   19284
  2.148009e+01   5.711359e-18   8.152926e-03   4.678956e-20   19356
  2.150716e+01   5.601107e-18   7.704747e-03   4.572671e-20   19236
  2.153397e+01   5.951969e-18   7.855474e-03   4.848112e-20   19476
  2.156136e+01   5.531992e-18   8.174267e-03   4.435142e-20   19184
  2.158918e+01   5.493768e-18   7.919111e-03   4.546998e-20   18852
  2.161627e+01   5.714678e-18   7.666005e-03   4.748230e-20   18876
  2.164286e+01   5.407834e-18   7.969235e-03   4.492991e-20   18336
  2.167039e+01   5.397161e-18   7.996407e-03   4.554595e-20   17820
  2.169807e+01   5.570603e-18   8.070725e-03   4.552296e-20   19392
  2.172492e+01   5.346617e-18   7.991408e-03   4.658962e-20   17616
  2.175159e+01   5.142274e-18   7.523195e-03   4.533933e-20   16320
  2.177930e+01   5.385593e-18   8.147723e-03   4.491721e-20   19292
  2.180620e+01   5.287730e-18   7.805053e-03   4.651064e-20   17112
  2.183426e+01   5.092788e-18   7.910587e-03   4.418311e-20   17388
  2.186163e+01   5.119443e-18   7.406044e-03   4.615347e-20   16692
  2.188744e+01   5.156483e-18   7.834176e-03   4.656684e-20   16956
  2.191562e+01   4.906830e-18   7.901521e-03   4.255452e-20   17040
  2.194315e+01   4.967277e-18   7.818664e-03   4.592787e-20   16092
  2.196931e+01   5.205198e-18   7.765588e-03   4.771660e-20   16380
  2.199714e+01   4.840795e-18   7.982102e-03   4.455156e-20   16688
  2.202443e+01   4.785583e-18   7.984779e-03   4.387153e-20   14940
  2.205121e+01   4.965477e-18   8.028740e-03   4.486466e-20   16668
  2.207897e+01   4.804574e-18   7.840129e-03   4.292534e-20   15804
  2.210591e+01   4.694773e-18   7.785654e-03   4.416310e-20   14280
  2.213311e+01   4.896810e-18   7.664432e-03   4.629139e-20   16068
  2.216027e+01   4.602336e-18   7.811361e-03   4.275987e-20   15048
  2.218728e+01   4.593290e-18   7.960916e-03   4.700517e-20   13940
  2.221435e+01   4.686050e-18   7.608541e-03   4.516748e-20   15072
  2.224148e+01   4.638769e-18   8.111188e-03   4.431434e-20   14808
  2.226834e+01   4.522224e-18   7.531402e-03   4.633985e-20   13200
  2.229597e+01   4.547228e-18   7.978123e-03   4.612161e-20   15156
  2.232362e+01   4.621839e-18   7.780063e-03   4.751806e-20   13788
  2.235075e+01   4.267469e-18   7.667664e-03   4.288452e-20   13608
  2.237787e+01   4.346412e-18   7.309729e-03   4.510897e-20   13224
  2.240490e+01   4.382848e-18   7.880989e-03   4.546989e-20   13320
  2.243177e+01   4.211730e-18   7.770921e-03   4.313183e-20   13220
  2.245943e+01   4.160935e-18   7.854231e-03   4.172031e-20   12984
  2.248722e+01   4.286372e-18   7.949992e-03   4.605345e-20   12780
  2.251346e+01   4.094958e-18   7.524108e-03   4.304677e-20   12360
  2.254113e+01   4.034920e-18   7.915992e-03   4.215749e-20   12480
  2.256873e+01   4.059161e-18   7.688920e-03   4.541433e-20   11892
  2.259507e+01   3.856270e-18   7.971977e-03   4.045511e-20   12192
  2.262265e+01   3.832376e-18   7.815371e-03   4.205709e-20   11328
  2.265008e+01   3.754256e-18   8.287652e-03   4.058320e-20   12020
  2.267688e+01   3.917130e-18   7.619741e-03   4.633983e-20   11052
  2.270474e+01   3.751260e-18   8.094529e-03   4.136712e-20   11304
  2.273085e+01   3.563778e-18   7.448122e-03   4.058846e-20   10368
  2.275755e+01   3.565622e-18   7.750489e-03   3.944454e-20   10899
  2.278573e+01   3.568072e-18   7.770104e-03   4.006874e-20   10752
  2.281248e+01   3.483984e-18   7.798996e-03   3.856878e-20   10446
  2.284006e+01   3.481409e-18   7.675986e-03   3.959304e-20   10092
  2.286738e+01   3.270796e-18   7.777671e-03   3.687843e-20   10220
  2.289377e+01   3.357057e-18   7.617781e-03   3.754738e-20   9636
  2.292187e+01   3.393045e-18   7.836775e-03   3.807247e-20   10020
  2.294942e+01   3.215799e-18   8.141935e-03   3.748999e-20   9906
  2.297609e+01   3.267698e-18   7.552194e-03   3.871707e-20   8940
  2.300374e+01   3.170368e-18   7.658760e-03   3.498915e-20   9558
  2.303075e+01   3.158059e-18   8.340455e-03   3.603162e-20   9180
  2.305748e+01   3.089558e-18   7.984707e-03   3.593131e-20   8674
  2.308544e+01   3.064324e-18   7.936927e-03   3.642485e-20   9454
  2.311244e+01   2.867056e-18   8.157429e-03   3.458159e-20   8316
  2.313927e+01   2.913690e-18   8.044596e-03   3.557595e-20   8622
  2.316729e+01   2.991948e-18   7.987844e-03   3.378134e-20   9006
  2.319409e+01   2.857725e-18   8.051411e-03   3.597690e-20   7698
  2.322094e+01   2.806866e-18   7.725335e-03   3.419933e-20   8406
  2.324898e+01   2.756184e-18   8.243382e-03   3.394765e-20   8646
  2.327567e+01   2.731958e-18   7.832776e-03   3.428172e-20   7014
  2.330241e+01   2.897512e-18   7.786203e-03   3.479631e-20   8510
  2.333084e+01   2.698947e-18   8.206177e-03   3.370577e-20   7890
  2.335752e+01   2.692465e-18   7.872033e-03   3.567631e-20   6966
  2.338382e+01   2.717542e-18   7.524577e-03   3.419483e-20   7902
  2.341187e+01   2.627742e-18   8.206647e-03   3.406229e-20   7278
  2.343914e+01   2.609251e-18   8.061902e-03   3.508214e-20   7338
  2.346598e+01   2.596439e-18   7.466958e-03   3.327923e-20   7254
  2.349349e+01   2.636748e-18   8.041931e-03   3.485301e-20   6678
  2.352016e+01   2.465084e-18   8.034352e-03   3.143785e-20   7286
  2.354846e+01   2.560184e-18   7.948593e-03   3.126584e-20   7200
  2.357656e+01   2.457222e-18   7.715007e-03   3.301056e-20   6234
  2.360147e+01   2.378259e-18   7.732755e-03   3.177668e-20   6630
  2.362968e+01   2.519142e-18   7.973696e-03   3.407646e-20   6822
  2.365766e+01   2.368348e-18   7.511861e-03   3.325756e-20   6078
  2.368315e+01   2.511798e-18   7.985650e-03   3.434702e-20   6528
  2.371136e+01   2.357721e-18   7.632002e-03   3.318689e-20   6034
  2.373836e+01   2.303983e-18   7.815536e-03   3.121075e-20   6190
  2.376518e+01   2.411022e-18   8.029546e-03   3.236877e-20   6270
  2.379352e+01   2.301917e-18   7.221014e-03   3.410659e-20   5520
  2.381945e+01   2.221017e-18   8.084792e-03   2.911774e-20   6126
  2.384659e+01   2.326134e-18   7.559933e-03   3.329577e-20   5562
  2.387506e+01   2.243429e-18   7.559401e-03   3.137111e-20   5790
  2.390087e+01   2.224590e-18   7.739398e-03   3.056550e-20   5496
  2.392823e+01   2.309036e-18   7.795319e-03   3.195697e-20   5262
  2.395608e+01   2.179815e-18   7.677429e-03   3.029659e-20   5774
  2.398271e+01   2.138372e-18   7.605630e-03   3.150523e-20   5124
  2.401077e+01   2.199685e-18   7.629279e-03   3.389551e-20   5070
  2.403716e+01   2.115321e-18   7.941706e-03   3.032228e-20   5430
  2.406413e+01   2.101538e-18   7.418331e-03   3.200961e-20   4680
  2.409270e+01   2.110424e-18   7.682912e-03   3.032888e-20   5370
  2.411895e+01   2.077866e-18   7.340081e-03   3.228437e-20   4638
  2.414568e+01   2.137746e-18   7.716026e-03   3.304682e-20   4536
  2.417357e+01   2.010741e-18   7.726385e-03   2.870273e-20   5222
  2.420035e+01   2.011428e-18   7.090155e-03   3.258099e-20   4254
  2.422780e+01   2.069562e-18   7.815564e-03   3.184461e-20   4548
  2.425432e+01   1.915375e-18   7.579482e-03   2.936317e-20   4638
  2.428140e+01   1.986262e-18   7.483101e-03   3.259244e-20   4176
  2.430949e+01   1.886177e-18   7.509019e-03   2.938391e-20   4518
  2.433617e+01   1.960549e-18   7.565687e-03   3.116091e-20   4278
  2.436274e+01   2.061248e-18   7.320142e-03   3.466132e-20   3732
  2.438997e+01   1.883825e-18   7.733266e-03   2.951471e-20   4502
  2.441740e+01   1.978807e-18   7.517350e-03   3.199973e-20   3984
  2.444510e+01   1.948084e-18   7.787847e-03   3.299380e-20   3726
  2.447087e+01   1.907007e-18   7.506460e-03   3.050918e-20   4014
  2.449802e+01   1.963261e-18   7.871904e-03   3.437033e-20   3756
  2.452699e+01   1.822950e-18   7.900562e-03   3.155415e-20   3894
  2.455330e+01   1.806076e-18   7.731015e-03   2.935678e-20   3744
  2.457984e+01   1.883334e-18   7.859115e-03   3.429768e-20   3174
  2.460752e+01   1.741294e-18   8.044173e-03   2.793329e-20   3968
  2.463495e+01   1.794800e-18   8.111977e-03   3.027247e-20   3522
  2.466361e+01   1.806865e-18   8.331476e-03   3.201701e-20   3198
  2.468960e+01   1.717307e-18   8.160722e-03   2.898318e-20   3648
  2.471673e+01   1.836254e-18   8.295663e-03   3.339731e-20   3054
  2.474531e+01   1.711014e-18   7.802164e-03   3.102746e-20   3312
  2.477133e+01   1.715380e-18   8.241859e-03   3.141259e-20   3354
  2.479887e+01   1.834706e-18   8.150052e-03   3.676418e-20   2624
  2.482582e+01   1.651771e-18   7.951149e-03   2.867165e-20   3462
  2.485324e+01   1.685271e-18   8.293836e-03   3.163002e-20   2976
  2.488216e+01   1.676801e-18   7.851233e-03   3.303879e-20   2670
  2.490725e+01   1.627266e-18   8.172809e-03   3.003987e-20   3186
  2.493414e+01   1.714469e-18   7.634891e-03   3.353954e-20   2376
  2.496277e+01   1.690056e-18   8.048462e-03   2.987325e-20   3102
  2.498920e+01   1.688023e-18   7.878239e-03   3.380004e-20   2688
  2.501669e+01   1.699598e-18   8.219146e-03   3.571960e-20   2286
  2.504363e+01   1.584433e-18   7.927897e-03   2.841350e-20   3020
  2.507087e+01   1.665714e-18   7.551293e-03   3.484620e-20   2310
  2.509979e+01   1.663536e-18   8.345324e-03   3.333744e-20   2544
  2.512556e+01   1.581983e-18   7.780395e-03   3.221184e-20   2526
  2.515251e+01   1.686254e-18   7.990277e-03   3.681332e-20   2112
  2.518075e+01   1.519851e-18   7.678919e-03   2.928201e-20   2538
  2.520745e+01   1.610967e-18   7.988717e-03   3.279057e-20   2304
  2.523462e+01   1.634828e-18   7.882303e-03   3.853280e-20   1902
  2.526098e+01   1.548793e-18   7.530128e-03   3.328680e-20   2408
  2.528828e+01   1.610093e-18   7.943273e-03   3.460201e-20   2094
  2.531734e+01   1.579215e-18   8.093111e-03   3.644037e-20   2028
  2.534285e+01   1.439873e-18   7.676617e-03   3.208642e-20   2094
  2.536993e+01   1.628945e-18   8.374792e-03   3.463157e-20   1920
  2.539868e+01   1.487125e-18   7.060880e-03   3.387865e-20   1926
  2.542499e+01   1.633322e-18   8.241772e-03   3.334391e-20   2088
  2.545174e+01   1.604159e-18   7.229896e-03   4.266940e-20   1434
  2.547863e+01   1.470860e-18   7.644346e-03   3.305861e-20   2048
  2.550528e+01   1.603903e-18   7.622193e-03   3.832938e-20   1758
  2.553461e+01   1.527218e-18   8.409251e-03   3.823848e-20   1584
  2.556148e+01   1.496228e-18   8.331443e-03   3.488908e-20   1998
  2.558869e+01   1.517516e-18   7.588551e-03   3.889444e-20   1428
  2.561718e+01   1.459665e-18   6.351940e-03   3.670819e-20   1488
  2.564207e+01   1.528190e-18   8.091724e-03   3.627099e-20   1806
  2.566834e+01   1.575550e-18   7.366434e-03   4.776155e-20   1040
  2.569640e+01   1.450508e-18   7.718660e-03   3.257026e-20   1782
  2.572208e+01   1.499772e-18   7.296767e-03   3.919496e-20   1428
  2.575279e+01   1.437700e-18   8.761453e-03   4.248075e-20   1206
  2.577877e+01   1.413992e-18   8.140073e-03   3.389089e-20   1728
  2.580495e+01   1.545037e-18   7.628696e-03   4.453388e-20   1038
  2.583514e+01   1.440086e-18   6.189728e-03   4.115914e-20   1248
  2.585899e+01   1.512843e-18   7.893923e-03   3.988632e-20   1530
  2.588517e+01   1.508766e-18   7.235058e-03   5.825191e-20   656
  2.591442e+01   1.488264e-18   8.111352e-03   3.552501e-20   1662
  2.593913e+01   1.490844e-18   6.715149e-03   4.764990e-20   1008
  2.597172e+01   1.574768e-18   8.916900e-03   5.246649e-20   960
  2.599619e+01   1.408838e-18   7.667610e-03   3.688326e-20   1458
  2.602176e+01   1.421795e-18   7.576318e-03   5.487401e-20   672
  2.605313e+01   1.359796e-18   5.938027e-03   4.032040e-20   1062
  2.607533e+01   1.483851e-18   7.703272e-03   4.133408e-20   1224
  2.610192e+01   1.524418e-18   6.728834e-03   8.624549e-20   374
  2.613189e+01   1.366509e-18   8.088036e-03   3.751517e-20   1512
  2.615613e+01   1.405287e-18   6.777684e-03   5.979978e-20   666
  2.619082e+01   1.453764e-18   8.286559e-03   4.896238e-20   720
  2.621257e+01   1.283065e-18   7.420738e-03   3.706319e-20   1224
  2.623931e+01   1.537081e-18   7.377122e-03   8.163001e-20   390
  2.627131e+01   1.418344e-18   5.485178e-03   4.681367e-20   936
  2.629167e+01   1.495923e-18   7.826288e-03   5.170973e-20   882
  2.632074e+01   1.556267e-18   7.641458e-03   9.464818e-20   216
  2.634900e+01   1.382604e-18   7.587347e-03   3.833603e-20   1286
  2.637295e+01   1.630427e-18   6.338203e-03   9.248664e-20   384
  2.640957e+01   1.320468e-18   7.979226e-03   5.470941e-20   576
  2.642852e+01   1.315736e-18   7.151571e-03   4.372891e-20   930
  2.645565e+01   1.353261e-18   7.025337e-03   7.609664e-20   216
  2.649025e+01   1.426155e-18   5.639356e-03   4.704374e-20   918
  2.651019e+01   1.308526e-18   7.595740e-03   6.327174e-20   480
  2.653721e+01   1.513161e-18   6.400332e-03   1.408068e-19   78
  2.656526e+01   1.437268e-18   6.918403e-03   4.439453e-20   1052
  2.659116e+01   1.523825e-18   8.055672e-03   8.470773e-20   240
  2.663081e+01   1.245700e-18   2.941168e-03   6.486290e-20   438
  2.664436e+01   1.403690e-18   6.804857e-03   4.695761e-20   648
  2.666962e+01   1.188077e-18   5.618433e-03   1.481583e-19   78
  2.670728e+01   1.263258e-18   4.902201e-03   4.635595e-20   780
  2.672622e+01   1.469957e-18   6.840274e-03   9.751323e-20   240
  2.674955e+01   2.206382e-18   0.000000e+00   7.983819e-19   6
  2.678099e+01   1.219102e-18   6.266110e-03   4.434418e-20   824
  2.680374e+01   1.701327e-18   4.844192e-03   2.094439e-19   78
  2.684861e+01   1.324774e-18   2.532737e-03   5.782853e-20   432
  2.686032e+01   1.395668e-18   6.125575e-03   7.501567e-20   348
  2.688264e+01   1.709932e-18   0.000000e+00   5.190659e-19   6
  2.692341e+01   1.297564e-18   4.330580e-03   5.403779e-20   600
  2.693953e+01   1.542592e-18   4.077791e-03   1.554437e-19   78
  2.699635e+01   1.297227e-18   5.360574e-03   4.858402e-20   572
  2.701740e+01   2.207702e-18   0.000000e+00   5.999558e-19   6
  2.706595e+01   1.411864e-18   2.516850e-03   7.104660e-20   384
  2.707567e+01   1.674559e-18   3.741025e-03   1.513439e-19   102
  2.713929e+01   1.530026e-18   3.679793e-03   8.897762e-20   396
  2.715383e+01   2.661806e-18   0.000000e+00   1.391327e-18   6
  2.721112e+01   1.418280e-18   3.329304e-03   8.418677e-20   326
  2.728263e+01   1.343061e-18   2.315142e-03   7.793435e-20   252
  2.729189e+01   2.010650e-18   0.000000e+00   1.328759e-19   6
  2.735467e+01   1.363082e-18   2.106672e-03   8.740138e-20   198
  2.742659e+01   1.375229e-18   1.607428e-03   1.213764e-19   146
  2.749861e+01   1.544572e-18   1.179854e-03   1.421962e-19   102
  2.757072e+01   1.324743e-18   8.199682e-04   1.548452e-19   66
  2.764293e+01   1.024605e-18   5.207611e-04   1.519890e-19   38
  2.771523e+01   1.532392e-18   2.685925e-04   3.983029e-19   18
  2.778760e+01   2.694052e-19   0.000000e+00   1.209044e-19   6
