# background statistics
# cycle   tau/boxsize    a             conformal H/H0  phi(k=0)       T00(k=0)
      0   1.193218e+01   9.900990e-03   1.004988e+01   0.000000e+00   9.999998e-01
      1   1.211968e+01   1.021460e-02   9.894397e+00   5.348778e-10   9.999998e-01
      2   1.230718e+01   1.053310e-02   9.743656e+00   1.013163e-09   9.999998e-01
      3   1.249468e+01   1.085649e-02   9.597439e+00   1.438642e-09   9.999998e-01
      4   1.268218e+01   1.118476e-02   9.455545e+00   1.817607e-09   9.999998e-01
      5   1.286968e+01   1.151793e-02   9.317786e+00   2.155578e-09   9.999998e-01
      6   1.305718e+01   1.185599e-02   9.183984e+00   2.457397e-09   9.999998e-01
      7   1.324468e+01   1.219894e-02   9.053970e+00   2.727318e-09   9.999998e-01
      8   1.343218e+01   1.254677e-02   8.927585e+00   2.969088e-09   9.999998e-01
      9   1.361968e+01   1.289950e-02   8.804681e+00   3.186004e-09   9.999997e-01
     10   1.380718e+01   1.325711e-02   8.685114e+00   3.380976e-09   9.999997e-01
     11   1.399468e+01   1.361962e-02   8.568751e+00   3.556573e-09   9.999997e-01
     12   1.418218e+01   1.398701e-02   8.455466e+00   3.715067e-09   9.999997e-01
     13   1.436968e+01   1.435930e-02   8.345136e+00   3.858467e-09   9.999997e-01
     14   1.455718e+01   1.473647e-02   8.237649e+00   3.988555e-09   9.999997e-01
     15   1.474468e+01   1.511853e-02   8.132895e+00   4.106908e-09   9.999997e-01
     16   1.493218e+01   1.550549e-02   8.030772e+00   4.214929e-09   9.999997e-01
     17   1.511968e+01   1.589733e-02   7.931182e+00   4.313860e-09   9.999997e-01
     18   1.530718e+01   1.629406e-02   7.834032e+00   4.404810e-09   9.999997e-01
     19   1.549468e+01   1.669568e-02   7.739233e+00   4.488761e-09   9.999997e-01
     20   1.568218e+01   1.710219e-02   7.646701e+00   4.566589e-09   9.999997e-01
     21   1.586968e+01   1.751359e-02   7.556355e+00   4.639076e-09   9.999997e-01
     22   1.605718e+01   1.792988e-02   7.468120e+00   4.706916e-09   9.999997e-01
     23   1.624468e+01   1.835106e-02   7.381921e+00   4.770729e-09   9.999997e-01
     24   1.643218e+01   1.877713e-02   7.297689e+00   4.831070e-09   9.999997e-01
     25   1.661968e+01   1.920809e-02   7.215358e+00   4.888432e-09   9.999997e-01
     26   1.680718e+01   1.964394e-02   7.134864e+00   4.943255e-09   9.999997e-01
     27   1.699468e+01   2.008468e-02   7.056146e+00   4.995935e-09   9.999997e-01
     28   1.718218e+01   2.053031e-02   6.979146e+00   5.046822e-09   9.999997e-01
     29   1.736968e+01   2.098082e-02   6.903808e+00   5.096233e-09   9.999997e-01
     30   1.755718e+01   2.143623e-02   6.830080e+00   5.144447e-09   9.999997e-01
     31   1.774468e+01   2.189653e-02   6.757910e+00   5.191715e-09   9.999997e-01
     32   1.793218e+01   2.236171e-02   6.687249e+00   5.238264e-09   9.999997e-01
     33   1.811968e+01   2.283179e-02   6.618050e+00   5.284292e-09   9.999996e-01
     34   1.830718e+01   2.330675e-02   6.550269e+00   5.329980e-09   9.999996e-01
     35   1.849468e+01   2.378661e-02   6.483862e+00   5.375487e-09   9.999996e-01
     36   1.868218e+01   2.427135e-02   6.418788e+00   5.420957e-09   9.999996e-01
     37   1.886968e+01   2.476099e-02   6.355007e+00   5.466518e-09   9.999996e-01
     38   1.905718e+01   2.525551e-02   6.292481e+00   5.512282e-09   9.999996e-01
     39   1.924468e+01   2.575492e-02   6.231174e+00   5.558353e-09   9.999996e-01
     40   1.943218e+01   2.625923e-02   6.171050e+00   5.604819e-09   9.999996e-01
     41   1.961968e+01   2.676842e-02   6.112075e+00   5.651763e-09   9.999996e-01
     42   1.980718e+01   2.728250e-02   6.054216e+00   5.699254e-09   9.999996e-01
     43   1.999468e+01   2.780147e-02   5.997443e+00   5.747358e-09   9.999996e-01
     44   2.018218e+01   2.832533e-02   5.941724e+00   5.796129e-09   9.999996e-01
     45   2.036968e+01   2.885408e-02   5.887032e+00   5.845619e-09   9.999996e-01
     46   2.055718e+01   2.938772e-02   5.833337e+00   5.895871e-09   9.999996e-01
     47   2.074468e+01   2.992625e-02   5.780612e+00   5.946923e-09   9.999995e-01
     48   2.093218e+01   3.046967e-02   5.728832e+00   5.998811e-09   9.999995e-01
     49   2.111968e+01   3.101798e-02   5.677972e+00   6.051563e-09   9.999995e-01
     50   2.130718e+01   3.157118e-02   5.628007e+00   6.105206e-09   9.999995e-01
     51   2.149468e+01   3.212927e-02   5.578913e+00   6.159763e-09   9.999995e-01
     52   2.168218e+01   3.269224e-02   5.530669e+00   6.215253e-09   9.999995e-01
     53   2.186968e+01   3.326011e-02   5.483251e+00   6.271693e-09   9.999995e-01
     54   2.205718e+01   3.383287e-02   5.436640e+00   6.329097e-09   9.999995e-01
     55   2.224468e+01   3.441051e-02   5.390815e+00   6.387477e-09   9.999995e-01
     56   2.243218e+01   3.499305e-02   5.345756e+00   6.446844e-09   9.999995e-01
     57   2.261968e+01   3.558048e-02   5.301443e+00   6.507206e-09   9.999995e-01
     58   2.280718e+01   3.617279e-02   5.257860e+00   6.568570e-09   9.999995e-01
     59   2.299468e+01   3.677000e-02   5.214987e+00   6.630942e-09   9.999995e-01
     60   2.318218e+01   3.737209e-02   5.172807e+00   6.694323e-09   9.999994e-01
     61   2.336968e+01   3.797907e-02   5.131305e+00   6.758719e-09   9.999994e-01
     62   2.355718e+01   3.859095e-02   5.090463e+00   6.824131e-09   9.999994e-01
     63   2.374468e+01   3.920771e-02   5.050266e+00   6.890559e-09   9.999994e-01
     64   2.393218e+01   3.982936e-02   5.010699e+00   6.958005e-09   9.999994e-01
     65   2.411968e+01   4.045590e-02   4.971747e+00   7.026468e-09   9.999994e-01
     66   2.430718e+01   4.108733e-02   4.933396e+00   7.095948e-09   9.999994e-01
     67   2.449468e+01   4.172366e-02   4.895633e+00   7.166442e-09   9.999994e-01
     68   2.468218e+01   4.236487e-02   4.858443e+00   7.237949e-09   9.999994e-01
     69   2.486968e+01   4.301097e-02   4.821813e+00   7.310466e-09   9.999994e-01
     70   2.505718e+01   4.366196e-02   4.785732e+00   7.383989e-09   9.999994e-01
     71   2.524468e+01   4.431784e-02   4.750187e+00   7.458517e-09   9.999993e-01
     72   2.543218e+01   4.497861e-02   4.715166e+00   7.534045e-09   9.999993e-01
     73   2.561968e+01   4.564426e-02   4.680658e+00   7.610570e-09   9.999993e-01
     74   2.580718e+01   4.631481e-02   4.646651e+00   7.688087e-09   9.999993e-01
     75   2.599468e+01   4.699025e-02   4.613135e+00   7.766592e-09   9.999993e-01
     76   2.618218e+01   4.767058e-02   4.580098e+00   7.846082e-09   9.999993e-01
     77   2.636968e+01   4.835579e-02   4.547532e+00   7.926551e-09   9.999993e-01
     78   2.655718e+01   4.904590e-02   4.515425e+00   8.007996e-09   9.999993e-01
     79   2.674468e+01   4.974090e-02   4.483769e+00   8.090412e-09   9.999993e-01
     80   2.693218e+01   5.044078e-02   4.452553e+00   8.173794e-09   9.999993e-01
     81   2.711968e+01   5.114556e-02   4.421769e+00   8.258139e-09   9.999992e-01
     82   2.730718e+01   5.185522e-02   4.391408e+00   8.343441e-09   9.999992e-01
     83   2.749468e+01   5.256978e-02   4.361460e+00   8.429696e-09   9.999992e-01
     84   2.768218e+01   5.328922e-02   4.331919e+00   8.516899e-09   9.999992e-01
     85   2.786968e+01   5.401355e-02   4.302775e+00   8.605047e-09   9.999992e-01
     86   2.805718e+01   5.474278e-02   4.274020e+00   8.694134e-09   9.999992e-01
     87   2.824468e+01   5.547689e-02   4.245648e+00   8.784155e-09   9.999992e-01
     88   2.843218e+01   5.621589e-02   4.217649e+00   8.875107e-09   9.999992e-01
     89   2.861968e+01   5.695978e-02   4.190017e+00   8.966986e-09   9.999992e-01
     90   2.880718e+01   5.770857e-02   4.162746e+00   9.059787e-09   9.999991e-01
     91   2.899468e+01   5.846224e-02   4.135826e+00   9.153505e-09   9.999991e-01
     92   2.918218e+01   5.922080e-02   4.109253e+00   9.248138e-09   9.999991e-01
     93   2.936968e+01   5.998425e-02   4.083019e+00   9.343681e-09   9.999991e-01
     94   2.955718e+01   6.075259e-02   4.057118e+00   9.440131e-09   9.999991e-01
     95   2.974468e+01   6.152582e-02   4.031543e+00   9.537483e-09   9.999991e-01
     96   2.993218e+01   6.230393e-02   4.006289e+00   9.635734e-09   9.999991e-01
     97   3.011968e+01   6.308694e-02   3.981349e+00   9.734880e-09   9.999991e-01
     98   3.030718e+01   6.387484e-02   3.956718e+00   9.834917e-09   9.999991e-01
     99   3.049468e+01   6.466763e-02   3.932390e+00   9.935842e-09   9.999990e-01
    100   3.068218e+01   6.546531e-02   3.908359e+00   1.003765e-08   9.999990e-01
    101   3.086968e+01   6.626787e-02   3.884619e+00   1.014035e-08   9.999990e-01
    102   3.105718e+01   6.707533e-02   3.861167e+00   1.024392e-08   9.999990e-01
    103   3.124468e+01   6.788767e-02   3.837996e+00   1.034836e-08   9.999990e-01
    104   3.143218e+01   6.870491e-02   3.815102e+00   1.045368e-08   9.999990e-01
    105   3.161968e+01   6.952704e-02   3.792479e+00   1.055988e-08   9.999990e-01
    106   3.180718e+01   7.035405e-02   3.770122e+00   1.066694e-08   9.999990e-01
    107   3.199468e+01   7.118595e-02   3.748028e+00   1.077486e-08   9.999990e-01
    108   3.218218e+01   7.202275e-02   3.726191e+00   1.088365e-08   9.999989e-01
    109   3.236968e+01   7.286443e-02   3.704608e+00   1.099330e-08   9.999989e-01
    110   3.255718e+01   7.371100e-02   3.683272e+00   1.110380e-08   9.999989e-01
    111   3.274468e+01   7.456247e-02   3.662182e+00   1.121517e-08   9.999989e-01
    112   3.293218e+01   7.541882e-02   3.641331e+00   1.132738e-08   9.999989e-01
    113   3.311968e+01   7.628006e-02   3.620716e+00   1.144045e-08   9.999989e-01
    114   3.330718e+01   7.714619e-02   3.600334e+00   1.155437e-08   9.999989e-01
    115   3.349468e+01   7.801721e-02   3.580179e+00   1.166914e-08   9.999989e-01
    116   3.368218e+01   7.889312e-02   3.560249e+00   1.178475e-08   9.999988e-01
    117   3.386968e+01   7.977392e-02   3.540540e+00   1.190121e-08   9.999988e-01
    118   3.405718e+01   8.065961e-02   3.521048e+00   1.201851e-08   9.999988e-01
    119   3.424468e+01   8.155019e-02   3.501769e+00   1.213665e-08   9.999988e-01
    120   3.443218e+01   8.244566e-02   3.482700e+00   1.225564e-08   9.999988e-01
    121   3.461968e+01   8.334602e-02   3.463838e+00   1.237547e-08   9.999988e-01
    122   3.480718e+01   8.425127e-02   3.445179e+00   1.249613e-08   9.999988e-01
    123   3.499468e+01   8.516140e-02   3.426720e+00   1.261764e-08   9.999987e-01
    124   3.518218e+01   8.607643e-02   3.408457e+00   1.273998e-08   9.999987e-01
    125   3.536968e+01   8.699635e-02   3.390389e+00   1.286316e-08   9.999987e-01
    126   3.555718e+01   8.792115e-02   3.372511e+00   1.298717e-08   9.999987e-01
    127   3.574468e+01   8.885085e-02   3.354820e+00   1.311203e-08   9.999987e-01
    128   3.593218e+01   8.978543e-02   3.337314e+00   1.323771e-08   9.999987e-01
    129   3.611968e+01   9.072491e-02   3.319990e+00   1.336424e-08   9.999987e-01
    130   3.630718e+01   9.166927e-02   3.302844e+00   1.349160e-08   9.999986e-01
    131   3.649468e+01   9.261853e-02   3.285875e+00   1.361979e-08   9.999986e-01
    132   3.668218e+01   9.357267e-02   3.269080e+00   1.374882e-08   9.999986e-01
    133   3.686968e+01   9.453170e-02   3.252455e+00   1.387869e-08   9.999986e-01
    134   3.705718e+01   9.549563e-02   3.235998e+00   1.400939e-08   9.999986e-01
    135   3.724468e+01   9.646444e-02   3.219707e+00   1.414094e-08   9.999986e-01
    136   3.743218e+01   9.743814e-02   3.203580e+00   1.427332e-08   9.999986e-01
    137   3.761968e+01   9.841673e-02   3.187613e+00   1.440653e-08   9.999985e-01
    138   3.780718e+01   9.940021e-02   3.171804e+00   1.454059e-08   9.999985e-01
    139   3.799468e+01   1.003886e-01   3.156151e+00   1.467549e-08   9.999985e-01
    140   3.818218e+01   1.013818e-01   3.140653e+00   1.481123e-08   9.999985e-01
    141   3.836968e+01   1.023800e-01   3.125305e+00   1.494781e-08   9.999985e-01
    142   3.855718e+01   1.033830e-01   3.110107e+00   1.508523e-08   9.999985e-01
    143   3.874468e+01   1.043910e-01   3.095056e+00   1.522350e-08   9.999985e-01
    144   3.893218e+01   1.054038e-01   3.080150e+00   1.536262e-08   9.999984e-01
    145   3.911968e+01   1.064215e-01   3.065387e+00   1.550258e-08   9.999984e-01
    146   3.930718e+01   1.074441e-01   3.050765e+00   1.564340e-08   9.999984e-01
    147   3.949468e+01   1.084716e-01   3.036281e+00   1.578507e-08   9.999984e-01
    148   3.968218e+01   1.095039e-01   3.021935e+00   1.592759e-08   9.999984e-01
    149   3.986968e+01   1.105412e-01   3.007723e+00   1.607096e-08   9.999984e-01
    150   4.005718e+01   1.115834e-01   2.993645e+00   1.621520e-08   9.999983e-01
    151   4.024468e+01   1.126304e-01   2.979697e+00   1.636030e-08   9.999983e-01
    152   4.043218e+01   1.136824e-01   2.965879e+00   1.650625e-08   9.999983e-01
    153   4.061968e+01   1.147392e-01   2.952189e+00   1.665308e-08   9.999983e-01
    154   4.080718e+01   1.158009e-01   2.938624e+00   1.680077e-08   9.999983e-01
    155   4.099468e+01   1.168675e-01   2.925184e+00   1.694934e-08   9.999983e-01
    156   4.118218e+01   1.179390e-01   2.911865e+00   1.709878e-08   9.999982e-01
    157   4.136968e+01   1.190154e-01   2.898668e+00   1.724909e-08   9.999982e-01
    158   4.155718e+01   1.200966e-01   2.885590e+00   1.740029e-08   9.999982e-01
    159   4.174468e+01   1.211828e-01   2.872629e+00   1.755237e-08   9.999982e-01
    160   4.193218e+01   1.222739e-01   2.859784e+00   1.770535e-08   9.999982e-01
    161   4.211968e+01   1.233698e-01   2.847053e+00   1.785921e-08   9.999982e-01
    162   4.230718e+01   1.244706e-01   2.834435e+00   1.801397e-08   9.999981e-01
    163   4.249468e+01   1.255764e-01   2.821929e+00   1.816963e-08   9.999981e-01
    164   4.268218e+01   1.266870e-01   2.809532e+00   1.832619e-08   9.999981e-01
    165   4.286968e+01   1.278025e-01   2.797244e+00   1.848366e-08   9.999981e-01
    166   4.305718e+01   1.289228e-01   2.785063e+00   1.864204e-08   9.999981e-01
    167   4.324468e+01   1.300481e-01   2.772988e+00   1.880134e-08   9.999981e-01
    168   4.343218e+01   1.311783e-01   2.761017e+00   1.896157e-08   9.999980e-01
    169   4.361968e+01   1.323134e-01   2.749148e+00   1.912272e-08   9.999980e-01
    170   4.380718e+01   1.334533e-01   2.737382e+00   1.928480e-08   9.999980e-01
    171   4.399468e+01   1.345981e-01   2.725715e+00   1.944782e-08   9.999980e-01
    172   4.418218e+01   1.357479e-01   2.714148e+00   1.961178e-08   9.999980e-01
    173   4.436968e+01   1.369025e-01   2.702678e+00   1.977669e-08   9.999979e-01
    174   4.455718e+01   1.380620e-01   2.691305e+00   1.994256e-08   9.999979e-01
    175   4.474468e+01   1.392264e-01   2.680027e+00   2.010938e-08   9.999979e-01
    176   4.493218e+01   1.403957e-01   2.668844e+00   2.027717e-08   9.999979e-01
    177   4.511968e+01   1.415698e-01   2.657753e+00   2.044593e-08   9.999979e-01
    178   4.530718e+01   1.427489e-01   2.646754e+00   2.061567e-08   9.999978e-01
    179   4.549468e+01   1.439329e-01   2.635846e+00   2.078639e-08   9.999978e-01
    180   4.568218e+01   1.451217e-01   2.625027e+00   2.095810e-08   9.999978e-01
    181   4.586968e+01   1.463154e-01   2.614297e+00   2.113081e-08   9.999978e-01
    182   4.605718e+01   1.475141e-01   2.603654e+00   2.130452e-08   9.999978e-01
    183   4.624468e+01   1.487176e-01   2.593098e+00   2.147924e-08   9.999977e-01
    184   4.643218e+01   1.499260e-01   2.582626e+00   2.165498e-08   9.999977e-01
    185   4.661968e+01   1.511393e-01   2.572239e+00   2.183174e-08   9.999977e-01
    186   4.680718e+01   1.523574e-01   2.561935e+00   2.200953e-08   9.999977e-01
    187   4.699468e+01   1.535805e-01   2.551714e+00   2.218836e-08   9.999977e-01
    188   4.718218e+01   1.548085e-01   2.541573e+00   2.236824e-08   9.999976e-01
    189   4.736968e+01   1.560413e-01   2.531513e+00   2.254916e-08   9.999976e-01
    190   4.755718e+01   1.572791e-01   2.521532e+00   2.273114e-08   9.999976e-01
    191   4.774468e+01   1.585217e-01   2.511630e+00   2.291418e-08   9.999976e-01
    192   4.793218e+01   1.597692e-01   2.501805e+00   2.309829e-08   9.999976e-01
    193   4.811968e+01   1.610216e-01   2.492057e+00   2.328348e-08   9.999975e-01
    194   4.830718e+01   1.622789e-01   2.482384e+00   2.346975e-08   9.999975e-01
    195   4.849468e+01   1.635411e-01   2.472786e+00   2.365712e-08   9.999975e-01
    196   4.868218e+01   1.648082e-01   2.463262e+00   2.384559e-08   9.999975e-01
    197   4.886968e+01   1.660801e-01   2.453811e+00   2.403517e-08   9.999975e-01
    198   4.905718e+01   1.673570e-01   2.444433e+00   2.422587e-08   9.999974e-01
    199   4.924468e+01   1.686387e-01   2.435125e+00   2.441770e-08   9.999974e-01
    200   4.943218e+01   1.699254e-01   2.425889e+00   2.461067e-08   9.999974e-01
    201   4.961968e+01   1.712169e-01   2.416722e+00   2.480478e-08   9.999974e-01
    202   4.980718e+01   1.725133e-01   2.407624e+00   2.500005e-08   9.999973e-01
    203   4.999468e+01   1.738146e-01   2.398595e+00   2.519647e-08   9.999973e-01
    204   5.018218e+01   1.751208e-01   2.389633e+00   2.539406e-08   9.999973e-01
    205   5.036968e+01   1.764319e-01   2.380737e+00   2.559282e-08   9.999973e-01
    206   5.055718e+01   1.777479e-01   2.371908e+00   2.579276e-08   9.999972e-01
    207   5.074468e+01   1.790687e-01   2.363144e+00   2.599388e-08   9.999972e-01
    208   5.093218e+01   1.803945e-01   2.354444e+00   2.619620e-08   9.999972e-01
    209   5.111968e+01   1.817251e-01   2.345808e+00   2.639973e-08   9.999972e-01
    210   5.130718e+01   1.830606e-01   2.337236e+00   2.660446e-08   9.999972e-01
    211   5.149468e+01   1.844011e-01   2.328725e+00   2.681040e-08   9.999971e-01
    212   5.168218e+01   1.857464e-01   2.320277e+00   2.701756e-08   9.999971e-01
    213   5.186968e+01   1.870966e-01   2.311890e+00   2.722595e-08   9.999971e-01
    214   5.205718e+01   1.884517e-01   2.303563e+00   2.743557e-08   9.999971e-01
    215   5.224468e+01   1.898116e-01   2.295295e+00   2.764642e-08   9.999970e-01
    216   5.243218e+01   1.911765e-01   2.287087e+00   2.785852e-08   9.999970e-01
    217   5.261968e+01   1.925463e-01   2.278938e+00   2.807187e-08   9.999970e-01
    218   5.280718e+01   1.939209e-01   2.270846e+00   2.828647e-08   9.999970e-01
    219   5.299468e+01   1.953005e-01   2.262811e+00   2.850235e-08   9.999969e-01
    220   5.318218e+01   1.966849e-01   2.254834e+00   2.871950e-08   9.999969e-01
    221   5.336968e+01   1.980742e-01   2.246912e+00   2.893794e-08   9.999969e-01
    222   5.355718e+01   1.994684e-01   2.239046e+00   2.915768e-08   9.999969e-01
    223   5.374468e+01   2.008675e-01   2.231234e+00   2.937871e-08   9.999968e-01
    224   5.393218e+01   2.022715e-01   2.223477e+00   2.960107e-08   9.999968e-01
    225   5.411968e+01   2.036804e-01   2.215774e+00   2.982474e-08   9.999968e-01
    226   5.430718e+01   2.050941e-01   2.208124e+00   3.004973e-08   9.999968e-01
    227   5.449468e+01   2.065128e-01   2.200526e+00   3.027604e-08   9.999967e-01
    228   5.468218e+01   2.079363e-01   2.192981e+00   3.050367e-08   9.999967e-01
    229   5.486968e+01   2.093647e-01   2.185487e+00   3.073260e-08   9.999967e-01
    230   5.505718e+01   2.107981e-01   2.178044e+00   3.096284e-08   9.999966e-01
    231   5.524468e+01   2.122363e-01   2.170652e+00   3.119439e-08   9.999966e-01
    232   5.543218e+01   2.136794e-01   2.163310e+00   3.142725e-08   9.999966e-01
    233   5.561968e+01   2.151274e-01   2.156017e+00   3.166143e-08   9.999966e-01
    234   5.580718e+01   2.165803e-01   2.148773e+00   3.189693e-08   9.999965e-01
    235   5.599468e+01   2.180380e-01   2.141578e+00   3.213375e-08   9.999965e-01
    236   5.618218e+01   2.195007e-01   2.134431e+00   3.237189e-08   9.999965e-01
    237   5.636968e+01   2.209682e-01   2.127331e+00   3.261135e-08   9.999964e-01
    238   5.655718e+01   2.224407e-01   2.120278e+00   3.285214e-08   9.999964e-01
    239   5.674468e+01   2.239180e-01   2.113272e+00   3.309427e-08   9.999964e-01
    240   5.693218e+01   2.254002e-01   2.106313e+00   3.333775e-08   9.999964e-01
    241   5.711968e+01   2.268873e-01   2.099399e+00   3.358258e-08   9.999963e-01
    242   5.730718e+01   2.283793e-01   2.092530e+00   3.382877e-08   9.999963e-01
    243   5.749468e+01   2.298762e-01   2.085706e+00   3.407631e-08   9.999963e-01
    244   5.768218e+01   2.313780e-01   2.078926e+00   3.432523e-08   9.999962e-01
    245   5.786968e+01   2.328846e-01   2.072190e+00   3.457551e-08   9.999962e-01
    246   5.805718e+01   2.343962e-01   2.065498e+00   3.482720e-08   9.999962e-01
    247   5.824468e+01   2.359126e-01   2.058848e+00   3.508030e-08   9.999962e-01
    248   5.843218e+01   2.374340e-01   2.052242e+00   3.533483e-08   9.999961e-01
    249   5.861968e+01   2.389602e-01   2.045678e+00   3.559082e-08   9.999961e-01
    250   5.880718e+01   2.404913e-01   2.039155e+00   3.584828e-08   9.999961e-01
    251   5.899468e+01   2.420273e-01   2.032674e+00   3.610725e-08   9.999960e-01
    252   5.918218e+01   2.435682e-01   2.026234e+00   3.636772e-08   9.999960e-01
    253   5.936968e+01   2.451140e-01   2.019835e+00   3.662970e-08   9.999960e-01
    254   5.955718e+01   2.466647e-01   2.013476e+00   3.689318e-08   9.999959e-01
    255   5.974468e+01   2.482202e-01   2.007157e+00   3.715817e-08   9.999959e-01
    256   5.993218e+01   2.497807e-01   2.000878e+00   3.742466e-08   9.999959e-01
    257   6.011968e+01   2.513460e-01   1.994638e+00   3.769267e-08   9.999958e-01
    258   6.030718e+01   2.529163e-01   1.988436e+00   3.796221e-08   9.999958e-01
    259   6.049468e+01   2.544914e-01   1.982273e+00   3.823328e-08   9.999958e-01
    260   6.068218e+01   2.560714e-01   1.976148e+00   3.850589e-08   9.999957e-01
    261   6.086968e+01   2.576563e-01   1.970061e+00   3.878002e-08   9.999957e-01
    262   6.105718e+01   2.592461e-01   1.964011e+00   3.905569e-08   9.999957e-01
    263   6.124468e+01   2.608407e-01   1.957998e+00   3.933291e-08   9.999956e-01
    264   6.143218e+01   2.624403e-01   1.952022e+00   3.961167e-08   9.999956e-01
    265   6.161968e+01   2.640448e-01   1.946082e+00   3.989198e-08   9.999956e-01
    266   6.180718e+01   2.656541e-01   1.940179e+00   4.017382e-08   9.999955e-01
    267   6.199468e+01   2.672684e-01   1.934311e+00   4.045717e-08   9.999955e-01
    268   6.218218e+01   2.688875e-01   1.928478e+00   4.074201e-08   9.999955e-01
    269   6.236968e+01   2.705115e-01   1.922681e+00   4.102832e-08   9.999954e-01
    270   6.255718e+01   2.721404e-01   1.916918e+00   4.131608e-08   9.999954e-01
    271   6.274468e+01   2.737742e-01   1.911189e+00   4.160528e-08   9.999954e-01
    272   6.293218e+01   2.754129e-01   1.905495e+00   4.189593e-08   9.999953e-01
    273   6.311968e+01   2.770565e-01   1.899835e+00   4.218803e-08   9.999953e-01
    274   6.330718e+01   2.787049e-01   1.894208e+00   4.248158e-08   9.999953e-01
    275   6.349468e+01   2.803583e-01   1.888614e+00   4.277659e-08   9.999952e-01
    276   6.368218e+01   2.820165e-01   1.883054e+00   4.307304e-08   9.999952e-01
    277   6.386968e+01   2.836796e-01   1.877526e+00   4.337096e-08   9.999952e-01
    278   6.405718e+01   2.853477e-01   1.872030e+00   4.367035e-08   9.999951e-01
    279   6.424468e+01   2.870206e-01   1.866567e+00   4.397122e-08   9.999951e-01
    280   6.443218e+01   2.886984e-01   1.861135e+00   4.427361e-08   9.999951e-01
    281   6.461968e+01   2.903811e-01   1.855735e+00   4.457750e-08   9.999950e-01
    282   6.480718e+01   2.920686e-01   1.850366e+00   4.488289e-08   9.999950e-01
    283   6.499468e+01   2.937611e-01   1.845028e+00   4.518981e-08   9.999949e-01
    284   6.518218e+01   2.954585e-01   1.839720e+00   4.549826e-08   9.999949e-01
    285   6.536968e+01   2.971607e-01   1.834443e+00   4.580825e-08   9.999949e-01
    286   6.555718e+01   2.988679e-01   1.829197e+00   4.611979e-08   9.999948e-01
    287   6.574468e+01   3.005799e-01   1.823980e+00   4.643287e-08   9.999948e-01
    288   6.593218e+01   3.022968e-01   1.818793e+00   4.674753e-08   9.999948e-01
    289   6.611968e+01   3.040186e-01   1.813635e+00   4.706376e-08   9.999947e-01
    290   6.630718e+01   3.057453e-01   1.808507e+00   4.738158e-08   9.999947e-01
    291   6.649468e+01   3.074769e-01   1.803407e+00   4.770100e-08   9.999946e-01
    292   6.668218e+01   3.092134e-01   1.798336e+00   4.802204e-08   9.999946e-01
    293   6.686968e+01   3.109547e-01   1.793294e+00   4.834465e-08   9.999946e-01
    294   6.705718e+01   3.127010e-01   1.788279e+00   4.866885e-08   9.999945e-01
    295   6.724468e+01   3.144521e-01   1.783293e+00   4.899462e-08   9.999945e-01
    296   6.743218e+01   3.162082e-01   1.778335e+00   4.932196e-08   9.999945e-01
    297   6.761968e+01   3.179691e-01   1.773403e+00   4.965088e-08   9.999944e-01
    298   6.780718e+01   3.197349e-01   1.768500e+00   4.998135e-08   9.999944e-01
    299   6.799468e+01   3.215056e-01   1.763623e+00   5.031336e-08   9.999943e-01
    300   6.818218e+01   3.232812e-01   1.758773e+00   5.064689e-08   9.999943e-01
    301   6.836968e+01   3.250617e-01   1.753950e+00   5.098194e-08   9.999943e-01
    302   6.855718e+01   3.268471e-01   1.749153e+00   5.131849e-08   9.999942e-01
    303   6.874468e+01   3.286373e-01   1.744382e+00   5.165656e-08   9.999942e-01
    304   6.893218e+01   3.304325e-01   1.739637e+00   5.199613e-08   9.999941e-01
    305   6.911968e+01   3.322325e-01   1.734918e+00   5.233721e-08   9.999941e-01
    306   6.930718e+01   3.340374e-01   1.730224e+00   5.267982e-08   9.999941e-01
    307   6.949468e+01   3.358473e-01   1.725556e+00   5.302395e-08   9.999940e-01
    308   6.968218e+01   3.376620e-01   1.720913e+00   5.336960e-08   9.999940e-01
    309   6.986968e+01   3.394816e-01   1.716295e+00   5.371675e-08   9.999939e-01
    310   7.005718e+01   3.413061e-01   1.711701e+00   5.406542e-08   9.999939e-01
    311   7.024468e+01   3.431354e-01   1.707132e+00   5.441558e-08   9.999939e-01
    312   7.043218e+01   3.449697e-01   1.702588e+00   5.476720e-08   9.999938e-01
    313   7.061968e+01   3.468089e-01   1.698067e+00   5.512026e-08   9.999938e-01
    314   7.080718e+01   3.486529e-01   1.693571e+00   5.547476e-08   9.999937e-01
    315   7.099468e+01   3.505018e-01   1.689098e+00   5.583067e-08   9.999937e-01
    316   7.118218e+01   3.523557e-01   1.684649e+00   5.618799e-08   9.999937e-01
    317   7.136968e+01   3.542144e-01   1.680223e+00   5.654670e-08   9.999936e-01
    318   7.155718e+01   3.560780e-01   1.675820e+00   5.690682e-08   9.999936e-01
    319   7.174468e+01   3.579465e-01   1.671441e+00   5.726836e-08   9.999935e-01
    320   7.193218e+01   3.598199e-01   1.667084e+00   5.763133e-08   9.999935e-01
    321   7.211968e+01   3.616981e-01   1.662750e+00   5.799573e-08   9.999935e-01
    322   7.230718e+01   3.635813e-01   1.658438e+00   5.836160e-08   9.999934e-01
    323   7.249468e+01   3.654693e-01   1.654149e+00   5.872895e-08   9.999934e-01
    324   7.268218e+01   3.673623e-01   1.649881e+00   5.909777e-08   9.999933e-01
    325   7.286968e+01   3.692601e-01   1.645636e+00   5.946810e-08   9.999933e-01
    326   7.305718e+01   3.711628e-01   1.641413e+00   5.983995e-08   9.999932e-01
    327   7.324468e+01   3.730705e-01   1.637211e+00   6.021334e-08   9.999932e-01
    328   7.343218e+01   3.749830e-01   1.633030e+00   6.058828e-08   9.999932e-01
    329   7.361968e+01   3.769003e-01   1.628871e+00   6.096476e-08   9.999931e-01
    330   7.380718e+01   3.788226e-01   1.624733e+00   6.134282e-08   9.999931e-01
    331   7.399468e+01   3.807498e-01   1.620616e+00   6.172246e-08   9.999930e-01
    332   7.418218e+01   3.826818e-01   1.616520e+00   6.210371e-08   9.999930e-01
    333   7.436968e+01   3.846188e-01   1.612444e+00   6.248657e-08   9.999929e-01
    334   7.455718e+01   3.865606e-01   1.608389e+00   6.287108e-08   9.999929e-01
    335   7.474468e+01   3.885074e-01   1.604355e+00   6.325724e-08   9.999928e-01
    336   7.493218e+01   3.904590e-01   1.600340e+00   6.364509e-08   9.999928e-01
    337   7.511968e+01   3.924155e-01   1.596346e+00   6.403465e-08   9.999927e-01
    338   7.530718e+01   3.943769e-01   1.592371e+00   6.442592e-08   9.999927e-01
    339   7.549468e+01   3.963432e-01   1.588416e+00   6.481889e-08   9.999927e-01
    340   7.568218e+01   3.983143e-01   1.584481e+00   6.521357e-08   9.999926e-01
    341   7.586968e+01   4.002904e-01   1.580565e+00   6.560995e-08   9.999926e-01
    342   7.605718e+01   4.022714e-01   1.576669e+00   6.600801e-08   9.999925e-01
    343   7.624468e+01   4.042572e-01   1.572791e+00   6.640774e-08   9.999925e-01
    344   7.643218e+01   4.062479e-01   1.568933e+00   6.680913e-08   9.999924e-01
    345   7.661968e+01   4.082436e-01   1.565094e+00   6.721213e-08   9.999924e-01
    346   7.680718e+01   4.102441e-01   1.561273e+00   6.761672e-08   9.999923e-01
    347   7.699468e+01   4.122495e-01   1.557471e+00   6.802287e-08   9.999923e-01
    348   7.718218e+01   4.142598e-01   1.553687e+00   6.843056e-08   9.999922e-01
    349   7.736968e+01   4.162750e-01   1.549922e+00   6.883978e-08   9.999922e-01
    350   7.755718e+01   4.182950e-01   1.546175e+00   6.925052e-08   9.999921e-01
    351   7.774468e+01   4.203200e-01   1.542446e+00   6.966279e-08   9.999921e-01
    352   7.793218e+01   4.223498e-01   1.538735e+00   7.007653e-08   9.999920e-01
    353   7.811968e+01   4.243846e-01   1.535042e+00   7.049177e-08   9.999920e-01
    354   7.830718e+01   4.264242e-01   1.531366e+00   7.090848e-08   9.999919e-01
    355   7.849468e+01   4.284687e-01   1.527708e+00   7.132666e-08   9.999919e-01
    356   7.868218e+01   4.305181e-01   1.524068e+00   7.174632e-08   9.999918e-01
    357   7.886968e+01   4.325724e-01   1.520445e+00   7.216749e-08   9.999918e-01
    358   7.905718e+01   4.346316e-01   1.516839e+00   7.259018e-08   9.999917e-01
    359   7.924468e+01   4.366957e-01   1.513250e+00   7.301443e-08   9.999917e-01
    360   7.943218e+01   4.387647e-01   1.509677e+00   7.344027e-08   9.999916e-01
    361   7.961968e+01   4.408385e-01   1.506122e+00   7.386774e-08   9.999916e-01
    362   7.980718e+01   4.429173e-01   1.502584e+00   7.429685e-08   9.999915e-01
    363   7.999468e+01   4.450009e-01   1.499062e+00   7.472763e-08   9.999915e-01
    364   8.018218e+01   4.470894e-01   1.495556e+00   7.516012e-08   9.999914e-01
    365   8.036968e+01   4.491828e-01   1.492067e+00   7.559435e-08   9.999914e-01
    366   8.055718e+01   4.512811e-01   1.488594e+00   7.603037e-08   9.999913e-01
    367   8.074468e+01   4.533843e-01   1.485138e+00   7.646824e-08   9.999913e-01
    368   8.093218e+01   4.554924e-01   1.481697e+00   7.690798e-08   9.999912e-01
    369   8.111968e+01   4.576054e-01   1.478272e+00   7.734959e-08   9.999912e-01
    370   8.130718e+01   4.597233e-01   1.474863e+00   7.779310e-08   9.999911e-01
    371   8.149468e+01   4.618460e-01   1.471470e+00   7.823848e-08   9.999911e-01
    372   8.168218e+01   4.639736e-01   1.468092e+00   7.868573e-08   9.999910e-01
    373   8.186968e+01   4.661062e-01   1.464730e+00   7.913480e-08   9.999910e-01
    374   8.205718e+01   4.682436e-01   1.461383e+00   7.958566e-08   9.999909e-01
    375   8.224468e+01   4.703859e-01   1.458051e+00   8.003827e-08   9.999908e-01
    376   8.243218e+01   4.725331e-01   1.454735e+00   8.049265e-08   9.999908e-01
    377   8.261968e+01   4.746852e-01   1.451434e+00   8.094871e-08   9.999907e-01
    378   8.280718e+01   4.768422e-01   1.448147e+00   8.140645e-08   9.999907e-01
    379   8.299468e+01   4.790040e-01   1.444875e+00   8.186583e-08   9.999906e-01
    380   8.318218e+01   4.811708e-01   1.441619e+00   8.232683e-08   9.999906e-01
    381   8.336968e+01   4.833425e-01   1.438376e+00   8.278944e-08   9.999905e-01
    382   8.355718e+01   4.855190e-01   1.435149e+00   8.325363e-08   9.999905e-01
    383   8.374468e+01   4.877004e-01   1.431935e+00   8.371943e-08   9.999904e-01
    384   8.393218e+01   4.898867e-01   1.428737e+00   8.418677e-08   9.999904e-01
    385   8.411968e+01   4.920779e-01   1.425552e+00   8.465561e-08   9.999903e-01
    386   8.430718e+01   4.942740e-01   1.422382e+00   8.512592e-08   9.999902e-01
    387   8.449468e+01   4.964750e-01   1.419225e+00   8.559768e-08   9.999902e-01
    388   8.468218e+01   4.986809e-01   1.416083e+00   8.607088e-08   9.999901e-01
    389   8.486968e+01   5.008917e-01   1.412954e+00   8.654550e-08   9.999901e-01
    390   8.505718e+01   5.031073e-01   1.409840e+00   8.702158e-08   9.999900e-01
    391   8.524468e+01   5.053279e-01   1.406739e+00   8.749910e-08   9.999900e-01
    392   8.543218e+01   5.075533e-01   1.403651e+00   8.797805e-08   9.999899e-01
    393   8.561968e+01   5.097836e-01   1.400577e+00   8.845841e-08   9.999899e-01
    394   8.580718e+01   5.120188e-01   1.397517e+00   8.894016e-08   9.999898e-01
    395   8.599468e+01   5.142589e-01   1.394470e+00   8.942330e-08   9.999898e-01
    396   8.618218e+01   5.165039e-01   1.391436e+00   8.990790e-08   9.999897e-01
    397   8.636968e+01   5.187538e-01   1.388415e+00   9.039394e-08   9.999897e-01
    398   8.655718e+01   5.210086e-01   1.385408e+00   9.088146e-08   9.999896e-01
    399   8.674468e+01   5.232682e-01   1.382413e+00   9.137049e-08   9.999896e-01
    400   8.693218e+01   5.255328e-01   1.379431e+00   9.186104e-08   9.999895e-01
    401   8.711968e+01   5.278022e-01   1.376463e+00   9.235313e-08   9.999894e-01
    402   8.730718e+01   5.300765e-01   1.373506e+00   9.284680e-08   9.999894e-01
    403   8.749468e+01   5.323558e-01   1.370563e+00   9.334208e-08   9.999893e-01
    404   8.768218e+01   5.346399e-01   1.367632e+00   9.383903e-08   9.999893e-01
    405   8.786968e+01   5.369289e-01   1.364714e+00   9.433772e-08   9.999892e-01
    406   8.805718e+01   5.392228e-01   1.361808e+00   9.483816e-08   9.999892e-01
    407   8.824468e+01   5.415215e-01   1.358915e+00   9.534038e-08   9.999891e-01
    408   8.843218e+01   5.438252e-01   1.356033e+00   9.584437e-08   9.999890e-01
    409   8.861968e+01   5.461338e-01   1.353164e+00   9.635016e-08   9.999890e-01
    410   8.880718e+01   5.484472e-01   1.350307e+00   9.685773e-08   9.999889e-01
    411   8.899468e+01   5.507655e-01   1.347462e+00   9.736709e-08   9.999889e-01
    412   8.918218e+01   5.530888e-01   1.344629e+00   9.787817e-08   9.999888e-01
    413   8.936968e+01   5.554169e-01   1.341808e+00   9.839095e-08   9.999888e-01
    414   8.955718e+01   5.577499e-01   1.338999e+00   9.890546e-08   9.999887e-01
    415   8.974468e+01   5.600878e-01   1.336201e+00   9.942172e-08   9.999886e-01
    416   8.993218e+01   5.624306e-01   1.333416e+00   9.993973e-08   9.999886e-01
    417   9.011968e+01   5.647782e-01   1.330641e+00   1.004595e-07   9.999885e-01
    418   9.030718e+01   5.671308e-01   1.327879e+00   1.009809e-07   9.999885e-01
    419   9.049468e+01   5.694882e-01   1.325127e+00   1.015041e-07   9.999884e-01
    420   9.068218e+01   5.718506e-01   1.322387e+00   1.020288e-07   9.999883e-01
    421   9.086968e+01   5.742178e-01   1.319659e+00   1.025551e-07   9.999883e-01
    422   9.105718e+01   5.765899e-01   1.316941e+00   1.030828e-07   9.999882e-01
    423   9.124468e+01   5.789669e-01   1.314235e+00   1.036120e-07   9.999882e-01
    424   9.143218e+01   5.813488e-01   1.311540e+00   1.041424e-07   9.999881e-01
    425   9.161968e+01   5.837356e-01   1.308856e+00   1.046741e-07   9.999881e-01
    426   9.180718e+01   5.861273e-01   1.306183e+00   1.052070e-07   9.999880e-01
    427   9.199468e+01   5.885239e-01   1.303521e+00   1.057411e-07   9.999880e-01
    428   9.218218e+01   5.909253e-01   1.300869e+00   1.062764e-07   9.999879e-01
    429   9.236968e+01   5.933317e-01   1.298229e+00   1.068129e-07   9.999879e-01
