# power spectrum of phi
# redshift z=0.792918
# k              Pk             sigma(k)       sigma(Pk)      count
  1.256637e-01   3.422789e-11   0.000000e+00   1.376007e-11   6
  1.777153e-01   8.850022e-12   0.000000e+00   1.835222e-12   12
  2.176559e-01   3.874584e-12   2.384186e-09   1.029191e-12   8
  2.513274e-01   1.012503e-11   0.000000e+00   1.594063e-12   6
  2.809926e-01   5.642636e-12   4.495664e-09   1.657391e-12   24
  3.078120e-01   6.409354e-12   4.495664e-09   1.321238e-12   24
  3.708310e-01   2.102592e-12   9.740034e-03   2.045037e-13   42
  3.973835e-01   1.989901e-12   0.000000e+00   2.838111e-13   24
  4.167794e-01   2.523671e-12   7.786718e-09   5.331057e-13   24
  4.486432e-01   1.179029e-12   7.696839e-03   2.383991e-13   32
  4.701905e-01   1.471530e-12   0.000000e+00   2.915474e-13   48
  5.026548e-01   3.857936e-13   0.000000e+00   1.219112e-13   6
  5.245624e-01   1.032457e-12   7.433575e-03   1.121776e-13   84
  5.548703e-01   1.049650e-12   7.114891e-03   1.407973e-13   48
  5.803806e-01   9.651734e-13   6.388277e-03   1.146044e-13   72
  6.156239e-01   6.931060e-13   8.991328e-09   1.120147e-13   24
  6.371019e-01   6.341265e-13   5.669664e-03   6.060572e-14   102
  6.694115e-01   5.835774e-13   1.096246e-02   5.831192e-14   104
  6.882885e-01   4.460119e-13   0.000000e+00   7.233831e-14   48
  7.254833e-01   4.642170e-13   7.274260e-03   4.169270e-14   108
  7.474926e-01   5.992969e-13   5.130540e-03   5.570520e-14   78
  7.720780e-01   4.914213e-13   4.442982e-03   5.405478e-14   96
  8.060166e-01   3.093730e-13   6.261981e-03   2.312872e-14   168
  8.373048e-01   4.156272e-13   7.572942e-03   3.114733e-14   120
  8.522927e-01   3.498707e-13   0.000000e+00   5.350049e-14   48
  8.875381e-01   3.238398e-13   7.331812e-03   1.993471e-14   194
  9.180568e-01   3.183262e-13   5.998724e-03   2.361848e-14   192
  9.445606e-01   3.182052e-13   4.179554e-03   2.660845e-14   96
  9.631875e-01   2.573323e-13   3.557186e-03   2.655696e-14   96
  9.867076e-01   2.542019e-13   5.247590e-03   1.754628e-14   174
  1.018302e+00   2.535638e-13   5.162719e-03   1.596122e-14   216
  1.043827e+00   2.423888e-13   5.348761e-03   2.019245e-14   192
  1.076680e+00   2.382635e-13   5.670253e-03   1.652414e-14   204
  1.099851e+00   1.998172e-13   7.765578e-03   1.255523e-14   224
  1.131927e+00   2.054380e-13   4.383724e-03   1.441463e-14   174
  1.156826e+00   2.162961e-13   8.426920e-03   1.163085e-14   288
  1.187720e+00   1.664174e-13   4.148414e-03   9.675499e-15   288
  1.211830e+00   1.735829e-13   8.001468e-03   1.180810e-14   192
  1.243389e+00   1.742244e-13   5.855465e-03   9.352796e-15   252
  1.263357e+00   1.350345e-13   3.489272e-03   1.013859e-14   246
  1.290480e+00   1.440549e-13   6.620985e-03   8.797994e-15   312
  1.314676e+00   1.359214e-13   4.277300e-03   8.403889e-15   248
  1.347888e+00   1.335973e-13   9.048203e-03   6.944847e-15   432
  1.374643e+00   1.225508e-13   7.577672e-03   9.368725e-15   198
  1.401083e+00   1.330392e-13   9.164834e-03   6.142471e-15   456
  1.431960e+00   1.135481e-13   5.348273e-03   6.507411e-15   324
  1.453813e+00   1.143186e-13   6.331779e-03   5.848219e-15   312
  1.480905e+00   1.110820e-13   7.942383e-03   5.750264e-15   408
  1.514610e+00   1.062856e-13   7.334839e-03   5.182691e-15   414
  1.537790e+00   1.175579e-13   6.347030e-03   6.600914e-15   392
  1.561513e+00   1.072891e-13   7.151225e-03   5.361187e-15   408
  1.592735e+00   1.079448e-13   7.590585e-03   4.738011e-15   444
  1.616449e+00   9.705807e-14   6.136314e-03   4.709054e-15   360
  1.646728e+00   9.710399e-14   8.422264e-03   3.485765e-15   678
  1.678751e+00   9.644862e-14   5.398523e-03   5.048320e-15   360
  1.703361e+00   8.134021e-14   8.890407e-03   3.385919e-15   648
  1.726824e+00   8.836765e-14   4.108984e-03   5.542929e-15   288
  1.756709e+00   8.015502e-14   7.655141e-03   2.785288e-15   686
  1.784813e+00   8.937596e-14   5.691443e-03   3.983992e-15   444
  1.810226e+00   7.647318e-14   7.904944e-03   2.881140e-15   696
  1.835505e+00   7.143526e-14   7.510099e-03   3.490468e-15   408
  1.862936e+00   6.959300e-14   7.770126e-03   2.445275e-15   648
  1.891496e+00   6.741074e-14   6.803125e-03   2.725483e-15   582
  1.916959e+00   6.207193e-14   8.515206e-03   2.103365e-15   744
  1.945057e+00   6.289058e-14   8.500719e-03   2.966586e-15   516
  1.970941e+00   5.674906e-14   8.226327e-03   2.171958e-15   728
  1.994838e+00   6.884157e-14   6.815975e-03   2.718210e-15   558
  2.023696e+00   5.839846e-14   6.871155e-03   2.068352e-15   768
  2.054980e+00   5.377557e-14   7.965130e-03   1.667045e-15   960
  2.082310e+00   5.282158e-14   5.572193e-03   2.305803e-15   576
  2.108582e+00   5.430460e-14   9.044734e-03   1.971827e-15   816
  2.136871e+00   5.075566e-14   6.978079e-03   2.198177e-15   666
  2.161711e+00   5.382990e-14   8.183322e-03   1.757239e-15   960
  2.191392e+00   5.036198e-14   8.070536e-03   1.614484e-15   824
  2.220193e+00   4.490876e-14   8.887079e-03   1.507063e-15   936
  2.246715e+00   4.580784e-14   6.609093e-03   1.755851e-15   624
  2.271144e+00   4.553356e-14   7.780512e-03   1.393418e-15   1062
  2.299501e+00   4.423003e-14   8.475658e-03   1.630023e-15   732
  2.324371e+00   4.349539e-14   7.354282e-03   1.374308e-15   1080
  2.354037e+00   4.431163e-14   8.017672e-03   1.363442e-15   936
  2.380866e+00   4.300240e-14   8.659951e-03   1.493308e-15   878
  2.409130e+00   3.932250e-14   8.776125e-03   1.064733e-15   1152
  2.435374e+00   3.885401e-14   6.783314e-03   1.199356e-15   1056
  2.463284e+00   3.666431e-14   8.011817e-03   1.315539e-15   864
  2.488211e+00   3.851084e-14   7.826085e-03   1.187927e-15   1092
  2.518008e+00   3.677318e-14   8.267655e-03   1.061034e-15   1206
  2.546391e+00   3.447121e-14   8.390069e-03   9.617256e-16   1248
  2.572607e+00   3.433615e-14   5.685746e-03   1.250630e-15   864
  2.595945e+00   3.474852e-14   5.903210e-03   1.079314e-15   1152
  2.626371e+00   3.481742e-14   8.788222e-03   9.943525e-16   1382
  2.656067e+00   3.270490e-14   7.832257e-03   9.385349e-16   1188
  2.682071e+00   3.090334e-14   8.299276e-03   8.328321e-16   1248
  2.706625e+00   3.259598e-14   7.872659e-03   1.038222e-15   1152
  2.733569e+00   3.168873e-14   8.645592e-03   8.843137e-16   1320
  2.763459e+00   2.908256e-14   5.730139e-03   7.874568e-16   1206
  2.788258e+00   2.974094e-14   8.325116e-03   7.098609e-16   1560
  2.817720e+00   2.784784e-14   7.749790e-03   7.808520e-16   1280
  2.842925e+00   2.712888e-14   7.802600e-03   7.512101e-16   1308
  2.870501e+00   2.869907e-14   7.830643e-03   7.556788e-16   1512
  2.897970e+00   2.652811e-14   6.388887e-03   7.104669e-16   1350
  2.926276e+00   2.751207e-14   8.441243e-03   6.671877e-16   1608
  2.950474e+00   2.534973e-14   7.259334e-03   7.130233e-16   1320
  2.978655e+00   2.491637e-14   8.744730e-03   6.004923e-16   1656
  3.004023e+00   2.626567e-14   6.874825e-03   7.272212e-16   1254
  3.033365e+00   2.579863e-14   7.846352e-03   5.633029e-16   1932
  3.061022e+00   2.421031e-14   7.045997e-03   5.814403e-16   1640
  3.088272e+00   2.282981e-14   7.314215e-03   5.779948e-16   1488
  3.113972e+00   2.336115e-14   7.070473e-03   5.755280e-16   1560
  3.143202e+00   2.235622e-14   8.492431e-03   4.679790e-16   2046
  3.170335e+00   2.238544e-14   7.617690e-03   5.635415e-16   1512
  3.196616e+00   2.141218e-14   7.580823e-03   4.699447e-16   1764
  3.222826e+00   2.054073e-14   7.558355e-03   4.736052e-16   1776
  3.249873e+00   2.027310e-14   9.086057e-03   4.617472e-16   1704
  3.278891e+00   2.020634e-14   8.897943e-03   4.387958e-16   2126
  3.305023e+00   1.906776e-14   6.181224e-03   4.628933e-16   1632
  3.331250e+00   1.936783e-14   8.234420e-03   4.142869e-16   2064
  3.357691e+00   1.925842e-14   6.789507e-03   4.856279e-16   1680
  3.386462e+00   1.852800e-14   7.615683e-03   4.018668e-16   2154
  3.413240e+00   1.859582e-14   7.709258e-03   4.149327e-16   2016
  3.442077e+00   1.812063e-14   8.463485e-03   3.872371e-16   2304
  3.468500e+00   1.791396e-14   6.738046e-03   4.519957e-16   1680
  3.495952e+00   1.722116e-14   7.805829e-03   3.529672e-16   2432
  3.523471e+00   1.753685e-14   7.691556e-03   4.109827e-16   1902
  3.550783e+00   1.628876e-14   7.909477e-03   3.516240e-16   2292
  3.575143e+00   1.557445e-14   6.264893e-03   3.539575e-16   1992
  3.604046e+00   1.521977e-14   8.030731e-03   2.911128e-16   2568
  3.631839e+00   1.550563e-14   7.011475e-03   3.703267e-16   1806
  3.659925e+00   1.481930e-14   8.624447e-03   2.767311e-16   3000
  3.688362e+00   1.521365e-14   7.847969e-03   3.256470e-16   2016
  3.712101e+00   1.423668e-14   7.325540e-03   2.870863e-16   2168
  3.739165e+00   1.445661e-14   7.480367e-03   3.029492e-16   2412
  3.767457e+00   1.397379e-14   8.182348e-03   2.706934e-16   2550
  3.794682e+00   1.398723e-14   8.123551e-03   2.935065e-16   2592
  3.823097e+00   1.307309e-14   7.483746e-03   2.577921e-16   2496
  3.850113e+00   1.275946e-14   8.278837e-03   2.458303e-16   2688
  3.877062e+00   1.290495e-14   7.151929e-03   2.675310e-16   2424
  3.905465e+00   1.276478e-14   6.562733e-03   2.476674e-16   2634
  3.931062e+00   1.232670e-14   7.872296e-03   2.478481e-16   2552
  3.956564e+00   1.269081e-14   8.258892e-03   2.339036e-16   2832
  3.984868e+00   1.212362e-14   7.843060e-03   2.468732e-16   2424
  4.012777e+00   1.168567e-14   8.700050e-03   2.032279e-16   3198
  4.038905e+00   1.215800e-14   6.944850e-03   2.467428e-16   2400
  4.066601e+00   1.127687e-14   7.988621e-03   1.970957e-16   3336
  4.095222e+00   1.148869e-14   6.723909e-03   2.276067e-16   2508
  4.120369e+00   1.028621e-14   8.104033e-03   1.798510e-16   3104
  4.149775e+00   1.131178e-14   8.153375e-03   2.012684e-16   2934
  4.176274e+00   1.088055e-14   7.495795e-03   1.932024e-16   3120
  4.205010e+00   1.003141e-14   8.363076e-03   1.685372e-16   3288
  4.231486e+00   9.925316e-15   7.040454e-03   1.823817e-16   2808
  4.258671e+00   9.779338e-15   8.835744e-03   1.780209e-16   2988
  4.286036e+00   9.176343e-15   8.089119e-03   1.504399e-16   3486
  4.312540e+00   9.614849e-15   7.656977e-03   1.772372e-16   3000
  4.338131e+00   9.436629e-15   6.660522e-03   1.845226e-16   3024
  4.366804e+00   9.340126e-15   7.334581e-03   1.530400e-16   3584
  4.395565e+00   8.895750e-15   7.857248e-03   1.515248e-16   3486
  4.422393e+00   9.218955e-15   7.076269e-03   1.655330e-16   3120
  4.448626e+00   8.726869e-15   6.987605e-03   1.466636e-16   3396
  4.475108e+00   8.748018e-15   7.983171e-03   1.429138e-16   3552
  4.503379e+00   8.455654e-15   7.682827e-03   1.510422e-16   3384
  4.531323e+00   8.157343e-15   7.821891e-03   1.326822e-16   3726
  4.557931e+00   8.385538e-15   7.580401e-03   1.434270e-16   3344
  4.583208e+00   7.525237e-15   7.789164e-03   1.209919e-16   3744
  4.612116e+00   7.596212e-15   7.582253e-03   1.337975e-16   3540
  4.639216e+00   7.644590e-15   8.049190e-03   1.271875e-16   3822
  4.667652e+00   7.852792e-15   7.902499e-03   1.206047e-16   4056
  4.693533e+00   7.348247e-15   7.262531e-03   1.242728e-16   3288
  4.720670e+00   7.328166e-15   8.388767e-03   1.096932e-16   4056
  4.747313e+00   6.888499e-15   7.684216e-03   1.090546e-16   3984
  4.776480e+00   7.179468e-15   7.065076e-03   1.182079e-16   3662
  4.801185e+00   6.877344e-15   7.708878e-03   1.129893e-16   3828
  4.829054e+00   6.742665e-15   8.714957e-03   9.841152e-17   4632
  4.856839e+00   6.397281e-15   6.728047e-03   1.085252e-16   3600
  4.884615e+00   6.637493e-15   7.988589e-03   1.035083e-16   4320
  4.910897e+00   6.351585e-15   6.267555e-03   1.024390e-16   3918
  4.937429e+00   6.174879e-15   7.211341e-03   9.247932e-17   4200
  4.964105e+00   6.216549e-15   8.183364e-03   9.582199e-17   4188
  4.991760e+00   6.422473e-15   8.311430e-03   9.411003e-17   4360
  5.019842e+00   6.063740e-15   8.310798e-03   9.008566e-17   4582
  5.046995e+00   6.140434e-15   7.387468e-03   9.539782e-17   4128
  5.074602e+00   6.094492e-15   7.936081e-03   8.767404e-17   4752
  5.100601e+00   5.847317e-15   7.305558e-03   8.900131e-17   4176
  5.128877e+00   5.833725e-15   8.400425e-03   8.799151e-17   4848
  5.157185e+00   5.546936e-15   7.298735e-03   8.542522e-17   4338
  5.183856e+00   5.592911e-15   7.965872e-03   7.610151e-17   5160
  5.210226e+00   5.321986e-15   6.457992e-03   8.514665e-17   4008
  5.238833e+00   5.333128e-15   8.537210e-03   7.220710e-17   5360
  5.265161e+00   5.102731e-15   7.941083e-03   7.994108e-17   4110
  5.292550e+00   5.022394e-15   8.507677e-03   6.834552e-17   5424
  5.318664e+00   5.155537e-15   7.274607e-03   7.940693e-17   4140
  5.346136e+00   5.020042e-15   8.127882e-03   6.553652e-17   5664
  5.374330e+00   5.021369e-15   7.064267e-03   7.666915e-17   4632
  5.401180e+00   4.814199e-15   7.451175e-03   6.814212e-17   4902
  5.427773e+00   4.686165e-15   7.962424e-03   6.576294e-17   5072
  5.454995e+00   4.540742e-15   7.508267e-03   6.152891e-17   5472
  5.481937e+00   4.565649e-15   7.630507e-03   6.405426e-17   4704
  5.509580e+00   4.587451e-15   8.381869e-03   6.255721e-17   5436
  5.537725e+00   4.511532e-15   7.980641e-03   6.027713e-17   5646
  5.563320e+00   4.434477e-15   7.141000e-03   6.566895e-17   4512
  5.590561e+00   4.250832e-15   9.120803e-03   5.332680e-17   6120
  5.618647e+00   4.233292e-15   7.056346e-03   5.850594e-17   5112
  5.645654e+00   4.156296e-15   8.338893e-03   5.509117e-17   5606
  5.672833e+00   4.167770e-15   7.771360e-03   5.629387e-17   5328
  5.699944e+00   3.983194e-15   7.829763e-03   5.038996e-17   5964
  5.727177e+00   3.957404e-15   7.952358e-03   5.403100e-17   5448
  5.754787e+00   3.924466e-15   8.143528e-03   5.022200e-17   5904
  5.783001e+00   3.965676e-15   8.002897e-03   5.309386e-17   5598
  5.809029e+00   3.826559e-15   7.509546e-03   5.033671e-17   5952
  5.835933e+00   3.699299e-15   8.215632e-03   5.097983e-17   5688
  5.863154e+00   3.590695e-15   7.877564e-03   4.904490e-17   5876
  5.889819e+00   3.583860e-15   7.683367e-03   4.681371e-17   5784
  5.917504e+00   3.536711e-15   7.664503e-03   4.487397e-17   6462
  5.945268e+00   3.403214e-15   8.266739e-03   4.505673e-17   5688
  5.970984e+00   3.448626e-15   7.627151e-03   4.291752e-17   6408
  5.998781e+00   3.395540e-15   7.874001e-03   4.320791e-17   6000
  6.027110e+00   3.469592e-15   8.473273e-03   4.232859e-17   6582
  6.055106e+00   3.187466e-15   8.064380e-03   4.035501e-17   6564
  6.081315e+00   3.240821e-15   7.110698e-03   4.243727e-17   6048
  6.108497e+00   3.144703e-15   8.148866e-03   3.814255e-17   6512
  6.136984e+00   3.086940e-15   8.100665e-03   3.776664e-17   6816
  6.164250e+00   2.993116e-15   7.084479e-03   3.890289e-17   6222
  6.189839e+00   3.018456e-15   7.381669e-03   3.741800e-17   6432
  6.217169e+00   2.935666e-15   7.769689e-03   3.580526e-17   6804
  6.244340e+00   2.777442e-15   7.323663e-03   3.510534e-17   6432
  6.270934e+00   2.883472e-15   8.611725e-03   3.468942e-17   6846
  6.297948e+00   2.760209e-15   7.863643e-03   3.350548e-17   6424
  6.323775e+00   2.787589e-15   7.057672e-03   3.367535e-17   6952
  6.352148e+00   2.767102e-15   8.504586e-03   3.276617e-17   7560
  6.380013e+00   2.605203e-15   7.307949e-03   3.201096e-17   6648
  6.408752e+00   2.624131e-15   8.030356e-03   3.053557e-17   7578
  6.434049e+00   2.620355e-15   7.250757e-03   3.240857e-17   6552
  6.461385e+00   2.593823e-15   7.983311e-03   3.020121e-17   7536
  6.489254e+00   2.536934e-15   7.305901e-03   2.929576e-17   7272
  6.516383e+00   2.550651e-15   7.782483e-03   3.074280e-17   6936
  6.542425e+00   2.518241e-15   7.981714e-03   2.934735e-17   7430
  6.570600e+00   2.454885e-15   8.360262e-03   2.792525e-17   7644
  6.596748e+00   2.360611e-15   7.446192e-03   2.761570e-17   7248
  6.625170e+00   2.383231e-15   8.518353e-03   2.693827e-17   8232
  6.652948e+00   2.332489e-15   7.768084e-03   2.773879e-17   7038
  6.679654e+00   2.254795e-15   7.550946e-03   2.539461e-17   7824
  6.705868e+00   2.236412e-15   7.953814e-03   2.590604e-17   7752
  6.732926e+00   2.231229e-15   8.025217e-03   2.577319e-17   7480
  6.761041e+00   2.190667e-15   8.094665e-03   2.429200e-17   8404
  6.788355e+00   2.172040e-15   7.519273e-03   2.495609e-17   7614
  6.814566e+00   2.131307e-15   7.875542e-03   2.466408e-17   7776
  6.840939e+00   2.055566e-15   7.513882e-03   2.292260e-17   7944
  6.868508e+00   2.106475e-15   7.813033e-03   2.389829e-17   8424
  6.895711e+00   2.066152e-15   7.666771e-03   2.371998e-17   7872
  6.923812e+00   2.033817e-15   7.704149e-03   2.178680e-17   8658
  6.950761e+00   1.957620e-15   7.689355e-03   2.185417e-17   8352
  6.978503e+00   1.977030e-15   7.724359e-03   2.084454e-17   8648
  7.004730e+00   1.890143e-15   7.319339e-03   2.171000e-17   7680
  7.032294e+00   1.903731e-15   7.624854e-03   2.031507e-17   8646
  7.057906e+00   1.843219e-15   7.387464e-03   1.985605e-17   8448
  7.086215e+00   1.884345e-15   7.850115e-03   1.959730e-17   9120
  7.113531e+00   1.795410e-15   7.671051e-03   1.981023e-17   8316
  7.141154e+00   1.775650e-15   8.279504e-03   1.866707e-17   9504
  7.168899e+00   1.777484e-15   7.529366e-03   1.953816e-17   8358
  7.196590e+00   1.756097e-15   7.958706e-03   1.835723e-17   9584
  7.223343e+00   1.764182e-15   7.615899e-03   1.908784e-17   8616
  7.250971e+00   1.707873e-15   8.292007e-03   1.792046e-17   9432
  7.279186e+00   1.643426e-15   8.435371e-03   1.726913e-17   9018
  7.304796e+00   1.648835e-15   7.140591e-03   1.791320e-17   8568
  7.331558e+00   1.608524e-15   7.948071e-03   1.675918e-17   9816
  7.359242e+00   1.606584e-15   7.524748e-03   1.753503e-17   9000
  7.386598e+00   1.567110e-15   7.870041e-03   1.646324e-17   9504
  7.413845e+00   1.544797e-15   8.051187e-03   1.650064e-17   9446
  7.440641e+00   1.561937e-15   7.699380e-03   1.587163e-17   9696
  7.468195e+00   1.528801e-15   7.164972e-03   1.579198e-17   9180
  7.495259e+00   1.463402e-15   8.282225e-03   1.418091e-17   10512
  7.522902e+00   1.459969e-15   7.829976e-03   1.583901e-17   9048
  7.550250e+00   1.462157e-15   7.510162e-03   1.435800e-17   10014
  7.575574e+00   1.434649e-15   7.329886e-03   1.507204e-17   9096
  7.603121e+00   1.355644e-15   8.390519e-03   1.312833e-17   11088
  7.632406e+00   1.390559e-15   8.163109e-03   1.439406e-17   9860
  7.659230e+00   1.327744e-15   7.737690e-03   1.353379e-17   10110
  7.686130e+00   1.303548e-15   8.053910e-03   1.320288e-17   10104
  7.713191e+00   1.302230e-15   7.636467e-03   1.283516e-17   10392
  7.740583e+00   1.332616e-15   7.904781e-03   1.317126e-17   10104
  7.768502e+00   1.244261e-15   8.180242e-03   1.181504e-17   11352
  7.796944e+00   1.274053e-15   7.491897e-03   1.291857e-17   10014
  7.822199e+00   1.290501e-15   6.915393e-03   1.345352e-17   9636
  7.848914e+00   1.221574e-15   8.196014e-03   1.119941e-17   11552
  7.877111e+00   1.216249e-15   7.615776e-03   1.206276e-17   10488
  7.904334e+00   1.199642e-15   7.953757e-03   1.183900e-17   10254
  7.930828e+00   1.195959e-15   7.488721e-03   1.146659e-17   11304
  7.958358e+00   1.165951e-15   7.600362e-03   1.142223e-17   10872
  7.985758e+00   1.135881e-15   8.150309e-03   1.093555e-17   10932
  8.012305e+00   1.132191e-15   7.353434e-03   1.086116e-17   10848
  8.039746e+00   1.125146e-15   7.690478e-03   1.068950e-17   10998
  8.066964e+00   1.101831e-15   8.081204e-03   1.016575e-17   11720
  8.094283e+00   1.080196e-15   7.434898e-03   1.058157e-17   10776
  8.121163e+00   1.055175e-15   8.133517e-03   9.872291e-18   12072
  8.149014e+00   1.052458e-15   7.457951e-03   1.031789e-17   10704
  8.175729e+00   1.062187e-15   7.650634e-03   1.000635e-17   11730
  8.203619e+00   1.033577e-15   7.946325e-03   9.549198e-18   12144
  8.230515e+00   1.003424e-15   7.529116e-03   9.523094e-18   11568
  8.258661e+00   9.903288e-16   8.144790e-03   9.435731e-18   11552
  8.283969e+00   9.724611e-16   7.350911e-03   9.587756e-18   10926
  8.311503e+00   9.624846e-16   8.325582e-03   8.609272e-18   13032
  8.338493e+00   9.747891e-16   6.804118e-03   9.433289e-18   10776
  8.365813e+00   9.589933e-16   8.375864e-03   8.678498e-18   13116
  8.393750e+00   9.462580e-16   7.882634e-03   8.684369e-18   12288
  8.421268e+00   9.182812e-16   7.244910e-03   9.011206e-18   11262
  8.447035e+00   9.342339e-16   7.826632e-03   8.550931e-18   12672
  8.474745e+00   9.105968e-16   7.673929e-03   8.205850e-18   12624
  8.502218e+00   8.845783e-16   7.698861e-03   8.085466e-18   12392
  8.529471e+00   8.807365e-16   7.891867e-03   8.107671e-18   12060
  8.557084e+00   8.781460e-16   8.322646e-03   7.690595e-18   13662
  8.583571e+00   8.650739e-16   7.187418e-03   7.986462e-18   11592
  8.611145e+00   8.440292e-16   8.541227e-03   7.426165e-18   13776
  8.638662e+00   8.151651e-16   7.263637e-03   7.539061e-18   12240
  8.666295e+00   8.387963e-16   8.368586e-03   7.285797e-18   13662
  8.692255e+00   8.144807e-16   7.192248e-03   7.584765e-18   11520
  8.720283e+00   8.010669e-16   8.289674e-03   6.656731e-18   15044
  8.747920e+00   7.849186e-16   7.450742e-03   6.965581e-18   12384
  8.775053e+00   7.958959e-16   7.843476e-03   6.959823e-18   13176
  8.801619e+00   7.814568e-16   7.103572e-03   7.015699e-18   12798
  8.829027e+00   7.488672e-16   8.067839e-03   6.317353e-18   14376
  8.855653e+00   7.565020e-16   7.668925e-03   6.889269e-18   12528
  8.883017e+00   7.348769e-16   8.053245e-03   6.267550e-18   14100
  8.909486e+00   7.180461e-16   7.307026e-03   6.427752e-18   12630
  8.936818e+00   7.180284e-16   7.935463e-03   6.039862e-18   14624
  8.963857e+00   7.329300e-16   7.915325e-03   6.439250e-18   13272
  8.991387e+00   6.985695e-16   8.068639e-03   5.885549e-18   14664
  9.019422e+00   6.916760e-16   8.248511e-03   5.862809e-18   14328
  9.046471e+00   6.920687e-16   7.659461e-03   6.107240e-18   13086
  9.073888e+00   6.845178e-16   8.240211e-03   5.573685e-18   15612
  9.101226e+00   6.773869e-16   7.102859e-03   6.021835e-18   13416
  9.127768e+00   6.455469e-16   8.354932e-03   5.561904e-18   14360
  9.155037e+00   6.461286e-16   7.816724e-03   5.686298e-18   14064
  9.182826e+00   6.325761e-16   8.044126e-03   5.131185e-18   15750
  9.210217e+00   6.304658e-16   7.598576e-03   5.595541e-18   13680
  9.237239e+00   6.190068e-16   8.272318e-03   5.145776e-18   15468
  9.264722e+00   6.154977e-16   7.971238e-03   5.197379e-18   14352
  9.291378e+00   5.985334e-16   7.864848e-03   5.078863e-18   14454
  9.318166e+00   5.956381e-16   8.076272e-03   4.895878e-18   15048
  9.345749e+00   5.975352e-16   7.485391e-03   5.012325e-18   15360
  9.372980e+00   5.840689e-16   8.226426e-03   4.865024e-18   15224
  9.400343e+00   5.831274e-16   7.789620e-03   4.912461e-18   15096
  9.427486e+00   5.543547e-16   7.610514e-03   4.738970e-18   14514
  9.453949e+00   5.679176e-16   7.977695e-03   4.652783e-18   16416
  9.481727e+00   5.518394e-16   7.850487e-03   4.592744e-18   15216
  9.510083e+00   5.427616e-16   7.900205e-03   4.417864e-18   16440
  9.537157e+00   5.356764e-16   7.947446e-03   4.500908e-18   14904
  9.563059e+00   5.235513e-16   7.465408e-03   4.319263e-18   15134
  9.590642e+00   5.338893e-16   8.352063e-03   4.301819e-18   16644
  9.618181e+00   5.080933e-16   7.841132e-03   4.042117e-18   16128
  9.645195e+00   5.098834e-16   7.791504e-03   4.274038e-18   15384
  9.671810e+00   5.107581e-16   7.659242e-03   4.239098e-18   15462
  9.699070e+00   5.022417e-16   8.182539e-03   3.887452e-18   17304
  9.726859e+00   4.873041e-16   7.715919e-03   3.943150e-18   16176
  9.754135e+00   5.029451e-16   8.162187e-03   3.995010e-18   16824
  9.782053e+00   4.782355e-16   7.507653e-03   3.829774e-18   15980
  9.808353e+00   4.820069e-16   7.472934e-03   3.871650e-18   16326
  9.834872e+00   4.759079e-16   7.977222e-03   3.755151e-18   16488
  9.862344e+00   4.786973e-16   7.739406e-03   3.786238e-18   16944
  9.889933e+00   4.527435e-16   8.144790e-03   3.476000e-18   17256
  9.916536e+00   4.518601e-16   7.553612e-03   3.626428e-18   15966
  9.944151e+00   4.486538e-16   8.020457e-03   3.530214e-18   17628
  9.971186e+00   4.386430e-16   7.618437e-03   3.441894e-18   17280
  9.998502e+00   4.394016e-16   8.386180e-03   3.463253e-18   17056
  1.002543e+01   4.260417e-16   7.907604e-03   3.342411e-18   17296
  1.005354e+01   4.170225e-16   7.745605e-03   3.172109e-18   17526
  1.008007e+01   4.286798e-16   7.795142e-03   3.325218e-18   17592
  1.010769e+01   4.130657e-16   8.109125e-03   3.145303e-18   17880
  1.013460e+01   4.160462e-16   7.519985e-03   3.359282e-18   17028
  1.016122e+01   3.984292e-16   7.646950e-03   3.098129e-18   17376
  1.018830e+01   4.001025e-16   7.591817e-03   2.999435e-18   18414
  1.021626e+01   4.009592e-16   7.785800e-03   3.024529e-18   17840
  1.024337e+01   3.891016e-16   8.173712e-03   2.880834e-18   18960
  1.027040e+01   3.884884e-16   7.593182e-03   3.055156e-18   16992
  1.029753e+01   3.825936e-16   8.364786e-03   2.882880e-18   18378
  1.032409e+01   3.792983e-16   7.447989e-03   2.924544e-18   18192
  1.035171e+01   3.714186e-16   7.951838e-03   2.726555e-18   19320
  1.037913e+01   3.732077e-16   7.712649e-03   2.830985e-18   17856
  1.040647e+01   3.578402e-16   7.961690e-03   2.758791e-18   19128
  1.043334e+01   3.587395e-16   7.364111e-03   2.804285e-18   18246
  1.046071e+01   3.583850e-16   7.654223e-03   2.684561e-18   19184
  1.048780e+01   3.444400e-16   7.833929e-03   2.550894e-18   18900
  1.051563e+01   3.430077e-16   8.170515e-03   2.555884e-18   19776
  1.054217e+01   3.422408e-16   7.496333e-03   2.668040e-18   17814
  1.056977e+01   3.341180e-16   8.157531e-03   2.451163e-18   19944
  1.059666e+01   3.370415e-16   8.046976e-03   2.505692e-18   19536
  1.062448e+01   3.292689e-16   7.963177e-03   2.389499e-18   20112
  1.065147e+01   3.263813e-16   7.400913e-03   2.505280e-18   18116
  1.067839e+01   3.201797e-16   7.715608e-03   2.332705e-18   19878
  1.070483e+01   3.268788e-16   7.798027e-03   2.441955e-18   19800
  1.073278e+01   3.160043e-16   7.797534e-03   2.321399e-18   20136
  1.076062e+01   3.155314e-16   8.202270e-03   2.314991e-18   20808
  1.078773e+01   3.044853e-16   7.430653e-03   2.304587e-18   19152
  1.081500e+01   3.079452e-16   7.848650e-03   2.266417e-18   20526
  1.084254e+01   2.993248e-16   8.075152e-03   2.134730e-18   20532
  1.086927e+01   2.954544e-16   8.024638e-03   2.141791e-18   20120
  1.089574e+01   2.889223e-16   7.477928e-03   2.148590e-18   19512
  1.092341e+01   2.905000e-16   8.123431e-03   2.071688e-18   21246
  1.095048e+01   2.859249e-16   7.387938e-03   2.082637e-18   20112
  1.097792e+01   2.887609e-16   8.226462e-03   2.052569e-18   22104
  1.100525e+01   2.830547e-16   8.072411e-03   2.091968e-18   19620
  1.103241e+01   2.706656e-16   8.023978e-03   1.860645e-18   21912
  1.105960e+01   2.757815e-16   7.486933e-03   2.023888e-18   20070
  1.108668e+01   2.737342e-16   8.154320e-03   1.935973e-18   22064
  1.111425e+01   2.654762e-16   7.741758e-03   1.914713e-18   21048
  1.114100e+01   2.619647e-16   7.571713e-03   1.894843e-18   21168
  1.116818e+01   2.598074e-16   8.188209e-03   1.880158e-18   21384
  1.119608e+01   2.603655e-16   7.408830e-03   1.834680e-18   22146
  1.122333e+01   2.620795e-16   7.925872e-03   1.854215e-18   22200
  1.125081e+01   2.500041e-16   7.507740e-03   1.758600e-18   21648
  1.127772e+01   2.468150e-16   8.037911e-03   1.785272e-18   21144
  1.130434e+01   2.444101e-16   7.645623e-03   1.733532e-18   21710
  1.133171e+01   2.432215e-16   8.123498e-03   1.703506e-18   23112
  1.135996e+01   2.407949e-16   8.104202e-03   1.643227e-18   23064
  1.138718e+01   2.383885e-16   7.500308e-03   1.728685e-18   21252
  1.141334e+01   2.323499e-16   7.518601e-03   1.648983e-18   22128
  1.144063e+01   2.364832e-16   7.793289e-03   1.648499e-18   22446
  1.146791e+01   2.308663e-16   7.637639e-03   1.598138e-18   22848
  1.149492e+01   2.254850e-16   7.647428e-03   1.559630e-18   23208
  1.152254e+01   2.210213e-16   7.871234e-03   1.547809e-18   22536
  1.154973e+01   2.205045e-16   7.982308e-03   1.533296e-18   22586
  1.157685e+01   2.259988e-16   8.138974e-03   1.551142e-18   24096
  1.160413e+01   2.182520e-16   7.636529e-03   1.547547e-18   22440
  1.163106e+01   2.129833e-16   8.321846e-03   1.461579e-18   23400
  1.165801e+01   2.108232e-16   7.559642e-03   1.438077e-18   23232
  1.168584e+01   2.104616e-16   7.960320e-03   1.414728e-18   23886
  1.171266e+01   2.081051e-16   7.654565e-03   1.413550e-18   23376
  1.173984e+01   2.063744e-16   7.723174e-03   1.447959e-18   23540
  1.176669e+01   2.037881e-16   7.660842e-03   1.340773e-18   24240
  1.179458e+01   1.997943e-16   8.060547e-03   1.379337e-18   23952
  1.182201e+01   1.980968e-16   7.540797e-03   1.340785e-18   24006
  1.184951e+01   1.981698e-16   8.459673e-03   1.319402e-18   25560
  1.187610e+01   1.948082e-16   7.500748e-03   1.373565e-18   22728
  1.190276e+01   1.923758e-16   7.559737e-03   1.361409e-18   23556
  1.192978e+01   1.888412e-16   7.888923e-03   1.244250e-18   25398
  1.195717e+01   1.912184e-16   7.728869e-03   1.297206e-18   24088
  1.198446e+01   1.861822e-16   8.045541e-03   1.207599e-18   25696
  1.201181e+01   1.836211e-16   7.556007e-03   1.259356e-18   24144
  1.203893e+01   1.801746e-16   8.075482e-03   1.193095e-18   25560
  1.206623e+01   1.789462e-16   7.449229e-03   1.238957e-18   24246
  1.209362e+01   1.800782e-16   7.909137e-03   1.199916e-18   26292
  1.212094e+01   1.740195e-16   7.800766e-03   1.177650e-18   25200
  1.214813e+01   1.715309e-16   8.124144e-03   1.153299e-18   25296
  1.217472e+01   1.684322e-16   7.419097e-03   1.157881e-18   24192
  1.220300e+01   1.723333e-16   8.192669e-03   1.100088e-18   28646
  1.223055e+01   1.670115e-16   7.533346e-03   1.123192e-18   24552
  1.225757e+01   1.678186e-16   7.897298e-03   1.115048e-18   25788
  1.228397e+01   1.634606e-16   7.455900e-03   1.100136e-18   25272
  1.231128e+01   1.653669e-16   8.068486e-03   1.091057e-18   26118
  1.233803e+01   1.629487e-16   7.897735e-03   1.089996e-18   26016
  1.236603e+01   1.599639e-16   7.978952e-03   1.027182e-18   27792
  1.239286e+01   1.596078e-16   7.826029e-03   1.068505e-18   25072
  1.241991e+01   1.564069e-16   8.106413e-03   1.014100e-18   26824
  1.244701e+01   1.553841e-16   7.401394e-03   1.043202e-18   26106
  1.247458e+01   1.540766e-16   8.145321e-03   1.004170e-18   28296
  1.250188e+01   1.509602e-16   7.836743e-03   9.953448e-19   26640
  1.252911e+01   1.503308e-16   7.461142e-03   1.008211e-18   26064
  1.255607e+01   1.483439e-16   8.185574e-03   9.472023e-19   27822
  1.258286e+01   1.473495e-16   7.607358e-03   9.681509e-19   26160
  1.261000e+01   1.484392e-16   8.365536e-03   9.693965e-19   28108
  1.263740e+01   1.422405e-16   7.995452e-03   9.246869e-19   27664
  1.266458e+01   1.406276e-16   7.953365e-03   8.822640e-19   27600
  1.269222e+01   1.395775e-16   7.970525e-03   9.146297e-19   27510
  1.271950e+01   1.433080e-16   7.887204e-03   9.018133e-19   28848
  1.274666e+01   1.365966e-16   7.810242e-03   8.829597e-19   27744
  1.277393e+01   1.344361e-16   7.609477e-03   8.622952e-19   27888
  1.280105e+01   1.340108e-16   7.736113e-03   8.638429e-19   27780
  1.282823e+01   1.328735e-16   7.793625e-03   8.374855e-19   28734
  1.285511e+01   1.323706e-16   8.047931e-03   8.451729e-19   28232
  1.288264e+01   1.314948e-16   8.002290e-03   8.251793e-19   29016
  1.290954e+01   1.269531e-16   7.906426e-03   8.179289e-19   28056
  1.293662e+01   1.281352e-16   7.672960e-03   8.149544e-19   28710
  1.296395e+01   1.284897e-16   8.105050e-03   8.266231e-19   29220
  1.299233e+01   1.258161e-16   8.291089e-03   7.683812e-19   31584
  1.301920e+01   1.215993e-16   7.642995e-03   8.072270e-19   26904
  1.304540e+01   1.214159e-16   7.428699e-03   7.619211e-19   28512
  1.307329e+01   1.199227e-16   8.001980e-03   7.515441e-19   30878
  1.310095e+01   1.200372e-16   8.036454e-03   7.493902e-19   30408
  1.312802e+01   1.189720e-16   7.762877e-03   7.908023e-19   28632
  1.315463e+01   1.176762e-16   7.470498e-03   7.433222e-19   28764
  1.318150e+01   1.158833e-16   8.311291e-03   7.216458e-19   30630
  1.320912e+01   1.158033e-16   7.695248e-03   7.421155e-19   30240
  1.323680e+01   1.142052e-16   7.884066e-03   7.199441e-19   31008
  1.326377e+01   1.134534e-16   7.551388e-03   7.318427e-19   29240
  1.329026e+01   1.110558e-16   7.706355e-03   6.912080e-19   30000
  1.331789e+01   1.114513e-16   8.157153e-03   6.986230e-19   30978
  1.334510e+01   1.105920e-16   7.690285e-03   6.938598e-19   30696
  1.337220e+01   1.081562e-16   8.060659e-03   6.879790e-19   31320
  1.339896e+01   1.090601e-16   7.533254e-03   6.985971e-19   29280
  1.342610e+01   1.067337e-16   8.055551e-03   6.581922e-19   31488
  1.345323e+01   1.078310e-16   7.562777e-03   6.588289e-19   31326
  1.348064e+01   1.046299e-16   8.120115e-03   6.518150e-19   31480
  1.350831e+01   1.035927e-16   7.877139e-03   6.455209e-19   32572
  1.353590e+01   1.026055e-16   7.881897e-03   6.330702e-19   31296
  1.356270e+01   1.002140e-16   7.664789e-03   6.327396e-19   30798
  1.359005e+01   1.031732e-16   8.159575e-03   6.538650e-19   32256
  1.361689e+01   9.998872e-17   7.881374e-03   6.062689e-19   32088
  1.364377e+01   9.807069e-17   7.799879e-03   6.159250e-19   30936
  1.367098e+01   9.627150e-17   8.109317e-03   5.842307e-19   33036
  1.369872e+01   9.610566e-17   7.851684e-03   5.843446e-19   31846
  1.372573e+01   9.695284e-17   8.003616e-03   5.833662e-19   33832
  1.375286e+01   9.547837e-17   7.413783e-03   6.106160e-19   30912
  1.377976e+01   9.508136e-17   7.774727e-03   5.823928e-19   32976
  1.380680e+01   9.118630e-17   7.671272e-03   5.647431e-19   32712
  1.383439e+01   9.375369e-17   7.755671e-03   5.792637e-19   33438
  1.386158e+01   9.177546e-17   7.807846e-03   5.753944e-19   32556
  1.388806e+01   9.051187e-17   7.738876e-03   5.491557e-19   33144
  1.391538e+01   8.980577e-17   7.655117e-03   5.573437e-19   33504
  1.394342e+01   8.735365e-17   7.926094e-03   5.356818e-19   33542
  1.397001e+01   8.790362e-17   7.808871e-03   5.367629e-19   33768
  1.399757e+01   8.787181e-17   7.912526e-03   5.279460e-19   34368
  1.402447e+01   8.652099e-17   7.518816e-03   5.311004e-19   32856
  1.405193e+01   8.507902e-17   7.775107e-03   5.082136e-19   34524
  1.407887e+01   8.447606e-17   7.384353e-03   5.211605e-19   33510
  1.410655e+01   8.505534e-17   8.264068e-03   5.056354e-19   35856
  1.413390e+01   8.181710e-17   7.831227e-03   4.967107e-19   33888
  1.416075e+01   8.104573e-17   7.673983e-03   4.958102e-19   33752
  1.418755e+01   8.084494e-17   8.069879e-03   4.884421e-19   34902
  1.421572e+01   8.068221e-17   7.894675e-03   4.958836e-19   35484
  1.424315e+01   7.912893e-17   8.126639e-03   4.734850e-19   36648
  1.427028e+01   8.067209e-17   7.515501e-03   5.086243e-19   33000
  1.429708e+01   7.769522e-17   8.125824e-03   4.753341e-19   35520
  1.432477e+01   7.704801e-17   7.936889e-03   4.547881e-19   36078
  1.435172e+01   7.940858e-17   7.768902e-03   4.920924e-19   34992
  1.437863e+01   7.617769e-17   7.687091e-03   4.676431e-19   35072
  1.440611e+01   7.472969e-17   8.060535e-03   4.383214e-19   36876
  1.443267e+01   7.510045e-17   7.453511e-03   4.697958e-19   33216
  1.445993e+01   7.505941e-17   8.258645e-03   4.467670e-19   38382
  1.448787e+01   7.435657e-17   7.746200e-03   4.571889e-19   36072
  1.451534e+01   7.373398e-17   7.757548e-03   4.459625e-19   37464
  1.454219e+01   7.261165e-17   7.456450e-03   4.480007e-19   34416
  1.456954e+01   7.297116e-17   8.171327e-03   4.352790e-19   37386
  1.459668e+01   7.112621e-17   7.801753e-03   4.383029e-19   37040
  1.462373e+01   7.168045e-17   7.595453e-03   4.455899e-19   36240
  1.465060e+01   7.072396e-17   8.102888e-03   4.346736e-19   36432
  1.467786e+01   6.908705e-17   7.650183e-03   4.151173e-19   37560
  1.470522e+01   7.026355e-17   7.927755e-03   4.292464e-19   37350
  1.473307e+01   6.990081e-17   8.104599e-03   4.238523e-19   38616
  1.476009e+01   6.751219e-17   7.639249e-03   4.155977e-19   37092
  1.478727e+01   6.737841e-17   7.346346e-03   4.142552e-19   37272
  1.481439e+01   6.655530e-17   8.088013e-03   3.995090e-19   37616
  1.484184e+01   6.736044e-17   7.832836e-03   4.209584e-19   38478
  1.486887e+01   6.692978e-17   7.959091e-03   4.036509e-19   37992
  1.489585e+01   6.546939e-17   7.804576e-03   4.008395e-19   38232
  1.492288e+01   6.437140e-17   7.649051e-03   3.992404e-19   36708
  1.494999e+01   6.484087e-17   8.006500e-03   4.026958e-19   39534
  1.497738e+01   6.497593e-17   8.022282e-03   4.020009e-19   39336
  1.500458e+01   6.462154e-17   7.717538e-03   4.113615e-19   37624
  1.503181e+01   6.283994e-17   7.896681e-03   3.802314e-19   40408
  1.505926e+01   6.229784e-17   7.553116e-03   3.834336e-19   38256
  1.508658e+01   6.302162e-17   7.716403e-03   3.958947e-19   39438
  1.511414e+01   6.329228e-17   7.962382e-03   3.838574e-19   40524
  1.514097e+01   6.195720e-17   7.517496e-03   3.885843e-19   38448
  1.516801e+01   5.936654e-17   7.911917e-03   3.617052e-19   39312
  1.519496e+01   5.952339e-17   7.563444e-03   3.679032e-19   38718
  1.522202e+01   6.181835e-17   8.070284e-03   3.852399e-19   40872
  1.524923e+01   6.074444e-17   7.663331e-03   3.783095e-19   40088
  1.527685e+01   5.945514e-17   8.168221e-03   3.658321e-19   40644
  1.530411e+01   5.745383e-17   7.664673e-03   3.545602e-19   40176
  1.533152e+01   5.914940e-17   8.126489e-03   3.679497e-19   40998
  1.535825e+01   5.847499e-17   7.452355e-03   3.702017e-19   39192
  1.538541e+01   5.796660e-17   7.868752e-03   3.636365e-19   41640
  1.541273e+01   5.680479e-17   7.892683e-03   3.467846e-19   41400
  1.543963e+01   5.616539e-17   7.768161e-03   3.455902e-19   38640
  1.546698e+01   5.736407e-17   7.971305e-03   3.535977e-19   43658
  1.549433e+01   5.736146e-17   7.666205e-03   3.651838e-19   40608
  1.552141e+01   5.677778e-17   7.825958e-03   3.633269e-19   41880
  1.554905e+01   5.533465e-17   7.735921e-03   3.479843e-19   41712
  1.557668e+01   5.479933e-17   8.075656e-03   3.415123e-19   42942
  1.560371e+01   5.554390e-17   7.671656e-03   3.607395e-19   40896
  1.563082e+01   5.533941e-17   7.903980e-03   3.487402e-19   42708
  1.565771e+01   5.433019e-17   7.480893e-03   3.416925e-19   40968
  1.568503e+01   5.244087e-17   8.127717e-03   3.203768e-19   43496
  1.571229e+01   5.466276e-17   7.780603e-03   3.518543e-19   41454
  1.573957e+01   5.469507e-17   8.036206e-03   3.434918e-19   43704
  1.576601e+01   5.220787e-17   7.405465e-03   3.461770e-19   41208
  1.579343e+01   5.316441e-17   8.125647e-03   3.325963e-19   43944
  1.582111e+01   5.257819e-17   7.840814e-03   3.321017e-19   43218
  1.584856e+01   5.365715e-17   7.868243e-03   3.559301e-19   44136
  1.587537e+01   5.276051e-17   7.751371e-03   3.407212e-19   42304
  1.590241e+01   5.172558e-17   7.874080e-03   3.402737e-19   43096
  1.592904e+01   5.079169e-17   7.705036e-03   3.278871e-19   43464
  1.595683e+01   5.143323e-17   8.034740e-03   3.301479e-19   44382
  1.598402e+01   5.230841e-17   8.026125e-03   3.384536e-19   44316
  1.601141e+01   5.063184e-17   7.914523e-03   3.325265e-19   44592
  1.603847e+01   5.050386e-17   7.744714e-03   3.326035e-19   44328
  1.606589e+01   5.018850e-17   7.618529e-03   3.284642e-19   43560
  1.609305e+01   5.061607e-17   7.854011e-03   3.371284e-19   44763
  1.612010e+01   4.955795e-17   7.874634e-03   3.229084e-19   44216
  1.614733e+01   4.935187e-17   8.023742e-03   3.210383e-19   45144
  1.617476e+01   4.763332e-17   7.626489e-03   3.300654e-19   42876
  1.620177e+01   4.621166e-17   8.312753e-03   2.922446e-19   46164
  1.622883e+01   4.643873e-17   7.631177e-03   3.056580e-19   42360
  1.625642e+01   4.641324e-17   8.035741e-03   2.958148e-19   45324
  1.628339e+01   4.429402e-17   7.996711e-03   2.890378e-19   43320
  1.631053e+01   4.482626e-17   8.058377e-03   2.785193e-19   44580
  1.633834e+01   4.352850e-17   8.049076e-03   2.756873e-19   44468
  1.636560e+01   4.272550e-17   7.656882e-03   2.755761e-19   43416
  1.639205e+01   4.211523e-17   7.602523e-03   2.772807e-19   42264
  1.641942e+01   4.111417e-17   7.985984e-03   2.542228e-19   44580
  1.644684e+01   4.155545e-17   8.106687e-03   2.625868e-19   43824
  1.647414e+01   3.937382e-17   7.618783e-03   2.436138e-19   43392
  1.650112e+01   4.000801e-17   7.767469e-03   2.507436e-19   43296
  1.652862e+01   3.925983e-17   7.476507e-03   2.448641e-19   42656
  1.655543e+01   3.871907e-17   7.984671e-03   2.441672e-19   43728
  1.658295e+01   3.863456e-17   8.051188e-03   2.430141e-19   43536
  1.661015e+01   3.717554e-17   8.012929e-03   2.308982e-19   42180
  1.663736e+01   3.677602e-17   7.758982e-03   2.295538e-19   44136
  1.666469e+01   3.645929e-17   7.818720e-03   2.305785e-19   42372
  1.669168e+01   3.568318e-17   7.642141e-03   2.191565e-19   41604
  1.671865e+01   3.507915e-17   8.052166e-03   2.143008e-19   43440
  1.674591e+01   3.498945e-17   8.058315e-03   2.134182e-19   42488
  1.677280e+01   3.501934e-17   7.737331e-03   2.211663e-19   41496
  1.680037e+01   3.367962e-17   8.076487e-03   2.027735e-19   44112
  1.682781e+01   3.316069e-17   7.701796e-03   2.015309e-19   41688
  1.685478e+01   3.277264e-17   8.023099e-03   1.997374e-19   42276
  1.688185e+01   3.281396e-17   7.738403e-03   1.999839e-19   41172
  1.690910e+01   3.183909e-17   8.113510e-03   1.893031e-19   43536
  1.693648e+01   3.170986e-17   7.552546e-03   1.926950e-19   41496
  1.696357e+01   3.050017e-17   8.013565e-03   1.839905e-19   40764
  1.699059e+01   3.068733e-17   7.863299e-03   1.836760e-19   43220
  1.701801e+01   2.981070e-17   7.793558e-03   1.799403e-19   41076
  1.704520e+01   2.996851e-17   7.789489e-03   1.815163e-19   41532
  1.707253e+01   2.916707e-17   7.930746e-03   1.732363e-19   41928
  1.709962e+01   2.912738e-17   7.591923e-03   1.736127e-19   41412
  1.712669e+01   2.862333e-17   7.901140e-03   1.793100e-19   40032
  1.715360e+01   2.839857e-17   7.836003e-03   1.691129e-19   41880
  1.718066e+01   2.746291e-17   7.797889e-03   1.641720e-19   40264
  1.720807e+01   2.749454e-17   7.984761e-03   1.592010e-19   42592
  1.723555e+01   2.667838e-17   7.659679e-03   1.614589e-19   39588
  1.726269e+01   2.624251e-17   7.919285e-03   1.507352e-19   42180
  1.728964e+01   2.591761e-17   7.640645e-03   1.592920e-19   39240
  1.731672e+01   2.616088e-17   8.019988e-03   1.576061e-19   40920
  1.734417e+01   2.564741e-17   7.916149e-03   1.488679e-19   41184
  1.737148e+01   2.579427e-17   7.841651e-03   1.527763e-19   40872
  1.739851e+01   2.487733e-17   7.458870e-03   1.506211e-19   38748
  1.742584e+01   2.457325e-17   7.938970e-03   1.443710e-19   41420
  1.745277e+01   2.431848e-17   7.786899e-03   1.454489e-19   39816
  1.748015e+01   2.434602e-17   7.806853e-03   1.440250e-19   39792
  1.750718e+01   2.367818e-17   7.458008e-03   1.395852e-19   39816
  1.753482e+01   2.312692e-17   8.060540e-03   1.352391e-19   41064
  1.756204e+01   2.279186e-17   7.732612e-03   1.385428e-19   39204
  1.758962e+01   2.262091e-17   8.159762e-03   1.315487e-19   40080
  1.761611e+01   2.275202e-17   7.539970e-03   1.371937e-19   38332
  1.764336e+01   2.177024e-17   7.869497e-03   1.300411e-19   39952
  1.767051e+01   2.218854e-17   7.861463e-03   1.327769e-19   39000
  1.769834e+01   2.126532e-17   8.073005e-03   1.248306e-19   40356
  1.772549e+01   2.134735e-17   7.920672e-03   1.273671e-19   39300
  1.775258e+01   2.098332e-17   7.814872e-03   1.247145e-19   37452
  1.777947e+01   2.091069e-17   7.748812e-03   1.223139e-19   39732
  1.780715e+01   2.027033e-17   7.788125e-03   1.168197e-19   39312
  1.783409e+01   2.034253e-17   7.919824e-03   1.225134e-19   37632
  1.786117e+01   2.001374e-17   7.786981e-03   1.183865e-19   38420
  1.788837e+01   1.994110e-17   8.047977e-03   1.175741e-19   39564
  1.791566e+01   1.933311e-17   7.744200e-03   1.139633e-19   37236
  1.794258e+01   1.938605e-17   7.829241e-03   1.144433e-19   38100
  1.796962e+01   1.898315e-17   7.697474e-03   1.095583e-19   38208
  1.799720e+01   1.889636e-17   8.010746e-03   1.117945e-19   39072
  1.802423e+01   1.870980e-17   7.404299e-03   1.112964e-19   36192
  1.805146e+01   1.848035e-17   8.004549e-03   1.072697e-19   38928
  1.807900e+01   1.802590e-17   7.952762e-03   1.053756e-19   38768
  1.810691e+01   1.787145e-17   7.814175e-03   1.048142e-19   37596
  1.813420e+01   1.780804e-17   7.779491e-03   1.044307e-19   37296
  1.816097e+01   1.772158e-17   7.786782e-03   1.057653e-19   36948
  1.818788e+01   1.731572e-17   7.986715e-03   1.022561e-19   37248
  1.821573e+01   1.688363e-17   7.887193e-03   9.859520e-20   37152
  1.824246e+01   1.679155e-17   7.873757e-03   9.920838e-20   37512
  1.826977e+01   1.687444e-17   7.537578e-03   1.003236e-19   35876
  1.829687e+01   1.654128e-17   8.032760e-03   9.805661e-20   36936
  1.832440e+01   1.633845e-17   8.002739e-03   9.385015e-20   38028
  1.835174e+01   1.591948e-17   7.614568e-03   9.650459e-20   35592
  1.837843e+01   1.624609e-17   7.556684e-03   9.742811e-20   35508
  1.840544e+01   1.585211e-17   7.836142e-03   9.430145e-20   36492
  1.843306e+01   1.586748e-17   8.083782e-03   9.153316e-20   37608
  1.846041e+01   1.551929e-17   7.976399e-03   9.275718e-20   34848
  1.848695e+01   1.535720e-17   7.480817e-03   9.216093e-20   35220
  1.851428e+01   1.510569e-17   7.804135e-03   8.718748e-20   36884
  1.854159e+01   1.501091e-17   7.745105e-03   9.116945e-20   35412
  1.856929e+01   1.460084e-17   8.019441e-03   8.482559e-20   35652
  1.859625e+01   1.461201e-17   8.017579e-03   8.658031e-20   36072
  1.862327e+01   1.450951e-17   7.726812e-03   8.774279e-20   34368
  1.865060e+01   1.444227e-17   7.826948e-03   8.449382e-20   35484
  1.867793e+01   1.405876e-17   7.747795e-03   8.320371e-20   35256
  1.870471e+01   1.416724e-17   8.064976e-03   8.559082e-20   34476
  1.873205e+01   1.377013e-17   7.912430e-03   8.212167e-20   34916
  1.875917e+01   1.368381e-17   7.802546e-03   8.141795e-20   34596
  1.878631e+01   1.364773e-17   7.632431e-03   8.201376e-20   34656
  1.881357e+01   1.348312e-17   7.906329e-03   8.147585e-20   34596
  1.884100e+01   1.334462e-17   7.670020e-03   8.006171e-20   33984
  1.886781e+01   1.308919e-17   7.830568e-03   7.757674e-20   34080
  1.889482e+01   1.297422e-17   7.864407e-03   7.827248e-20   34140
  1.892243e+01   1.266789e-17   8.122722e-03   7.556113e-20   33804
  1.894976e+01   1.263946e-17   7.807553e-03   7.382527e-20   35096
  1.897724e+01   1.263407e-17   7.740540e-03   7.812257e-20   33108
  1.900394e+01   1.253261e-17   7.700076e-03   7.679300e-20   32280
  1.903103e+01   1.226314e-17   7.838582e-03   7.144092e-20   34404
  1.905859e+01   1.216526e-17   7.998694e-03   7.187724e-20   34248
  1.908625e+01   1.185515e-17   7.494894e-03   7.159286e-20   32016
  1.911337e+01   1.182366e-17   7.911289e-03   7.036965e-20   34344
  1.914071e+01   1.200956e-17   7.607033e-03   7.361325e-20   32024
  1.916710e+01   1.146214e-17   7.885123e-03   6.922600e-20   31908
  1.919452e+01   1.159372e-17   7.901719e-03   7.167273e-20   33192
  1.922202e+01   1.140671e-17   8.187143e-03   6.904015e-20   33288
  1.924897e+01   1.124505e-17   7.454749e-03   6.877408e-20   31356
  1.927629e+01   1.116456e-17   8.068575e-03   6.773875e-20   32496
  1.930347e+01   1.117748e-17   7.669020e-03   6.899160e-20   31944
  1.933001e+01   1.076098e-17   7.874782e-03   6.637054e-20   31512
  1.935714e+01   1.091776e-17   7.643415e-03   6.963146e-20   31156
  1.938495e+01   1.064109e-17   8.053610e-03   6.359297e-20   33352
  1.941220e+01   1.058808e-17   7.811603e-03   6.578902e-20   31344
  1.943973e+01   1.036919e-17   8.088155e-03   6.461267e-20   31068
  1.946682e+01   1.051894e-17   7.977135e-03   6.417552e-20   31752
  1.949347e+01   1.039115e-17   7.363577e-03   6.472984e-20   29868
  1.952079e+01   1.019594e-17   8.091554e-03   6.386220e-20   32052
  1.954831e+01   1.008298e-17   7.677592e-03   6.381395e-20   30012
  1.957519e+01   1.010706e-17   8.055322e-03   6.184592e-20   31520
  1.960283e+01   9.900417e-18   7.875748e-03   6.214018e-20   30648
  1.962965e+01   9.880853e-18   7.768696e-03   6.280856e-20   29304
  1.965690e+01   9.966675e-18   7.702418e-03   6.087662e-20   31140
  1.968467e+01   9.737900e-18   8.205576e-03   5.974387e-20   31320
  1.971193e+01   9.760609e-18   7.744015e-03   6.267956e-20   28356
  1.973877e+01   9.345603e-18   7.915676e-03   5.816427e-20   30288
  1.976553e+01   9.231826e-18   7.866880e-03   5.894953e-20   29472
  1.979244e+01   9.227914e-18   7.776599e-03   6.032805e-20   28716
  1.982023e+01   9.083749e-18   7.717551e-03   5.582782e-20   30740
  1.984769e+01   8.985132e-18   7.871304e-03   5.669841e-20   29304
  1.987461e+01   8.881982e-18   7.839449e-03   5.787791e-20   28476
  1.990201e+01   8.830291e-18   7.940535e-03   5.762369e-20   29304
  1.992924e+01   9.051197e-18   7.931260e-03   5.736506e-20   29280
  1.995681e+01   8.767408e-18   7.910453e-03   5.619936e-20   29100
  1.998425e+01   8.687464e-18   7.754981e-03   5.750322e-20   27816
  2.001064e+01   8.669947e-18   7.789785e-03   5.749575e-20   27692
  2.003790e+01   8.495170e-18   8.099960e-03   5.237457e-20   29724
  2.006569e+01   8.343971e-18   7.720825e-03   5.439482e-20   27240
  2.009257e+01   8.423798e-18   7.504098e-03   5.530407e-20   27588
  2.011947e+01   8.222460e-18   7.809040e-03   5.248507e-20   28560
  2.014697e+01   8.125471e-18   7.908926e-03   5.396344e-20   26952
  2.017419e+01   8.122552e-18   7.918326e-03   5.265783e-20   27516
  2.020131e+01   8.067953e-18   8.001754e-03   5.195717e-20   28344
  2.022880e+01   8.017696e-18   7.881374e-03   5.334243e-20   26196
  2.025536e+01   7.820680e-18   7.707843e-03   5.118537e-20   26360
  2.028260e+01   7.802491e-18   7.968328e-03   4.994985e-20   28152
  2.031008e+01   7.965540e-18   7.705922e-03   5.453518e-20   25896
  2.033701e+01   7.663768e-18   7.889711e-03   5.071164e-20   26592
  2.036431e+01   7.602955e-18   7.553857e-03   4.969938e-20   26568
  2.039181e+01   7.627550e-18   7.993400e-03   5.066735e-20   26832
  2.041857e+01   7.527845e-18   7.579371e-03   5.307624e-20   24972
  2.044633e+01   7.419618e-18   7.991756e-03   4.821478e-20   27000
  2.047334e+01   7.368411e-18   7.662250e-03   5.040226e-20   25448
  2.050028e+01   7.235054e-18   7.921955e-03   4.891881e-20   25476
  2.052794e+01   7.265216e-18   7.765527e-03   4.927258e-20   25152
  2.055466e+01   7.207193e-18   7.960898e-03   4.910425e-20   25968
  2.058220e+01   7.061066e-18   7.925318e-03   4.860465e-20   25320
  2.060968e+01   7.072723e-18   7.486690e-03   4.955243e-20   23796
  2.063597e+01   7.039256e-18   7.857982e-03   4.762383e-20   25500
  2.066331e+01   7.049461e-18   7.830690e-03   4.949285e-20   24420
  2.069103e+01   6.773898e-18   8.105288e-03   4.642171e-20   24656
  2.071777e+01   6.807439e-18   7.679386e-03   4.853299e-20   24036
  2.074491e+01   6.884606e-18   7.941852e-03   4.756917e-20   24528
  2.077187e+01   6.685786e-18   7.672231e-03   4.760843e-20   23004
  2.079910e+01   6.672773e-18   7.878852e-03   4.711119e-20   24576
  2.082647e+01   6.638819e-18   7.525706e-03   4.640512e-20   23736
  2.085380e+01   6.470445e-18   7.995853e-03   4.500703e-20   23712
  2.088131e+01   6.639407e-18   7.763525e-03   4.855553e-20   22992
  2.090840e+01   6.588304e-18   7.709879e-03   4.698215e-20   23984
  2.093548e+01   6.480912e-18   7.701015e-03   4.785938e-20   22344
  2.096270e+01   6.290727e-18   7.814535e-03   4.541956e-20   22536
  2.098976e+01   6.298007e-18   7.734348e-03   4.604864e-20   23268
  2.101677e+01   6.350564e-18   7.943257e-03   4.794558e-20   22152
  2.104400e+01   6.175133e-18   7.843558e-03   4.528029e-20   22068
  2.107191e+01   6.146370e-18   8.054520e-03   4.379176e-20   23664
  2.109883e+01   6.216792e-18   7.480070e-03   4.774537e-20   20640
  2.112570e+01   6.016706e-18   7.938442e-03   4.537206e-20   22376
  2.115343e+01   6.026311e-18   7.807393e-03   4.588993e-20   21444
  2.118016e+01   6.013825e-18   8.090082e-03   4.606872e-20   21576
  2.120735e+01   5.724976e-18   8.020716e-03   4.278683e-20   21660
  2.123530e+01   5.814401e-18   8.110439e-03   4.468026e-20   20916
  2.126231e+01   5.869724e-18   7.955295e-03   4.560534e-20   21504
  2.128916e+01   5.811585e-18   7.581308e-03   4.531716e-20   20508
  2.131667e+01   5.585693e-18   8.100472e-03   4.372884e-20   20036
  2.134369e+01   5.666274e-18   7.839478e-03   4.369058e-20   21276
  2.137104e+01   5.662727e-18   7.761018e-03   4.345137e-20   20652
  2.139834e+01   5.522269e-18   7.723249e-03   4.506748e-20   18696
  2.142558e+01   5.596990e-18   8.083660e-03   4.319867e-20   21504
  2.145287e+01   5.580679e-18   7.559924e-03   4.461298e-20   19284
  2.148009e+01   5.413620e-18   8.152926e-03   4.371128e-20   19356
  2.150716e+01   5.389032e-18   7.704747e-03   4.251114e-20   19236
  2.153397e+01   5.653077e-18   7.855474e-03   4.528324e-20   19476
  2.156136e+01   5.263733e-18   8.174267e-03   4.318599e-20   19184
  2.158918e+01   5.273657e-18   7.919111e-03   4.321788e-20   18852
  2.161627e+01   5.564876e-18   7.666005e-03   4.458340e-20   18876
  2.164286e+01   5.174148e-18   7.969235e-03   4.316379e-20   18336
  2.167039e+01   5.050190e-18   7.996407e-03   4.171077e-20   17820
  2.169807e+01   5.317084e-18   8.070725e-03   4.448605e-20   19392
  2.172492e+01   5.057719e-18   7.991408e-03   4.347670e-20   17616
  2.175159e+01   4.956980e-18   7.523195e-03   4.357520e-20   16320
  2.177930e+01   5.246423e-18   8.147723e-03   4.395226e-20   19292
  2.180620e+01   5.094374e-18   7.805053e-03   4.329985e-20   17112
  2.183426e+01   4.856233e-18   7.910587e-03   4.259710e-20   17388
  2.186163e+01   5.085553e-18   7.406044e-03   4.418851e-20   16692
  2.188744e+01   5.031691e-18   7.834176e-03   4.449377e-20   16956
  2.191562e+01   4.716735e-18   7.901521e-03   4.138385e-20   17040
  2.194315e+01   4.881956e-18   7.818664e-03   4.273844e-20   16092
  2.196931e+01   4.953364e-18   7.765588e-03   4.435878e-20   16380
  2.199714e+01   4.633745e-18   7.982102e-03   4.095919e-20   16688
  2.202443e+01   4.686391e-18   7.984779e-03   4.371088e-20   14940
  2.205121e+01   4.815706e-18   8.028740e-03   4.447591e-20   16668
  2.207897e+01   4.534673e-18   7.840129e-03   4.180464e-20   15804
  2.210591e+01   4.523577e-18   7.785654e-03   4.341460e-20   14280
  2.213311e+01   4.724563e-18   7.664432e-03   4.445504e-20   16068
  2.216027e+01   4.441585e-18   7.811361e-03   4.172258e-20   15048
  2.218728e+01   4.391048e-18   7.960916e-03   4.358605e-20   13940
  2.221435e+01   4.486981e-18   7.608541e-03   4.276387e-20   15072
  2.224148e+01   4.387258e-18   8.111188e-03   4.262031e-20   14808
  2.226834e+01   4.305168e-18   7.531402e-03   4.435131e-20   13200
  2.229597e+01   4.261361e-18   7.978123e-03   3.984735e-20   15156
  2.232362e+01   4.366970e-18   7.780063e-03   4.453935e-20   13788
  2.235075e+01   4.062333e-18   7.667664e-03   3.931673e-20   13608
  2.237787e+01   4.204308e-18   7.309729e-03   4.290221e-20   13224
  2.240490e+01   4.353957e-18   7.880989e-03   4.672504e-20   13320
  2.243177e+01   4.148020e-18   7.770921e-03   4.200470e-20   13220
  2.245943e+01   3.948743e-18   7.854231e-03   4.046814e-20   12984
  2.248722e+01   4.100720e-18   7.949992e-03   4.173925e-20   12780
  2.251346e+01   3.819159e-18   7.524108e-03   3.908746e-20   12360
  2.254113e+01   3.832436e-18   7.915992e-03   4.005392e-20   12480
  2.256873e+01   3.844304e-18   7.688920e-03   4.293041e-20   11892
  2.259507e+01   3.777677e-18   7.971977e-03   4.156547e-20   12192
  2.262265e+01   3.730625e-18   7.815371e-03   4.042194e-20   11328
  2.265008e+01   3.637618e-18   8.287652e-03   3.757105e-20   12020
  2.267688e+01   3.758691e-18   7.619741e-03   4.243963e-20   11052
  2.270474e+01   3.513882e-18   8.094529e-03   3.712017e-20   11304
  2.273085e+01   3.417918e-18   7.448122e-03   3.790702e-20   10368
  2.275755e+01   3.507166e-18   7.750489e-03   3.947913e-20   10899
  2.278573e+01   3.419887e-18   7.770104e-03   3.866281e-20   10752
  2.281248e+01   3.304313e-18   7.798996e-03   3.671249e-20   10446
  2.284006e+01   3.318642e-18   7.675986e-03   3.696796e-20   10092
  2.286738e+01   3.196866e-18   7.777671e-03   3.552731e-20   10220
  2.289377e+01   3.195669e-18   7.617781e-03   3.682713e-20   9636
  2.292187e+01   3.189339e-18   7.836775e-03   3.453195e-20   10020
  2.294942e+01   3.023193e-18   8.141935e-03   3.359166e-20   9906
  2.297609e+01   3.160158e-18   7.552194e-03   3.650926e-20   8940
  2.300374e+01   3.072123e-18   7.658760e-03   3.460458e-20   9558
  2.303075e+01   3.002053e-18   8.340455e-03   3.428616e-20   9180
  2.305748e+01   2.950622e-18   7.984707e-03   3.567011e-20   8674
  2.308544e+01   2.912221e-18   7.936927e-03   3.434771e-20   9454
  2.311244e+01   2.841736e-18   8.157429e-03   3.440862e-20   8316
  2.313927e+01   2.973639e-18   8.044596e-03   3.413613e-20   8622
  2.316729e+01   2.860189e-18   7.987844e-03   3.365590e-20   9006
  2.319409e+01   2.779327e-18   8.051411e-03   3.516150e-20   7698
  2.322094e+01   2.817332e-18   7.725335e-03   3.307512e-20   8406
  2.324898e+01   2.797600e-18   8.243382e-03   3.320388e-20   8646
  2.327567e+01   2.780781e-18   7.832776e-03   3.703040e-20   7014
  2.330241e+01   2.762012e-18   7.786203e-03   3.197371e-20   8510
  2.333084e+01   2.705268e-18   8.206177e-03   3.417503e-20   7890
  2.335752e+01   2.657393e-18   7.872033e-03   3.332659e-20   6966
  2.338382e+01   2.712491e-18   7.524577e-03   3.380356e-20   7902
  2.341187e+01   2.574142e-18   8.206647e-03   3.330229e-20   7278
  2.343914e+01   2.573603e-18   8.061902e-03   3.406699e-20   7338
  2.346598e+01   2.495782e-18   7.466958e-03   3.164023e-20   7254
  2.349349e+01   2.504744e-18   8.041931e-03   3.285746e-20   6678
  2.352016e+01   2.465621e-18   8.034352e-03   3.107127e-20   7286
  2.354846e+01   2.551433e-18   7.948593e-03   3.356183e-20   7200
  2.357656e+01   2.448748e-18   7.715007e-03   3.444016e-20   6234
  2.360147e+01   2.312512e-18   7.732755e-03   3.052670e-20   6630
  2.362968e+01   2.395522e-18   7.973696e-03   3.149435e-20   6822
  2.365766e+01   2.303851e-18   7.511861e-03   3.144071e-20   6078
  2.368315e+01   2.320072e-18   7.985650e-03   3.039733e-20   6528
  2.371136e+01   2.494119e-18   7.632002e-03   3.443627e-20   6034
  2.373836e+01   2.209471e-18   7.815536e-03   2.745828e-20   6190
  2.376518e+01   2.321730e-18   8.029546e-03   3.081871e-20   6270
  2.379352e+01   2.276016e-18   7.221014e-03   3.231122e-20   5520
  2.381945e+01   2.177164e-18   8.084792e-03   2.870710e-20   6126
  2.384659e+01   2.369887e-18   7.559933e-03   3.336361e-20   5562
  2.387506e+01   2.104649e-18   7.559401e-03   2.813567e-20   5790
  2.390087e+01   2.128044e-18   7.739398e-03   3.064574e-20   5496
  2.392823e+01   2.234982e-18   7.795319e-03   3.211866e-20   5262
  2.395608e+01   2.093540e-18   7.677429e-03   2.921100e-20   5774
  2.398271e+01   2.046199e-18   7.605630e-03   2.976511e-20   5124
  2.401077e+01   2.181784e-18   7.629279e-03   3.186887e-20   5070
  2.403716e+01   2.072266e-18   7.941706e-03   2.846783e-20   5430
  2.406413e+01   2.092123e-18   7.418331e-03   3.209369e-20   4680
  2.409270e+01   2.051049e-18   7.682912e-03   2.818642e-20   5370
  2.411895e+01   1.952559e-18   7.340081e-03   2.902717e-20   4638
  2.414568e+01   2.075045e-18   7.716026e-03   3.048497e-20   4536
  2.417357e+01   1.946512e-18   7.726385e-03   2.743878e-20   5222
  2.420035e+01   1.969864e-18   7.090155e-03   3.172901e-20   4254
  2.422780e+01   2.038781e-18   7.815564e-03   3.114592e-20   4548
  2.425432e+01   1.956759e-18   7.579482e-03   2.924006e-20   4638
  2.428140e+01   2.022233e-18   7.483101e-03   3.115777e-20   4176
  2.430949e+01   1.952540e-18   7.509019e-03   2.858611e-20   4518
  2.433617e+01   1.988769e-18   7.565687e-03   3.110272e-20   4278
  2.436274e+01   1.965277e-18   7.320142e-03   3.382965e-20   3732
  2.438997e+01   1.828835e-18   7.733266e-03   2.788207e-20   4502
  2.441740e+01   1.919172e-18   7.517350e-03   3.040029e-20   3984
  2.444510e+01   1.877877e-18   7.787847e-03   3.360502e-20   3726
  2.447087e+01   1.750661e-18   7.506460e-03   2.926435e-20   4014
  2.449802e+01   1.856422e-18   7.871904e-03   3.054121e-20   3756
  2.452699e+01   1.686330e-18   7.900562e-03   2.721593e-20   3894
  2.455330e+01   1.782239e-18   7.731015e-03   2.937868e-20   3744
  2.457984e+01   1.900745e-18   7.859115e-03   3.484791e-20   3174
  2.460752e+01   1.729757e-18   8.044173e-03   2.841199e-20   3968
  2.463495e+01   1.742204e-18   8.111977e-03   3.121801e-20   3522
  2.466361e+01   1.829520e-18   8.331476e-03   3.363428e-20   3198
  2.468960e+01   1.723896e-18   8.160722e-03   2.934412e-20   3648
  2.471673e+01   1.764208e-18   8.295663e-03   3.259283e-20   3054
  2.474531e+01   1.695750e-18   7.802164e-03   2.989362e-20   3312
  2.477133e+01   1.671153e-18   8.241859e-03   2.975524e-20   3354
  2.479887e+01   1.810468e-18   8.150052e-03   3.601285e-20   2624
  2.482582e+01   1.603190e-18   7.951149e-03   2.810401e-20   3462
  2.485324e+01   1.739008e-18   8.293836e-03   3.173222e-20   2976
  2.488216e+01   1.659273e-18   7.851233e-03   3.187763e-20   2670
  2.490725e+01   1.587577e-18   8.172809e-03   2.994144e-20   3186
  2.493414e+01   1.685362e-18   7.634891e-03   3.399345e-20   2376
  2.496277e+01   1.657484e-18   8.048462e-03   2.904403e-20   3102
  2.498920e+01   1.593816e-18   7.878239e-03   3.162976e-20   2688
  2.501669e+01   1.610335e-18   8.219146e-03   3.629611e-20   2286
  2.504363e+01   1.484964e-18   7.927897e-03   2.649232e-20   3020
  2.507087e+01   1.565182e-18   7.551293e-03   3.380887e-20   2310
  2.509979e+01   1.569393e-18   8.345324e-03   3.269617e-20   2544
  2.512556e+01   1.511394e-18   7.780395e-03   2.912673e-20   2526
  2.515251e+01   1.617868e-18   7.990277e-03   3.580041e-20   2112
  2.518075e+01   1.484809e-18   7.678919e-03   2.951280e-20   2538
  2.520745e+01   1.460075e-18   7.988717e-03   3.149825e-20   2304
  2.523462e+01   1.530690e-18   7.882303e-03   3.300777e-20   1902
  2.526098e+01   1.453812e-18   7.530128e-03   2.962372e-20   2408
  2.528828e+01   1.553853e-18   7.943273e-03   3.459012e-20   2094
  2.531734e+01   1.494804e-18   8.093111e-03   3.375550e-20   2028
  2.534285e+01   1.505410e-18   7.676617e-03   3.140688e-20   2094
  2.536993e+01   1.503570e-18   8.374792e-03   3.468764e-20   1920
  2.539868e+01   1.485882e-18   7.060880e-03   3.464773e-20   1926
  2.542499e+01   1.447751e-18   8.241772e-03   3.159497e-20   2088
  2.545174e+01   1.567903e-18   7.229896e-03   4.098068e-20   1434
  2.547863e+01   1.343963e-18   7.644346e-03   3.059076e-20   2048
  2.550528e+01   1.499960e-18   7.622193e-03   3.718978e-20   1758
  2.553461e+01   1.496924e-18   8.409251e-03   3.650855e-20   1584
  2.556148e+01   1.503209e-18   8.331443e-03   3.310596e-20   1998
  2.558869e+01   1.557843e-18   7.588551e-03   3.990392e-20   1428
  2.561718e+01   1.425187e-18   6.351940e-03   3.548307e-20   1488
  2.564207e+01   1.362834e-18   8.091724e-03   3.186507e-20   1806
  2.566834e+01   1.551349e-18   7.366434e-03   4.807806e-20   1040
  2.569640e+01   1.317558e-18   7.718660e-03   3.183911e-20   1782
  2.572208e+01   1.466183e-18   7.296767e-03   3.893048e-20   1428
  2.575279e+01   1.515934e-18   8.761453e-03   4.358783e-20   1206
  2.577877e+01   1.347387e-18   8.140073e-03   3.332330e-20   1728
  2.580495e+01   1.498522e-18   7.628696e-03   4.555138e-20   1038
  2.583514e+01   1.312216e-18   6.189728e-03   3.787531e-20   1248
  2.585899e+01   1.378373e-18   7.893923e-03   3.510768e-20   1530
  2.588517e+01   1.323932e-18   7.235058e-03   4.958258e-20   656
  2.591442e+01   1.319112e-18   8.111352e-03   3.101873e-20   1662
  2.593913e+01   1.291022e-18   6.715149e-03   3.906531e-20   1008
  2.597172e+01   1.473917e-18   8.916900e-03   4.630566e-20   960
  2.599619e+01   1.312282e-18   7.667610e-03   3.244446e-20   1458
  2.602176e+01   1.438946e-18   7.576318e-03   5.602158e-20   672
  2.605313e+01   1.284553e-18   5.938027e-03   3.811888e-20   1062
  2.607533e+01   1.451627e-18   7.703272e-03   3.981407e-20   1224
  2.610192e+01   1.426714e-18   6.728834e-03   7.070037e-20   374
  2.613189e+01   1.319216e-18   8.088036e-03   3.392364e-20   1512
  2.615613e+01   1.407616e-18   6.777684e-03   5.490571e-20   666
  2.619082e+01   1.344005e-18   8.286559e-03   4.852256e-20   720
  2.621257e+01   1.387531e-18   7.420738e-03   4.069784e-20   1224
  2.623931e+01   1.473648e-18   7.377122e-03   7.771823e-20   390
  2.627131e+01   1.344595e-18   5.485178e-03   4.309350e-20   936
  2.629167e+01   1.411196e-18   7.826288e-03   4.542346e-20   882
  2.632074e+01   1.544206e-18   7.641458e-03   1.010274e-19   216
  2.634900e+01   1.282495e-18   7.587347e-03   3.407124e-20   1286
  2.637295e+01   1.364485e-18   6.338203e-03   7.177239e-20   384
  2.640957e+01   1.373752e-18   7.979226e-03   5.859220e-20   576
  2.642852e+01   1.329935e-18   7.151571e-03   4.753198e-20   930
  2.645565e+01   1.507299e-18   7.025337e-03   9.429171e-20   216
  2.649025e+01   1.212561e-18   5.639356e-03   4.154044e-20   918
  2.651019e+01   1.425276e-18   7.595740e-03   6.559624e-20   480
  2.653721e+01   1.613416e-18   6.400332e-03   1.623067e-19   78
  2.656526e+01   1.302329e-18   6.918403e-03   3.921715e-20   1052
  2.659116e+01   1.384472e-18   8.055672e-03   8.413216e-20   240
  2.663081e+01   1.325375e-18   2.941168e-03   5.823191e-20   438
  2.664436e+01   1.305961e-18   6.804857e-03   4.982321e-20   648
  2.666962e+01   1.360233e-18   5.618433e-03   1.428193e-19   78
  2.670728e+01   1.254006e-18   4.902201e-03   4.549143e-20   780
  2.672622e+01   1.198433e-18   6.840274e-03   8.220761e-20   240
  2.674955e+01   6.269470e-19   0.000000e+00   1.071938e-19   6
  2.678099e+01   1.265544e-18   6.266110e-03   4.665188e-20   824
  2.680374e+01   1.389074e-18   4.844192e-03   1.493062e-19   78
  2.684861e+01   1.244015e-18   2.532737e-03   5.871533e-20   432
  2.686032e+01   1.268411e-18   6.125575e-03   6.364389e-20   348
  2.688264e+01   7.720999e-19   0.000000e+00   3.462216e-19   6
  2.692341e+01   1.355660e-18   4.330580e-03   5.226853e-20   600
  2.693953e+01   1.349247e-18   4.077791e-03   1.370137e-19   78
  2.699635e+01   1.335360e-18   5.360574e-03   5.444855e-20   572
  2.701740e+01   2.846160e-19   0.000000e+00   9.732232e-20   6
  2.706595e+01   1.178550e-18   2.516850e-03   6.243551e-20   384
  2.707567e+01   1.308054e-18   3.741025e-03   1.691707e-19   102
  2.713929e+01   1.261163e-18   3.679793e-03   6.597293e-20   396
  2.715383e+01   1.993870e-18   0.000000e+00   5.616302e-19   6
  2.721112e+01   1.385316e-18   3.329304e-03   7.380302e-20   326
  2.728263e+01   1.151525e-18   2.315142e-03   6.464566e-20   252
  2.729189e+01   5.087177e-19   0.000000e+00   1.764954e-19   6
  2.735467e+01   1.261414e-18   2.106672e-03   8.576690e-20   198
  2.742659e+01   1.256035e-18   1.607428e-03   9.833929e-20   146
  2.749861e+01   1.149532e-18   1.179854e-03   1.053870e-19   102
  2.757072e+01   1.461276e-18   8.199682e-04   2.522645e-19   66
  2.764293e+01   1.155869e-18   5.207611e-04   1.979308e-19   38
  2.771523e+01   7.763915e-19   2.685925e-04   1.430904e-19   18
  2.778760e+01   2.163695e-18   0.000000e+00   5.741698e-19   6
