# power spectrum of phi
# redshift z=96.899093
# k              Pk             sigma(k)       sigma(Pk)      count
  1.256637e-01   5.134706e-11   0.000000e+00   2.069751e-11   6
  1.777153e-01   1.355991e-11   0.000000e+00   2.708138e-12   12
  2.176559e-01   6.495633e-12   2.384186e-09   1.329980e-12   8
  2.513274e-01   1.561503e-11   0.000000e+00   1.680065e-12   6
  2.809926e-01   8.402420e-12   4.495664e-09   2.680003e-12   24
  3.078120e-01   9.734608e-12   4.495664e-09   1.646698e-12   24
  3.708310e-01   3.168359e-12   9.740034e-03   5.781065e-13   42
  3.973835e-01   3.576393e-12   0.000000e+00   7.859893e-13   24
  4.167794e-01   2.937615e-12   7.786718e-09   7.285008e-13   24
  4.486432e-01   2.583046e-12   7.696839e-03   2.788956e-13   32
  4.701905e-01   2.100351e-12   0.000000e+00   2.960540e-13   48
  5.026548e-01   2.160568e-12   0.000000e+00   9.501259e-13   6
  5.245624e-01   1.534986e-12   7.433575e-03   1.458169e-13   84
  5.548703e-01   1.510741e-12   7.114891e-03   2.316117e-13   48
  5.803806e-01   1.063370e-12   6.388277e-03   1.075489e-13   72
  6.156239e-01   1.003438e-12   8.991328e-09   1.562072e-13   24
  6.371019e-01   6.664822e-13   5.669664e-03   6.120533e-14   102
  6.694115e-01   7.412988e-13   1.096246e-02   7.543473e-14   104
  6.882885e-01   4.625174e-13   0.000000e+00   6.774302e-14   48
  7.254833e-01   3.958450e-13   7.274260e-03   3.550917e-14   108
  7.474926e-01   5.275646e-13   5.130540e-03   5.556085e-14   78
  7.720780e-01   5.070998e-13   4.442982e-03   4.761245e-14   96
  8.060166e-01   3.755098e-13   6.261981e-03   2.858155e-14   168
  8.373048e-01   3.500420e-13   7.572942e-03   3.627949e-14   120
  8.522927e-01   3.207526e-13   0.000000e+00   4.898181e-14   48
  8.875381e-01   2.979489e-13   7.331812e-03   2.576845e-14   194
  9.180568e-01   2.448035e-13   5.998724e-03   1.952784e-14   192
  9.445606e-01   2.857155e-13   4.179554e-03   2.383698e-14   96
  9.631875e-01   1.858614e-13   3.557186e-03   1.753186e-14   96
  9.867076e-01   1.884580e-13   5.247590e-03   1.539509e-14   174
  1.018302e+00   1.897831e-13   5.162719e-03   1.330645e-14   216
  1.043827e+00   1.476127e-13   5.348761e-03   1.018900e-14   192
  1.076680e+00   1.452611e-13   5.670253e-03   1.001518e-14   204
  1.099851e+00   1.099650e-13   7.765578e-03   6.983348e-15   224
  1.131927e+00   1.387571e-13   4.383724e-03   1.068370e-14   174
  1.156826e+00   1.145696e-13   8.426920e-03   6.502414e-15   288
  1.187720e+00   9.672326e-14   4.148414e-03   5.860510e-15   288
  1.211830e+00   8.523200e-14   8.001468e-03   6.135093e-15   192
  1.243389e+00   8.986990e-14   5.855465e-03   5.353161e-15   252
  1.263357e+00   8.624338e-14   3.489272e-03   5.470676e-15   246
  1.290480e+00   7.503469e-14   6.620985e-03   4.449815e-15   312
  1.314676e+00   7.442925e-14   4.277300e-03   3.868749e-15   248
  1.347888e+00   5.874648e-14   9.048203e-03   2.876362e-15   432
  1.374643e+00   7.047170e-14   7.577672e-03   4.813410e-15   198
  1.401083e+00   6.918124e-14   9.164834e-03   3.180630e-15   456
  1.431960e+00   5.454866e-14   5.348273e-03   3.355468e-15   324
  1.453813e+00   5.137002e-14   6.331779e-03   2.835026e-15   312
  1.480905e+00   4.703335e-14   7.942383e-03   2.424113e-15   408
  1.514610e+00   4.325428e-14   7.334839e-03   2.178684e-15   414
  1.537790e+00   3.652957e-14   6.347030e-03   1.849372e-15   392
  1.561513e+00   4.488916e-14   7.151225e-03   2.258589e-15   408
  1.592735e+00   3.947618e-14   7.590585e-03   1.802990e-15   444
  1.616449e+00   3.705734e-14   6.136314e-03   1.824096e-15   360
  1.646728e+00   3.339153e-14   8.422264e-03   1.262150e-15   678
  1.678751e+00   3.439599e-14   5.398523e-03   1.966396e-15   360
  1.703361e+00   2.942123e-14   8.890407e-03   1.297076e-15   648
  1.726824e+00   2.864903e-14   4.108984e-03   1.847130e-15   288
  1.756709e+00   2.711362e-14   7.655141e-03   1.029120e-15   686
  1.784813e+00   2.673495e-14   5.691443e-03   1.313697e-15   444
  1.810226e+00   2.444726e-14   7.904944e-03   9.547620e-16   696
  1.835505e+00   2.526582e-14   7.510099e-03   1.168586e-15   408
  1.862936e+00   2.160077e-14   7.770126e-03   8.249403e-16   648
  1.891496e+00   2.363290e-14   6.803125e-03   1.019487e-15   582
  1.916959e+00   1.877645e-14   8.515206e-03   7.541861e-16   744
  1.945057e+00   2.112261e-14   8.500719e-03   8.746462e-16   516
  1.970941e+00   1.981742e-14   8.226327e-03   8.188288e-16   728
  1.994838e+00   1.785888e-14   6.815975e-03   7.449767e-16   558
  2.023696e+00   1.510392e-14   6.871155e-03   5.333156e-16   768
  2.054980e+00   1.691261e-14   7.965130e-03   5.410933e-16   960
  2.082310e+00   1.555476e-14   5.572193e-03   6.801234e-16   576
  2.108582e+00   1.596051e-14   9.044734e-03   5.506097e-16   816
  2.136871e+00   1.285964e-14   6.978079e-03   4.526576e-16   666
  2.161711e+00   1.400832e-14   8.183322e-03   4.549756e-16   960
  2.191392e+00   1.304374e-14   8.070536e-03   4.644587e-16   824
  2.220193e+00   1.259231e-14   8.887079e-03   4.025770e-16   936
  2.246715e+00   1.137626e-14   6.609093e-03   4.372311e-16   624
  2.271144e+00   1.203089e-14   7.780512e-03   3.910721e-16   1062
  2.299501e+00   1.167513e-14   8.475658e-03   4.163955e-16   732
  2.324371e+00   1.024426e-14   7.354282e-03   3.185896e-16   1080
  2.354037e+00   1.040957e-14   8.017672e-03   3.548737e-16   936
  2.380866e+00   9.220570e-15   8.659951e-03   3.069394e-16   878
  2.409130e+00   8.917508e-15   8.776125e-03   2.619028e-16   1152
  2.435374e+00   8.658286e-15   6.783314e-03   2.749750e-16   1056
  2.463284e+00   8.898136e-15   8.011817e-03   2.963668e-16   864
  2.488211e+00   8.369764e-15   7.826085e-03   2.590260e-16   1092
  2.518008e+00   8.303909e-15   8.267655e-03   2.455806e-16   1206
  2.546391e+00   7.856219e-15   8.390069e-03   2.230029e-16   1248
  2.572607e+00   7.408086e-15   5.685746e-03   2.560691e-16   864
  2.595945e+00   7.419627e-15   5.903210e-03   2.291033e-16   1152
  2.626371e+00   7.218031e-15   8.788222e-03   1.989734e-16   1382
  2.656067e+00   6.967070e-15   7.832257e-03   2.009620e-16   1188
  2.682071e+00   6.151321e-15   8.299276e-03   1.791746e-16   1248
  2.706625e+00   6.245947e-15   7.872659e-03   1.952582e-16   1152
  2.733569e+00   6.445104e-15   8.645592e-03   1.716034e-16   1320
  2.763459e+00   5.777980e-15   5.730139e-03   1.647941e-16   1206
  2.788258e+00   5.855316e-15   8.325116e-03   1.484466e-16   1560
  2.817720e+00   5.570464e-15   7.749790e-03   1.510673e-16   1280
  2.842925e+00   5.164271e-15   7.802600e-03   1.380750e-16   1308
  2.870501e+00   5.232927e-15   7.830643e-03   1.274290e-16   1512
  2.897970e+00   4.748067e-15   6.388887e-03   1.289469e-16   1350
  2.926276e+00   4.813835e-15   8.441243e-03   1.170027e-16   1608
  2.950474e+00   4.829534e-15   7.259334e-03   1.321142e-16   1320
  2.978655e+00   4.739440e-15   8.744730e-03   1.192462e-16   1656
  3.004023e+00   4.327855e-15   6.874825e-03   1.147495e-16   1254
  3.033365e+00   4.356300e-15   7.846352e-03   9.781054e-17   1932
  3.061022e+00   4.355087e-15   7.045997e-03   1.141221e-16   1640
  3.088272e+00   4.000082e-15   7.314215e-03   1.003261e-16   1488
  3.113972e+00   3.887634e-15   7.070473e-03   9.948860e-17   1560
  3.143202e+00   3.642117e-15   8.492431e-03   8.580790e-17   2046
  3.170335e+00   3.572864e-15   7.617690e-03   9.316694e-17   1512
  3.196616e+00   3.630331e-15   7.580823e-03   8.379389e-17   1764
  3.222826e+00   3.363815e-15   7.558355e-03   7.805071e-17   1776
  3.249873e+00   3.392368e-15   9.086057e-03   8.045064e-17   1704
  3.278891e+00   3.192598e-15   8.897943e-03   6.752613e-17   2126
  3.305023e+00   3.080985e-15   6.181224e-03   7.232551e-17   1632
  3.331250e+00   3.051139e-15   8.234420e-03   6.453416e-17   2064
  3.357691e+00   3.155981e-15   6.789507e-03   7.539829e-17   1680
  3.386462e+00   2.907139e-15   7.615683e-03   6.488217e-17   2154
  3.413240e+00   2.841083e-15   7.709258e-03   6.180488e-17   2016
  3.442077e+00   2.716691e-15   8.463485e-03   5.438039e-17   2304
  3.468500e+00   2.814082e-15   6.738046e-03   7.087324e-17   1680
  3.495952e+00   2.655938e-15   7.805829e-03   5.669628e-17   2432
  3.523471e+00   2.475688e-15   7.691556e-03   5.648039e-17   1902
  3.550783e+00   2.400386e-15   7.909477e-03   4.791533e-17   2292
  3.575143e+00   2.307409e-15   6.264893e-03   5.248446e-17   1992
  3.604046e+00   2.268820e-15   8.030731e-03   4.339508e-17   2568
  3.631839e+00   2.226115e-15   7.011475e-03   5.198441e-17   1806
  3.659925e+00   2.286737e-15   8.624447e-03   4.413981e-17   3000
  3.688362e+00   2.231906e-15   7.847969e-03   4.930652e-17   2016
  3.712101e+00   2.217377e-15   7.325540e-03   4.723739e-17   2168
  3.739165e+00   2.134708e-15   7.480367e-03   4.458621e-17   2412
  3.767457e+00   1.950411e-15   8.182348e-03   3.874066e-17   2550
  3.794682e+00   2.030087e-15   8.123551e-03   3.909573e-17   2592
  3.823097e+00   1.870784e-15   7.483746e-03   3.865805e-17   2496
  3.850113e+00   1.819760e-15   8.278837e-03   3.561529e-17   2688
  3.877062e+00   1.787304e-15   7.151929e-03   3.554442e-17   2424
  3.905465e+00   1.720119e-15   6.562733e-03   3.381024e-17   2634
  3.931062e+00   1.727032e-15   7.872296e-03   3.351392e-17   2552
  3.956564e+00   1.698883e-15   8.258892e-03   3.222755e-17   2832
  3.984868e+00   1.612051e-15   7.843060e-03   3.203759e-17   2424
  4.012777e+00   1.545280e-15   8.700050e-03   2.640029e-17   3198
  4.038905e+00   1.574522e-15   6.944850e-03   3.028635e-17   2400
  4.066601e+00   1.606827e-15   7.988621e-03   2.790986e-17   3336
  4.095222e+00   1.452170e-15   6.723909e-03   3.058064e-17   2508
  4.120369e+00   1.474183e-15   8.104033e-03   2.728537e-17   3104
  4.149775e+00   1.440882e-15   8.153375e-03   2.606487e-17   2934
  4.176274e+00   1.392208e-15   7.495795e-03   2.568693e-17   3120
  4.205010e+00   1.321417e-15   8.363076e-03   2.214207e-17   3288
  4.231486e+00   1.343142e-15   7.040454e-03   2.493497e-17   2808
  4.258671e+00   1.224516e-15   8.835744e-03   2.260022e-17   2988
  4.286036e+00   1.239435e-15   8.089119e-03   2.200087e-17   3486
  4.312540e+00   1.285935e-15   7.656977e-03   2.517737e-17   3000
  4.338131e+00   1.243941e-15   6.660522e-03   2.192371e-17   3024
  4.366804e+00   1.171032e-15   7.334581e-03   1.964546e-17   3584
  4.395565e+00   1.190911e-15   7.857248e-03   1.995281e-17   3486
  4.422393e+00   1.142152e-15   7.076269e-03   2.037219e-17   3120
  4.448626e+00   1.133651e-15   6.987605e-03   1.871461e-17   3396
  4.475108e+00   1.064730e-15   7.983171e-03   1.838208e-17   3552
  4.503379e+00   1.064905e-15   7.682827e-03   1.732562e-17   3384
  4.531323e+00   1.048972e-15   7.821891e-03   1.758926e-17   3726
  4.557931e+00   1.032692e-15   7.580401e-03   1.845703e-17   3344
  4.583208e+00   1.044139e-15   7.789164e-03   1.713939e-17   3744
  4.612116e+00   9.759513e-16   7.582253e-03   1.615211e-17   3540
  4.639216e+00   9.624966e-16   8.049190e-03   1.490128e-17   3822
  4.667652e+00   9.340655e-16   7.902499e-03   1.408040e-17   4056
  4.693533e+00   9.229536e-16   7.262531e-03   1.551185e-17   3288
  4.720670e+00   8.715925e-16   8.388767e-03   1.403529e-17   4056
  4.747313e+00   8.842197e-16   7.684216e-03   1.405890e-17   3984
  4.776480e+00   8.896630e-16   7.065076e-03   1.474801e-17   3662
  4.801185e+00   8.554756e-16   7.708878e-03   1.420953e-17   3828
  4.829054e+00   8.393155e-16   8.714957e-03   1.160106e-17   4632
  4.856839e+00   8.254998e-16   6.728047e-03   1.372891e-17   3600
  4.884615e+00   7.771438e-16   7.988589e-03   1.218138e-17   4320
  4.910897e+00   7.666598e-16   6.267555e-03   1.190610e-17   3918
  4.937429e+00   7.878584e-16   7.211341e-03   1.229703e-17   4200
  4.964105e+00   7.811193e-16   8.183364e-03   1.217751e-17   4188
  4.991760e+00   7.355787e-16   8.311430e-03   1.087731e-17   4360
  5.019842e+00   7.183226e-16   8.310798e-03   1.077951e-17   4582
  5.046995e+00   7.317768e-16   7.387468e-03   1.189860e-17   4128
  5.074602e+00   7.083118e-16   7.936081e-03   1.050835e-17   4752
  5.100601e+00   7.178767e-16   7.305558e-03   1.080799e-17   4176
  5.128877e+00   6.579648e-16   8.400425e-03   9.568316e-18   4848
  5.157185e+00   6.663356e-16   7.298735e-03   1.031214e-17   4338
  5.183856e+00   6.654181e-16   7.965872e-03   9.372752e-18   5160
  5.210226e+00   6.485892e-16   6.457992e-03   1.034013e-17   4008
  5.238833e+00   6.237043e-16   8.537210e-03   8.818815e-18   5360
  5.265161e+00   6.223931e-16   7.941083e-03   9.519113e-18   4110
  5.292550e+00   6.133341e-16   8.507677e-03   8.342978e-18   5424
  5.318664e+00   5.824345e-16   7.274607e-03   9.423853e-18   4140
  5.346136e+00   5.927061e-16   8.127882e-03   7.765831e-18   5664
  5.374330e+00   5.807518e-16   7.064267e-03   8.279158e-18   4632
  5.401180e+00   5.664065e-16   7.451175e-03   8.128637e-18   4902
  5.427773e+00   5.728742e-16   7.962424e-03   8.072728e-18   5072
  5.454995e+00   5.683337e-16   7.508267e-03   7.674333e-18   5472
  5.481937e+00   5.399121e-16   7.630507e-03   7.797706e-18   4704
  5.509580e+00   5.442328e-16   8.381869e-03   7.435918e-18   5436
  5.537725e+00   5.242184e-16   7.980641e-03   6.845562e-18   5646
  5.563320e+00   5.293794e-16   7.141000e-03   7.752764e-18   4512
  5.590561e+00   5.026803e-16   9.120803e-03   6.448466e-18   6120
  5.618647e+00   5.046216e-16   7.056346e-03   7.096224e-18   5112
  5.645654e+00   5.020154e-16   8.338893e-03   6.658647e-18   5606
  5.672833e+00   4.780900e-16   7.771360e-03   6.678610e-18   5328
  5.699944e+00   4.671380e-16   7.829763e-03   6.224573e-18   5964
  5.727177e+00   4.627362e-16   7.952358e-03   6.379965e-18   5448
  5.754787e+00   4.438571e-16   8.143528e-03   5.789288e-18   5904
  5.783001e+00   4.439239e-16   8.002897e-03   5.905152e-18   5598
  5.809029e+00   4.429525e-16   7.509546e-03   5.738002e-18   5952
  5.835933e+00   4.301114e-16   8.215632e-03   5.878988e-18   5688
  5.863154e+00   4.315804e-16   7.877564e-03   5.657597e-18   5876
  5.889819e+00   4.244655e-16   7.683367e-03   5.643081e-18   5784
  5.917504e+00   4.018376e-16   7.664503e-03   4.945281e-18   6462
  5.945268e+00   4.196400e-16   8.266739e-03   5.708043e-18   5688
  5.970984e+00   4.093670e-16   7.627151e-03   5.305002e-18   6408
  5.998781e+00   3.860720e-16   7.874001e-03   4.882023e-18   6000
  6.027110e+00   3.881404e-16   8.473273e-03   4.718902e-18   6582
  6.055106e+00   3.853386e-16   8.064380e-03   4.874503e-18   6564
  6.081315e+00   3.741625e-16   7.110698e-03   4.844593e-18   6048
  6.108497e+00   3.608557e-16   8.148866e-03   4.570018e-18   6512
  6.136984e+00   3.689425e-16   8.100665e-03   4.557284e-18   6816
  6.164250e+00   3.664393e-16   7.084479e-03   4.796519e-18   6222
  6.189839e+00   3.587275e-16   7.381669e-03   4.592891e-18   6432
  6.217169e+00   3.501544e-16   7.769689e-03   4.198421e-18   6804
  6.244340e+00   3.500383e-16   7.323663e-03   4.440241e-18   6432
  6.270934e+00   3.367747e-16   8.611725e-03   4.104780e-18   6846
  6.297948e+00   3.365361e-16   7.863643e-03   4.206577e-18   6424
  6.323775e+00   3.238025e-16   7.057672e-03   4.043183e-18   6952
  6.352148e+00   3.258068e-16   8.504586e-03   3.710092e-18   7560
  6.380013e+00   3.199223e-16   7.307949e-03   3.932895e-18   6648
  6.408752e+00   3.152188e-16   8.030356e-03   3.723141e-18   7578
  6.434049e+00   3.123762e-16   7.250757e-03   3.841848e-18   6552
  6.461385e+00   2.995444e-16   7.983311e-03   3.543794e-18   7536
  6.489254e+00   2.948759e-16   7.305901e-03   3.419520e-18   7272
  6.516383e+00   2.996219e-16   7.782483e-03   3.591718e-18   6936
  6.542425e+00   2.879427e-16   7.981714e-03   3.267955e-18   7430
  6.570600e+00   2.865525e-16   8.360262e-03   3.247059e-18   7644
  6.596748e+00   2.767976e-16   7.446192e-03   3.287730e-18   7248
  6.625170e+00   2.752755e-16   8.518353e-03   3.026024e-18   8232
  6.652948e+00   2.701261e-16   7.768084e-03   3.223970e-18   7038
  6.679654e+00   2.714282e-16   7.550946e-03   3.074800e-18   7824
  6.705868e+00   2.625708e-16   7.953814e-03   2.989510e-18   7752
  6.732926e+00   2.520439e-16   8.025217e-03   2.929675e-18   7480
  6.761041e+00   2.583478e-16   8.094665e-03   2.838280e-18   8404
  6.788355e+00   2.605820e-16   7.519273e-03   2.922839e-18   7614
  6.814566e+00   2.537036e-16   7.875542e-03   2.897504e-18   7776
  6.840939e+00   2.503705e-16   7.513882e-03   2.849949e-18   7944
  6.868508e+00   2.465382e-16   7.813033e-03   2.701408e-18   8424
  6.895711e+00   2.362617e-16   7.666771e-03   2.744116e-18   7872
  6.923812e+00   2.344826e-16   7.704149e-03   2.519793e-18   8658
  6.950761e+00   2.380243e-16   7.689355e-03   2.644392e-18   8352
  6.978503e+00   2.349977e-16   7.724359e-03   2.554349e-18   8648
  7.004730e+00   2.369816e-16   7.319339e-03   2.640568e-18   7680
  7.032294e+00   2.244535e-16   7.624854e-03   2.419388e-18   8646
  7.057906e+00   2.303839e-16   7.387464e-03   2.467309e-18   8448
  7.086215e+00   2.271937e-16   7.850115e-03   2.449462e-18   9120
  7.113531e+00   2.118195e-16   7.671051e-03   2.314637e-18   8316
  7.141154e+00   2.182608e-16   8.279504e-03   2.235705e-18   9504
  7.168899e+00   2.149200e-16   7.529366e-03   2.358445e-18   8358
  7.196590e+00   2.058496e-16   7.958706e-03   2.145970e-18   9584
  7.223343e+00   2.031366e-16   7.615899e-03   2.187123e-18   8616
  7.250971e+00   2.083121e-16   8.292007e-03   2.131103e-18   9432
  7.279186e+00   2.047392e-16   8.435371e-03   2.181192e-18   9018
  7.304796e+00   1.990032e-16   7.140591e-03   2.100412e-18   8568
  7.331558e+00   1.929567e-16   7.948071e-03   1.890437e-18   9816
  7.359242e+00   1.990414e-16   7.524748e-03   2.112233e-18   9000
  7.386598e+00   1.933916e-16   7.870041e-03   2.008599e-18   9504
  7.413845e+00   1.862030e-16   8.051187e-03   1.899186e-18   9446
  7.440641e+00   1.905712e-16   7.699380e-03   1.904993e-18   9696
  7.468195e+00   1.836048e-16   7.164972e-03   1.879318e-18   9180
  7.495259e+00   1.797449e-16   8.282225e-03   1.792810e-18   10512
  7.522902e+00   1.854642e-16   7.829976e-03   1.956479e-18   9048
  7.550250e+00   1.738782e-16   7.510162e-03   1.743158e-18   10014
  7.575574e+00   1.735940e-16   7.329886e-03   1.866185e-18   9096
  7.603121e+00   1.710528e-16   8.390519e-03   1.610277e-18   11088
  7.632406e+00   1.753779e-16   8.163109e-03   1.746592e-18   9860
  7.659230e+00   1.650583e-16   7.737690e-03   1.668973e-18   10110
  7.686130e+00   1.700898e-16   8.053910e-03   1.720859e-18   10104
  7.713191e+00   1.663071e-16   7.636467e-03   1.630430e-18   10392
  7.740583e+00   1.637247e-16   7.904781e-03   1.599068e-18   10104
  7.768502e+00   1.626886e-16   8.180242e-03   1.499872e-18   11352
  7.796944e+00   1.565806e-16   7.491897e-03   1.581754e-18   10014
  7.822199e+00   1.584750e-16   6.915393e-03   1.624848e-18   9636
  7.848914e+00   1.535798e-16   8.196014e-03   1.422442e-18   11552
  7.877111e+00   1.507153e-16   7.615776e-03   1.492240e-18   10488
  7.904334e+00   1.524780e-16   7.953757e-03   1.522799e-18   10254
  7.930828e+00   1.469768e-16   7.488721e-03   1.380743e-18   11304
  7.958358e+00   1.490532e-16   7.600362e-03   1.455782e-18   10872
  7.985758e+00   1.460664e-16   8.150309e-03   1.406227e-18   10932
  8.012305e+00   1.429211e-16   7.353434e-03   1.407536e-18   10848
  8.039746e+00   1.422746e-16   7.690478e-03   1.340740e-18   10998
  8.066964e+00   1.404503e-16   8.081204e-03   1.295070e-18   11720
  8.094283e+00   1.417106e-16   7.434898e-03   1.374739e-18   10776
  8.121163e+00   1.375733e-16   8.133517e-03   1.262585e-18   12072
  8.149014e+00   1.340597e-16   7.457951e-03   1.291126e-18   10704
  8.175729e+00   1.359434e-16   7.650634e-03   1.276662e-18   11730
  8.203619e+00   1.333505e-16   7.946325e-03   1.217008e-18   12144
  8.230515e+00   1.303613e-16   7.529116e-03   1.223064e-18   11568
  8.258661e+00   1.278784e-16   8.144790e-03   1.184066e-18   11552
  8.283969e+00   1.277811e-16   7.350911e-03   1.209794e-18   10926
  8.311503e+00   1.297015e-16   8.325582e-03   1.122928e-18   13032
  8.338493e+00   1.297803e-16   6.804118e-03   1.266103e-18   10776
  8.365813e+00   1.241155e-16   8.375864e-03   1.078259e-18   13116
  8.393750e+00   1.226697e-16   7.882634e-03   1.125202e-18   12288
  8.421268e+00   1.183973e-16   7.244910e-03   1.126147e-18   11262
  8.447035e+00   1.211870e-16   7.826632e-03   1.096715e-18   12672
  8.474745e+00   1.197844e-16   7.673929e-03   1.057681e-18   12624
  8.502218e+00   1.169057e-16   7.698861e-03   1.051742e-18   12392
  8.529471e+00   1.165736e-16   7.891867e-03   1.072287e-18   12060
  8.557084e+00   1.160569e-16   8.322646e-03   1.002553e-18   13662
  8.583571e+00   1.126792e-16   7.187418e-03   1.035390e-18   11592
  8.611145e+00   1.117920e-16   8.541227e-03   9.816821e-19   13776
  8.638662e+00   1.120831e-16   7.263637e-03   1.017213e-18   12240
  8.666295e+00   1.090794e-16   8.368586e-03   9.469787e-19   13662
  8.692255e+00   1.097731e-16   7.192248e-03   1.003526e-18   11520
  8.720283e+00   1.081181e-16   8.289674e-03   8.850248e-19   15044
  8.747920e+00   1.076689e-16   7.450742e-03   9.693531e-19   12384
  8.775053e+00   1.030648e-16   7.843476e-03   9.279726e-19   13176
  8.801619e+00   1.024861e-16   7.103572e-03   8.971271e-19   12798
  8.829027e+00   1.050656e-16   8.067839e-03   8.924813e-19   14376
  8.855653e+00   1.015569e-16   7.668925e-03   9.138530e-19   12528
  8.883017e+00   1.011142e-16   8.053245e-03   8.715307e-19   14100
  8.909486e+00   1.021000e-16   7.307026e-03   9.551448e-19   12630
  8.936818e+00   9.797052e-17   7.935463e-03   8.164246e-19   14624
  8.963857e+00   1.000862e-16   7.915325e-03   8.689976e-19   13272
  8.991387e+00   9.744011e-17   8.068639e-03   8.021890e-19   14664
  9.019422e+00   9.433805e-17   8.248511e-03   7.795728e-19   14328
  9.046471e+00   9.438111e-17   7.659461e-03   8.242608e-19   13086
  9.073888e+00   9.347245e-17   8.240211e-03   7.564563e-19   15612
  9.101226e+00   9.437840e-17   7.102859e-03   8.354799e-19   13416
  9.127768e+00   9.279676e-17   8.354932e-03   7.780292e-19   14360
  9.155037e+00   9.154801e-17   7.816724e-03   7.720345e-19   14064
  9.182826e+00   9.042082e-17   8.044126e-03   7.320684e-19   15750
  9.210217e+00   8.825512e-17   7.598576e-03   7.597666e-19   13680
  9.237239e+00   8.994664e-17   8.272318e-03   7.322855e-19   15468
  9.264722e+00   8.604768e-17   7.971238e-03   7.329352e-19   14352
  9.291378e+00   8.641596e-17   7.864848e-03   7.115802e-19   14454
  9.318166e+00   8.727425e-17   8.076272e-03   7.182002e-19   15048
  9.345749e+00   8.255666e-17   7.485391e-03   6.725488e-19   15360
  9.372980e+00   8.488812e-17   8.226426e-03   6.893950e-19   15224
  9.400343e+00   8.256875e-17   7.789620e-03   6.710133e-19   15096
  9.427486e+00   8.449306e-17   7.610514e-03   7.032035e-19   14514
  9.453949e+00   8.370494e-17   7.977695e-03   6.685189e-19   16416
  9.481727e+00   8.084414e-17   7.850487e-03   6.591275e-19   15216
  9.510083e+00   8.159870e-17   7.900205e-03   6.462676e-19   16440
  9.537157e+00   8.043778e-17   7.947446e-03   6.662283e-19   14904
  9.563059e+00   7.839937e-17   7.465408e-03   6.381856e-19   15134
  9.590642e+00   7.944975e-17   8.352063e-03   6.272029e-19   16644
  9.618181e+00   7.690066e-17   7.841132e-03   6.246986e-19   16128
  9.645195e+00   7.799027e-17   7.791504e-03   6.390779e-19   15384
  9.671810e+00   7.641154e-17   7.659242e-03   6.135437e-19   15462
  9.699070e+00   7.622227e-17   8.182539e-03   5.740456e-19   17304
  9.726859e+00   7.445194e-17   7.715919e-03   5.891822e-19   16176
  9.754135e+00   7.516562e-17   8.162187e-03   5.866920e-19   16824
  9.782053e+00   7.160171e-17   7.507653e-03   5.751040e-19   15980
  9.808353e+00   7.314981e-17   7.472934e-03   5.785735e-19   16326
  9.834872e+00   7.157451e-17   7.977222e-03   5.628335e-19   16488
  9.862344e+00   7.121050e-17   7.739406e-03   5.561642e-19   16944
  9.889933e+00   7.099472e-17   8.144790e-03   5.472641e-19   17256
  9.916536e+00   6.876603e-17   7.553612e-03   5.490343e-19   15966
  9.944151e+00   6.980929e-17   8.020457e-03   5.373402e-19   17628
  9.971186e+00   6.765786e-17   7.618437e-03   5.270840e-19   17280
  9.998502e+00   6.682938e-17   8.386180e-03   5.119902e-19   17056
  1.002543e+01   6.705982e-17   7.907604e-03   5.172376e-19   17296
  1.005354e+01   6.540691e-17   7.745605e-03   4.978265e-19   17526
  1.008007e+01   6.638920e-17   7.795142e-03   4.987714e-19   17592
  1.010769e+01   6.529289e-17   8.109125e-03   4.942376e-19   17880
  1.013460e+01   6.477878e-17   7.519985e-03   5.078984e-19   17028
  1.016122e+01   6.517205e-17   7.646950e-03   5.004513e-19   17376
  1.018830e+01   6.512008e-17   7.591817e-03   4.803101e-19   18414
  1.021626e+01   6.271210e-17   7.785800e-03   4.666836e-19   17840
  1.024337e+01   6.238184e-17   8.173712e-03   4.614272e-19   18960
  1.027040e+01   6.188767e-17   7.593182e-03   4.795386e-19   16992
  1.029753e+01   6.153751e-17   8.364786e-03   4.591233e-19   18378
  1.032409e+01   6.239578e-17   7.447989e-03   4.810675e-19   18192
  1.035171e+01   6.051782e-17   7.951838e-03   4.440390e-19   19320
  1.037913e+01   5.974230e-17   7.712649e-03   4.508251e-19   17856
  1.040647e+01   5.760590e-17   7.961690e-03   4.294219e-19   19128
  1.043334e+01   5.898277e-17   7.364111e-03   4.424695e-19   18246
  1.046071e+01   5.902386e-17   7.654223e-03   4.269649e-19   19184
  1.048780e+01   5.677996e-17   7.833929e-03   4.129115e-19   18900
  1.051563e+01   5.691665e-17   8.170515e-03   4.078832e-19   19776
  1.054217e+01   5.702141e-17   7.496333e-03   4.428084e-19   17814
  1.056977e+01   5.623576e-17   8.157531e-03   4.017443e-19   19944
  1.059666e+01   5.665579e-17   8.046976e-03   4.090178e-19   19536
  1.062448e+01   5.517016e-17   7.963177e-03   3.913500e-19   20112
  1.065147e+01   5.412095e-17   7.400913e-03   4.098167e-19   18116
  1.067839e+01   5.390876e-17   7.715608e-03   3.810040e-19   19878
  1.070483e+01   5.416965e-17   7.798027e-03   3.883365e-19   19800
  1.073278e+01   5.425560e-17   7.797534e-03   3.874537e-19   20136
  1.076062e+01   5.253781e-17   8.202270e-03   3.723669e-19   20808
  1.078773e+01   5.213964e-17   7.430653e-03   3.842868e-19   19152
  1.081500e+01   5.143146e-17   7.848650e-03   3.671305e-19   20526
  1.084254e+01   5.117667e-17   8.075152e-03   3.678991e-19   20532
  1.086927e+01   5.218534e-17   8.024638e-03   3.724840e-19   20120
  1.089574e+01   5.021414e-17   7.477928e-03   3.684526e-19   19512
  1.092341e+01   4.988185e-17   8.123431e-03   3.512894e-19   21246
  1.095048e+01   5.070010e-17   7.387938e-03   3.648189e-19   20112
  1.097792e+01   4.997118e-17   8.226462e-03   3.383900e-19   22104
  1.100525e+01   4.840367e-17   8.072411e-03   3.522884e-19   19620
  1.103241e+01   4.823676e-17   8.023978e-03   3.332957e-19   21912
  1.105960e+01   4.856573e-17   7.486933e-03   3.474901e-19   20070
  1.108668e+01   4.797141e-17   8.154320e-03   3.286426e-19   22064
  1.111425e+01   4.716212e-17   7.741758e-03   3.282458e-19   21048
  1.114100e+01   4.783455e-17   7.571713e-03   3.319154e-19   21168
  1.116818e+01   4.775967e-17   8.188209e-03   3.308677e-19   21384
  1.119608e+01   4.595004e-17   7.408830e-03   3.141845e-19   22146
  1.122333e+01   4.734406e-17   7.925872e-03   3.243148e-19   22200
  1.125081e+01   4.508272e-17   7.507740e-03   3.118123e-19   21648
  1.127772e+01   4.437253e-17   8.037911e-03   3.118893e-19   21144
  1.130434e+01   4.405313e-17   7.645623e-03   3.003592e-19   21710
  1.133171e+01   4.425650e-17   8.123498e-03   2.917702e-19   23112
  1.135996e+01   4.448092e-17   8.104202e-03   2.955412e-19   23064
  1.138718e+01   4.375244e-17   7.500308e-03   3.033496e-19   21252
  1.141334e+01   4.338868e-17   7.518601e-03   2.911469e-19   22128
  1.144063e+01   4.382417e-17   7.793289e-03   2.947318e-19   22446
  1.146791e+01   4.202760e-17   7.637639e-03   2.868433e-19   22848
  1.149492e+01   4.260083e-17   7.647428e-03   2.864453e-19   23208
  1.152254e+01   4.240562e-17   7.871234e-03   2.828046e-19   22536
  1.154973e+01   4.175601e-17   7.982308e-03   2.811830e-19   22586
  1.157685e+01   4.225510e-17   8.138974e-03   2.773457e-19   24096
  1.160413e+01   4.162522e-17   7.636529e-03   2.843845e-19   22440
  1.163106e+01   4.166259e-17   8.321846e-03   2.770260e-19   23400
  1.165801e+01   4.018790e-17   7.559642e-03   2.686916e-19   23232
  1.168584e+01   4.018374e-17   7.960320e-03   2.648717e-19   23886
  1.171266e+01   3.986808e-17   7.654565e-03   2.706998e-19   23376
  1.173984e+01   4.001105e-17   7.723174e-03   2.657548e-19   23540
  1.176669e+01   3.904226e-17   7.660842e-03   2.539812e-19   24240
  1.179458e+01   3.919599e-17   8.060547e-03   2.602446e-19   23952
  1.182201e+01   3.893715e-17   7.540797e-03   2.560779e-19   24006
  1.184951e+01   3.839624e-17   8.459673e-03   2.460756e-19   25560
  1.187610e+01   3.820950e-17   7.500748e-03   2.577109e-19   22728
  1.190276e+01   3.807974e-17   7.559737e-03   2.500871e-19   23556
  1.192978e+01   3.765789e-17   7.888923e-03   2.451233e-19   25398
  1.195717e+01   3.828198e-17   7.728869e-03   2.517313e-19   24088
  1.198446e+01   3.779789e-17   8.045541e-03   2.399509e-19   25696
  1.201181e+01   3.719886e-17   7.556007e-03   2.505606e-19   24144
  1.203893e+01   3.604354e-17   8.075482e-03   2.323451e-19   25560
  1.206623e+01   3.610331e-17   7.449229e-03   2.396035e-19   24246
  1.209362e+01   3.684771e-17   7.909137e-03   2.318965e-19   26292
  1.212094e+01   3.599051e-17   7.800766e-03   2.333219e-19   25200
  1.214813e+01   3.556985e-17   8.124144e-03   2.291796e-19   25296
  1.217472e+01   3.508757e-17   7.419097e-03   2.300847e-19   24192
  1.220300e+01   3.503114e-17   8.192669e-03   2.133615e-19   28646
  1.223055e+01   3.471743e-17   7.533346e-03   2.278958e-19   24552
  1.225757e+01   3.474355e-17   7.897298e-03   2.227583e-19   25788
  1.228397e+01   3.423668e-17   7.455900e-03   2.209819e-19   25272
  1.231128e+01   3.383707e-17   8.068486e-03   2.170935e-19   26118
  1.233803e+01   3.389741e-17   7.897735e-03   2.144979e-19   26016
  1.236603e+01   3.333116e-17   7.978952e-03   2.029633e-19   27792
  1.239286e+01   3.338455e-17   7.826029e-03   2.154359e-19   25072
  1.241991e+01   3.257509e-17   8.106413e-03   2.017137e-19   26824
  1.244701e+01   3.289742e-17   7.401394e-03   2.083120e-19   26106
  1.247458e+01   3.249658e-17   8.145321e-03   1.988037e-19   28296
  1.250188e+01   3.275642e-17   7.836743e-03   2.060392e-19   26640
  1.252911e+01   3.193161e-17   7.461142e-03   2.005418e-19   26064
  1.255607e+01   3.195521e-17   8.185574e-03   1.923043e-19   27822
  1.258286e+01   3.220735e-17   7.607358e-03   2.066358e-19   26160
  1.261000e+01   3.203159e-17   8.365536e-03   1.978393e-19   28108
  1.263740e+01   3.171076e-17   7.995452e-03   1.987043e-19   27664
  1.266458e+01   3.121851e-17   7.953365e-03   1.924952e-19   27600
  1.269222e+01   3.073529e-17   7.970525e-03   1.896032e-19   27510
  1.271950e+01   3.095792e-17   7.887204e-03   1.887927e-19   28848
  1.274666e+01   3.033027e-17   7.810242e-03   1.860538e-19   27744
  1.277393e+01   3.016267e-17   7.609477e-03   1.838593e-19   27888
  1.280105e+01   3.026144e-17   7.736113e-03   1.859093e-19   27780
  1.282823e+01   3.022345e-17   7.793625e-03   1.835735e-19   28734
  1.285511e+01   2.985689e-17   8.047931e-03   1.846563e-19   28232
  1.288264e+01   2.983627e-17   8.002290e-03   1.790324e-19   29016
  1.290954e+01   2.937536e-17   7.906426e-03   1.780443e-19   28056
  1.293662e+01   2.958433e-17   7.672960e-03   1.799743e-19   28710
  1.296395e+01   2.932608e-17   8.105050e-03   1.766499e-19   29220
  1.299233e+01   2.858703e-17   8.291089e-03   1.675411e-19   31584
  1.301920e+01   2.836134e-17   7.642995e-03   1.772439e-19   26904
  1.304540e+01   2.849171e-17   7.428699e-03   1.728548e-19   28512
  1.307329e+01   2.808336e-17   8.001980e-03   1.642918e-19   30878
  1.310095e+01   2.833326e-17   8.036454e-03   1.662399e-19   30408
  1.312802e+01   2.825878e-17   7.762877e-03   1.707883e-19   28632
  1.315463e+01   2.761290e-17   7.470498e-03   1.648109e-19   28764
  1.318150e+01   2.745868e-17   8.311291e-03   1.618461e-19   30630
  1.320912e+01   2.710789e-17   7.695248e-03   1.614123e-19   30240
  1.323680e+01   2.747781e-17   7.884066e-03   1.616562e-19   31008
  1.326377e+01   2.717665e-17   7.551388e-03   1.648972e-19   29240
  1.329026e+01   2.644961e-17   7.706355e-03   1.596228e-19   30000
  1.331789e+01   2.674896e-17   8.157153e-03   1.567753e-19   30978
  1.334510e+01   2.596074e-17   7.690285e-03   1.530309e-19   30696
  1.337220e+01   2.629859e-17   8.060659e-03   1.543872e-19   31320
  1.339896e+01   2.596239e-17   7.533254e-03   1.576964e-19   29280
  1.342610e+01   2.562669e-17   8.055551e-03   1.497155e-19   31488
  1.345323e+01   2.559174e-17   7.562777e-03   1.506144e-19   31326
  1.348064e+01   2.571985e-17   8.120115e-03   1.506274e-19   31480
  1.350831e+01   2.574752e-17   7.877139e-03   1.469612e-19   32572
  1.353590e+01   2.522726e-17   7.881897e-03   1.462226e-19   31296
  1.356270e+01   2.509936e-17   7.664789e-03   1.489094e-19   30798
  1.359005e+01   2.527902e-17   8.159575e-03   1.473141e-19   32256
  1.361689e+01   2.492188e-17   7.881374e-03   1.428013e-19   32088
  1.364377e+01   2.473482e-17   7.799879e-03   1.468878e-19   30936
  1.367098e+01   2.445449e-17   8.109317e-03   1.393785e-19   33036
  1.369872e+01   2.421072e-17   7.851684e-03   1.405324e-19   31846
  1.372573e+01   2.423676e-17   8.003616e-03   1.349447e-19   33832
  1.375286e+01   2.411351e-17   7.413783e-03   1.418598e-19   30912
  1.377976e+01   2.381741e-17   7.774727e-03   1.358968e-19   32976
  1.380680e+01   2.345851e-17   7.671272e-03   1.343033e-19   32712
  1.383439e+01   2.357837e-17   7.755671e-03   1.332984e-19   33438
  1.386158e+01   2.375631e-17   7.807846e-03   1.346183e-19   32556
  1.388806e+01   2.332441e-17   7.738876e-03   1.328503e-19   33144
  1.391538e+01   2.332210e-17   7.655117e-03   1.333235e-19   33504
  1.394342e+01   2.297636e-17   7.926094e-03   1.300954e-19   33542
  1.397001e+01   2.310758e-17   7.808871e-03   1.299791e-19   33768
  1.399757e+01   2.272770e-17   7.912526e-03   1.260397e-19   34368
  1.402447e+01   2.280937e-17   7.518816e-03   1.314273e-19   32856
  1.405193e+01   2.256252e-17   7.775107e-03   1.244403e-19   34524
  1.407887e+01   2.252808e-17   7.384353e-03   1.289690e-19   33510
  1.410655e+01   2.236221e-17   8.264068e-03   1.220740e-19   35856
  1.413390e+01   2.213872e-17   7.831227e-03   1.262556e-19   33888
  1.416075e+01   2.199438e-17   7.673983e-03   1.256268e-19   33752
  1.418755e+01   2.194550e-17   8.069879e-03   1.205842e-19   34902
  1.421572e+01   2.193155e-17   7.894675e-03   1.226457e-19   35484
  1.424315e+01   2.171870e-17   8.126639e-03   1.188836e-19   36648
  1.427028e+01   2.135048e-17   7.515501e-03   1.206979e-19   33000
  1.429708e+01   2.131604e-17   8.125824e-03   1.173357e-19   35520
  1.432477e+01   2.111158e-17   7.936889e-03   1.151333e-19   36078
  1.435172e+01   2.146003e-17   7.768902e-03   1.195935e-19   34992
  1.437863e+01   2.111481e-17   7.687091e-03   1.185526e-19   35072
  1.440611e+01   2.090201e-17   8.060535e-03   1.133992e-19   36876
  1.443267e+01   2.063895e-17   7.453511e-03   1.194304e-19   33216
  1.445993e+01   2.059328e-17   8.258645e-03   1.097957e-19   38382
  1.448787e+01   2.061781e-17   7.746200e-03   1.142135e-19   36072
  1.451534e+01   2.036592e-17   7.757548e-03   1.101342e-19   37464
  1.454219e+01   2.025912e-17   7.456450e-03   1.137812e-19   34416
  1.456954e+01   2.039599e-17   8.171327e-03   1.092345e-19   37386
  1.459668e+01   2.055925e-17   7.801753e-03   1.130720e-19   37040
  1.462373e+01   2.003599e-17   7.595453e-03   1.101105e-19   36240
  1.465060e+01   1.982013e-17   8.102888e-03   1.084862e-19   36432
  1.467786e+01   1.954768e-17   7.650183e-03   1.058698e-19   37560
  1.470522e+01   1.972800e-17   7.927755e-03   1.088243e-19   37350
  1.473307e+01   1.948735e-17   8.104599e-03   1.045103e-19   38616
  1.476009e+01   1.940232e-17   7.639249e-03   1.053141e-19   37092
  1.478727e+01   1.927728e-17   7.346346e-03   1.043689e-19   37272
  1.481439e+01   1.891228e-17   8.088013e-03   1.016502e-19   37616
  1.484184e+01   1.896297e-17   7.832836e-03   9.954663e-20   38478
  1.486887e+01   1.911131e-17   7.959091e-03   1.028857e-19   37992
  1.489585e+01   1.882503e-17   7.804576e-03   1.005806e-19   38232
  1.492288e+01   1.852901e-17   7.649051e-03   1.016775e-19   36708
  1.494999e+01   1.856890e-17   8.006500e-03   9.852049e-20   39534
  1.497738e+01   1.877639e-17   8.022282e-03   1.009480e-19   39336
  1.500458e+01   1.860454e-17   7.717538e-03   1.005005e-19   37624
  1.503181e+01   1.825161e-17   7.896681e-03   9.509198e-20   40408
  1.505926e+01   1.815313e-17   7.553116e-03   9.601176e-20   38256
  1.508658e+01   1.806585e-17   7.716403e-03   9.566094e-20   39438
  1.511414e+01   1.798744e-17   7.962382e-03   9.274408e-20   40524
  1.514097e+01   1.798463e-17   7.517496e-03   9.523573e-20   38448
  1.516801e+01   1.778086e-17   7.911917e-03   9.414065e-20   39312
  1.519496e+01   1.764239e-17   7.563444e-03   9.506621e-20   38718
  1.522202e+01   1.768554e-17   8.070284e-03   9.327659e-20   40872
  1.524923e+01   1.738319e-17   7.663331e-03   9.204649e-20   40088
  1.527685e+01   1.746360e-17   8.168221e-03   9.124987e-20   40644
  1.530411e+01   1.712810e-17   7.664673e-03   9.056165e-20   40176
  1.533152e+01   1.706078e-17   8.126489e-03   8.781165e-20   40998
  1.535825e+01   1.739262e-17   7.452355e-03   9.464599e-20   39192
  1.538541e+01   1.710782e-17   7.868752e-03   9.027909e-20   41640
  1.541273e+01   1.688948e-17   7.892683e-03   8.858803e-20   41400
  1.543963e+01   1.680864e-17   7.768161e-03   9.078694e-20   38640
  1.546698e+01   1.683747e-17   7.971305e-03   8.532724e-20   43658
  1.549433e+01   1.660905e-17   7.666205e-03   8.773598e-20   40608
  1.552141e+01   1.650887e-17   7.825958e-03   8.542283e-20   41880
  1.554905e+01   1.662404e-17   7.735921e-03   8.696697e-20   41712
  1.557668e+01   1.636779e-17   8.075656e-03   8.360815e-20   42942
  1.560371e+01   1.631446e-17   7.671656e-03   8.598349e-20   40896
  1.563082e+01   1.624676e-17   7.903980e-03   8.355901e-20   42708
  1.565771e+01   1.636660e-17   7.480893e-03   8.584388e-20   40968
  1.568503e+01   1.592717e-17   8.127717e-03   8.106488e-20   43496
  1.571229e+01   1.600945e-17   7.780603e-03   8.376567e-20   41454
  1.573957e+01   1.576319e-17   8.036206e-03   8.028936e-20   43704
  1.576601e+01   1.544439e-17   7.405465e-03   8.131673e-20   41208
  1.579343e+01   1.539087e-17   8.125647e-03   7.836071e-20   43944
  1.582111e+01   1.517931e-17   7.840814e-03   7.851667e-20   43218
  1.584856e+01   1.510675e-17   7.868243e-03   7.861926e-20   44136
  1.587537e+01   1.507186e-17   7.751371e-03   7.855057e-20   42304
  1.590241e+01   1.480144e-17   7.874080e-03   7.647619e-20   43096
  1.592904e+01   1.454005e-17   7.705036e-03   7.558432e-20   43464
  1.595683e+01   8.513442e-18   8.034740e-03   6.145691e-20   44382
  1.598402e+01   1.673360e-18   8.026125e-03   9.027593e-21   44316
  1.601141e+01   1.585146e-18   7.914523e-03   8.549174e-21   44592
  1.603847e+01   1.387059e-18   7.744714e-03   7.766501e-21   44328
  1.606589e+01   1.254065e-18   7.618529e-03   7.360983e-21   43560
  1.609305e+01   1.195005e-18   7.854011e-03   6.940002e-21   44763
  1.612010e+01   1.096839e-18   7.874634e-03   6.365010e-21   44216
  1.614733e+01   1.032626e-18   8.023742e-03   6.154227e-21   45144
  1.617476e+01   9.748595e-19   7.626489e-03   6.007818e-21   42876
  1.620177e+01   9.202024e-19   8.312753e-03   5.548576e-21   46164
  1.622883e+01   8.459370e-19   7.631177e-03   5.352988e-21   42360
  1.625642e+01   7.930145e-19   8.035741e-03   4.860631e-21   45324
  1.628339e+01   7.601457e-19   7.996711e-03   4.952766e-21   43320
  1.631053e+01   7.213960e-19   8.058377e-03   4.843440e-21   44580
  1.633834e+01   6.821733e-19   8.049076e-03   4.342517e-21   44468
  1.636560e+01   6.522942e-19   7.656882e-03   4.395965e-21   43416
  1.639205e+01   6.285326e-19   7.602523e-03   4.330357e-21   42264
  1.641942e+01   5.915543e-19   7.985984e-03   4.090584e-21   44580
  1.644684e+01   5.762556e-19   8.106687e-03   3.967819e-21   43824
  1.647414e+01   5.534793e-19   7.618783e-03   4.010573e-21   43392
  1.650112e+01   5.304795e-19   7.767469e-03   3.673915e-21   43296
  1.652862e+01   5.143891e-19   7.476507e-03   3.602232e-21   42656
  1.655543e+01   4.878878e-19   7.984671e-03   3.462536e-21   43728
  1.658295e+01   4.788794e-19   8.051188e-03   3.302466e-21   43536
  1.661015e+01   4.542568e-19   8.012929e-03   3.270867e-21   42180
  1.663736e+01   4.378851e-19   7.758982e-03   3.047389e-21   44136
  1.666469e+01   4.233391e-19   7.818720e-03   3.093427e-21   42372
  1.669168e+01   4.116512e-19   7.642141e-03   2.937540e-21   41604
  1.671865e+01   3.974170e-19   8.052166e-03   2.839117e-21   43440
  1.674591e+01   3.833731e-19   8.058315e-03   2.739043e-21   42488
  1.677280e+01   3.676862e-19   7.737331e-03   2.677436e-21   41496
  1.680037e+01   3.650986e-19   8.076487e-03   2.652190e-21   44112
  1.682781e+01   3.557914e-19   7.701796e-03   2.590692e-21   41688
  1.685478e+01   3.398228e-19   8.023099e-03   2.458631e-21   42276
  1.688185e+01   3.338483e-19   7.738403e-03   2.481041e-21   41172
  1.690910e+01   3.179724e-19   8.113510e-03   2.254343e-21   43536
  1.693648e+01   3.122336e-19   7.552546e-03   2.277515e-21   41496
  1.696357e+01   3.012946e-19   8.013565e-03   2.221472e-21   40764
  1.699059e+01   2.960592e-19   7.863299e-03   2.130806e-21   43220
  1.701801e+01   2.850404e-19   7.793558e-03   2.078761e-21   41076
  1.704520e+01   2.766608e-19   7.789489e-03   1.960244e-21   41532
  1.707253e+01   2.701770e-19   7.930746e-03   1.962017e-21   41928
  1.709962e+01   2.637316e-19   7.591923e-03   1.944808e-21   41412
  1.712669e+01   2.542121e-19   7.901140e-03   1.886248e-21   40032
  1.715360e+01   2.503815e-19   7.836003e-03   1.768513e-21   41880
  1.718066e+01   2.427804e-19   7.797889e-03   1.847056e-21   40264
  1.720807e+01   2.392737e-19   7.984761e-03   1.698846e-21   42592
  1.723555e+01   2.261466e-19   7.659679e-03   1.678013e-21   39588
  1.726269e+01   2.261398e-19   7.919285e-03   1.576326e-21   42180
  1.728964e+01   2.234966e-19   7.640645e-03   1.652399e-21   39240
  1.731672e+01   2.192400e-19   8.019988e-03   1.552312e-21   40920
  1.734417e+01   2.071561e-19   7.916149e-03   1.477750e-21   41184
  1.737148e+01   2.042283e-19   7.841651e-03   1.451684e-21   40872
  1.739851e+01   1.945852e-19   7.458870e-03   1.372953e-21   38748
  1.742584e+01   1.946601e-19   7.938970e-03   1.341872e-21   41420
  1.745277e+01   1.871471e-19   7.786899e-03   1.343542e-21   39816
  1.748015e+01   1.830981e-19   7.806853e-03   1.325566e-21   39792
  1.750718e+01   1.825066e-19   7.458008e-03   1.325856e-21   39816
  1.753482e+01   1.795605e-19   8.060540e-03   1.277156e-21   41064
  1.756204e+01   1.740068e-19   7.732612e-03   1.258911e-21   39204
  1.758962e+01   1.721525e-19   8.159762e-03   1.237863e-21   40080
  1.761611e+01   1.654195e-19   7.539970e-03   1.140179e-21   38332
  1.764336e+01   1.611120e-19   7.869497e-03   1.164337e-21   39952
  1.767051e+01   1.623211e-19   7.861463e-03   1.151599e-21   39000
  1.769834e+01   1.561257e-19   8.073005e-03   1.075227e-21   40356
  1.772549e+01   1.503323e-19   7.920672e-03   1.057361e-21   39300
  1.775258e+01   1.502352e-19   7.814872e-03   1.078733e-21   37452
  1.777947e+01   1.480511e-19   7.748812e-03   1.025358e-21   39732
  1.780715e+01   1.428820e-19   7.788125e-03   9.726012e-22   39312
  1.783409e+01   1.427923e-19   7.919824e-03   1.051551e-21   37632
  1.786117e+01   1.389067e-19   7.786981e-03   1.006451e-21   38420
  1.788837e+01   1.357523e-19   8.047977e-03   9.224450e-22   39564
  1.791566e+01   1.333871e-19   7.744200e-03   9.388235e-22   37236
  1.794258e+01   1.329351e-19   7.829241e-03   9.392851e-22   38100
  1.796962e+01   1.273149e-19   7.697474e-03   8.864104e-22   38208
  1.799720e+01   1.286001e-19   8.010746e-03   8.843233e-22   39072
  1.802423e+01   1.227228e-19   7.404299e-03   8.493298e-22   36192
  1.805146e+01   1.226690e-19   8.004549e-03   8.474388e-22   38928
  1.807900e+01   1.179921e-19   7.952762e-03   8.030489e-22   38768
  1.810691e+01   1.156988e-19   7.814175e-03   7.825813e-22   37596
  1.813420e+01   1.129436e-19   7.779491e-03   7.685077e-22   37296
  1.816097e+01   1.125744e-19   7.786782e-03   7.676515e-22   36948
  1.818788e+01   1.126287e-19   7.986715e-03   7.669250e-22   37248
  1.821573e+01   1.073973e-19   7.887193e-03   7.244103e-22   37152
  1.824246e+01   1.058507e-19   7.873757e-03   7.171559e-22   37512
  1.826977e+01   1.042794e-19   7.537578e-03   7.254564e-22   35876
  1.829687e+01   1.013368e-19   8.032760e-03   6.774967e-22   36936
  1.832440e+01   1.026869e-19   8.002739e-03   6.785707e-22   38028
  1.835174e+01   9.767095e-20   7.614568e-03   6.717981e-22   35592
  1.837843e+01   9.747879e-20   7.556684e-03   6.553595e-22   35508
  1.840544e+01   9.522512e-20   7.836142e-03   6.462005e-22   36492
  1.843306e+01   9.621343e-20   8.083782e-03   6.456587e-22   37608
  1.846041e+01   9.329861e-20   7.976399e-03   6.493281e-22   34848
  1.848695e+01   9.159149e-20   7.480817e-03   6.211338e-22   35220
  1.851428e+01   9.109210e-20   7.804135e-03   6.023033e-22   36884
  1.854159e+01   8.892062e-20   7.745105e-03   6.183762e-22   35412
  1.856929e+01   8.713641e-20   8.019441e-03   5.841164e-22   35652
  1.859625e+01   8.531867e-20   8.017579e-03   5.698096e-22   36072
  1.862327e+01   8.399738e-20   7.726812e-03   5.658555e-22   34368
  1.865060e+01   8.121246e-20   7.826948e-03   5.382021e-22   35484
  1.867793e+01   8.104367e-20   7.747795e-03   5.487935e-22   35256
  1.870471e+01   8.087084e-20   8.064976e-03   5.602976e-22   34476
  1.873205e+01   7.956145e-20   7.912430e-03   5.581257e-22   34916
  1.875917e+01   7.811663e-20   7.802546e-03   5.359685e-22   34596
  1.878631e+01   7.785582e-20   7.632431e-03   5.175420e-22   34656
  1.881357e+01   7.525689e-20   7.906329e-03   5.112530e-22   34596
  1.884100e+01   7.372542e-20   7.670020e-03   4.968870e-22   33984
  1.886781e+01   7.228724e-20   7.830568e-03   4.829014e-22   34080
  1.889482e+01   7.270587e-20   7.864407e-03   4.907403e-22   34140
  1.892243e+01   7.119055e-20   8.122722e-03   4.755898e-22   33804
  1.894976e+01   7.076186e-20   7.807553e-03   4.713050e-22   35096
  1.897724e+01   6.972007e-20   7.740540e-03   4.798712e-22   33108
  1.900394e+01   6.948298e-20   7.700076e-03   4.765689e-22   32280
  1.903103e+01   6.616683e-20   7.838582e-03   4.384938e-22   34404
  1.905859e+01   6.586222e-20   7.998694e-03   4.352604e-22   34248
  1.908625e+01   6.436258e-20   7.494894e-03   4.378394e-22   32016
  1.911337e+01   6.455983e-20   7.911289e-03   4.253085e-22   34344
  1.914071e+01   6.351842e-20   7.607033e-03   4.218801e-22   32024
  1.916710e+01   6.132275e-20   7.885123e-03   4.146376e-22   31908
  1.919452e+01   6.210904e-20   7.901719e-03   4.077985e-22   33192
  1.922202e+01   6.127996e-20   8.187143e-03   4.105379e-22   33288
  1.924897e+01   5.989583e-20   7.454749e-03   4.084320e-22   31356
  1.927629e+01   5.920215e-20   8.068575e-03   3.992122e-22   32496
  1.930347e+01   5.841253e-20   7.669020e-03   4.016540e-22   31944
  1.933001e+01   5.654749e-20   7.874782e-03   3.832589e-22   31512
  1.935714e+01   5.839808e-20   7.643415e-03   4.069164e-22   31156
  1.938495e+01   5.610751e-20   8.053610e-03   3.735344e-22   33352
  1.941220e+01   5.544870e-20   7.811603e-03   3.815713e-22   31344
  1.943973e+01   5.457330e-20   8.088155e-03   3.759644e-22   31068
  1.946682e+01   5.437636e-20   7.977135e-03   3.694438e-22   31752
  1.949347e+01   5.362641e-20   7.363577e-03   3.738654e-22   29868
  1.952079e+01   5.240585e-20   8.091554e-03   3.537683e-22   32052
  1.954831e+01   5.236856e-20   7.677592e-03   3.684950e-22   30012
  1.957519e+01   5.106011e-20   8.055322e-03   3.499024e-22   31520
  1.960283e+01   5.044106e-20   7.875748e-03   3.523425e-22   30648
  1.962965e+01   4.988400e-20   7.768696e-03   3.611923e-22   29304
  1.965690e+01   5.052374e-20   7.702418e-03   3.423229e-22   31140
  1.968467e+01   4.915447e-20   8.205576e-03   3.324764e-22   31320
  1.971193e+01   4.801104e-20   7.744015e-03   3.472521e-22   28356
  1.973877e+01   4.774077e-20   7.915676e-03   3.316808e-22   30288
  1.976553e+01   4.688126e-20   7.866880e-03   3.353066e-22   29472
  1.979244e+01   4.692682e-20   7.776599e-03   3.280302e-22   28716
  1.982023e+01   4.576233e-20   7.717551e-03   3.128075e-22   30740
  1.984769e+01   4.596688e-20   7.871304e-03   3.154245e-22   29304
  1.987461e+01   4.428114e-20   7.839449e-03   3.125035e-22   28476
  1.990201e+01   4.384833e-20   7.940535e-03   3.082076e-22   29304
  1.992924e+01   4.470952e-20   7.931260e-03   3.134324e-22   29280
  1.995681e+01   4.373654e-20   7.910453e-03   3.060218e-22   29100
  1.998425e+01   4.323629e-20   7.754981e-03   3.134655e-22   27816
  2.001064e+01   4.377028e-20   7.789785e-03   3.159916e-22   27692
  2.003790e+01   4.142719e-20   8.099960e-03   2.871299e-22   29724
  2.006569e+01   4.151416e-20   7.720825e-03   3.020481e-22   27240
  2.009257e+01   4.182644e-20   7.504098e-03   2.974838e-22   27588
  2.011947e+01   4.007797e-20   7.809040e-03   2.854652e-22   28560
  2.014697e+01   4.062316e-20   7.908926e-03   2.941921e-22   26952
  2.017419e+01   4.041927e-20   7.918326e-03   2.946727e-22   27516
  2.020131e+01   3.934418e-20   8.001754e-03   2.792091e-22   28344
  2.022880e+01   3.923104e-20   7.881374e-03   2.899322e-22   26196
  2.025536e+01   3.917356e-20   7.707843e-03   2.930677e-22   26360
  2.028260e+01   3.899037e-20   7.968328e-03   2.800485e-22   28152
  2.031008e+01   3.827066e-20   7.705922e-03   2.856647e-22   25896
  2.033701e+01   3.623924e-20   7.889711e-03   2.653588e-22   26592
  2.036431e+01   3.711593e-20   7.553857e-03   2.758497e-22   26568
  2.039181e+01   3.647597e-20   7.993400e-03   2.712405e-22   26832
  2.041857e+01   3.546286e-20   7.579371e-03   2.718817e-22   24972
  2.044633e+01   3.668618e-20   7.991756e-03   2.722685e-22   27000
  2.047334e+01   3.520792e-20   7.662250e-03   2.662294e-22   25448
  2.050028e+01   3.535935e-20   7.921955e-03   2.688137e-22   25476
  2.052794e+01   3.481505e-20   7.765527e-03   2.659609e-22   25152
  2.055466e+01   3.464156e-20   7.960898e-03   2.684129e-22   25968
  2.058220e+01   3.400582e-20   7.925318e-03   2.575596e-22   25320
  2.060968e+01   3.302749e-20   7.486690e-03   2.603653e-22   23796
  2.063597e+01   3.448504e-20   7.857982e-03   2.682531e-22   25500
  2.066331e+01   3.358215e-20   7.830690e-03   2.633246e-22   24420
  2.069103e+01   3.263407e-20   8.105288e-03   2.550503e-22   24656
  2.071777e+01   3.331987e-20   7.679386e-03   2.724324e-22   24036
  2.074491e+01   3.279854e-20   7.941852e-03   2.621044e-22   24528
  2.077187e+01   3.085692e-20   7.672231e-03   2.544003e-22   23004
  2.079910e+01   3.264390e-20   7.878852e-03   2.591101e-22   24576
  2.082647e+01   3.202057e-20   7.525706e-03   2.589654e-22   23736
  2.085380e+01   3.060993e-20   7.995853e-03   2.494905e-22   23712
  2.088131e+01   3.154518e-20   7.763525e-03   2.545217e-22   22992
  2.090840e+01   3.089431e-20   7.709879e-03   2.546443e-22   23984
  2.093548e+01   3.093637e-20   7.701015e-03   2.607913e-22   22344
  2.096270e+01   3.004650e-20   7.814535e-03   2.526674e-22   22536
  2.098976e+01   3.018416e-20   7.734348e-03   2.483624e-22   23268
  2.101677e+01   2.972288e-20   7.943257e-03   2.573038e-22   22152
  2.104400e+01   2.898570e-20   7.843558e-03   2.527203e-22   22068
  2.107191e+01   2.983853e-20   8.054520e-03   2.449490e-22   23664
  2.109883e+01   2.886954e-20   7.480070e-03   2.588928e-22   20640
  2.112570e+01   2.829384e-20   7.938442e-03   2.473587e-22   22376
  2.115343e+01   2.849974e-20   7.807393e-03   2.556179e-22   21444
  2.118016e+01   2.896017e-20   8.090082e-03   2.569937e-22   21576
  2.120735e+01   2.729977e-20   8.020716e-03   2.408573e-22   21660
  2.123530e+01   2.704050e-20   8.110439e-03   2.365713e-22   20916
  2.126231e+01   2.750934e-20   7.955295e-03   2.444907e-22   21504
  2.128916e+01   2.660363e-20   7.581308e-03   2.412707e-22   20508
  2.131667e+01   2.632837e-20   8.100472e-03   2.420859e-22   20036
  2.134369e+01   2.747946e-20   7.839478e-03   2.533108e-22   21276
  2.137104e+01   2.599405e-20   7.761018e-03   2.369379e-22   20652
  2.139834e+01   2.533215e-20   7.723249e-03   2.420566e-22   18696
  2.142558e+01   2.620319e-20   8.083660e-03   2.332044e-22   21504
  2.145287e+01   2.588246e-20   7.559924e-03   2.429268e-22   19284
  2.148009e+01   2.385829e-20   8.152926e-03   2.246509e-22   19356
  2.150716e+01   2.553443e-20   7.704747e-03   2.507220e-22   19236
  2.153397e+01   2.634991e-20   7.855474e-03   2.508278e-22   19476
  2.156136e+01   2.334022e-20   8.174267e-03   2.269106e-22   19184
  2.158918e+01   2.473682e-20   7.919111e-03   2.386940e-22   18852
  2.161627e+01   2.573745e-20   7.666005e-03   2.600034e-22   18876
  2.164286e+01   2.334999e-20   7.969235e-03   2.352046e-22   18336
  2.167039e+01   2.245077e-20   7.996407e-03   2.215054e-22   17820
  2.169807e+01   2.510013e-20   8.070725e-03   2.488437e-22   19392
  2.172492e+01   2.270188e-20   7.991408e-03   2.334331e-22   17616
  2.175159e+01   2.176914e-20   7.523195e-03   2.291395e-22   16320
  2.177930e+01   2.403338e-20   8.147723e-03   2.481451e-22   19292
  2.180620e+01   2.286473e-20   7.805053e-03   2.442577e-22   17112
  2.183426e+01   2.130529e-20   7.910587e-03   2.260542e-22   17388
  2.186163e+01   2.240390e-20   7.406044e-03   2.541474e-22   16692
  2.188744e+01   2.290794e-20   7.834176e-03   2.536069e-22   16956
  2.191562e+01   2.077220e-20   7.901521e-03   2.175420e-22   17040
  2.194315e+01   2.140484e-20   7.818664e-03   2.384515e-22   16092
  2.196931e+01   2.265209e-20   7.765588e-03   2.557546e-22   16380
  2.199714e+01   2.025725e-20   7.982102e-03   2.220426e-22   16688
  2.202443e+01   1.965954e-20   7.984779e-03   2.186108e-22   14940
  2.205121e+01   2.206215e-20   8.028740e-03   2.531672e-22   16668
  2.207897e+01   1.990478e-20   7.840129e-03   2.219037e-22   15804
  2.210591e+01   1.902112e-20   7.785654e-03   2.161551e-22   14280
  2.213311e+01   2.133450e-20   7.664432e-03   2.548717e-22   16068
  2.216027e+01   1.979931e-20   7.811361e-03   2.343938e-22   15048
  2.218728e+01   1.918884e-20   7.960916e-03   2.428793e-22   13940
  2.221435e+01   1.897985e-20   7.608541e-03   2.276184e-22   15072
  2.224148e+01   1.904512e-20   8.111188e-03   2.323426e-22   14808
  2.226834e+01   1.823426e-20   7.531402e-03   2.180904e-22   13200
  2.229597e+01   1.827178e-20   7.978123e-03   2.169440e-22   15156
  2.232362e+01   1.905981e-20   7.780063e-03   2.460149e-22   13788
  2.235075e+01   1.739745e-20   7.667664e-03   2.322454e-22   13608
  2.237787e+01   1.677505e-20   7.309729e-03   2.074097e-22   13224
  2.240490e+01   1.791761e-20   7.880989e-03   2.399731e-22   13320
  2.243177e+01   1.660647e-20   7.770921e-03   2.198778e-22   13220
  2.245943e+01   1.583660e-20   7.854231e-03   1.983059e-22   12984
  2.248722e+01   1.737688e-20   7.949992e-03   2.288483e-22   12780
  2.251346e+01   1.556242e-20   7.524108e-03   2.075082e-22   12360
  2.254113e+01   1.569325e-20   7.915992e-03   2.063317e-22   12480
  2.256873e+01   1.584927e-20   7.688920e-03   2.130781e-22   11892
  2.259507e+01   1.467699e-20   7.971977e-03   1.935202e-22   12192
  2.262265e+01   1.482053e-20   7.815371e-03   2.077345e-22   11328
  2.265008e+01   1.407983e-20   8.287652e-03   1.937039e-22   12020
  2.267688e+01   1.472782e-20   7.619741e-03   2.130781e-22   11052
  2.270474e+01   1.311514e-20   8.094529e-03   1.771402e-22   11304
  2.273085e+01   1.292765e-20   7.448122e-03   1.841023e-22   10368
  2.275755e+01   1.332833e-20   7.750489e-03   1.865151e-22   10899
  2.278573e+01   1.309008e-20   7.770104e-03   1.954578e-22   10752
  2.281248e+01   1.207368e-20   7.798996e-03   1.720064e-22   10446
  2.284006e+01   1.247837e-20   7.675986e-03   1.707481e-22   10092
  2.286738e+01   1.168783e-20   7.777671e-03   1.659800e-22   10220
  2.289377e+01   1.175821e-20   7.617781e-03   1.650410e-22   9636
  2.292187e+01   1.114661e-20   7.836775e-03   1.477909e-22   10020
  2.294942e+01   1.048331e-20   8.141935e-03   1.428533e-22   9906
  2.297609e+01   1.077261e-20   7.552194e-03   1.490133e-22   8940
  2.300374e+01   1.074809e-20   7.658760e-03   1.433164e-22   9558
  2.303075e+01   1.025266e-20   8.340455e-03   1.450372e-22   9180
  2.305748e+01   1.051329e-20   7.984707e-03   1.537759e-22   8674
  2.308544e+01   9.893153e-21   7.936927e-03   1.350394e-22   9454
  2.311244e+01   9.411707e-21   8.157429e-03   1.347748e-22   8316
  2.313927e+01   9.599385e-21   8.044596e-03   1.285880e-22   8622
  2.316729e+01   9.723360e-21   7.987844e-03   1.237767e-22   9006
  2.319409e+01   8.871807e-21   8.051411e-03   1.326698e-22   7698
  2.322094e+01   9.574547e-21   7.725335e-03   1.363352e-22   8406
  2.324898e+01   8.984046e-21   8.243382e-03   1.226476e-22   8646
  2.327567e+01   8.636268e-21   7.832776e-03   1.319752e-22   7014
  2.330241e+01   8.947245e-21   7.786203e-03   1.236360e-22   8510
  2.333084e+01   8.587913e-21   8.206177e-03   1.217331e-22   7890
  2.335752e+01   7.849728e-21   7.872033e-03   1.243858e-22   6966
  2.338382e+01   8.435641e-21   7.524577e-03   1.151041e-22   7902
  2.341187e+01   8.435674e-21   8.206647e-03   1.274712e-22   7278
  2.343914e+01   7.613703e-21   8.061902e-03   1.075240e-22   7338
  2.346598e+01   7.962773e-21   7.466958e-03   1.151087e-22   7254
  2.349349e+01   7.882400e-21   8.041931e-03   1.124045e-22   6678
  2.352016e+01   7.432369e-21   8.034352e-03   1.081537e-22   7286
  2.354846e+01   8.087830e-21   7.948593e-03   1.231754e-22   7200
  2.357656e+01   7.549257e-21   7.715007e-03   1.171383e-22   6234
  2.360147e+01   6.954503e-21   7.732755e-03   1.012395e-22   6630
  2.362968e+01   7.578093e-21   7.973696e-03   1.117651e-22   6822
  2.365766e+01   6.760155e-21   7.511861e-03   1.039376e-22   6078
  2.368315e+01   7.144010e-21   7.985650e-03   1.082660e-22   6528
  2.371136e+01   7.302807e-21   7.632002e-03   1.167540e-22   6034
  2.373836e+01   6.362872e-21   7.815536e-03   9.312650e-23   6190
  2.376518e+01   7.030395e-21   8.029546e-03   1.037134e-22   6270
  2.379352e+01   6.969682e-21   7.221014e-03   1.116665e-22   5520
  2.381945e+01   5.853675e-21   8.084792e-03   8.090396e-23   6126
  2.384659e+01   6.723596e-21   7.559933e-03   1.039373e-22   5562
  2.387506e+01   6.243450e-21   7.559401e-03   1.004649e-22   5790
  2.390087e+01   5.804039e-21   7.739398e-03   8.754247e-23   5496
  2.392823e+01   6.344471e-21   7.795319e-03   9.721315e-23   5262
  2.395608e+01   5.893239e-21   7.677429e-03   9.516116e-23   5774
  2.398271e+01   5.959011e-21   7.605630e-03   9.247964e-23   5124
  2.401077e+01   6.043586e-21   7.629279e-03   9.856109e-23   5070
  2.403716e+01   5.768616e-21   7.941706e-03   8.713936e-23   5430
  2.406413e+01   5.748781e-21   7.418331e-03   9.218248e-23   4680
  2.409270e+01   5.463635e-21   7.682912e-03   8.129031e-23   5370
  2.411895e+01   5.461103e-21   7.340081e-03   8.943150e-23   4638
  2.414568e+01   5.456993e-21   7.716026e-03   8.680353e-23   4536
  2.417357e+01   5.169275e-21   7.726385e-03   7.493574e-23   5222
  2.420035e+01   5.141427e-21   7.090155e-03   9.005059e-23   4254
  2.422780e+01   5.259937e-21   7.815564e-03   8.575469e-23   4548
  2.425432e+01   5.130982e-21   7.579482e-03   8.135933e-23   4638
  2.428140e+01   5.400407e-21   7.483101e-03   9.270795e-23   4176
  2.430949e+01   5.032033e-21   7.509019e-03   7.985783e-23   4518
  2.433617e+01   4.879290e-21   7.565687e-03   7.991271e-23   4278
  2.436274e+01   5.116134e-21   7.320142e-03   9.140436e-23   3732
  2.438997e+01   4.638114e-21   7.733266e-03   7.787148e-23   4502
  2.441740e+01   4.698386e-21   7.517350e-03   8.398516e-23   3984
  2.444510e+01   4.900426e-21   7.787847e-03   8.128902e-23   3726
  2.447087e+01   4.528697e-21   7.506460e-03   8.059396e-23   4014
  2.449802e+01   4.758517e-21   7.871904e-03   8.053797e-23   3756
  2.452699e+01   4.319195e-21   7.900562e-03   7.324973e-23   3894
  2.455330e+01   4.508915e-21   7.731015e-03   7.709582e-23   3744
  2.457984e+01   4.688379e-21   7.859115e-03   8.832429e-23   3174
  2.460752e+01   4.419316e-21   8.044173e-03   7.417894e-23   3968
  2.463495e+01   4.449214e-21   8.111977e-03   7.946863e-23   3522
  2.466361e+01   4.593835e-21   8.331476e-03   8.857726e-23   3198
  2.468960e+01   4.049473e-21   8.160722e-03   7.376705e-23   3648
  2.471673e+01   4.330522e-21   8.295663e-03   8.404181e-23   3054
  2.474531e+01   4.230314e-21   7.802164e-03   7.801352e-23   3312
  2.477133e+01   4.022636e-21   8.241859e-03   6.993756e-23   3354
  2.479887e+01   4.131861e-21   8.150052e-03   8.555680e-23   2624
  2.482582e+01   4.003260e-21   7.951149e-03   6.990311e-23   3462
  2.485324e+01   4.003205e-21   8.293836e-03   7.711370e-23   2976
  2.488216e+01   4.025598e-21   7.851233e-03   7.812916e-23   2670
  2.490725e+01   3.978377e-21   8.172809e-03   7.381540e-23   3186
  2.493414e+01   4.105100e-21   7.634891e-03   8.568241e-23   2376
  2.496277e+01   3.867877e-21   8.048462e-03   7.540751e-23   3102
  2.498920e+01   3.996294e-21   7.878239e-03   7.782883e-23   2688
  2.501669e+01   4.155169e-21   8.219146e-03   8.573493e-23   2286
  2.504363e+01   3.752013e-21   7.927897e-03   6.985453e-23   3020
  2.507087e+01   3.915739e-21   7.551293e-03   8.395082e-23   2310
  2.509979e+01   3.690768e-21   8.345324e-03   7.415524e-23   2544
  2.512556e+01   3.791227e-21   7.780395e-03   7.752923e-23   2526
  2.515251e+01   3.910909e-21   7.990277e-03   8.728743e-23   2112
  2.518075e+01   3.562483e-21   7.678919e-03   7.229370e-23   2538
  2.520745e+01   3.570528e-21   7.988717e-03   7.509552e-23   2304
  2.523462e+01   3.973055e-21   7.882303e-03   9.587485e-23   1902
  2.526098e+01   3.486839e-21   7.530128e-03   7.023031e-23   2408
  2.528828e+01   3.531806e-21   7.943273e-03   8.255998e-23   2094
  2.531734e+01   3.351407e-21   8.093111e-03   7.881766e-23   2028
  2.534285e+01   3.581156e-21   7.676617e-03   8.349780e-23   2094
  2.536993e+01   3.505907e-21   8.374792e-03   8.117730e-23   1920
  2.539868e+01   3.364117e-21   7.060880e-03   8.325598e-23   1926
  2.542499e+01   3.483846e-21   8.241772e-03   7.724203e-23   2088
  2.545174e+01   3.449385e-21   7.229896e-03   9.302266e-23   1434
  2.547863e+01   3.407038e-21   7.644346e-03   7.723576e-23   2048
  2.550528e+01   3.283715e-21   7.622193e-03   8.059530e-23   1758
  2.553461e+01   3.176185e-21   8.409251e-03   7.957980e-23   1584
  2.556148e+01   3.306676e-21   8.331443e-03   7.742597e-23   1998
  2.558869e+01   3.417600e-21   7.588551e-03   9.435429e-23   1428
  2.561718e+01   3.268089e-21   6.351940e-03   8.829222e-23   1488
  2.564207e+01   3.219530e-21   8.091724e-03   7.861475e-23   1806
  2.566834e+01   3.386716e-21   7.366434e-03   1.020935e-22   1040
  2.569640e+01   3.173112e-21   7.718660e-03   7.503100e-23   1782
  2.572208e+01   3.251298e-21   7.296767e-03   8.233589e-23   1428
  2.575279e+01   3.144610e-21   8.761453e-03   9.129092e-23   1206
  2.577877e+01   3.188082e-21   8.140073e-03   7.721970e-23   1728
  2.580495e+01   3.072023e-21   7.628696e-03   9.280359e-23   1038
  2.583514e+01   3.086546e-21   6.189728e-03   8.370526e-23   1248
  2.585899e+01   3.279433e-21   7.893923e-03   8.345203e-23   1530
  2.588517e+01   3.348776e-21   7.235058e-03   1.414172e-22   656
  2.591442e+01   3.093721e-21   8.111352e-03   7.068078e-23   1662
  2.593913e+01   3.014038e-21   6.715149e-03   9.489426e-23   1008
  2.597172e+01   2.969610e-21   8.916900e-03   9.809983e-23   960
  2.599619e+01   3.000033e-21   7.667610e-03   8.231803e-23   1458
  2.602176e+01   3.073127e-21   7.576318e-03   1.192849e-22   672
  2.605313e+01   2.753705e-21   5.938027e-03   9.178371e-23   1062
  2.607533e+01   3.025192e-21   7.703272e-03   8.402259e-23   1224
  2.610192e+01   3.374156e-21   6.728834e-03   1.713564e-22   374
  2.613189e+01   3.089995e-21   8.088036e-03   7.929946e-23   1512
  2.615613e+01   3.426076e-21   6.777684e-03   1.376614e-22   666
  2.619082e+01   2.939578e-21   8.286559e-03   1.055518e-22   720
  2.621257e+01   3.128176e-21   7.420738e-03   8.583590e-23   1224
  2.623931e+01   3.520070e-21   7.377122e-03   1.705406e-22   390
  2.627131e+01   2.975550e-21   5.485178e-03   9.948019e-23   936
  2.629167e+01   3.124445e-21   7.826288e-03   1.037907e-22   882
  2.632074e+01   3.139348e-21   7.641458e-03   2.025656e-22   216
  2.634900e+01   2.969147e-21   7.587347e-03   8.494800e-23   1286
  2.637295e+01   3.421390e-21   6.338203e-03   1.743118e-22   384
  2.640957e+01   3.028566e-21   7.979226e-03   1.340123e-22   576
  2.642852e+01   2.977206e-21   7.151571e-03   1.073418e-22   930
  2.645565e+01   2.875144e-21   7.025337e-03   1.597486e-22   216
  2.649025e+01   3.013538e-21   5.639356e-03   9.470492e-23   918
  2.651019e+01   3.010476e-21   7.595740e-03   1.485346e-22   480
  2.653721e+01   2.682657e-21   6.400332e-03   2.864843e-22   78
  2.656526e+01   3.015868e-21   6.918403e-03   9.139009e-23   1052
  2.659116e+01   3.646428e-21   8.055672e-03   2.336688e-22   240
  2.663081e+01   3.103390e-21   2.941168e-03   1.425755e-22   438
  2.664436e+01   3.230683e-21   6.804857e-03   1.202775e-22   648
  2.666962e+01   3.214476e-21   5.618433e-03   3.387209e-22   78
  2.670728e+01   2.777555e-21   4.902201e-03   1.029350e-22   780
  2.672622e+01   3.439246e-21   6.840274e-03   2.387781e-22   240
  2.674955e+01   5.105812e-21   0.000000e+00   7.832459e-22   6
  2.678099e+01   2.734463e-21   6.266110e-03   9.285441e-23   824
  2.680374e+01   3.594987e-21   4.844192e-03   3.571793e-22   78
  2.684861e+01   2.758762e-21   2.532737e-03   1.252431e-22   432
  2.686032e+01   3.104716e-21   6.125575e-03   1.597325e-22   348
  2.688264e+01   6.376335e-21   0.000000e+00   1.757349e-21   6
  2.692341e+01   2.817861e-21   4.330580e-03   1.103783e-22   600
  2.693953e+01   2.709069e-21   4.077791e-03   2.977772e-22   78
  2.699635e+01   2.978802e-21   5.360574e-03   1.241675e-22   572
  2.701740e+01   2.029836e-21   0.000000e+00   4.660822e-22   6
  2.706595e+01   3.006647e-21   2.516850e-03   1.372300e-22   384
  2.707567e+01   3.027698e-21   3.741025e-03   3.036532e-22   102
  2.713929e+01   3.076849e-21   3.679793e-03   1.573750e-22   396
  2.715383e+01   1.519262e-21   0.000000e+00   3.517715e-22   6
  2.721112e+01   3.148295e-21   3.329304e-03   1.670247e-22   326
  2.728263e+01   3.332063e-21   2.315142e-03   1.995020e-22   252
  2.729189e+01   5.995911e-22   0.000000e+00   1.431403e-22   6
  2.735467e+01   2.839536e-21   2.106672e-03   1.940131e-22   198
  2.742659e+01   3.253635e-21   1.607428e-03   2.173063e-22   146
  2.749861e+01   3.304397e-21   1.179854e-03   4.334892e-22   102
  2.757072e+01   2.418910e-21   8.199682e-04   3.016235e-22   66
  2.764293e+01   2.314043e-21   5.207611e-04   3.217215e-22   38
  2.771523e+01   2.667685e-21   2.685925e-04   3.178391e-22   18
  2.778760e+01   2.227305e-21   0.000000e+00   5.432081e-22   6
