# power spectrum of pi_k * H (dimensionless)
# redshift z=96.899093
# k              Pk             sigma(k)       sigma(Pk)      count
  1.256637e-01   4.307484e-14   0.000000e+00   1.736573e-14   6
  1.777153e-01   1.111320e-14   0.000000e+00   2.217815e-15   12
  2.176559e-01   5.340411e-15   2.384186e-09   1.087138e-15   8
  2.513274e-01   1.291785e-14   0.000000e+00   1.402831e-15   6
  2.809926e-01   6.914262e-15   4.495664e-09   2.205128e-15   24
  3.078120e-01   7.985929e-15   4.495664e-09   1.347107e-15   24
  3.708310e-01   2.615288e-15   9.740034e-03   4.784992e-16   42
  3.973835e-01   2.941901e-15   0.000000e+00   6.478108e-16   24
  4.167794e-01   2.414213e-15   7.786718e-09   6.007592e-16   24
  4.486432e-01   2.128753e-15   7.696839e-03   2.302630e-16   32
  4.701905e-01   1.731133e-15   0.000000e+00   2.433388e-16   48
  5.026548e-01   1.749297e-15   0.000000e+00   7.636556e-16   6
  5.245624e-01   1.267426e-15   7.433575e-03   1.198287e-16   84
  5.548703e-01   1.239547e-15   7.114891e-03   1.902285e-16   48
  5.803806e-01   8.751996e-16   6.388277e-03   8.871444e-17   72
  6.156239e-01   8.175334e-16   8.991328e-09   1.282203e-16   24
  6.371019e-01   5.486271e-16   5.669664e-03   5.011045e-17   102
  6.694115e-01   6.072562e-16   1.096246e-02   6.166315e-17   104
  6.882885e-01   3.824674e-16   0.000000e+00   5.562148e-17   48
  7.254833e-01   3.247975e-16   7.274260e-03   2.930007e-17   108
  7.474926e-01   4.373019e-16   5.130540e-03   4.591401e-17   78
  7.720780e-01   4.158327e-16   4.442982e-03   3.908927e-17   96
  8.060166e-01   3.097941e-16   6.261981e-03   2.345821e-17   168
  8.373048e-01   2.897796e-16   7.572942e-03   3.019562e-17   120
  8.522927e-01   2.627404e-16   0.000000e+00   4.047558e-17   48
  8.875381e-01   2.458595e-16   7.331812e-03   2.130856e-17   194
  9.180568e-01   2.012810e-16   5.998724e-03   1.603702e-17   192
  9.445606e-01   2.355040e-16   4.179554e-03   1.977974e-17   96
  9.631875e-01   1.527473e-16   3.557186e-03   1.441522e-17   96
  9.867076e-01   1.546968e-16   5.247590e-03   1.260852e-17   174
  1.018302e+00   1.573033e-16   5.162719e-03   1.091663e-17   216
  1.043827e+00   1.214979e-16   5.348761e-03   8.313213e-18   192
  1.076680e+00   1.200142e-16   5.670253e-03   8.304722e-18   204
  1.099851e+00   9.046038e-17   7.765578e-03   5.709676e-18   224
  1.131927e+00   1.149667e-16   4.383724e-03   8.800884e-18   174
  1.156826e+00   9.330530e-17   8.426920e-03   5.368090e-18   288
  1.187720e+00   7.972693e-17   4.148414e-03   4.815640e-18   288
  1.211830e+00   7.001450e-17   8.001468e-03   5.053978e-18   192
  1.243389e+00   7.415434e-17   5.855465e-03   4.430066e-18   252
  1.263357e+00   7.013536e-17   3.489272e-03   4.458792e-18   246
  1.290480e+00   6.231857e-17   6.620985e-03   3.686467e-18   312
  1.314676e+00   6.136495e-17   4.277300e-03   3.184304e-18   248
  1.347888e+00   4.849605e-17   9.048203e-03   2.376811e-18   432
  1.374643e+00   5.774554e-17   7.577672e-03   3.932647e-18   198
  1.401083e+00   5.785901e-17   9.164834e-03   2.679235e-18   456
  1.431960e+00   4.503222e-17   5.348273e-03   2.754303e-18   324
  1.453813e+00   4.252367e-17   6.331779e-03   2.368028e-18   312
  1.480905e+00   3.919268e-17   7.942383e-03   2.017888e-18   408
  1.514610e+00   3.601902e-17   7.334839e-03   1.828205e-18   414
  1.537790e+00   3.070087e-17   6.347030e-03   1.557857e-18   392
  1.561513e+00   3.683610e-17   7.151225e-03   1.848250e-18   408
  1.592735e+00   3.250555e-17   7.590585e-03   1.476615e-18   444
  1.616449e+00   3.072401e-17   6.136314e-03   1.531656e-18   360
  1.646728e+00   2.837918e-17   8.422264e-03   1.084645e-18   678
  1.678751e+00   2.842446e-17   5.398523e-03   1.638578e-18   360
  1.703361e+00   2.428520e-17   8.890407e-03   1.069610e-18   648
  1.726824e+00   2.366801e-17   4.108984e-03   1.550413e-18   288
  1.756709e+00   2.297660e-17   7.655141e-03   8.897820e-19   686
  1.784813e+00   2.219519e-17   5.691443e-03   1.111388e-18   444
  1.810226e+00   2.034676e-17   7.904944e-03   7.976321e-19   696
  1.835505e+00   2.105078e-17   7.510099e-03   9.812307e-19   408
  1.862936e+00   1.776188e-17   7.770126e-03   6.795902e-19   648
  1.891496e+00   1.999304e-17   6.803125e-03   8.511130e-19   582
  1.916959e+00   1.571457e-17   8.515206e-03   6.331973e-19   744
  1.945057e+00   1.750565e-17   8.500719e-03   7.349492e-19   516
  1.970941e+00   1.644929e-17   8.226327e-03   6.829435e-19   728
  1.994838e+00   1.623384e-17   6.815975e-03   9.308136e-19   558
  2.023696e+00   1.313319e-17   6.871155e-03   4.628429e-19   768
  2.054980e+00   1.407418e-17   7.965130e-03   4.518530e-19   960
  2.082310e+00   1.283461e-17   5.572193e-03   5.617691e-19   576
  2.108582e+00   1.324771e-17   9.044734e-03   4.601436e-19   816
  2.136871e+00   1.147363e-17   6.978079e-03   4.032036e-19   666
  2.161711e+00   1.191517e-17   8.183322e-03   3.909952e-19   960
  2.191392e+00   1.096138e-17   8.070536e-03   3.842479e-19   824
  2.220193e+00   1.054359e-17   8.887079e-03   3.385208e-19   936
  2.246715e+00   9.464570e-18   6.609093e-03   3.589196e-19   624
  2.271144e+00   1.063631e-17   7.780512e-03   3.644364e-19   1062
  2.299501e+00   9.903337e-18   8.475658e-03   3.568985e-19   732
  2.324371e+00   8.581919e-18   7.354282e-03   2.673765e-19   1080
  2.354037e+00   8.738885e-18   8.017672e-03   2.965671e-19   936
  2.380866e+00   8.136120e-18   8.659951e-03   2.990012e-19   878
  2.409130e+00   7.700410e-18   8.776125e-03   2.267759e-19   1152
  2.435374e+00   7.198012e-18   6.783314e-03   2.276063e-19   1056
  2.463284e+00   7.531987e-18   8.011817e-03   2.477757e-19   864
  2.488211e+00   6.959758e-18   7.826085e-03   2.149694e-19   1092
  2.518008e+00   8.556959e-18   8.267655e-03   6.027732e-19   1206
  2.546391e+00   6.550208e-18   8.390069e-03   1.830508e-19   1248
  2.572607e+00   6.221216e-18   5.685746e-03   2.157605e-19   864
  2.595945e+00   6.223488e-18   5.903210e-03   1.918868e-19   1152
  2.626371e+00   6.204257e-18   8.788222e-03   1.793610e-19   1382
  2.656067e+00   6.363993e-18   7.832257e-03   1.874992e-19   1188
  2.682071e+00   5.236245e-18   8.299276e-03   1.516939e-19   1248
  2.706625e+00   5.220938e-18   7.872659e-03   1.656786e-19   1152
  2.733569e+00   5.387335e-18   8.645592e-03   1.449218e-19   1320
  2.763459e+00   5.754752e-18   5.730139e-03   3.035318e-19   1206
  2.788258e+00   5.255276e-18   8.325116e-03   1.465211e-19   1560
  2.817720e+00   4.727631e-18   7.749790e-03   1.281609e-19   1280
  2.842925e+00   4.337829e-18   7.802600e-03   1.158931e-19   1308
  2.870501e+00   4.408424e-18   7.830643e-03   1.071462e-19   1512
  2.897970e+00   4.681422e-18   6.388887e-03   1.908888e-19   1350
  2.926276e+00   4.037246e-18   8.441243e-03   9.846183e-20   1608
  2.950474e+00   4.102295e-18   7.259334e-03   1.136658e-19   1320
  2.978655e+00   4.017680e-18   8.744730e-03   1.011540e-19   1656
  3.004023e+00   5.858128e-18   6.874825e-03   1.013607e-18   1254
  3.033365e+00   4.070962e-18   7.846352e-03   1.040096e-19   1932
  3.061022e+00   3.665136e-18   7.045997e-03   9.581460e-20   1640
  3.088272e+00   3.358167e-18   7.314215e-03   8.466627e-20   1488
  3.113972e+00   3.309863e-18   7.070473e-03   8.514586e-20   1560
  3.143202e+00   3.676733e-18   8.492431e-03   1.222681e-19   2046
  3.170335e+00   3.097121e-18   7.617690e-03   8.135895e-20   1512
  3.196616e+00   3.113069e-18   7.580823e-03   7.158546e-20   1764
  3.222826e+00   2.860003e-18   7.558355e-03   6.677381e-20   1776
  3.249873e+00   2.873894e-18   9.086057e-03   6.844429e-20   1704
  3.278891e+00   3.777358e-18   8.897943e-03   2.377926e-19   2126
  3.305023e+00   2.634729e-18   6.181224e-03   6.182708e-20   1632
  3.331250e+00   2.594735e-18   8.234420e-03   5.568518e-20   2064
  3.357691e+00   2.671214e-18   6.789507e-03   6.359192e-20   1680
  3.386462e+00   2.945348e-18   7.615683e-03   1.195726e-19   2154
  3.413240e+00   2.762743e-18   7.709258e-03   7.475219e-20   2016
  3.442077e+00   2.322892e-18   8.463485e-03   4.661543e-20   2304
  3.468500e+00   2.413438e-18   6.738046e-03   6.023459e-20   1680
  3.495952e+00   2.260720e-18   7.805829e-03   4.811574e-20   2432
  3.523471e+00   5.113588e-18   7.691556e-03   1.179588e-18   1902
  3.550783e+00   2.146529e-18   7.909477e-03   4.381578e-20   2292
  3.575143e+00   1.961294e-18   6.264893e-03   4.460881e-20   1992
  3.604046e+00   1.940514e-18   8.030731e-03   3.723716e-20   2568
  3.631839e+00   2.169035e-18   7.011475e-03   1.300636e-19   1806
  3.659925e+00   2.518385e-18   8.624447e-03   9.964100e-20   3000
  3.688362e+00   1.917775e-18   7.847969e-03   4.226712e-20   2016
  3.712101e+00   1.896338e-18   7.325540e-03   4.054498e-20   2168
  3.739165e+00   1.817572e-18   7.480367e-03   3.812926e-20   2412
  3.767457e+00   3.095432e-18   8.182348e-03   3.487976e-19   2550
  3.794682e+00   1.838057e-18   8.123551e-03   3.709989e-20   2592
  3.823097e+00   1.634364e-18   7.483746e-03   3.391527e-20   2496
  3.850113e+00   1.564185e-18   8.278837e-03   3.041013e-20   2688
  3.877062e+00   1.527368e-18   7.151929e-03   3.035078e-20   2424
  3.905465e+00   2.511096e-18   6.562733e-03   1.695994e-19   2634
  3.931062e+00   1.530887e-18   7.872296e-03   2.958792e-20   2552
  3.956564e+00   1.479444e-18   8.258892e-03   2.834592e-20   2832
  3.984868e+00   1.376452e-18   7.843060e-03   2.711288e-20   2424
  4.012777e+00   3.503209e-18   8.700050e-03   9.589259e-19   3198
  4.038905e+00   1.845638e-18   6.944850e-03   9.082521e-20   2400
  4.066601e+00   1.408441e-18   7.988621e-03   2.468645e-20   3336
  4.095222e+00   1.254032e-18   6.723909e-03   2.660393e-20   2508
  4.120369e+00   1.278266e-18   8.104033e-03   2.369941e-20   3104
  4.149775e+00   2.281847e-18   8.153375e-03   1.721254e-19   2934
  4.176274e+00   1.276596e-18   7.495795e-03   2.608663e-20   3120
  4.205010e+00   1.148140e-18   8.363076e-03   1.911608e-20   3288
  4.231486e+00   1.167480e-18   7.040454e-03   2.183310e-20   2808
  4.258671e+00   1.070387e-18   8.835744e-03   1.977929e-20   2988
  4.286036e+00   2.487741e-18   8.089119e-03   3.306197e-19   3486
  4.312540e+00   1.144578e-18   7.656977e-03   2.260349e-20   3000
  4.338131e+00   1.092342e-18   6.660522e-03   1.932111e-20   3024
  4.366804e+00   1.025496e-18   7.334581e-03   1.726467e-20   3584
  4.395565e+00   2.042505e-18   7.857248e-03   1.710273e-19   3486
  4.422393e+00   1.093086e-18   7.076269e-03   2.140015e-20   3120
  4.448626e+00   9.984688e-19   6.987605e-03   1.668426e-20   3396
  4.475108e+00   9.272749e-19   7.983171e-03   1.606471e-20   3552
  4.503379e+00   9.255982e-19   7.682827e-03   1.513266e-20   3384
  4.531323e+00   3.830321e-18   7.821891e-03   1.119721e-18   3726
  4.557931e+00   9.380691e-19   7.580401e-03   1.706338e-20   3344
  4.583208e+00   9.214957e-19   7.789164e-03   1.502489e-20   3744
  4.612116e+00   8.563800e-19   7.582253e-03   1.442357e-20   3540
  4.639216e+00   1.370324e-18   8.049190e-03   1.596970e-19   3822
  4.667652e+00   1.364023e-18   7.902499e-03   7.813228e-20   4056
  4.693533e+00   8.253639e-19   7.262531e-03   1.381171e-20   3288
  4.720670e+00   7.714576e-19   8.388767e-03   1.234980e-20   4056
  4.747313e+00   7.785380e-19   7.684216e-03   1.244013e-20   3984
  4.776480e+00   2.515551e-18   7.065076e-03   4.254782e-19   3662
  4.801185e+00   8.775005e-19   7.708878e-03   2.065529e-20   3828
  4.829054e+00   7.574953e-19   8.714957e-03   1.052855e-20   4632
  4.856839e+00   7.272305e-19   6.728047e-03   1.219075e-20   3600
  4.884615e+00   6.903865e-19   7.988589e-03   1.088911e-20   4320
  4.910897e+00   1.975721e-18   6.267555e-03   1.969841e-19   3918
  4.937429e+00   7.124305e-19   7.211341e-03   1.128255e-20   4200
  4.964105e+00   6.994306e-19   8.183364e-03   1.096931e-20   4188
  4.991760e+00   6.516632e-19   8.311430e-03   9.618971e-21   4360
  5.019842e+00   3.515696e-18   8.310798e-03   1.199974e-18   4582
  5.046995e+00   9.278710e-19   7.387468e-03   3.604315e-20   4128
  5.074602e+00   6.393805e-19   7.936081e-03   9.486008e-21   4752
  5.100601e+00   6.414260e-19   7.305558e-03   9.802917e-21   4176
  5.128877e+00   5.806240e-19   8.400425e-03   8.405010e-21   4848
  5.157185e+00   1.863077e-18   7.298735e-03   1.960867e-19   4338
  5.183856e+00   6.313184e-19   7.965872e-03   9.892728e-21   5160
  5.210226e+00   5.861114e-19   6.457992e-03   9.581254e-21   4008
  5.238833e+00   5.561427e-19   8.537210e-03   7.823041e-21   5360
  5.265161e+00   1.654470e-18   7.941083e-03   4.795659e-19   4110
  5.292550e+00   1.343548e-18   8.507677e-03   9.855407e-20   5424
  5.318664e+00   5.419192e-19   7.274607e-03   8.922474e-21   4140
  5.346136e+00   5.333981e-19   8.127882e-03   7.001571e-21   5664
  5.374330e+00   5.192126e-19   7.064267e-03   7.473340e-21   4632
  5.401180e+00   1.685685e-18   7.451175e-03   1.950365e-19   4902
  5.427773e+00   6.272979e-19   7.962424e-03   1.413747e-20   5072
  5.454995e+00   5.149855e-19   7.508267e-03   6.996452e-21   5472
  5.481937e+00   4.902771e-19   7.630507e-03   7.147527e-21   4704
  5.509580e+00   4.904375e-19   8.381869e-03   6.704924e-21   5436
  5.537725e+00   3.639993e-18   7.980641e-03   1.212357e-18   5646
  5.563320e+00   5.132237e-19   7.141000e-03   8.473331e-21   4512
  5.590561e+00   4.563858e-19   9.120803e-03   5.826564e-21   6120
  5.618647e+00   4.556571e-19   7.056346e-03   6.357401e-21   5112
  5.645654e+00   1.291212e-18   8.338893e-03   1.816320e-19   5606
  5.672833e+00   8.359837e-19   7.771360e-03   5.166857e-20   5328
  5.699944e+00   4.380665e-19   7.829763e-03   6.008639e-21   5964
  5.727177e+00   4.212362e-19   7.952358e-03   5.857100e-21   5448
  5.754787e+00   4.021676e-19   8.143528e-03   5.231409e-21   5904
  5.783001e+00   2.262477e-18   8.002897e-03   4.466707e-19   5598
  5.809029e+00   4.507838e-19   7.509546e-03   8.417412e-21   5952
  5.835933e+00   4.013662e-19   8.215632e-03   5.562312e-21   5688
  5.863154e+00   3.936707e-19   7.877564e-03   5.162162e-21   5876
  5.889819e+00   3.874378e-19   7.683367e-03   5.161222e-21   5784
  5.917504e+00   1.540304e-18   7.664503e-03   1.765796e-19   6462
  5.945268e+00   4.022615e-19   8.266739e-03   5.892807e-21   5688
  5.970984e+00   3.746118e-19   7.627151e-03   4.858731e-21   6408
  5.998781e+00   3.520526e-19   7.874001e-03   4.461471e-21   6000
  6.027110e+00   3.563187e-18   8.473273e-03   1.257454e-18   6582
  6.055106e+00   4.702594e-19   8.064380e-03   1.500192e-20   6564
  6.081315e+00   3.535644e-19   7.110698e-03   4.681387e-21   6048
  6.108497e+00   3.329933e-19   8.148866e-03   4.204966e-21   6512
  6.136984e+00   3.373954e-19   8.100665e-03   4.138379e-21   6816
  6.164250e+00   1.679533e-18   7.084479e-03   2.042498e-19   6222
  6.189839e+00   3.569524e-19   7.381669e-03   4.960724e-21   6432
  6.217169e+00   3.254306e-19   7.769689e-03   3.920013e-21   6804
  6.244340e+00   3.217431e-19   7.323663e-03   4.135362e-21   6432
  6.270934e+00   1.432335e-18   8.611725e-03   4.167113e-19   6846
  6.297948e+00   1.124433e-18   7.863643e-03   1.064280e-19   6424
  6.323775e+00   3.126860e-19   7.057672e-03   4.062463e-21   6952
  6.352148e+00   3.061597e-19   8.504586e-03   3.557572e-21   7560
  6.380013e+00   2.974110e-19   7.307949e-03   3.648813e-21   6648
  6.408752e+00   1.457169e-18   8.030356e-03   1.859930e-19   7578
  6.434049e+00   3.814850e-19   7.250757e-03   1.169500e-20   6552
  6.461385e+00   2.833362e-19   7.983311e-03   3.376667e-21   7536
  6.489254e+00   2.759899e-19   7.305901e-03   3.223069e-21   7272
  6.516383e+00   2.782209e-19   7.782483e-03   3.358346e-21   6936
  6.542425e+00   3.831334e-18   7.981714e-03   1.355788e-18   7430
  6.570600e+00   2.883750e-19   8.360262e-03   3.481290e-21   7644
  6.596748e+00   2.600636e-19   7.446192e-03   3.115719e-21   7248
  6.625170e+00   2.576558e-19   8.518353e-03   2.843698e-21   8232
  6.652948e+00   1.352253e-18   7.768084e-03   2.074457e-19   7038
  6.679654e+00   5.316591e-19   7.550946e-03   2.899528e-20   7824
  6.705868e+00   2.541712e-19   7.953814e-03   2.935349e-21   7752
  6.732926e+00   2.401203e-19   8.025217e-03   2.785203e-21   7480
  6.761041e+00   2.431171e-19   8.094665e-03   2.663679e-21   8404
  6.788355e+00   2.261820e-18   7.519273e-03   4.732635e-19   7614
  6.814566e+00   2.806311e-19   7.875542e-03   4.978096e-21   7776
  6.840939e+00   2.427226e-19   7.513882e-03   2.866293e-21   7944
  6.868508e+00   2.337623e-19   7.813033e-03   2.573227e-21   8424
  6.895711e+00   2.237545e-19   7.666771e-03   2.593124e-21   7872
  6.923812e+00   1.467337e-18   7.704149e-03   1.863263e-19   8658
  6.950761e+00   2.416307e-19   7.689355e-03   3.064153e-21   8352
  6.978503e+00   2.236912e-19   7.724359e-03   2.464873e-21   8648
  7.004730e+00   2.244327e-19   7.319339e-03   2.514403e-21   7680
  7.032294e+00   3.607603e-18   7.624854e-03   1.330945e-18   8646
  7.057906e+00   3.288169e-19   7.387464e-03   1.300707e-20   8448
  7.086215e+00   2.238397e-19   7.850115e-03   2.456701e-21   9120
  7.113531e+00   2.036318e-19   7.671051e-03   2.267839e-21   8316
  7.141154e+00   2.078645e-19   8.279504e-03   2.129909e-21   9504
  7.168899e+00   1.575843e-18   7.529366e-03   2.125871e-19   8358
  7.196590e+00   2.278566e-19   7.958706e-03   4.067419e-21   9584
  7.223343e+00   1.984438e-19   7.615899e-03   2.154989e-21   8616
  7.250971e+00   2.012352e-19   8.292007e-03   2.054056e-21   9432
  7.279186e+00   1.599679e-18   8.435371e-03   4.349231e-19   9018
  7.304796e+00   7.678863e-19   7.140591e-03   8.906892e-20   8568
  7.331558e+00   1.954442e-19   7.948071e-03   2.049030e-21   9816
  7.359242e+00   1.914322e-19   7.524748e-03   2.030295e-21   9000
  7.386598e+00   1.878647e-19   7.870041e-03   1.984161e-21   9504
  7.413845e+00   1.444503e-18   8.051187e-03   1.953034e-19   9446
  7.440641e+00   2.356631e-19   7.699380e-03   5.300219e-21   9696
  7.468195e+00   1.820080e-19   7.164972e-03   1.908838e-21   9180
  7.495259e+00   1.750805e-19   8.282225e-03   1.722608e-21   10512
  7.522902e+00   1.798343e-19   7.829976e-03   1.908692e-21   9048
  7.550250e+00   3.588028e-18   7.510162e-03   1.296904e-18   10014
  7.575574e+00   1.876656e-19   7.329886e-03   2.533113e-21   9096
  7.603121e+00   1.696257e-19   8.390519e-03   1.658324e-21   11088
  7.632406e+00   1.710256e-19   8.163109e-03   1.712421e-21   9860
  7.659230e+00   1.314768e-18   7.737690e-03   1.907946e-19   10110
  7.686130e+00   2.868964e-19   8.053910e-03   1.190719e-20   10104
  7.713191e+00   1.681608e-19   7.636467e-03   1.768622e-21   10392
  7.740583e+00   1.606272e-19   7.904781e-03   1.561338e-21   10104
  7.768502e+00   1.596400e-19   8.180242e-03   1.482260e-21   11352
  7.796944e+00   2.111634e-18   7.491897e-03   4.521676e-19   10014
  7.822199e+00   1.838112e-19   6.915393e-03   3.201310e-21   9636
  7.848914e+00   1.546694e-19   8.196014e-03   1.507217e-21   11552
  7.877111e+00   1.499598e-19   7.615776e-03   1.489875e-21   10488
  7.904334e+00   4.285398e-19   7.953757e-03   1.342956e-19   10254
  7.930828e+00   1.122091e-18   7.488721e-03   1.369407e-19   11304
  7.958358e+00   1.558121e-19   7.600362e-03   1.629877e-21   10872
  7.985758e+00   1.458297e-19   8.150309e-03   1.411998e-21   10932
  8.012305e+00   1.413089e-19   7.353434e-03   1.402974e-21   10848
  8.039746e+00   3.528973e-18   7.690478e-03   1.299791e-18   10998
  8.066964e+00   1.889719e-19   8.081204e-03   5.232379e-21   11720
  8.094283e+00   1.478329e-19   7.434898e-03   1.553399e-21   10776
  8.121163e+00   1.373268e-19   8.133517e-03   1.262674e-21   12072
  8.149014e+00   1.325043e-19   7.457951e-03   1.279994e-21   10704
  8.175729e+00   1.326985e-18   7.650634e-03   1.807227e-19   11730
  8.203619e+00   1.486638e-19   7.946325e-03   1.811964e-21   12144
  8.230515e+00   1.322701e-19   7.529116e-03   1.282591e-21   11568
  8.258661e+00   1.286336e-19   8.144790e-03   1.183049e-21   11552
  8.283969e+00   1.746421e-18   7.350911e-03   4.524637e-19   10926
  8.311503e+00   4.195553e-19   8.325582e-03   3.171622e-20   13032
  8.338493e+00   1.386564e-19   6.804118e-03   1.510847e-21   10776
  8.365813e+00   1.264341e-19   8.375864e-03   1.104129e-21   13116
  8.393750e+00   1.236348e-19   7.882634e-03   1.135691e-21   12288
  8.421268e+00   1.426635e-18   7.244910e-03   2.007631e-19   11262
  8.447035e+00   1.578220e-19   7.826632e-03   3.371971e-21   12672
  8.474745e+00   1.239391e-19   7.673929e-03   1.130924e-21   12624
  8.502218e+00   1.191234e-19   7.698861e-03   1.076867e-21   12392
  8.529471e+00   1.177539e-19   7.891867e-03   1.088102e-21   12060
  8.557084e+00   3.122958e-18   8.322646e-03   1.139997e-18   13662
  8.583571e+00   1.267204e-19   7.187418e-03   1.547633e-21   11592
  8.611145e+00   1.156808e-19   8.541227e-03   1.023016e-21   13776
  8.638662e+00   1.152222e-19   7.263637e-03   1.057843e-21   12240
  8.666295e+00   1.141668e-18   8.368586e-03   1.645456e-19   13662
  8.692255e+00   2.065563e-19   7.192248e-03   1.090911e-20   11520
  8.720283e+00   1.144121e-19   8.289674e-03   9.732737e-22   15044
  8.747920e+00   1.114037e-19   7.450742e-03   1.017452e-21   12384
  8.775053e+00   1.057409e-19   7.843476e-03   9.523352e-22   13176
  8.801619e+00   1.901643e-18   7.103572e-03   4.120124e-19   12798
  8.829027e+00   1.226002e-19   8.067839e-03   1.559507e-21   14376
  8.855653e+00   1.067243e-19   7.668925e-03   1.020209e-21   12528
  8.883017e+00   1.048024e-19   8.053245e-03   9.004632e-22   14100
  8.909486e+00   7.023398e-19   7.307026e-03   1.687557e-19   12630
  8.936818e+00   6.864125e-19   7.935463e-03   7.642035e-20   14624
  8.963857e+00   1.107013e-19   7.915325e-03   1.125608e-21   13272
  8.991387e+00   1.027657e-19   8.068639e-03   8.663794e-22   14664
  9.019422e+00   9.780478e-20   8.248511e-03   8.069650e-22   14328
  9.046471e+00   3.399892e-18   7.659461e-03   1.259726e-18   13086
  9.073888e+00   1.308064e-19   8.240211e-03   3.487434e-21   15612
  9.101226e+00   1.024470e-19   7.102859e-03   9.517785e-22   13416
  9.127768e+00   9.692286e-20   8.354932e-03   8.189639e-22   14360
  9.155037e+00   9.574414e-20   7.816724e-03   8.099350e-22   14064
  9.182826e+00   1.109753e-18   8.044126e-03   1.525009e-19   15750
  9.210217e+00   1.011239e-19   7.598576e-03   1.085576e-21   13680
  9.237239e+00   9.558548e-20   8.272318e-03   7.903619e-22   15468
  9.264722e+00   9.095528e-20   7.971238e-03   7.786733e-22   14352
  9.291378e+00   1.635922e-18   7.864848e-03   3.865426e-19   14454
  9.318166e+00   2.294322e-19   8.076272e-03   1.603588e-20   15048
  9.345749e+00   9.147930e-20   7.485391e-03   8.307019e-22   15360
  9.372980e+00   9.066961e-20   8.226426e-03   7.369960e-22   15224
  9.400343e+00   8.818675e-20   7.789620e-03   7.187122e-22   15096
  9.427486e+00   1.231488e-18   7.610514e-03   1.744018e-19   14514
  9.453949e+00   1.087199e-19   7.977695e-03   1.876036e-21   16416
  9.481727e+00   8.805345e-20   7.850487e-03   7.484041e-22   15216
  9.510083e+00   8.745045e-20   7.900205e-03   6.947181e-22   16440
  9.537157e+00   8.569225e-20   7.947446e-03   7.187741e-22   14904
  9.563059e+00   3.062610e-18   7.465408e-03   1.128722e-18   15134
  9.590642e+00   9.233033e-20   8.352063e-03   8.774132e-22   16644
  9.618181e+00   8.324809e-20   7.841132e-03   6.889378e-22   16128
  9.645195e+00   8.382738e-20   7.791504e-03   6.839537e-22   15384
  9.671810e+00   1.106572e-18   7.659242e-03   1.594699e-19   15462
  9.699070e+00   1.242794e-19   8.182539e-03   3.932802e-21   17304
  9.726859e+00   8.330588e-20   7.715919e-03   6.961476e-22   16176
  9.754135e+00   8.182761e-20   8.162187e-03   6.432684e-22   16824
  9.782053e+00   7.758846e-20   7.507653e-03   6.289024e-22   15980
  9.808353e+00   1.594521e-18   7.472934e-03   3.489137e-19   16326
  9.834872e+00   9.194070e-20   7.977222e-03   1.270813e-21   16488
  9.862344e+00   7.845396e-20   7.739406e-03   6.248070e-22   16944
  9.889933e+00   7.757733e-20   8.144790e-03   6.005663e-22   17256
  9.916536e+00   7.912537e-19   7.553612e-03   1.546606e-19   15966
  9.944151e+00   4.009438e-19   8.020457e-03   3.876236e-20   17628
  9.971186e+00   7.790867e-20   7.618437e-03   7.035683e-22   17280
  9.998502e+00   7.447868e-20   8.386180e-03   5.817397e-22   17056
  1.002543e+01   7.346627e-20   7.907604e-03   5.721111e-22   17296
  1.005354e+01   2.671105e-18   7.745605e-03   9.889319e-19   17526
  1.008007e+01   9.062627e-20   7.795142e-03   1.484127e-21   17592
  1.010769e+01   7.489939e-20   8.109125e-03   5.957598e-22   17880
  1.013460e+01   7.227703e-20   7.519985e-03   5.740720e-22   17028
  1.016122e+01   7.208453e-20   7.646950e-03   5.574416e-22   17376
  1.018830e+01   9.758258e-19   7.591817e-03   1.360701e-19   18414
  1.021626e+01   7.595394e-20   7.785800e-03   7.243431e-22   17840
  1.024337e+01   7.006226e-20   8.173712e-03   5.304366e-22   18960
  1.027040e+01   6.909675e-20   7.593182e-03   5.385996e-22   16992
  1.029753e+01   1.350068e-18   8.364786e-03   3.094036e-19   18378
  1.032409e+01   1.477547e-19   7.447989e-03   9.297999e-21   18192
  1.035171e+01   7.036013e-20   7.951838e-03   5.641135e-22   19320
  1.037913e+01   6.753297e-20   7.712649e-03   5.131451e-22   17856
  1.040647e+01   6.461952e-20   7.961690e-03   4.824479e-22   19128
  1.043334e+01   1.001001e-18   7.364111e-03   1.410262e-19   18246
  1.046071e+01   7.930621e-20   7.654223e-03   1.137792e-21   19184
  1.048780e+01   6.533784e-20   7.833929e-03   4.893865e-22   18900
  1.051563e+01   6.463786e-20   8.170515e-03   4.708022e-22   19776
  1.054217e+01   1.808750e-18   7.496333e-03   9.658223e-19   17814
  1.056977e+01   7.978491e-19   8.157531e-03   9.394881e-20   19944
  1.059666e+01   6.858178e-20   8.046976e-03   5.718065e-22   19536
  1.062448e+01   6.348718e-20   7.963177e-03   4.565820e-22   20112
  1.065147e+01   6.152047e-20   7.400913e-03   4.787509e-22   18116
  1.067839e+01   8.582329e-19   7.715608e-03   1.228622e-19   19878
  1.070483e+01   8.742263e-20   7.798027e-03   2.060912e-21   19800
  1.073278e+01   6.391608e-20   7.797534e-03   4.902504e-22   20136
  1.076062e+01   6.027736e-20   8.202270e-03   4.374380e-22   20808
  1.078773e+01   5.978068e-20   7.430653e-03   4.444591e-22   19152
  1.081500e+01   1.246097e-18   7.848650e-03   2.715016e-19   20526
  1.084254e+01   6.647857e-20   8.075152e-03   7.174235e-22   20532
  1.086927e+01   6.107487e-20   8.024638e-03   4.483384e-22   20120
  1.089574e+01   5.811637e-20   7.477928e-03   4.315487e-22   19512
  1.092341e+01   7.694709e-19   8.123431e-03   1.175523e-19   21246
  1.095048e+01   1.430212e-19   7.387938e-03   7.646152e-21   20112
  1.097792e+01   6.022373e-20   8.226462e-03   4.467416e-22   22104
  1.100525e+01   5.712697e-20   8.072411e-03   4.207569e-22   19620
  1.103241e+01   5.613175e-20   8.023978e-03   3.917785e-22   21912
  1.105960e+01   2.237023e-18   7.486933e-03   8.296136e-19   20070
  1.108668e+01   6.795131e-20   8.154320e-03   9.434048e-22   22064
  1.111425e+01   5.694296e-20   7.741758e-03   4.176257e-22   21048
  1.114100e+01   5.620374e-20   7.571713e-03   3.952422e-22   21168
  1.116818e+01   5.578141e-20   8.188209e-03   3.915168e-22   21384
  1.119608e+01   7.544468e-19   7.408830e-03   1.048261e-19   22146
  1.122333e+01   5.981713e-20   7.925872e-03   4.847449e-22   22200
  1.125081e+01   5.355850e-20   7.507740e-03   3.757967e-22   21648
  1.127772e+01   5.245941e-20   8.037911e-03   3.715283e-22   21144
  1.130434e+01   1.090870e-18   7.645623e-03   2.453925e-19   21710
  1.133171e+01   8.584210e-20   8.123498e-03   3.017565e-21   23112
  1.135996e+01   5.419566e-20   8.104202e-03   3.895846e-22   23064
  1.138718e+01   5.264976e-20   7.500308e-03   3.687883e-22   21252
  1.141334e+01   5.178599e-20   7.518601e-03   3.521028e-22   22128
  1.144063e+01   7.575984e-19   7.793289e-03   1.056850e-19   22446
  1.146791e+01   5.521173e-20   7.637639e-03   4.990314e-22   22848
  1.149492e+01   5.194714e-20   7.647428e-03   3.564619e-22   23208
  1.152254e+01   5.118952e-20   7.871234e-03   3.483114e-22   22536
  1.154973e+01   1.627092e-18   7.982308e-03   6.913707e-19   22586
  1.157685e+01   2.930468e-19   8.138974e-03   3.903487e-20   24096
  1.160413e+01   5.257116e-20   7.636529e-03   4.027298e-22   22440
  1.163106e+01   5.079111e-20   8.321846e-03   3.442698e-22   23400
  1.165801e+01   4.903148e-20   7.559642e-03   3.325184e-22   23232
  1.168584e+01   6.506001e-19   7.960320e-03   9.132323e-20   23886
  1.171266e+01   6.065073e-20   7.654565e-03   1.004042e-21   23376
  1.173984e+01   4.944478e-20   7.723174e-03   3.384066e-22   23540
  1.176669e+01   4.810921e-20   7.660842e-03   3.193446e-22   24240
  1.179458e+01   4.808607e-20   8.060547e-03   3.223809e-22   23952
  1.182201e+01   9.444189e-19   7.540797e-03   2.062347e-19   24006
  1.184951e+01   5.167848e-20   8.459673e-03   4.693062e-22   25560
  1.187610e+01   4.760264e-20   7.500748e-03   3.296146e-22   22728
  1.190276e+01   4.670291e-20   7.559737e-03   3.123147e-22   23556
  1.192978e+01   5.765678e-19   7.888923e-03   8.566846e-20   25398
  1.195717e+01   9.663225e-20   7.728869e-03   4.898138e-21   24088
  1.198446e+01   4.830944e-20   8.045541e-03   3.314861e-22   25696
  1.201181e+01   4.658456e-20   7.556007e-03   3.129766e-22   24144
  1.203893e+01   4.473354e-20   8.075482e-03   2.934531e-22   25560
  1.206623e+01   1.597659e-18   7.449229e-03   5.898932e-19   24246
  1.209362e+01   5.478354e-20   7.909137e-03   6.593152e-22   26292
  1.212094e+01   4.553412e-20   7.800766e-03   3.055601e-22   25200
  1.214813e+01   4.482327e-20   8.124144e-03   2.950762e-22   25296
  1.217472e+01   4.406549e-20   7.419097e-03   2.915321e-22   24192
  1.220300e+01   5.011101e-19   8.192669e-03   6.803437e-20   28646
  1.223055e+01   4.537682e-20   7.533346e-03   3.292966e-22   24552
  1.225757e+01   4.420407e-20   7.897298e-03   2.904804e-22   25788
  1.228397e+01   4.330495e-20   7.455900e-03   2.843517e-22   25272
  1.231128e+01   7.668960e-19   8.068486e-03   1.691717e-19   26118
  1.233803e+01   6.064987e-20   7.897735e-03   1.632223e-21   26016
  1.236603e+01   4.326859e-20   7.978952e-03   2.792964e-22   27792
  1.239286e+01   4.274223e-20   7.826029e-03   2.828140e-22   25072
  1.241991e+01   4.176546e-20   8.106413e-03   2.631126e-22   26824
  1.244701e+01   5.391029e-19   7.401394e-03   7.434280e-20   26106
  1.247458e+01   4.505923e-20   8.145321e-03   3.696248e-22   28296
  1.250188e+01   4.219953e-20   7.836743e-03   2.765193e-22   26640
  1.252911e+01   4.089678e-20   7.461142e-03   2.615584e-22   26064
  1.255607e+01   1.181481e-18   8.185574e-03   4.489335e-19   27822
  1.258286e+01   9.291600e-20   7.607358e-03   5.657366e-21   26160
  1.261000e+01   4.307186e-20   8.365536e-03   2.956562e-22   28108
  1.263740e+01   4.116624e-20   7.995452e-03   2.622214e-22   27664
  1.266458e+01   4.066218e-20   7.953365e-03   2.533320e-22   27600
  1.269222e+01   4.459848e-19   7.970525e-03   6.130649e-20   27510
  1.271950e+01   4.683346e-20   7.887204e-03   5.746003e-22   28848
  1.274666e+01   4.004422e-20   7.810242e-03   2.545609e-22   27744
  1.277393e+01   3.990730e-20   7.609477e-03   2.459074e-22   27888
  1.280105e+01   3.953833e-20   7.736113e-03   2.495373e-22   27780
  1.282823e+01   6.112697e-19   7.793625e-03   1.300701e-19   28734
  1.285511e+01   4.118866e-20   8.047931e-03   2.950496e-22   28232
  1.288264e+01   3.948680e-20   8.002290e-03   2.412624e-22   29016
  1.290954e+01   3.889787e-20   7.906426e-03   2.396907e-22   28056
  1.293662e+01   4.059597e-19   7.672960e-03   5.671971e-20   28710
  1.296395e+01   5.599129e-20   8.105050e-03   1.584901e-21   29220
  1.299233e+01   3.838439e-20   8.291089e-03   2.345723e-22   31584
  1.301920e+01   3.789334e-20   7.642995e-03   2.414293e-22   26904
  1.304540e+01   3.796707e-20   7.428699e-03   2.358618e-22   28512
  1.307329e+01   9.284704e-19   8.001980e-03   3.372582e-19   30878
  1.310095e+01   4.050753e-20   8.036454e-03   2.964920e-22   30408
  1.312802e+01   3.814388e-20   7.762877e-03   2.353664e-22   28632
  1.315463e+01   3.720013e-20   7.470498e-03   2.263596e-22   28764
  1.318150e+01   1.765348e-19   8.311291e-03   4.017076e-20   30630
  1.320912e+01   2.051754e-19   7.695248e-03   2.213675e-20   30240
  1.323680e+01   3.821380e-20   7.884066e-03   2.488005e-22   31008
  1.326377e+01   3.704016e-20   7.551388e-03   2.289843e-22   29240
  1.329026e+01   3.593868e-20   7.706355e-03   2.194606e-22   30000
  1.331789e+01   4.667335e-19   8.157153e-03   9.990967e-20   30978
  1.334510e+01   4.080465e-20   7.690285e-03   4.198631e-22   30696
  1.337220e+01   3.642356e-20   8.060659e-03   2.196271e-22   31320
  1.339896e+01   3.558445e-20   7.533254e-03   2.196622e-22   29280
  1.342610e+01   3.522190e-20   8.055551e-03   2.107780e-22   31488
  1.345323e+01   3.206124e-19   7.562777e-03   4.255018e-20   31326
  1.348064e+01   3.691389e-20   8.120115e-03   2.410351e-22   31480
  1.350831e+01   3.556819e-20   7.877139e-03   2.088093e-22   32572
  1.353590e+01   3.482059e-20   7.881897e-03   2.067830e-22   31296
  1.356270e+01   7.064462e-19   7.664789e-03   2.642519e-19   30798
  1.359005e+01   6.310675e-20   8.159575e-03   3.084910e-21   32256
  1.361689e+01   3.506729e-20   7.881374e-03   2.092320e-22   32088
  1.364377e+01   3.462786e-20   7.799879e-03   2.105883e-22   30936
  1.367098e+01   3.458866e-20   8.109317e-03   2.015661e-22   33036
  1.369872e+01   2.552702e-19   7.851684e-03   3.354494e-20   31846
  1.372573e+01   3.608024e-20   8.003616e-03   2.570388e-22   33832
  1.375286e+01   3.405653e-20   7.413783e-03   2.049574e-22   30912
  1.377976e+01   3.354218e-20   7.774727e-03   1.963163e-22   32976
  1.380680e+01   3.323302e-20   7.671272e-03   1.930893e-22   32712
  1.383439e+01   3.360607e-19   7.755671e-03   6.893121e-20   33438
  1.386158e+01   3.462829e-20   7.807846e-03   2.131894e-22   32556
  1.388806e+01   3.325407e-20   7.738876e-03   1.940157e-22   33144
  1.391538e+01   3.332186e-20   7.655117e-03   1.955168e-22   33504
  1.394342e+01   2.287310e-19   7.926094e-03   2.989719e-20   33542
  1.397001e+01   3.916509e-20   7.808871e-03   5.707202e-22   33768
  1.399757e+01   3.309601e-20   7.912526e-03   1.904699e-22   34368
  1.402447e+01   3.295672e-20   7.518816e-03   1.939471e-22   32856
  1.405193e+01   3.238333e-20   7.775107e-03   1.837141e-22   34524
  1.407887e+01   4.984458e-19   7.384353e-03   1.763917e-19   33510
  1.410655e+01   3.403231e-20   8.264068e-03   2.150850e-22   35856
  1.413390e+01   3.225316e-20   7.831227e-03   1.892694e-22   33888
  1.416075e+01   3.191381e-20   7.673983e-03   1.870728e-22   33752
  1.418755e+01   1.252786e-19   8.069879e-03   2.032695e-20   34902
  1.421572e+01   7.877606e-20   7.894675e-03   5.466870e-21   35484
  1.424315e+01   3.224612e-20   8.126639e-03   1.837022e-22   36648
  1.427028e+01   3.119460e-20   7.515501e-03   1.823870e-22   33000
  1.429708e+01   3.139929e-20   8.125824e-03   1.765031e-22   35520
  1.432477e+01   2.213678e-19   7.936889e-03   4.345427e-20   36078
  1.435172e+01   3.398841e-20   7.768902e-03   2.407549e-22   34992
  1.437863e+01   3.130269e-20   7.687091e-03   1.818803e-22   35072
  1.440611e+01   3.104077e-20   8.060535e-03   1.718738e-22   36876
  1.443267e+01   3.090824e-20   7.453511e-03   1.853951e-22   33216
  1.445993e+01   1.483626e-19   8.258645e-03   1.747397e-20   38382
  1.448787e+01   3.079864e-20   7.746200e-03   1.762205e-22   36072
  1.451534e+01   3.056660e-20   7.757548e-03   1.705936e-22   37464
  1.454219e+01   3.033208e-20   7.456450e-03   1.765555e-22   34416
  1.456954e+01   2.866269e-19   8.171327e-03   9.804872e-20   37386
  1.459668e+01   3.567649e-20   7.801753e-03   5.022354e-22   37040
  1.462373e+01   3.067869e-20   7.595453e-03   1.726461e-22   36240
  1.465060e+01   3.011377e-20   8.102888e-03   1.689153e-22   36432
  1.467786e+01   2.962862e-20   7.650183e-03   1.652202e-22   37560
  1.470522e+01   1.068587e-19   7.927755e-03   1.168871e-20   37350
  1.473307e+01   3.041085e-20   8.104599e-03   1.755372e-22   38616
  1.476009e+01   2.943145e-20   7.639249e-03   1.665017e-22   37092
  1.478727e+01   2.951394e-20   7.346346e-03   1.645515e-22   37272
  1.481439e+01   2.876624e-20   8.088013e-03   1.600962e-22   37616
  1.484184e+01   1.324499e-19   7.832836e-03   2.331613e-20   38478
  1.486887e+01   2.976872e-20   7.959091e-03   1.677841e-22   37992
  1.489585e+01   2.931830e-20   7.804576e-03   1.620425e-22   38232
  1.492288e+01   2.880641e-20   7.649051e-03   1.612497e-22   36708
  1.494999e+01   8.981209e-20   8.006500e-03   9.175568e-21   39534
  1.497738e+01   3.064117e-20   8.022282e-03   2.008872e-22   39336
  1.500458e+01   2.900818e-20   7.717538e-03   1.621025e-22   37624
  1.503181e+01   2.845121e-20   7.896681e-03   1.534537e-22   40408
  1.505926e+01   2.820635e-20   7.553116e-03   1.557636e-22   38256
  1.508658e+01   1.520259e-19   7.716403e-03   4.668064e-20   39438
  1.511414e+01   2.873415e-20   7.962382e-03   1.572764e-22   40524
  1.514097e+01   2.851341e-20   7.517496e-03   1.569867e-22   38448
  1.516801e+01   2.817577e-20   7.911917e-03   1.548093e-22   39312
  1.519496e+01   5.697325e-20   7.563444e-03   4.985899e-21   38718
  1.522202e+01   3.197006e-20   8.070284e-03   3.927172e-22   40872
  1.524923e+01   2.791665e-20   7.663331e-03   1.534580e-22   40088
  1.527685e+01   2.797139e-20   8.168221e-03   1.537724e-22   40644
  1.530411e+01   2.745998e-20   7.664673e-03   1.503248e-22   40176
  1.533152e+01   6.794348e-20   8.126489e-03   9.214375e-21   40998
  1.535825e+01   2.873678e-20   7.452355e-03   1.665841e-22   39192
  1.538541e+01   2.789153e-20   7.868752e-03   1.526637e-22   41640
  1.541273e+01   2.759651e-20   7.892683e-03   1.510923e-22   41400
  1.543963e+01   2.745919e-20   7.768161e-03   1.550550e-22   38640
  1.546698e+01   4.930143e-20   7.971305e-03   3.178708e-21   43658
  1.549433e+01   2.737873e-20   7.666205e-03   1.507641e-22   40608
  1.552141e+01   2.732671e-20   7.825958e-03   1.464677e-22   41880
  1.554905e+01   2.740560e-20   7.735921e-03   1.490385e-22   41712
  1.557668e+01   5.853323e-20   8.075656e-03   1.163329e-20   42942
  1.560371e+01   2.783043e-20   7.671656e-03   1.618357e-22   40896
  1.563082e+01   2.715261e-20   7.903980e-03   1.457816e-22   42708
  1.565771e+01   2.736661e-20   7.480893e-03   1.502056e-22   40968
  1.568503e+01   2.665600e-20   8.127717e-03   1.415334e-22   43496
  1.571229e+01   3.316660e-20   7.780603e-03   8.877374e-22   41454
  1.573957e+01   2.697938e-20   8.036206e-03   1.425487e-22   43704
  1.576601e+01   2.639882e-20   7.405465e-03   1.444675e-22   41208
  1.579343e+01   2.644256e-20   8.125647e-03   1.396285e-22   43944
  1.582111e+01   3.077683e-20   7.840814e-03   1.610622e-21   43218
  1.584856e+01   2.960117e-20   7.868243e-03   4.444894e-22   44136
  1.587537e+01   2.654922e-20   7.751371e-03   1.419755e-22   42304
  1.590241e+01   2.642161e-20   7.874080e-03   1.396538e-22   43096
  1.592904e+01   2.643451e-20   7.705036e-03   1.403842e-22   43464
  1.595683e+01   1.667824e-20   8.034740e-03   4.042949e-22   44382
  1.598402e+01   1.415421e-22   8.026125e-03   8.958481e-24   44316
  1.601141e+01   3.164265e-23   7.914523e-03   1.251223e-24   44592
  1.603847e+01   1.455552e-23   7.744714e-03   4.808687e-25   44328
  1.606589e+01   9.751685e-24   7.618529e-03   2.602612e-25   43560
  1.609305e+01   4.079306e-22   7.854011e-03   4.474918e-23   44763
  1.612010e+01   3.156982e-23   7.874634e-03   2.059353e-24   44216
  1.614733e+01   1.477011e-23   8.023742e-03   6.585231e-25   45144
  1.617476e+01   7.940177e-24   7.626489e-03   2.457585e-25   42876
  1.620177e+01   6.240272e-24   8.312753e-03   1.717284e-25   46164
  1.622883e+01   4.820576e-24   7.631177e-03   1.059054e-25   42360
  1.625642e+01   4.700358e-24   8.035741e-03   1.008044e-25   45324
  1.628339e+01   3.863625e-24   7.996711e-03   7.233370e-26   43320
  1.631053e+01   3.447972e-24   8.058377e-03   6.272405e-26   44580
  1.633834e+01   3.279601e-24   8.049076e-03   5.497192e-26   44468
  1.636560e+01   2.920510e-24   7.656882e-03   5.179064e-26   43416
  1.639205e+01   2.753160e-24   7.602523e-03   4.452109e-26   42264
  1.641942e+01   2.488039e-24   7.985984e-03   3.532343e-26   44580
  1.644684e+01   2.427174e-24   8.106687e-03   3.609214e-26   43824
  1.647414e+01   2.202525e-24   7.618783e-03   3.246671e-26   43392
  1.650112e+01   2.173504e-24   7.767469e-03   3.030839e-26   43296
  1.652862e+01   2.079373e-24   7.476507e-03   2.776542e-26   42656
  1.655543e+01   1.838362e-24   7.984671e-03   2.312287e-26   43728
  1.658295e+01   1.875908e-24   8.051188e-03   2.388791e-26   43536
  1.661015e+01   1.764339e-24   8.012929e-03   2.214573e-26   42180
  1.663736e+01   1.641449e-24   7.758982e-03   2.038421e-26   44136
  1.666469e+01   1.600047e-24   7.818720e-03   1.813227e-26   42372
  1.669168e+01   1.530415e-24   7.642141e-03   1.714660e-26   41604
  1.671865e+01   1.486035e-24   8.052166e-03   1.567425e-26   43440
  1.674591e+01   1.395738e-24   8.058315e-03   1.446087e-26   42488
  1.677280e+01   1.380276e-24   7.737331e-03   1.562196e-26   41496
  1.680037e+01   1.311315e-24   8.076487e-03   1.386423e-26   44112
  1.682781e+01   1.291951e-24   7.701796e-03   1.393371e-26   41688
  1.685478e+01   1.247281e-24   8.023099e-03   1.256744e-26   42276
  1.688185e+01   1.198086e-24   7.738403e-03   1.209119e-26   41172
  1.690910e+01   1.166159e-24   8.113510e-03   1.107162e-26   43536
  1.693648e+01   1.112950e-24   7.552546e-03   1.108962e-26   41496
  1.696357e+01   1.085205e-24   8.013565e-03   1.035188e-26   40764
  1.699059e+01   1.067995e-24   7.863299e-03   1.061424e-26   43220
  1.701801e+01   1.008004e-24   7.793558e-03   9.516473e-27   41076
  1.704520e+01   1.017707e-24   7.789489e-03   9.340335e-27   41532
  1.707253e+01   9.710170e-25   7.930746e-03   8.925653e-27   41928
  1.709962e+01   9.355920e-25   7.591923e-03   8.053395e-27   41412
  1.712669e+01   9.293529e-25   7.901140e-03   8.581740e-27   40032
  1.715360e+01   9.131369e-25   7.836003e-03   7.740413e-27   41880
  1.718066e+01   8.932925e-25   7.797889e-03   8.059736e-27   40264
  1.720807e+01   8.561196e-25   7.984761e-03   7.031578e-27   42592
  1.723555e+01   8.333483e-25   7.659679e-03   7.124700e-27   39588
  1.726269e+01   8.151236e-25   7.919285e-03   6.987299e-27   42180
  1.728964e+01   8.160104e-25   7.640645e-03   7.039817e-27   39240
  1.731672e+01   7.898504e-25   8.019988e-03   6.682462e-27   40920
  1.734417e+01   7.559237e-25   7.916149e-03   6.146456e-27   41184
  1.737148e+01   7.667747e-25   7.841651e-03   6.139117e-27   40872
  1.739851e+01   7.365767e-25   7.458870e-03   6.374363e-27   38748
  1.742584e+01   7.066638e-25   7.938970e-03   5.727146e-27   41420
  1.745277e+01   7.074177e-25   7.786899e-03   5.826165e-27   39816
  1.748015e+01   6.869935e-25   7.806853e-03   5.508680e-27   39792
  1.750718e+01   6.765546e-25   7.458008e-03   5.485765e-27   39816
  1.753482e+01   6.660647e-25   8.060540e-03   5.228338e-27   41064
  1.756204e+01   6.404176e-25   7.732612e-03   5.130623e-27   39204
  1.758962e+01   6.469194e-25   8.159762e-03   5.240558e-27   40080
  1.761611e+01   6.393219e-25   7.539970e-03   5.285104e-27   38332
  1.764336e+01   5.869553e-25   7.869497e-03   4.484494e-27   39952
  1.767051e+01   6.130317e-25   7.861463e-03   4.941168e-27   39000
  1.769834e+01   5.671960e-25   8.073005e-03   4.182929e-27   40356
  1.772549e+01   5.805137e-25   7.920672e-03   4.510067e-27   39300
  1.775258e+01   5.688103e-25   7.814872e-03   4.609961e-27   37452
  1.777947e+01   5.645304e-25   7.748812e-03   4.407672e-27   39732
  1.780715e+01   5.425928e-25   7.788125e-03   4.170147e-27   39312
  1.783409e+01   5.395845e-25   7.919824e-03   4.134321e-27   37632
  1.786117e+01   5.110450e-25   7.786981e-03   3.788501e-27   38420
  1.788837e+01   5.131586e-25   8.047977e-03   3.914504e-27   39564
  1.791566e+01   4.983972e-25   7.744200e-03   3.823386e-27   37236
  1.794258e+01   4.988544e-25   7.829241e-03   3.664522e-27   38100
  1.796962e+01   4.895451e-25   7.697474e-03   3.637228e-27   38208
  1.799720e+01   4.856012e-25   8.010746e-03   3.557525e-27   39072
  1.802423e+01   4.750573e-25   7.404299e-03   3.775940e-27   36192
  1.805146e+01   4.605546e-25   8.004549e-03   3.349762e-27   38928
  1.807900e+01   4.448664e-25   7.952762e-03   3.296457e-27   38768
  1.810691e+01   4.460270e-25   7.814175e-03   3.354264e-27   37596
  1.813420e+01   4.302090e-25   7.779491e-03   3.209216e-27   37296
  1.816097e+01   4.359308e-25   7.786782e-03   3.307153e-27   36948
  1.818788e+01   4.276140e-25   7.986715e-03   3.273413e-27   37248
  1.821573e+01   4.207036e-25   7.887193e-03   3.165101e-27   37152
  1.824246e+01   4.064178e-25   7.873757e-03   3.048270e-27   37512
  1.826977e+01   4.025234e-25   7.537578e-03   3.056017e-27   35876
  1.829687e+01   3.940680e-25   8.032760e-03   2.937976e-27   36936
  1.832440e+01   3.857950e-25   8.002739e-03   2.767228e-27   38028
  1.835174e+01   3.775440e-25   7.614568e-03   2.856727e-27   35592
  1.837843e+01   3.823210e-25   7.556684e-03   2.786829e-27   35508
  1.840544e+01   3.692953e-25   7.836142e-03   2.788177e-27   36492
  1.843306e+01   3.649689e-25   8.083782e-03   2.640308e-27   37608
  1.846041e+01   3.534700e-25   7.976399e-03   2.645974e-27   34848
  1.848695e+01   3.482894e-25   7.480817e-03   2.594239e-27   35220
  1.851428e+01   3.402498e-25   7.804135e-03   2.502192e-27   36884
  1.854159e+01   3.398213e-25   7.745105e-03   2.423940e-27   35412
  1.856929e+01   3.273287e-25   8.019441e-03   2.382538e-27   35652
  1.859625e+01   3.247857e-25   8.017579e-03   2.387419e-27   36072
  1.862327e+01   3.257622e-25   7.726812e-03   2.442825e-27   34368
  1.865060e+01   3.137297e-25   7.826948e-03   2.288181e-27   35484
  1.867793e+01   3.048477e-25   7.747795e-03   2.275689e-27   35256
  1.870471e+01   3.075846e-25   8.064976e-03   2.271343e-27   34476
  1.873205e+01   3.026565e-25   7.912430e-03   2.254890e-27   34916
  1.875917e+01   2.951001e-25   7.802546e-03   2.140050e-27   34596
  1.878631e+01   2.903138e-25   7.632431e-03   2.162250e-27   34656
  1.881357e+01   2.823563e-25   7.906329e-03   2.084039e-27   34596
  1.884100e+01   2.768908e-25   7.670020e-03   2.059896e-27   33984
  1.886781e+01   2.725640e-25   7.830568e-03   2.031327e-27   34080
  1.889482e+01   2.703176e-25   7.864407e-03   2.034368e-27   34140
  1.892243e+01   2.693171e-25   8.122722e-03   1.991628e-27   33804
  1.894976e+01   2.654617e-25   7.807553e-03   1.972538e-27   35096
  1.897724e+01   2.530341e-25   7.740540e-03   1.894291e-27   33108
  1.900394e+01   2.590892e-25   7.700076e-03   2.032089e-27   32280
  1.903103e+01   2.432981e-25   7.838582e-03   1.741397e-27   34404
  1.905859e+01   2.426826e-25   7.998694e-03   1.800911e-27   34248
  1.908625e+01   2.422051e-25   7.494894e-03   1.896576e-27   32016
  1.911337e+01   2.359921e-25   7.911289e-03   1.764232e-27   34344
  1.914071e+01   2.316235e-25   7.607033e-03   1.772386e-27   32024
  1.916710e+01   2.305441e-25   7.885123e-03   1.791780e-27   31908
  1.919452e+01   2.271662e-25   7.901719e-03   1.767714e-27   33192
  1.922202e+01   2.198023e-25   8.187143e-03   1.604835e-27   33288
  1.924897e+01   2.152813e-25   7.454749e-03   1.631753e-27   31356
  1.927629e+01   2.091627e-25   8.068575e-03   1.595179e-27   32496
  1.930347e+01   2.096495e-25   7.669020e-03   1.645232e-27   31944
  1.933001e+01   2.046719e-25   7.874782e-03   1.627000e-27   31512
  1.935714e+01   2.066223e-25   7.643415e-03   1.581495e-27   31156
  1.938495e+01   1.964572e-25   8.053610e-03   1.517331e-27   33352
  1.941220e+01   1.931833e-25   7.811603e-03   1.508227e-27   31344
  1.943973e+01   1.881514e-25   8.088155e-03   1.455059e-27   31068
  1.946682e+01   1.837855e-25   7.977135e-03   1.429395e-27   31752
  1.949347e+01   1.811443e-25   7.363577e-03   1.439686e-27   29868
  1.952079e+01   1.806036e-25   8.091554e-03   1.396943e-27   32052
  1.954831e+01   1.803453e-25   7.677592e-03   1.432954e-27   30012
  1.957519e+01   1.765821e-25   8.055322e-03   1.382504e-27   31520
  1.960283e+01   1.684404e-25   7.875748e-03   1.353108e-27   30648
  1.962965e+01   1.657338e-25   7.768696e-03   1.331307e-27   29304
  1.965690e+01   1.643055e-25   7.702418e-03   1.238108e-27   31140
  1.968467e+01   1.554497e-25   8.205576e-03   1.214792e-27   31320
  1.971193e+01   1.604082e-25   7.744015e-03   1.300892e-27   28356
  1.973877e+01   1.536569e-25   7.915676e-03   1.296885e-27   30288
  1.976553e+01   1.528031e-25   7.866880e-03   1.268555e-27   29472
  1.979244e+01   1.496127e-25   7.776599e-03   1.267126e-27   28716
  1.982023e+01   1.436601e-25   7.717551e-03   1.140073e-27   30740
  1.984769e+01   1.421568e-25   7.871304e-03   1.123724e-27   29304
  1.987461e+01   1.387002e-25   7.839449e-03   1.183497e-27   28476
  1.990201e+01   1.352452e-25   7.940535e-03   1.113955e-27   29304
  1.992924e+01   1.369735e-25   7.931260e-03   1.108372e-27   29280
  1.995681e+01   1.322544e-25   7.910453e-03   1.093168e-27   29100
  1.998425e+01   1.262961e-25   7.754981e-03   1.054729e-27   27816
  2.001064e+01   1.284339e-25   7.789785e-03   1.058661e-27   27692
  2.003790e+01   1.206257e-25   8.099960e-03   9.964615e-28   29724
  2.006569e+01   1.195708e-25   7.720825e-03   1.032681e-27   27240
  2.009257e+01   1.203435e-25   7.504098e-03   1.012155e-27   27588
  2.011947e+01   1.135230e-25   7.809040e-03   9.602893e-28   28560
  2.014697e+01   1.143938e-25   7.908926e-03   1.010232e-27   26952
  2.017419e+01   1.081010e-25   7.918326e-03   9.620666e-28   27516
  2.020131e+01   1.074020e-25   8.001754e-03   8.854901e-28   28344
  2.022880e+01   1.040561e-25   7.881374e-03   8.965602e-28   26196
  2.025536e+01   1.007088e-25   7.707843e-03   9.051958e-28   26360
  2.028260e+01   1.033641e-25   7.968328e-03   8.762684e-28   28152
  2.031008e+01   9.884553e-26   7.705922e-03   8.893685e-28   25896
  2.033701e+01   9.486227e-26   7.889711e-03   8.614425e-28   26592
  2.036431e+01   9.251315e-26   7.553857e-03   8.174910e-28   26568
  2.039181e+01   9.345298e-26   7.993400e-03   8.320090e-28   26832
  2.041857e+01   8.733466e-26   7.579371e-03   8.211610e-28   24972
  2.044633e+01   8.863083e-26   7.991756e-03   7.677011e-28   27000
  2.047334e+01   8.520280e-26   7.662250e-03   7.940818e-28   25448
  2.050028e+01   8.207945e-26   7.921955e-03   7.466857e-28   25476
  2.052794e+01   8.161795e-26   7.765527e-03   7.495108e-28   25152
  2.055466e+01   7.677909e-26   7.960898e-03   6.921610e-28   25968
  2.058220e+01   7.598822e-26   7.925318e-03   6.940563e-28   25320
  2.060968e+01   7.368032e-26   7.486690e-03   7.061903e-28   23796
  2.063597e+01   7.184765e-26   7.857982e-03   6.752869e-28   25500
  2.066331e+01   7.242705e-26   7.830690e-03   6.885411e-28   24420
  2.069103e+01   6.916223e-26   8.105288e-03   6.681134e-28   24656
  2.071777e+01   6.653904e-26   7.679386e-03   6.463485e-28   24036
  2.074491e+01   6.579941e-26   7.941852e-03   6.163901e-28   24528
  2.077187e+01   6.103766e-26   7.672231e-03   6.088468e-28   23004
  2.079910e+01   6.257935e-26   7.878852e-03   5.974307e-28   24576
  2.082647e+01   5.873004e-26   7.525706e-03   5.775013e-28   23736
  2.085380e+01   5.782392e-26   7.995853e-03   5.864593e-28   23712
  2.088131e+01   5.843630e-26   7.763525e-03   5.975887e-28   22992
  2.090840e+01   5.280270e-26   7.709879e-03   5.197987e-28   23984
  2.093548e+01   5.242324e-26   7.701015e-03   5.300756e-28   22344
  2.096270e+01   5.055065e-26   7.814535e-03   5.237870e-28   22536
  2.098976e+01   4.916338e-26   7.734348e-03   4.970123e-28   23268
  2.101677e+01   4.726879e-26   7.943257e-03   4.969483e-28   22152
  2.104400e+01   4.613775e-26   7.843558e-03   5.084129e-28   22068
  2.107191e+01   4.502369e-26   8.054520e-03   4.724360e-28   23664
  2.109883e+01   4.426084e-26   7.480070e-03   4.843546e-28   20640
  2.112570e+01   4.045204e-26   7.938442e-03   4.380457e-28   22376
  2.115343e+01   3.973615e-26   7.807393e-03   4.445385e-28   21444
  2.118016e+01   3.947439e-26   8.090082e-03   4.322519e-28   21576
  2.120735e+01   3.610832e-26   8.020716e-03   4.053371e-28   21660
  2.123530e+01   3.577050e-26   8.110439e-03   4.186996e-28   20916
  2.126231e+01   3.474000e-26   7.955295e-03   4.044605e-28   21504
  2.128916e+01   3.281176e-26   7.581308e-03   3.940260e-28   20508
  2.131667e+01   3.172794e-26   8.100472e-03   3.653746e-28   20036
  2.134369e+01   3.100394e-26   7.839478e-03   3.423084e-28   21276
  2.137104e+01   2.938482e-26   7.761018e-03   3.488532e-28   20652
  2.139834e+01   2.751795e-26   7.723249e-03   3.466890e-28   18696
  2.142558e+01   2.707353e-26   8.083660e-03   3.206491e-28   21504
  2.145287e+01   2.623779e-26   7.559924e-03   3.322943e-28   19284
  2.148009e+01   2.398162e-26   8.152926e-03   3.118561e-28   19356
  2.150716e+01   2.285642e-26   7.704747e-03   2.848092e-28   19236
  2.153397e+01   2.253888e-26   7.855474e-03   2.815456e-28   19476
  2.156136e+01   2.088044e-26   8.174267e-03   2.788525e-28   19184
  2.158918e+01   1.889693e-26   7.919111e-03   2.504382e-28   18852
  2.161627e+01   1.941859e-26   7.666005e-03   2.528114e-28   18876
  2.164286e+01   1.803960e-26   7.969235e-03   2.579913e-28   18336
  2.167039e+01   1.687139e-26   7.996407e-03   2.391090e-28   17820
  2.169807e+01   1.696191e-26   8.070725e-03   2.317760e-28   19392
  2.172492e+01   1.505481e-26   7.991408e-03   2.149775e-28   17616
  2.175159e+01   1.361694e-26   7.523195e-03   2.122757e-28   16320
  2.177930e+01   1.333323e-26   8.147723e-03   1.843729e-28   19292
  2.180620e+01   1.312775e-26   7.805053e-03   2.022716e-28   17112
  2.183426e+01   1.135909e-26   7.910587e-03   1.825858e-28   17388
  2.186163e+01   1.115241e-26   7.406044e-03   1.762754e-28   16692
  2.188744e+01   1.056101e-26   7.834176e-03   1.668228e-28   16956
  2.191562e+01   8.869276e-27   7.901521e-03   1.450522e-28   17040
  2.194315e+01   8.462729e-27   7.818664e-03   1.316190e-28   16092
  2.196931e+01   8.537286e-27   7.765588e-03   1.411237e-28   16380
  2.199714e+01   6.825603e-27   7.982102e-03   1.196221e-28   16688
  2.202443e+01   6.682849e-27   7.984779e-03   1.326497e-28   14940
  2.205121e+01   6.348487e-27   8.028740e-03   1.083704e-28   16668
  2.207897e+01   5.494627e-27   7.840129e-03   1.051684e-28   15804
  2.210591e+01   4.896386e-27   7.785654e-03   9.243370e-29   14280
  2.213311e+01   4.526494e-27   7.664432e-03   8.111556e-29   16068
  2.216027e+01   3.983068e-27   7.811361e-03   7.962226e-29   15048
  2.218728e+01   3.679293e-27   7.960916e-03   7.796308e-29   13940
  2.221435e+01   3.062630e-27   7.608541e-03   6.824219e-29   15072
  2.224148e+01   2.784868e-27   8.111188e-03   5.755570e-29   14808
  2.226834e+01   2.536969e-27   7.531402e-03   6.259039e-29   13200
  2.229597e+01   1.931549e-27   7.978123e-03   4.194697e-29   15156
  2.232362e+01   1.877187e-27   7.780063e-03   4.418166e-29   13788
  2.235075e+01   1.373214e-27   7.667664e-03   3.561325e-29   13608
  2.237787e+01   1.104532e-27   7.309729e-03   3.009212e-29   13224
  2.240490e+01   1.121989e-27   7.880989e-03   2.901813e-29   13320
  2.243177e+01   7.332581e-28   7.770921e-03   2.104634e-29   13220
  2.245943e+01   5.936175e-28   7.854231e-03   1.864598e-29   12984
  2.248722e+01   5.122446e-28   7.949992e-03   1.416309e-29   12780
  2.251346e+01   3.369715e-28   7.524108e-03   1.197524e-29   12360
  2.254113e+01   2.434468e-28   7.915992e-03   8.186005e-30   12480
  2.256873e+01   1.880164e-28   7.688920e-03   6.073329e-30   11892
  2.259507e+01   1.309203e-28   7.971977e-03   4.844828e-30   12192
  2.262265e+01   8.509831e-29   7.815371e-03   3.286068e-30   11328
  2.265008e+01   5.719974e-29   8.287652e-03   1.994981e-30   12020
  2.267688e+01   4.283231e-29   7.619741e-03   1.442875e-30   11052
  2.270474e+01   2.687815e-29   8.094529e-03   7.811361e-31   11304
  2.273085e+01   1.849343e-29   7.448122e-03   5.011044e-31   10368
  2.275755e+01   1.651889e-29   7.750489e-03   4.725330e-31   10899
  2.278573e+01   1.286664e-29   7.770104e-03   3.413829e-31   10752
  2.281248e+01   1.029292e-29   7.798996e-03   2.345478e-31   10446
  2.284006e+01   8.437754e-30   7.675986e-03   1.735206e-31   10092
  2.286738e+01   7.693375e-30   7.777671e-03   1.504637e-31   10220
  2.289377e+01   7.602590e-30   7.617781e-03   1.405571e-31   9636
  2.292187e+01   6.553167e-30   7.836775e-03   1.210684e-31   10020
  2.294942e+01   5.351629e-30   8.141935e-03   8.706726e-32   9906
  2.297609e+01   5.406489e-30   7.552194e-03   9.427141e-32   8940
  2.300374e+01   4.916862e-30   7.658760e-03   8.116564e-32   9558
  2.303075e+01   4.621723e-30   8.340455e-03   7.760822e-32   9180
  2.305748e+01   4.431491e-30   7.984707e-03   7.334356e-32   8674
  2.308544e+01   4.128968e-30   7.936927e-03   6.416983e-32   9454
  2.311244e+01   3.626913e-30   8.157429e-03   5.840578e-32   8316
  2.313927e+01   3.693444e-30   8.044596e-03   5.642708e-32   8622
  2.316729e+01   3.281003e-30   7.987844e-03   4.744650e-32   9006
  2.319409e+01   3.322516e-30   8.051411e-03   5.640829e-32   7698
  2.322094e+01   3.219532e-30   7.725335e-03   5.070611e-32   8406
  2.324898e+01   3.051009e-30   8.243382e-03   4.696352e-32   8646
  2.327567e+01   2.891855e-30   7.832776e-03   4.841716e-32   7014
  2.330241e+01   2.722667e-30   7.786203e-03   3.929725e-32   8510
  2.333084e+01   2.661621e-30   8.206177e-03   3.860503e-32   7890
  2.335752e+01   2.493826e-30   7.872033e-03   3.782102e-32   6966
  2.338382e+01   2.598630e-30   7.524577e-03   3.981268e-32   7902
  2.341187e+01   2.343702e-30   8.206647e-03   3.716939e-32   7278
  2.343914e+01   2.294494e-30   8.061902e-03   3.557393e-32   7338
  2.346598e+01   2.160671e-30   7.466958e-03   3.174260e-32   7254
  2.349349e+01   2.212540e-30   8.041931e-03   3.483706e-32   6678
  2.352016e+01   2.035865e-30   8.034352e-03   2.968470e-32   7286
  2.354846e+01   2.006420e-30   7.948593e-03   3.009774e-32   7200
  2.357656e+01   1.914369e-30   7.715007e-03   3.160475e-32   6234
  2.360147e+01   1.786387e-30   7.732755e-03   2.703112e-32   6630
  2.362968e+01   1.940291e-30   7.973696e-03   2.945261e-32   6822
  2.365766e+01   1.672449e-30   7.511861e-03   2.635296e-32   6078
  2.368315e+01   1.736103e-30   7.985650e-03   2.578770e-32   6528
  2.371136e+01   1.732961e-30   7.632002e-03   2.733105e-32   6034
  2.373836e+01   1.508230e-30   7.815536e-03   2.375924e-32   6190
  2.376518e+01   1.688456e-30   8.029546e-03   2.841934e-32   6270
  2.379352e+01   1.566052e-30   7.221014e-03   2.695821e-32   5520
  2.381945e+01   1.469144e-30   8.084792e-03   2.184714e-32   6126
  2.384659e+01   1.544238e-30   7.559933e-03   2.428384e-32   5562
  2.387506e+01   1.380424e-30   7.559401e-03   2.186363e-32   5790
  2.390087e+01   1.321059e-30   7.739398e-03   2.043992e-32   5496
  2.392823e+01   1.438000e-30   7.795319e-03   2.410130e-32   5262
  2.395608e+01   1.290630e-30   7.677429e-03   2.111730e-32   5774
  2.398271e+01   1.293393e-30   7.605630e-03   2.071032e-32   5124
  2.401077e+01   1.340233e-30   7.629279e-03   2.314132e-32   5070
  2.403716e+01   1.193104e-30   7.941706e-03   1.829622e-32   5430
  2.406413e+01   1.223946e-30   7.418331e-03   2.060688e-32   4680
  2.409270e+01   1.186760e-30   7.682912e-03   1.912187e-32   5370
  2.411895e+01   1.186539e-30   7.340081e-03   1.923460e-32   4638
  2.414568e+01   1.183205e-30   7.716026e-03   2.012421e-32   4536
  2.417357e+01   1.121910e-30   7.726385e-03   1.715017e-32   5222
  2.420035e+01   1.078356e-30   7.090155e-03   1.860440e-32   4254
  2.422780e+01   1.054111e-30   7.815564e-03   1.741310e-32   4548
  2.425432e+01   1.040193e-30   7.579482e-03   1.782169e-32   4638
  2.428140e+01   1.025541e-30   7.483101e-03   1.689346e-32   4176
  2.430949e+01   1.020661e-30   7.509019e-03   1.698670e-32   4518
  2.433617e+01   1.025305e-30   7.565687e-03   1.783892e-32   4278
  2.436274e+01   9.966440e-31   7.320142e-03   1.734677e-32   3732
  2.438997e+01   9.513491e-31   7.733266e-03   1.554653e-32   4502
  2.441740e+01   9.407892e-31   7.517350e-03   1.618190e-32   3984
  2.444510e+01   9.310172e-31   7.787847e-03   1.590127e-32   3726
  2.447087e+01   9.018908e-31   7.506460e-03   1.532709e-32   4014
  2.449802e+01   9.172662e-31   7.871904e-03   1.585465e-32   3756
  2.452699e+01   8.443324e-31   7.900562e-03   1.497988e-32   3894
  2.455330e+01   8.479804e-31   7.731015e-03   1.553616e-32   3744
  2.457984e+01   9.069406e-31   7.859115e-03   1.721927e-32   3174
  2.460752e+01   8.006421e-31   8.044173e-03   1.363356e-32   3968
  2.463495e+01   8.516666e-31   8.111977e-03   1.703929e-32   3522
  2.466361e+01   8.082266e-31   8.331476e-03   1.490946e-32   3198
  2.468960e+01   7.632405e-31   8.160722e-03   1.328928e-32   3648
  2.471673e+01   7.773108e-31   8.295663e-03   1.495896e-32   3054
  2.474531e+01   7.133493e-31   7.802164e-03   1.303973e-32   3312
  2.477133e+01   7.483863e-31   8.241859e-03   1.318321e-32   3354
  2.479887e+01   7.790597e-31   8.150052e-03   1.639192e-32   2624
  2.482582e+01   7.331186e-31   7.951149e-03   1.346129e-32   3462
  2.485324e+01   7.837145e-31   8.293836e-03   1.576197e-32   2976
  2.488216e+01   6.969446e-31   7.851233e-03   1.385212e-32   2670
  2.490725e+01   6.801667e-31   8.172809e-03   1.255260e-32   3186
  2.493414e+01   7.147812e-31   7.634891e-03   1.508264e-32   2376
  2.496277e+01   6.687812e-31   8.048462e-03   1.290456e-32   3102
  2.498920e+01   6.515980e-31   7.878239e-03   1.233999e-32   2688
  2.501669e+01   6.869796e-31   8.219146e-03   1.418315e-32   2286
  2.504363e+01   6.382911e-31   7.927897e-03   1.281638e-32   3020
  2.507087e+01   6.614086e-31   7.551293e-03   1.443522e-32   2310
  2.509979e+01   6.275057e-31   8.345324e-03   1.290941e-32   2544
  2.512556e+01   6.344550e-31   7.780395e-03   1.234088e-32   2526
  2.515251e+01   6.632634e-31   7.990277e-03   1.530962e-32   2112
  2.518075e+01   6.153409e-31   7.678919e-03   1.367067e-32   2538
  2.520745e+01   5.941732e-31   7.988717e-03   1.271999e-32   2304
  2.523462e+01   6.445978e-31   7.882303e-03   1.532908e-32   1902
  2.526098e+01   5.433263e-31   7.530128e-03   1.156985e-32   2408
  2.528828e+01   6.325329e-31   7.943273e-03   1.411026e-32   2094
  2.531734e+01   5.852772e-31   8.093111e-03   1.318304e-32   2028
  2.534285e+01   5.483868e-31   7.676617e-03   1.262658e-32   2094
  2.536993e+01   5.570006e-31   8.374792e-03   1.332101e-32   1920
  2.539868e+01   5.524590e-31   7.060880e-03   1.279770e-32   1926
  2.542499e+01   5.532528e-31   8.241772e-03   1.201177e-32   2088
  2.545174e+01   5.649761e-31   7.229896e-03   1.512511e-32   1434
  2.547863e+01   4.885382e-31   7.644346e-03   1.107120e-32   2048
  2.550528e+01   5.404244e-31   7.622193e-03   1.319030e-32   1758
  2.553461e+01   5.337224e-31   8.409251e-03   1.276912e-32   1584
  2.556148e+01   4.943457e-31   8.331443e-03   1.130833e-32   1998
  2.558869e+01   5.169545e-31   7.588551e-03   1.466984e-32   1428
  2.561718e+01   5.074845e-31   6.351940e-03   1.374002e-32   1488
  2.564207e+01   4.604242e-31   8.091724e-03   1.090560e-32   1806
  2.566834e+01   5.092265e-31   7.366434e-03   1.611105e-32   1040
  2.569640e+01   4.664069e-31   7.718660e-03   1.126790e-32   1782
  2.572208e+01   4.946858e-31   7.296767e-03   1.338764e-32   1428
  2.575279e+01   5.284643e-31   8.761453e-03   1.583563e-32   1206
  2.577877e+01   4.437639e-31   8.140073e-03   1.172991e-32   1728
  2.580495e+01   4.631853e-31   7.628696e-03   1.539163e-32   1038
  2.583514e+01   4.563432e-31   6.189728e-03   1.259718e-32   1248
  2.585899e+01   4.335482e-31   7.893923e-03   1.151128e-32   1530
  2.588517e+01   4.909326e-31   7.235058e-03   1.909975e-32   656
  2.591442e+01   4.342907e-31   8.111352e-03   1.103283e-32   1662
  2.593913e+01   4.314442e-31   6.715149e-03   1.242885e-32   1008
  2.597172e+01   4.630776e-31   8.916900e-03   1.487873e-32   960
  2.599619e+01   4.442227e-31   7.667610e-03   1.164871e-32   1458
  2.602176e+01   4.737683e-31   7.576318e-03   1.808629e-32   672
  2.605313e+01   4.179899e-31   5.938027e-03   1.264594e-32   1062
  2.607533e+01   4.136833e-31   7.703272e-03   1.152103e-32   1224
  2.610192e+01   4.365079e-31   6.728834e-03   2.128470e-32   374
  2.613189e+01   4.262036e-31   8.088036e-03   1.092978e-32   1512
  2.615613e+01   4.101634e-31   6.777684e-03   1.538344e-32   666
  2.619082e+01   3.789287e-31   8.286559e-03   1.427752e-32   720
  2.621257e+01   4.039832e-31   7.420738e-03   1.211342e-32   1224
  2.623931e+01   4.351874e-31   7.377122e-03   1.938803e-32   390
  2.627131e+01   4.273608e-31   5.485178e-03   1.470506e-32   936
  2.629167e+01   4.115907e-31   7.826288e-03   1.326930e-32   882
  2.632074e+01   4.752550e-31   7.641458e-03   3.403505e-32   216
  2.634900e+01   3.905376e-31   7.587347e-03   1.013741e-32   1286
  2.637295e+01   4.211995e-31   6.338203e-03   2.166204e-32   384
  2.640957e+01   3.896555e-31   7.979226e-03   1.488075e-32   576
  2.642852e+01   3.978665e-31   7.151571e-03   1.365292e-32   930
  2.645565e+01   3.696058e-31   7.025337e-03   2.248837e-32   216
  2.649025e+01   3.770021e-31   5.639356e-03   1.250108e-32   918
  2.651019e+01   3.873002e-31   7.595740e-03   1.779250e-32   480
  2.653721e+01   4.023467e-31   6.400332e-03   3.603943e-32   78
  2.656526e+01   3.977919e-31   6.918403e-03   1.164148e-32   1052
  2.659116e+01   4.358814e-31   8.055672e-03   2.932167e-32   240
  2.663081e+01   3.747884e-31   2.941168e-03   1.729629e-32   438
  2.664436e+01   3.698688e-31   6.804857e-03   1.565123e-32   648
  2.666962e+01   5.071342e-31   5.618433e-03   4.985979e-32   78
  2.670728e+01   4.029913e-31   4.902201e-03   1.505656e-32   780
  2.672622e+01   3.326304e-31   6.840274e-03   1.880737e-32   240
  2.674955e+01   4.572735e-31   0.000000e+00   4.275211e-32   6
  2.678099e+01   3.840465e-31   6.266110e-03   1.467631e-32   824
  2.680374e+01   4.755992e-31   4.844192e-03   4.203718e-32   78
  2.684861e+01   3.995909e-31   2.532737e-03   1.990127e-32   432
  2.686032e+01   3.662709e-31   6.125575e-03   1.973374e-32   348
  2.688264e+01   1.041183e-30   0.000000e+00   1.623813e-31   6
  2.692341e+01   3.822769e-31   4.330580e-03   1.531367e-32   600
  2.693953e+01   3.839048e-31   4.077791e-03   4.767001e-32   78
  2.699635e+01   3.594656e-31   5.360574e-03   1.525144e-32   572
  2.701740e+01   6.736897e-31   0.000000e+00   1.617731e-31   6
  2.706595e+01   3.994157e-31   2.516850e-03   2.116370e-32   384
  2.707567e+01   4.376349e-31   3.741025e-03   4.784728e-32   102
  2.713929e+01   3.745659e-31   3.679793e-03   1.671857e-32   396
  2.715383e+01   9.051815e-31   0.000000e+00   9.266078e-32   6
  2.721112e+01   3.431335e-31   3.329304e-03   1.929068e-32   326
  2.728263e+01   3.093558e-31   2.315142e-03   1.825921e-32   252
  2.729189e+01   2.305196e-31   0.000000e+00   1.554580e-32   6
  2.735467e+01   4.335014e-31   2.106672e-03   3.072602e-32   198
  2.742659e+01   4.209112e-31   1.607428e-03   3.101289e-32   146
  2.749861e+01   3.405732e-31   1.179854e-03   3.282628e-32   102
  2.757072e+01   2.722213e-31   8.199682e-04   3.267875e-32   66
  2.764293e+01   3.134533e-31   5.207611e-04   4.331039e-32   38
  2.771523e+01   4.725358e-31   2.685925e-04   1.250486e-31   18
  2.778760e+01   3.436197e-31   0.000000e+00   1.225204e-31   6
