### The result of the verage over time 
### d tau = 0.1875
### number of kessence update = 10
### initial time = 11.9322
### 1- tau	 2- pi_k(k)		3-zeta(k)		4-|k|		 5-vec{k} 	 6-|k|^2
  11.9322	5.66885e-07 2.09345e-06	       -0 -0	 (1 , 0 , 0) 	1
  11.9322	-6.4261e-06 2.23211e-06	        0 -0	 (0 , 1 , 0) 	1
  11.9322	-5.14834e-07 -2.41883e-06	        0 0	 (0 , 0 , 1) 	1
  12.1197	5.66885e-07 2.09345e-06	       -0 -0	 (1 , 0 , 0) 	1
  12.1197	-6.4261e-06 2.23211e-06	        0 -0	 (0 , 1 , 0) 	1
  12.1197	-5.14834e-07 -2.41883e-06	        0 0	 (0 , 0 , 1) 	1
  12.3072	  0.76626 2.83337	-0.00697724 -0.00671596	 (1 , 0 , 0) 	1
  12.3072	  -8.7019 3.02132	-0.00283317 -0.0057516	 (0 , 1 , 0) 	1
  12.3072	-0.0187808 -3.58111	-0.0208658 0.000273876	 (0 , 0 , 1) 	1
  12.4947	  0.76626 2.83337	-0.00697724 -0.00671596	 (1 , 0 , 0) 	1
  12.4947	  -8.7019 3.02132	-0.00283317 -0.0057516	 (0 , 1 , 0) 	1
  12.4947	-0.0187808 -3.58111	-0.0208658 0.000273876	 (0 , 0 , 1) 	1
  12.6822	  0.76626 2.83337	-0.00697724 -0.00671596	 (1 , 0 , 0) 	1
  12.6822	  -8.7019 3.02132	-0.00283317 -0.0057516	 (0 , 1 , 0) 	1
  12.6822	-0.0187808 -3.58111	-0.0208658 0.000273876	 (0 , 0 , 1) 	1
  12.8697	  0.76626 2.83337	-0.00697724 -0.00671596	 (1 , 0 , 0) 	1
  12.8697	  -8.7019 3.02132	-0.00283317 -0.0057516	 (0 , 1 , 0) 	1
  12.8697	-0.0187808 -3.58111	-0.0208658 0.000273876	 (0 , 0 , 1) 	1
  13.0572	  0.76626 2.83337	-0.00697724 -0.00671596	 (1 , 0 , 0) 	1
  13.0572	  -8.7019 3.02132	-0.00283317 -0.0057516	 (0 , 1 , 0) 	1
  13.0572	-0.0187808 -3.58111	-0.0208658 0.000273876	 (0 , 0 , 1) 	1
  13.2447	  0.76626 2.83337	-0.00697724 -0.00671596	 (1 , 0 , 0) 	1
  13.2447	  -8.7019 3.02132	-0.00283317 -0.0057516	 (0 , 1 , 0) 	1
  13.2447	-0.0187808 -3.58111	-0.0208658 0.000273876	 (0 , 0 , 1) 	1
  13.4322	  0.76626 2.83337	-0.00697724 -0.00671596	 (1 , 0 , 0) 	1
  13.4322	  -8.7019 3.02132	-0.00283317 -0.0057516	 (0 , 1 , 0) 	1
  13.4322	-0.0187808 -3.58111	-0.0208658 0.000273876	 (0 , 0 , 1) 	1
  13.6197	  0.76626 2.83337	-0.00697724 -0.00671596	 (1 , 0 , 0) 	1
  13.6197	  -8.7019 3.02132	-0.00283317 -0.0057516	 (0 , 1 , 0) 	1
  13.6197	-0.0187808 -3.58111	-0.0208658 0.000273876	 (0 , 0 , 1) 	1
  13.8072	  0.76626 2.83337	-0.00697724 -0.00671596	 (1 , 0 , 0) 	1
  13.8072	  -8.7019 3.02132	-0.00283317 -0.0057516	 (0 , 1 , 0) 	1
  13.8072	-0.0187808 -3.58111	-0.0208658 0.000273876	 (0 , 0 , 1) 	1
  13.9947	  0.76626 2.83337	-0.00697724 -0.00671596	 (1 , 0 , 0) 	1
  13.9947	  -8.7019 3.02132	-0.00283317 -0.0057516	 (0 , 1 , 0) 	1
  13.9947	-0.0187808 -3.58111	-0.0208658 0.000273876	 (0 , 0 , 1) 	1
  14.1822	  0.76626 2.83337	-0.00697724 -0.00671596	 (1 , 0 , 0) 	1
  14.1822	  -8.7019 3.02132	-0.00283317 -0.0057516	 (0 , 1 , 0) 	1
  14.1822	-0.0187808 -3.58111	-0.0208658 0.000273876	 (0 , 0 , 1) 	1
  14.3697	  0.76626 2.83337	-0.00697724 -0.00671596	 (1 , 0 , 0) 	1
  14.3697	  -8.7019 3.02132	-0.00283317 -0.0057516	 (0 , 1 , 0) 	1
  14.3697	-0.0187808 -3.58111	-0.0208658 0.000273876	 (0 , 0 , 1) 	1
  14.5572	  0.76626 2.83337	-0.00697724 -0.00671596	 (1 , 0 , 0) 	1
  14.5572	  -8.7019 3.02132	-0.00283317 -0.0057516	 (0 , 1 , 0) 	1
  14.5572	-0.0187808 -3.58111	-0.0208658 0.000273876	 (0 , 0 , 1) 	1
  14.7447	  0.76626 2.83337	-0.00697724 -0.00671596	 (1 , 0 , 0) 	1
  14.7447	  -8.7019 3.02132	-0.00283317 -0.0057516	 (0 , 1 , 0) 	1
  14.7447	-0.0187808 -3.58111	-0.0208658 0.000273876	 (0 , 0 , 1) 	1
  14.9322	  0.76626 2.83337	-0.00697724 -0.00671596	 (1 , 0 , 0) 	1
  14.9322	  -8.7019 3.02132	-0.00283317 -0.0057516	 (0 , 1 , 0) 	1
  14.9322	-0.0187808 -3.58111	-0.0208658 0.000273876	 (0 , 0 , 1) 	1
  15.1197	  0.76626 2.83337	-0.00697724 -0.00671596	 (1 , 0 , 0) 	1
  15.1197	  -8.7019 3.02132	-0.00283317 -0.0057516	 (0 , 1 , 0) 	1
  15.1197	-0.0187808 -3.58111	-0.0208658 0.000273876	 (0 , 0 , 1) 	1
  15.3072	  0.76626 2.83337	-0.00697724 -0.00671596	 (1 , 0 , 0) 	1
  15.3072	  -8.7019 3.02132	-0.00283317 -0.0057516	 (0 , 1 , 0) 	1
  15.3072	-0.0187808 -3.58111	-0.0208658 0.000273876	 (0 , 0 , 1) 	1
  15.4947	  0.76626 2.83337	-0.00697724 -0.00671596	 (1 , 0 , 0) 	1
  15.4947	  -8.7019 3.02132	-0.00283317 -0.0057516	 (0 , 1 , 0) 	1
  15.4947	-0.0187808 -3.58111	-0.0208658 0.000273876	 (0 , 0 , 1) 	1
  15.6822	  0.76626 2.83337	-0.00697724 -0.00671596	 (1 , 0 , 0) 	1
  15.6822	  -8.7019 3.02132	-0.00283317 -0.0057516	 (0 , 1 , 0) 	1
  15.6822	-0.0187808 -3.58111	-0.0208658 0.000273876	 (0 , 0 , 1) 	1
  15.8697	  0.76626 2.83337	-0.00697724 -0.00671596	 (1 , 0 , 0) 	1
  15.8697	  -8.7019 3.02132	-0.00283317 -0.0057516	 (0 , 1 , 0) 	1
  15.8697	-0.0187808 -3.58111	-0.0208658 0.000273876	 (0 , 0 , 1) 	1
  16.0572	  0.76626 2.83337	-0.00697724 -0.00671596	 (1 , 0 , 0) 	1
  16.0572	  -8.7019 3.02132	-0.00283317 -0.0057516	 (0 , 1 , 0) 	1
  16.0572	-0.0187808 -3.58111	-0.0208658 0.000273876	 (0 , 0 , 1) 	1
  16.2447	  0.76626 2.83337	-0.00697724 -0.00671596	 (1 , 0 , 0) 	1
  16.2447	  -8.7019 3.02132	-0.00283317 -0.0057516	 (0 , 1 , 0) 	1
  16.2447	-0.0187808 -3.58111	-0.0208658 0.000273876	 (0 , 0 , 1) 	1
  16.4322	  0.76626 2.83337	-0.00697724 -0.00671596	 (1 , 0 , 0) 	1
  16.4322	  -8.7019 3.02132	-0.00283317 -0.0057516	 (0 , 1 , 0) 	1
  16.4322	-0.0187808 -3.58111	-0.0208658 0.000273876	 (0 , 0 , 1) 	1
  16.6197	  0.76626 2.83337	-0.00697724 -0.00671596	 (1 , 0 , 0) 	1
  16.6197	  -8.7019 3.02132	-0.00283317 -0.0057516	 (0 , 1 , 0) 	1
  16.6197	-0.0187808 -3.58111	-0.0208658 0.000273876	 (0 , 0 , 1) 	1
  16.8072	  0.76626 2.83337	-0.00697724 -0.00671596	 (1 , 0 , 0) 	1
  16.8072	  -8.7019 3.02132	-0.00283317 -0.0057516	 (0 , 1 , 0) 	1
  16.8072	-0.0187808 -3.58111	-0.0208658 0.000273876	 (0 , 0 , 1) 	1
  16.9947	  14.2373 52.6683	-0.00708955 0.0134001	 (1 , 0 , 0) 	1
  16.9947	 -161.635 56.1808	-0.0021626 0.0154754	 (0 , 1 , 0) 	1
  16.9947	-0.324743 -66.5118	0.0182381 0.00315621	 (0 , 0 , 1) 	1
  17.1822	  14.2373 52.6683	-0.00708955 0.0134001	 (1 , 0 , 0) 	1
  17.1822	 -161.635 56.1808	-0.0021626 0.0154754	 (0 , 1 , 0) 	1
  17.1822	-0.324743 -66.5118	0.0182381 0.00315621	 (0 , 0 , 1) 	1
  17.3697	  14.2373 52.6683	-0.00708955 0.0134001	 (1 , 0 , 0) 	1
  17.3697	 -161.635 56.1808	-0.0021626 0.0154754	 (0 , 1 , 0) 	1
  17.3697	-0.324743 -66.5118	0.0182381 0.00315621	 (0 , 0 , 1) 	1
  17.5572	  14.2373 52.6683	-0.00708955 0.0134001	 (1 , 0 , 0) 	1
  17.5572	 -161.635 56.1808	-0.0021626 0.0154754	 (0 , 1 , 0) 	1
  17.5572	-0.324743 -66.5118	0.0182381 0.00315621	 (0 , 0 , 1) 	1
  17.7447	  14.2373 52.6683	-0.00708955 0.0134001	 (1 , 0 , 0) 	1
  17.7447	 -161.635 56.1808	-0.0021626 0.0154754	 (0 , 1 , 0) 	1
  17.7447	-0.324743 -66.5118	0.0182381 0.00315621	 (0 , 0 , 1) 	1
  17.9322	  14.2373 52.6683	-0.00708955 0.0134001	 (1 , 0 , 0) 	1
  17.9322	 -161.635 56.1808	-0.0021626 0.0154754	 (0 , 1 , 0) 	1
  17.9322	-0.324743 -66.5118	0.0182381 0.00315621	 (0 , 0 , 1) 	1
  18.1197	  14.2373 52.6683	-0.00708955 0.0134001	 (1 , 0 , 0) 	1
  18.1197	 -161.635 56.1808	-0.0021626 0.0154754	 (0 , 1 , 0) 	1
  18.1197	-0.324743 -66.5118	0.0182381 0.00315621	 (0 , 0 , 1) 	1
  18.3072	  14.2373 52.6683	-0.00708955 0.0134001	 (1 , 0 , 0) 	1
  18.3072	 -161.635 56.1808	-0.0021626 0.0154754	 (0 , 1 , 0) 	1
  18.3072	-0.324743 -66.5118	0.0182381 0.00315621	 (0 , 0 , 1) 	1
  18.4947	  14.2373 52.6683	-0.00708955 0.0134001	 (1 , 0 , 0) 	1
  18.4947	 -161.635 56.1808	-0.0021626 0.0154754	 (0 , 1 , 0) 	1
  18.4947	-0.324743 -66.5118	0.0182381 0.00315621	 (0 , 0 , 1) 	1
  18.6822	  14.2373 52.6683	-0.00708955 0.0134001	 (1 , 0 , 0) 	1
  18.6822	 -161.635 56.1808	-0.0021626 0.0154754	 (0 , 1 , 0) 	1
  18.6822	-0.324743 -66.5118	0.0182381 0.00315621	 (0 , 0 , 1) 	1
  18.8697	  14.2373 52.6683	-0.00708955 0.0134001	 (1 , 0 , 0) 	1
  18.8697	 -161.635 56.1808	-0.0021626 0.0154754	 (0 , 1 , 0) 	1
  18.8697	-0.324743 -66.5118	0.0182381 0.00315621	 (0 , 0 , 1) 	1
  19.0572	  14.2373 52.6683	-0.00708955 0.0134001	 (1 , 0 , 0) 	1
  19.0572	 -161.635 56.1808	-0.0021626 0.0154754	 (0 , 1 , 0) 	1
  19.0572	-0.324743 -66.5118	0.0182381 0.00315621	 (0 , 0 , 1) 	1
  19.2447	  14.2373 52.6683	-0.00708955 0.0134001	 (1 , 0 , 0) 	1
  19.2447	 -161.635 56.1808	-0.0021626 0.0154754	 (0 , 1 , 0) 	1
  19.2447	-0.324743 -66.5118	0.0182381 0.00315621	 (0 , 0 , 1) 	1
  19.4322	  14.2373 52.6683	-0.00708955 0.0134001	 (1 , 0 , 0) 	1
  19.4322	 -161.635 56.1808	-0.0021626 0.0154754	 (0 , 1 , 0) 	1
  19.4322	-0.324743 -66.5118	0.0182381 0.00315621	 (0 , 0 , 1) 	1
  19.6197	  14.2373 52.6683	-0.00708955 0.0134001	 (1 , 0 , 0) 	1
  19.6197	 -161.635 56.1808	-0.0021626 0.0154754	 (0 , 1 , 0) 	1
  19.6197	-0.324743 -66.5118	0.0182381 0.00315621	 (0 , 0 , 1) 	1
  19.8072	  14.2373 52.6683	-0.00708955 0.0134001	 (1 , 0 , 0) 	1
  19.8072	 -161.635 56.1808	-0.0021626 0.0154754	 (0 , 1 , 0) 	1
  19.8072	-0.324743 -66.5118	0.0182381 0.00315621	 (0 , 0 , 1) 	1
  19.9947	  14.2373 52.6683	-0.00708955 0.0134001	 (1 , 0 , 0) 	1
  19.9947	 -161.635 56.1808	-0.0021626 0.0154754	 (0 , 1 , 0) 	1
  19.9947	-0.324743 -66.5118	0.0182381 0.00315621	 (0 , 0 , 1) 	1
  20.1822	  14.2373 52.6683	-0.00708955 0.0134001	 (1 , 0 , 0) 	1
  20.1822	 -161.635 56.1808	-0.0021626 0.0154754	 (0 , 1 , 0) 	1
  20.1822	-0.324743 -66.5118	0.0182381 0.00315621	 (0 , 0 , 1) 	1
  20.3697	  14.2373 52.6683	-0.00708955 0.0134001	 (1 , 0 , 0) 	1
  20.3697	 -161.635 56.1808	-0.0021626 0.0154754	 (0 , 1 , 0) 	1
  20.3697	-0.324743 -66.5118	0.0182381 0.00315621	 (0 , 0 , 1) 	1
  20.5572	  14.2373 52.6683	-0.00708955 0.0134001	 (1 , 0 , 0) 	1
  20.5572	 -161.635 56.1808	-0.0021626 0.0154754	 (0 , 1 , 0) 	1
  20.5572	-0.324743 -66.5118	0.0182381 0.00315621	 (0 , 0 , 1) 	1
  20.7447	  14.2373 52.6683	-0.00708955 0.0134001	 (1 , 0 , 0) 	1
  20.7447	 -161.635 56.1808	-0.0021626 0.0154754	 (0 , 1 , 0) 	1
  20.7447	-0.324743 -66.5118	0.0182381 0.00315621	 (0 , 0 , 1) 	1
  20.9322	  14.2373 52.6683	-0.00708955 0.0134001	 (1 , 0 , 0) 	1
  20.9322	 -161.635 56.1808	-0.0021626 0.0154754	 (0 , 1 , 0) 	1
  20.9322	-0.324743 -66.5118	0.0182381 0.00315621	 (0 , 0 , 1) 	1
  21.1197	  14.2373 52.6683	-0.00708955 0.0134001	 (1 , 0 , 0) 	1
  21.1197	 -161.635 56.1808	-0.0021626 0.0154754	 (0 , 1 , 0) 	1
  21.1197	-0.324743 -66.5118	0.0182381 0.00315621	 (0 , 0 , 1) 	1
  21.3072	  14.2373 52.6683	-0.00708955 0.0134001	 (1 , 0 , 0) 	1
  21.3072	 -161.635 56.1808	-0.0021626 0.0154754	 (0 , 1 , 0) 	1
  21.3072	-0.324743 -66.5118	0.0182381 0.00315621	 (0 , 0 , 1) 	1
  21.4947	  14.2373 52.6683	-0.00708955 0.0134001	 (1 , 0 , 0) 	1
  21.4947	 -161.635 56.1808	-0.0021626 0.0154754	 (0 , 1 , 0) 	1
  21.4947	-0.324743 -66.5118	0.0182381 0.00315621	 (0 , 0 , 1) 	1
  21.6822	  14.2373 52.6683	-0.00708955 0.0134001	 (1 , 0 , 0) 	1
  21.6822	 -161.635 56.1808	-0.0021626 0.0154754	 (0 , 1 , 0) 	1
  21.6822	-0.324743 -66.5118	0.0182381 0.00315621	 (0 , 0 , 1) 	1
  21.8697	  14.2373 52.6683	-0.00708955 0.0134001	 (1 , 0 , 0) 	1
  21.8697	 -161.635 56.1808	-0.0021626 0.0154754	 (0 , 1 , 0) 	1
  21.8697	-0.324743 -66.5118	0.0182381 0.00315621	 (0 , 0 , 1) 	1
  22.0572	  14.2373 52.6683	-0.00708955 0.0134001	 (1 , 0 , 0) 	1
  22.0572	 -161.635 56.1808	-0.0021626 0.0154754	 (0 , 1 , 0) 	1
  22.0572	-0.324743 -66.5118	0.0182381 0.00315621	 (0 , 0 , 1) 	1
  22.2447	  14.2373 52.6683	-0.00708955 0.0134001	 (1 , 0 , 0) 	1
  22.2447	 -161.635 56.1808	-0.0021626 0.0154754	 (0 , 1 , 0) 	1
  22.2447	-0.324743 -66.5118	0.0182381 0.00315621	 (0 , 0 , 1) 	1
  22.4322	  14.2373 52.6683	-0.00708955 0.0134001	 (1 , 0 , 0) 	1
  22.4322	 -161.635 56.1808	-0.0021626 0.0154754	 (0 , 1 , 0) 	1
  22.4322	-0.324743 -66.5118	0.0182381 0.00315621	 (0 , 0 , 1) 	1
  22.6197	  14.2373 52.6683	-0.00708955 0.0134001	 (1 , 0 , 0) 	1
  22.6197	 -161.635 56.1808	-0.0021626 0.0154754	 (0 , 1 , 0) 	1
  22.6197	-0.324743 -66.5118	0.0182381 0.00315621	 (0 , 0 , 1) 	1
  22.8072	  14.2373 52.6683	-0.00708955 0.0134001	 (1 , 0 , 0) 	1
  22.8072	 -161.635 56.1808	-0.0021626 0.0154754	 (0 , 1 , 0) 	1
  22.8072	-0.324743 -66.5118	0.0182381 0.00315621	 (0 , 0 , 1) 	1
  22.9947	  14.2373 52.6683	-0.00708955 0.0134001	 (1 , 0 , 0) 	1
  22.9947	 -161.635 56.1808	-0.0021626 0.0154754	 (0 , 1 , 0) 	1
  22.9947	-0.324743 -66.5118	0.0182381 0.00315621	 (0 , 0 , 1) 	1
  23.1822	  14.2373 52.6683	-0.00708955 0.0134001	 (1 , 0 , 0) 	1
  23.1822	 -161.635 56.1808	-0.0021626 0.0154754	 (0 , 1 , 0) 	1
  23.1822	-0.324743 -66.5118	0.0182381 0.00315621	 (0 , 0 , 1) 	1
  23.3697	  14.2373 52.6683	-0.00708955 0.0134001	 (1 , 0 , 0) 	1
  23.3697	 -161.635 56.1808	-0.0021626 0.0154754	 (0 , 1 , 0) 	1
  23.3697	-0.324743 -66.5118	0.0182381 0.00315621	 (0 , 0 , 1) 	1
  23.5572	  14.2373 52.6683	-0.00708955 0.0134001	 (1 , 0 , 0) 	1
  23.5572	 -161.635 56.1808	-0.0021626 0.0154754	 (0 , 1 , 0) 	1
  23.5572	-0.324743 -66.5118	0.0182381 0.00315621	 (0 , 0 , 1) 	1
  23.7447	  14.2373 52.6683	-0.00708955 0.0134001	 (1 , 0 , 0) 	1
  23.7447	 -161.635 56.1808	-0.0021626 0.0154754	 (0 , 1 , 0) 	1
  23.7447	-0.324743 -66.5118	0.0182381 0.00315621	 (0 , 0 , 1) 	1
  23.9322	  14.2373 52.6683	-0.00708955 0.0134001	 (1 , 0 , 0) 	1
  23.9322	 -161.635 56.1808	-0.0021626 0.0154754	 (0 , 1 , 0) 	1
  23.9322	-0.324743 -66.5118	0.0182381 0.00315621	 (0 , 0 , 1) 	1
  24.1197	  14.2373 52.6683	-0.00708955 0.0134001	 (1 , 0 , 0) 	1
  24.1197	 -161.635 56.1808	-0.0021626 0.0154754	 (0 , 1 , 0) 	1
  24.1197	-0.324743 -66.5118	0.0182381 0.00315621	 (0 , 0 , 1) 	1
  24.3072	  14.2373 52.6683	-0.00708955 0.0134001	 (1 , 0 , 0) 	1
  24.3072	 -161.635 56.1808	-0.0021626 0.0154754	 (0 , 1 , 0) 	1
  24.3072	-0.324743 -66.5118	0.0182381 0.00315621	 (0 , 0 , 1) 	1
  24.4947	  14.2373 52.6683	-0.00708955 0.0134001	 (1 , 0 , 0) 	1
  24.4947	 -161.635 56.1808	-0.0021626 0.0154754	 (0 , 1 , 0) 	1
  24.4947	-0.324743 -66.5118	0.0182381 0.00315621	 (0 , 0 , 1) 	1
  24.6822	  14.2373 52.6683	-0.00708955 0.0134001	 (1 , 0 , 0) 	1
  24.6822	 -161.635 56.1808	-0.0021626 0.0154754	 (0 , 1 , 0) 	1
  24.6822	-0.324743 -66.5118	0.0182381 0.00315621	 (0 , 0 , 1) 	1
  24.8697	  14.2373 52.6683	-0.00708955 0.0134001	 (1 , 0 , 0) 	1
  24.8697	 -161.635 56.1808	-0.0021626 0.0154754	 (0 , 1 , 0) 	1
  24.8697	-0.324743 -66.5118	0.0182381 0.00315621	 (0 , 0 , 1) 	1
  25.0572	  14.2373 52.6683	-0.00708955 0.0134001	 (1 , 0 , 0) 	1
  25.0572	 -161.635 56.1808	-0.0021626 0.0154754	 (0 , 1 , 0) 	1
  25.0572	-0.324743 -66.5118	0.0182381 0.00315621	 (0 , 0 , 1) 	1
  25.2447	  14.2373 52.6683	-0.00708955 0.0134001	 (1 , 0 , 0) 	1
  25.2447	 -161.635 56.1808	-0.0021626 0.0154754	 (0 , 1 , 0) 	1
  25.2447	-0.324743 -66.5118	0.0182381 0.00315621	 (0 , 0 , 1) 	1
  25.4322	  14.2373 52.6683	-0.00708955 0.0134001	 (1 , 0 , 0) 	1
  25.4322	 -161.635 56.1808	-0.0021626 0.0154754	 (0 , 1 , 0) 	1
  25.4322	-0.324743 -66.5118	0.0182381 0.00315621	 (0 , 0 , 1) 	1
  25.6197	  14.2373 52.6683	-0.00708955 0.0134001	 (1 , 0 , 0) 	1
  25.6197	 -161.635 56.1808	-0.0021626 0.0154754	 (0 , 1 , 0) 	1
  25.6197	-0.324743 -66.5118	0.0182381 0.00315621	 (0 , 0 , 1) 	1
  25.8072	  14.2373 52.6683	-0.00708955 0.0134001	 (1 , 0 , 0) 	1
  25.8072	 -161.635 56.1808	-0.0021626 0.0154754	 (0 , 1 , 0) 	1
  25.8072	-0.324743 -66.5118	0.0182381 0.00315621	 (0 , 0 , 1) 	1
  25.9947	  14.2373 52.6683	-0.00708955 0.0134001	 (1 , 0 , 0) 	1
  25.9947	 -161.635 56.1808	-0.0021626 0.0154754	 (0 , 1 , 0) 	1
  25.9947	-0.324743 -66.5118	0.0182381 0.00315621	 (0 , 0 , 1) 	1
  26.1822	  14.2373 52.6683	-0.00708955 0.0134001	 (1 , 0 , 0) 	1
  26.1822	 -161.635 56.1808	-0.0021626 0.0154754	 (0 , 1 , 0) 	1
  26.1822	-0.324743 -66.5118	0.0182381 0.00315621	 (0 , 0 , 1) 	1
  26.3697	  14.2373 52.6683	-0.00708955 0.0134001	 (1 , 0 , 0) 	1
  26.3697	 -161.635 56.1808	-0.0021626 0.0154754	 (0 , 1 , 0) 	1
  26.3697	-0.324743 -66.5118	0.0182381 0.00315621	 (0 , 0 , 1) 	1
  26.5572	  14.2373 52.6683	-0.00708955 0.0134001	 (1 , 0 , 0) 	1
  26.5572	 -161.635 56.1808	-0.0021626 0.0154754	 (0 , 1 , 0) 	1
  26.5572	-0.324743 -66.5118	0.0182381 0.00315621	 (0 , 0 , 1) 	1
  26.7447	  14.2373 52.6683	-0.00708955 0.0134001	 (1 , 0 , 0) 	1
  26.7447	 -161.635 56.1808	-0.0021626 0.0154754	 (0 , 1 , 0) 	1
  26.7447	-0.324743 -66.5118	0.0182381 0.00315621	 (0 , 0 , 1) 	1
  26.9322	  14.2373 52.6683	-0.00708955 0.0134001	 (1 , 0 , 0) 	1
  26.9322	 -161.635 56.1808	-0.0021626 0.0154754	 (0 , 1 , 0) 	1
  26.9322	-0.324743 -66.5118	0.0182381 0.00315621	 (0 , 0 , 1) 	1
  27.1197	  14.2373 52.6683	-0.00708955 0.0134001	 (1 , 0 , 0) 	1
  27.1197	 -161.635 56.1808	-0.0021626 0.0154754	 (0 , 1 , 0) 	1
  27.1197	-0.324743 -66.5118	0.0182381 0.00315621	 (0 , 0 , 1) 	1
  27.3072	  14.2373 52.6683	-0.00708955 0.0134001	 (1 , 0 , 0) 	1
  27.3072	 -161.635 56.1808	-0.0021626 0.0154754	 (0 , 1 , 0) 	1
  27.3072	-0.324743 -66.5118	0.0182381 0.00315621	 (0 , 0 , 1) 	1
  27.4947	  14.2373 52.6683	-0.00708955 0.0134001	 (1 , 0 , 0) 	1
  27.4947	 -161.635 56.1808	-0.0021626 0.0154754	 (0 , 1 , 0) 	1
  27.4947	-0.324743 -66.5118	0.0182381 0.00315621	 (0 , 0 , 1) 	1
  27.6822	  14.2373 52.6683	-0.00708955 0.0134001	 (1 , 0 , 0) 	1
  27.6822	 -161.635 56.1808	-0.0021626 0.0154754	 (0 , 1 , 0) 	1
  27.6822	-0.324743 -66.5118	0.0182381 0.00315621	 (0 , 0 , 1) 	1
  27.8697	  14.2373 52.6683	-0.00708955 0.0134001	 (1 , 0 , 0) 	1
  27.8697	 -161.635 56.1808	-0.0021626 0.0154754	 (0 , 1 , 0) 	1
  27.8697	-0.324743 -66.5118	0.0182381 0.00315621	 (0 , 0 , 1) 	1
  28.0572	  14.2373 52.6683	-0.00708955 0.0134001	 (1 , 0 , 0) 	1
  28.0572	 -161.635 56.1808	-0.0021626 0.0154754	 (0 , 1 , 0) 	1
  28.0572	-0.324743 -66.5118	0.0182381 0.00315621	 (0 , 0 , 1) 	1
  28.2447	  14.2373 52.6683	-0.00708955 0.0134001	 (1 , 0 , 0) 	1
  28.2447	 -161.635 56.1808	-0.0021626 0.0154754	 (0 , 1 , 0) 	1
  28.2447	-0.324743 -66.5118	0.0182381 0.00315621	 (0 , 0 , 1) 	1
  28.4322	  14.2373 52.6683	-0.00708955 0.0134001	 (1 , 0 , 0) 	1
  28.4322	 -161.635 56.1808	-0.0021626 0.0154754	 (0 , 1 , 0) 	1
  28.4322	-0.324743 -66.5118	0.0182381 0.00315621	 (0 , 0 , 1) 	1
  28.6197	  14.2373 52.6683	-0.00708955 0.0134001	 (1 , 0 , 0) 	1
  28.6197	 -161.635 56.1808	-0.0021626 0.0154754	 (0 , 1 , 0) 	1
  28.6197	-0.324743 -66.5118	0.0182381 0.00315621	 (0 , 0 , 1) 	1
  28.8072	  14.2373 52.6683	-0.00708955 0.0134001	 (1 , 0 , 0) 	1
  28.8072	 -161.635 56.1808	-0.0021626 0.0154754	 (0 , 1 , 0) 	1
  28.8072	-0.324743 -66.5118	0.0182381 0.00315621	 (0 , 0 , 1) 	1
  28.9947	  14.2373 52.6683	-0.00708955 0.0134001	 (1 , 0 , 0) 	1
  28.9947	 -161.635 56.1808	-0.0021626 0.0154754	 (0 , 1 , 0) 	1
  28.9947	-0.324743 -66.5118	0.0182381 0.00315621	 (0 , 0 , 1) 	1
  29.1822	  14.2373 52.6683	-0.00708955 0.0134001	 (1 , 0 , 0) 	1
  29.1822	 -161.635 56.1808	-0.0021626 0.0154754	 (0 , 1 , 0) 	1
  29.1822	-0.324743 -66.5118	0.0182381 0.00315621	 (0 , 0 , 1) 	1
  29.3697	  14.2373 52.6683	-0.00708955 0.0134001	 (1 , 0 , 0) 	1
  29.3697	 -161.635 56.1808	-0.0021626 0.0154754	 (0 , 1 , 0) 	1
  29.3697	-0.324743 -66.5118	0.0182381 0.00315621	 (0 , 0 , 1) 	1
  29.5572	  14.2373 52.6683	-0.00708955 0.0134001	 (1 , 0 , 0) 	1
  29.5572	 -161.635 56.1808	-0.0021626 0.0154754	 (0 , 1 , 0) 	1
  29.5572	-0.324743 -66.5118	0.0182381 0.00315621	 (0 , 0 , 1) 	1
  29.7447	  14.2373 52.6683	-0.00708955 0.0134001	 (1 , 0 , 0) 	1
  29.7447	 -161.635 56.1808	-0.0021626 0.0154754	 (0 , 1 , 0) 	1
  29.7447	-0.324743 -66.5118	0.0182381 0.00315621	 (0 , 0 , 1) 	1
  29.9322	  14.2373 52.6683	-0.00708955 0.0134001	 (1 , 0 , 0) 	1
  29.9322	 -161.635 56.1808	-0.0021626 0.0154754	 (0 , 1 , 0) 	1
  29.9322	-0.324743 -66.5118	0.0182381 0.00315621	 (0 , 0 , 1) 	1
  30.1197	  14.2373 52.6683	-0.00708955 0.0134001	 (1 , 0 , 0) 	1
  30.1197	 -161.635 56.1808	-0.0021626 0.0154754	 (0 , 1 , 0) 	1
  30.1197	-0.324743 -66.5118	0.0182381 0.00315621	 (0 , 0 , 1) 	1
  30.3072	  14.2373 52.6683	-0.00708955 0.0134001	 (1 , 0 , 0) 	1
  30.3072	 -161.635 56.1808	-0.0021626 0.0154754	 (0 , 1 , 0) 	1
  30.3072	-0.324743 -66.5118	0.0182381 0.00315621	 (0 , 0 , 1) 	1
  30.4947	  14.2373 52.6683	-0.00708955 0.0134001	 (1 , 0 , 0) 	1
  30.4947	 -161.635 56.1808	-0.0021626 0.0154754	 (0 , 1 , 0) 	1
  30.4947	-0.324743 -66.5118	0.0182381 0.00315621	 (0 , 0 , 1) 	1
  30.6822	  14.2373 52.6683	-0.00708955 0.0134001	 (1 , 0 , 0) 	1
  30.6822	 -161.635 56.1808	-0.0021626 0.0154754	 (0 , 1 , 0) 	1
  30.6822	-0.324743 -66.5118	0.0182381 0.00315621	 (0 , 0 , 1) 	1
  30.8697	  14.2373 52.6683	-0.00708955 0.0134001	 (1 , 0 , 0) 	1
  30.8697	 -161.635 56.1808	-0.0021626 0.0154754	 (0 , 1 , 0) 	1
  30.8697	-0.324743 -66.5118	0.0182381 0.00315621	 (0 , 0 , 1) 	1
  31.0572	  14.2373 52.6683	-0.00708955 0.0134001	 (1 , 0 , 0) 	1
  31.0572	 -161.635 56.1808	-0.0021626 0.0154754	 (0 , 1 , 0) 	1
  31.0572	-0.324743 -66.5118	0.0182381 0.00315621	 (0 , 0 , 1) 	1
  31.2447	  14.2373 52.6683	-0.00708955 0.0134001	 (1 , 0 , 0) 	1
  31.2447	 -161.635 56.1808	-0.0021626 0.0154754	 (0 , 1 , 0) 	1
  31.2447	-0.324743 -66.5118	0.0182381 0.00315621	 (0 , 0 , 1) 	1
  31.4322	  14.2373 52.6683	-0.00708955 0.0134001	 (1 , 0 , 0) 	1
  31.4322	 -161.635 56.1808	-0.0021626 0.0154754	 (0 , 1 , 0) 	1
  31.4322	-0.324743 -66.5118	0.0182381 0.00315621	 (0 , 0 , 1) 	1
  31.6197	  14.2373 52.6683	-0.00708955 0.0134001	 (1 , 0 , 0) 	1
  31.6197	 -161.635 56.1808	-0.0021626 0.0154754	 (0 , 1 , 0) 	1
  31.6197	-0.324743 -66.5118	0.0182381 0.00315621	 (0 , 0 , 1) 	1
  31.8072	  14.2373 52.6683	-0.00708955 0.0134001	 (1 , 0 , 0) 	1
  31.8072	 -161.635 56.1808	-0.0021626 0.0154754	 (0 , 1 , 0) 	1
  31.8072	-0.324743 -66.5118	0.0182381 0.00315621	 (0 , 0 , 1) 	1
  31.9947	  14.2373 52.6683	-0.00708955 0.0134001	 (1 , 0 , 0) 	1
  31.9947	 -161.635 56.1808	-0.0021626 0.0154754	 (0 , 1 , 0) 	1
  31.9947	-0.324743 -66.5118	0.0182381 0.00315621	 (0 , 0 , 1) 	1
  32.1822	  14.2373 52.6683	-0.00708955 0.0134001	 (1 , 0 , 0) 	1
  32.1822	 -161.635 56.1808	-0.0021626 0.0154754	 (0 , 1 , 0) 	1
  32.1822	-0.324743 -66.5118	0.0182381 0.00315621	 (0 , 0 , 1) 	1
  32.3697	  14.2373 52.6683	-0.00708955 0.0134001	 (1 , 0 , 0) 	1
  32.3697	 -161.635 56.1808	-0.0021626 0.0154754	 (0 , 1 , 0) 	1
  32.3697	-0.324743 -66.5118	0.0182381 0.00315621	 (0 , 0 , 1) 	1
  32.5572	  14.2373 52.6683	-0.00708955 0.0134001	 (1 , 0 , 0) 	1
  32.5572	 -161.635 56.1808	-0.0021626 0.0154754	 (0 , 1 , 0) 	1
  32.5572	-0.324743 -66.5118	0.0182381 0.00315621	 (0 , 0 , 1) 	1
  32.7447	  14.2373 52.6683	-0.00708955 0.0134001	 (1 , 0 , 0) 	1
  32.7447	 -161.635 56.1808	-0.0021626 0.0154754	 (0 , 1 , 0) 	1
  32.7447	-0.324743 -66.5118	0.0182381 0.00315621	 (0 , 0 , 1) 	1
  32.9322	  14.2373 52.6683	-0.00708955 0.0134001	 (1 , 0 , 0) 	1
  32.9322	 -161.635 56.1808	-0.0021626 0.0154754	 (0 , 1 , 0) 	1
  32.9322	-0.324743 -66.5118	0.0182381 0.00315621	 (0 , 0 , 1) 	1
  33.1197	  14.2373 52.6683	-0.00708955 0.0134001	 (1 , 0 , 0) 	1
  33.1197	 -161.635 56.1808	-0.0021626 0.0154754	 (0 , 1 , 0) 	1
  33.1197	-0.324743 -66.5118	0.0182381 0.00315621	 (0 , 0 , 1) 	1
  33.3072	  14.2373 52.6683	-0.00708955 0.0134001	 (1 , 0 , 0) 	1
  33.3072	 -161.635 56.1808	-0.0021626 0.0154754	 (0 , 1 , 0) 	1
  33.3072	-0.324743 -66.5118	0.0182381 0.00315621	 (0 , 0 , 1) 	1
  33.4947	  14.2373 52.6683	-0.00708955 0.0134001	 (1 , 0 , 0) 	1
  33.4947	 -161.635 56.1808	-0.0021626 0.0154754	 (0 , 1 , 0) 	1
  33.4947	-0.324743 -66.5118	0.0182381 0.00315621	 (0 , 0 , 1) 	1
  33.6822	  14.2373 52.6683	-0.00708955 0.0134001	 (1 , 0 , 0) 	1
  33.6822	 -161.635 56.1808	-0.0021626 0.0154754	 (0 , 1 , 0) 	1
  33.6822	-0.324743 -66.5118	0.0182381 0.00315621	 (0 , 0 , 1) 	1
  33.8697	  14.2373 52.6683	-0.00708955 0.0134001	 (1 , 0 , 0) 	1
  33.8697	 -161.635 56.1808	-0.0021626 0.0154754	 (0 , 1 , 0) 	1
  33.8697	-0.324743 -66.5118	0.0182381 0.00315621	 (0 , 0 , 1) 	1
  34.0572	  14.2373 52.6683	-0.00708955 0.0134001	 (1 , 0 , 0) 	1
  34.0572	 -161.635 56.1808	-0.0021626 0.0154754	 (0 , 1 , 0) 	1
  34.0572	-0.324743 -66.5118	0.0182381 0.00315621	 (0 , 0 , 1) 	1
  34.2447	  14.2373 52.6683	-0.00708955 0.0134001	 (1 , 0 , 0) 	1
  34.2447	 -161.635 56.1808	-0.0021626 0.0154754	 (0 , 1 , 0) 	1
  34.2447	-0.324743 -66.5118	0.0182381 0.00315621	 (0 , 0 , 1) 	1
  34.4322	  14.2373 52.6683	-0.00708955 0.0134001	 (1 , 0 , 0) 	1
  34.4322	 -161.635 56.1808	-0.0021626 0.0154754	 (0 , 1 , 0) 	1
  34.4322	-0.324743 -66.5118	0.0182381 0.00315621	 (0 , 0 , 1) 	1
  34.6197	  14.2373 52.6683	-0.00708955 0.0134001	 (1 , 0 , 0) 	1
  34.6197	 -161.635 56.1808	-0.0021626 0.0154754	 (0 , 1 , 0) 	1
  34.6197	-0.324743 -66.5118	0.0182381 0.00315621	 (0 , 0 , 1) 	1
  34.8072	  14.2373 52.6683	-0.00708955 0.0134001	 (1 , 0 , 0) 	1
  34.8072	 -161.635 56.1808	-0.0021626 0.0154754	 (0 , 1 , 0) 	1
  34.8072	-0.324743 -66.5118	0.0182381 0.00315621	 (0 , 0 , 1) 	1
  34.9947	  14.2373 52.6683	-0.00708955 0.0134001	 (1 , 0 , 0) 	1
  34.9947	 -161.635 56.1808	-0.0021626 0.0154754	 (0 , 1 , 0) 	1
  34.9947	-0.324743 -66.5118	0.0182381 0.00315621	 (0 , 0 , 1) 	1
  35.1822	  14.2373 52.6683	-0.00708955 0.0134001	 (1 , 0 , 0) 	1
  35.1822	 -161.635 56.1808	-0.0021626 0.0154754	 (0 , 1 , 0) 	1
  35.1822	-0.324743 -66.5118	0.0182381 0.00315621	 (0 , 0 , 1) 	1
  35.3697	  14.2373 52.6683	-0.00708955 0.0134001	 (1 , 0 , 0) 	1
  35.3697	 -161.635 56.1808	-0.0021626 0.0154754	 (0 , 1 , 0) 	1
  35.3697	-0.324743 -66.5118	0.0182381 0.00315621	 (0 , 0 , 1) 	1
  35.5572	  14.2373 52.6683	-0.00708955 0.0134001	 (1 , 0 , 0) 	1
  35.5572	 -161.635 56.1808	-0.0021626 0.0154754	 (0 , 1 , 0) 	1
  35.5572	-0.324743 -66.5118	0.0182381 0.00315621	 (0 , 0 , 1) 	1
  35.7447	  14.2373 52.6683	-0.00708955 0.0134001	 (1 , 0 , 0) 	1
  35.7447	 -161.635 56.1808	-0.0021626 0.0154754	 (0 , 1 , 0) 	1
  35.7447	-0.324743 -66.5118	0.0182381 0.00315621	 (0 , 0 , 1) 	1
  35.9322	  14.2373 52.6683	-0.00708955 0.0134001	 (1 , 0 , 0) 	1
  35.9322	 -161.635 56.1808	-0.0021626 0.0154754	 (0 , 1 , 0) 	1
  35.9322	-0.324743 -66.5118	0.0182381 0.00315621	 (0 , 0 , 1) 	1
  36.1197	  14.2373 52.6683	-0.00708955 0.0134001	 (1 , 0 , 0) 	1
  36.1197	 -161.635 56.1808	-0.0021626 0.0154754	 (0 , 1 , 0) 	1
  36.1197	-0.324743 -66.5118	0.0182381 0.00315621	 (0 , 0 , 1) 	1
  36.3072	  14.2373 52.6683	-0.00708955 0.0134001	 (1 , 0 , 0) 	1
  36.3072	 -161.635 56.1808	-0.0021626 0.0154754	 (0 , 1 , 0) 	1
  36.3072	-0.324743 -66.5118	0.0182381 0.00315621	 (0 , 0 , 1) 	1
  36.4947	  42.3487 159.319	-0.0903065 0.174694	 (1 , 0 , 0) 	1
  36.4947	 -484.591 170.607	0.0402067 0.203507	 (0 , 1 , 0) 	1
  36.4947	-0.189388 -198.88	 0.289578 0.0684734	 (0 , 0 , 1) 	1
  36.6822	  42.3487 159.319	-0.0903065 0.174694	 (1 , 0 , 0) 	1
  36.6822	 -484.591 170.607	0.0402067 0.203507	 (0 , 1 , 0) 	1
  36.6822	-0.189388 -198.88	 0.289578 0.0684734	 (0 , 0 , 1) 	1
  36.8697	  42.3487 159.319	-0.0903065 0.174694	 (1 , 0 , 0) 	1
  36.8697	 -484.591 170.607	0.0402067 0.203507	 (0 , 1 , 0) 	1
  36.8697	-0.189388 -198.88	 0.289578 0.0684734	 (0 , 0 , 1) 	1
  37.0572	  42.3487 159.319	-0.0903065 0.174694	 (1 , 0 , 0) 	1
  37.0572	 -484.591 170.607	0.0402067 0.203507	 (0 , 1 , 0) 	1
  37.0572	-0.189388 -198.88	 0.289578 0.0684734	 (0 , 0 , 1) 	1
  37.2447	  42.3487 159.319	-0.0903065 0.174694	 (1 , 0 , 0) 	1
  37.2447	 -484.591 170.607	0.0402067 0.203507	 (0 , 1 , 0) 	1
  37.2447	-0.189388 -198.88	 0.289578 0.0684734	 (0 , 0 , 1) 	1
  37.4322	  42.3487 159.319	-0.0903065 0.174694	 (1 , 0 , 0) 	1
  37.4322	 -484.591 170.607	0.0402067 0.203507	 (0 , 1 , 0) 	1
  37.4322	-0.189388 -198.88	 0.289578 0.0684734	 (0 , 0 , 1) 	1
  37.6197	  42.3487 159.319	-0.0903065 0.174694	 (1 , 0 , 0) 	1
  37.6197	 -484.591 170.607	0.0402067 0.203507	 (0 , 1 , 0) 	1
  37.6197	-0.189388 -198.88	 0.289578 0.0684734	 (0 , 0 , 1) 	1
  37.8072	  42.3487 159.319	-0.0903065 0.174694	 (1 , 0 , 0) 	1
  37.8072	 -484.591 170.607	0.0402067 0.203507	 (0 , 1 , 0) 	1
  37.8072	-0.189388 -198.88	 0.289578 0.0684734	 (0 , 0 , 1) 	1
  37.9947	  42.3487 159.319	-0.0903065 0.174694	 (1 , 0 , 0) 	1
  37.9947	 -484.591 170.607	0.0402067 0.203507	 (0 , 1 , 0) 	1
  37.9947	-0.189388 -198.88	 0.289578 0.0684734	 (0 , 0 , 1) 	1
  38.1822	  42.3487 159.319	-0.0903065 0.174694	 (1 , 0 , 0) 	1
  38.1822	 -484.591 170.607	0.0402067 0.203507	 (0 , 1 , 0) 	1
  38.1822	-0.189388 -198.88	 0.289578 0.0684734	 (0 , 0 , 1) 	1
  38.3697	  42.3487 159.319	-0.0903065 0.174694	 (1 , 0 , 0) 	1
  38.3697	 -484.591 170.607	0.0402067 0.203507	 (0 , 1 , 0) 	1
  38.3697	-0.189388 -198.88	 0.289578 0.0684734	 (0 , 0 , 1) 	1
  38.5572	  42.3487 159.319	-0.0903065 0.174694	 (1 , 0 , 0) 	1
  38.5572	 -484.591 170.607	0.0402067 0.203507	 (0 , 1 , 0) 	1
  38.5572	-0.189388 -198.88	 0.289578 0.0684734	 (0 , 0 , 1) 	1
  38.7447	  42.3487 159.319	-0.0903065 0.174694	 (1 , 0 , 0) 	1
  38.7447	 -484.591 170.607	0.0402067 0.203507	 (0 , 1 , 0) 	1
  38.7447	-0.189388 -198.88	 0.289578 0.0684734	 (0 , 0 , 1) 	1
  38.9322	  42.3487 159.319	-0.0903065 0.174694	 (1 , 0 , 0) 	1
  38.9322	 -484.591 170.607	0.0402067 0.203507	 (0 , 1 , 0) 	1
  38.9322	-0.189388 -198.88	 0.289578 0.0684734	 (0 , 0 , 1) 	1
  39.1197	  42.3487 159.319	-0.0903065 0.174694	 (1 , 0 , 0) 	1
  39.1197	 -484.591 170.607	0.0402067 0.203507	 (0 , 1 , 0) 	1
  39.1197	-0.189388 -198.88	 0.289578 0.0684734	 (0 , 0 , 1) 	1
  39.3072	  42.3487 159.319	-0.0903065 0.174694	 (1 , 0 , 0) 	1
  39.3072	 -484.591 170.607	0.0402067 0.203507	 (0 , 1 , 0) 	1
  39.3072	-0.189388 -198.88	 0.289578 0.0684734	 (0 , 0 , 1) 	1
  39.4947	  42.3487 159.319	-0.0903065 0.174694	 (1 , 0 , 0) 	1
  39.4947	 -484.591 170.607	0.0402067 0.203507	 (0 , 1 , 0) 	1
  39.4947	-0.189388 -198.88	 0.289578 0.0684734	 (0 , 0 , 1) 	1
  39.6822	  42.3487 159.319	-0.0903065 0.174694	 (1 , 0 , 0) 	1
  39.6822	 -484.591 170.607	0.0402067 0.203507	 (0 , 1 , 0) 	1
  39.6822	-0.189388 -198.88	 0.289578 0.0684734	 (0 , 0 , 1) 	1
  39.8697	  42.3487 159.319	-0.0903065 0.174694	 (1 , 0 , 0) 	1
  39.8697	 -484.591 170.607	0.0402067 0.203507	 (0 , 1 , 0) 	1
  39.8697	-0.189388 -198.88	 0.289578 0.0684734	 (0 , 0 , 1) 	1
  40.0572	  42.3487 159.319	-0.0903065 0.174694	 (1 , 0 , 0) 	1
  40.0572	 -484.591 170.607	0.0402067 0.203507	 (0 , 1 , 0) 	1
  40.0572	-0.189388 -198.88	 0.289578 0.0684734	 (0 , 0 , 1) 	1
  40.2447	  42.3487 159.319	-0.0903065 0.174694	 (1 , 0 , 0) 	1
  40.2447	 -484.591 170.607	0.0402067 0.203507	 (0 , 1 , 0) 	1
  40.2447	-0.189388 -198.88	 0.289578 0.0684734	 (0 , 0 , 1) 	1
  40.4322	  42.3487 159.319	-0.0903065 0.174694	 (1 , 0 , 0) 	1
  40.4322	 -484.591 170.607	0.0402067 0.203507	 (0 , 1 , 0) 	1
  40.4322	-0.189388 -198.88	 0.289578 0.0684734	 (0 , 0 , 1) 	1
  40.6197	  42.3487 159.319	-0.0903065 0.174694	 (1 , 0 , 0) 	1
  40.6197	 -484.591 170.607	0.0402067 0.203507	 (0 , 1 , 0) 	1
  40.6197	-0.189388 -198.88	 0.289578 0.0684734	 (0 , 0 , 1) 	1
  40.8072	  42.3487 159.319	-0.0903065 0.174694	 (1 , 0 , 0) 	1
  40.8072	 -484.591 170.607	0.0402067 0.203507	 (0 , 1 , 0) 	1
  40.8072	-0.189388 -198.88	 0.289578 0.0684734	 (0 , 0 , 1) 	1
  40.9947	  42.3487 159.319	-0.0903065 0.174694	 (1 , 0 , 0) 	1
  40.9947	 -484.591 170.607	0.0402067 0.203507	 (0 , 1 , 0) 	1
  40.9947	-0.189388 -198.88	 0.289578 0.0684734	 (0 , 0 , 1) 	1
  41.1822	  42.3487 159.319	-0.0903065 0.174694	 (1 , 0 , 0) 	1
  41.1822	 -484.591 170.607	0.0402067 0.203507	 (0 , 1 , 0) 	1
  41.1822	-0.189388 -198.88	 0.289578 0.0684734	 (0 , 0 , 1) 	1
  41.3697	  42.3487 159.319	-0.0903065 0.174694	 (1 , 0 , 0) 	1
  41.3697	 -484.591 170.607	0.0402067 0.203507	 (0 , 1 , 0) 	1
  41.3697	-0.189388 -198.88	 0.289578 0.0684734	 (0 , 0 , 1) 	1
  41.5572	  42.3487 159.319	-0.0903065 0.174694	 (1 , 0 , 0) 	1
  41.5572	 -484.591 170.607	0.0402067 0.203507	 (0 , 1 , 0) 	1
  41.5572	-0.189388 -198.88	 0.289578 0.0684734	 (0 , 0 , 1) 	1
  41.7447	  42.3487 159.319	-0.0903065 0.174694	 (1 , 0 , 0) 	1
  41.7447	 -484.591 170.607	0.0402067 0.203507	 (0 , 1 , 0) 	1
  41.7447	-0.189388 -198.88	 0.289578 0.0684734	 (0 , 0 , 1) 	1
  41.9322	  42.3487 159.319	-0.0903065 0.174694	 (1 , 0 , 0) 	1
  41.9322	 -484.591 170.607	0.0402067 0.203507	 (0 , 1 , 0) 	1
  41.9322	-0.189388 -198.88	 0.289578 0.0684734	 (0 , 0 , 1) 	1
  42.1197	  42.3487 159.319	-0.0903065 0.174694	 (1 , 0 , 0) 	1
  42.1197	 -484.591 170.607	0.0402067 0.203507	 (0 , 1 , 0) 	1
  42.1197	-0.189388 -198.88	 0.289578 0.0684734	 (0 , 0 , 1) 	1
  42.3072	  42.3487 159.319	-0.0903065 0.174694	 (1 , 0 , 0) 	1
  42.3072	 -484.591 170.607	0.0402067 0.203507	 (0 , 1 , 0) 	1
  42.3072	-0.189388 -198.88	 0.289578 0.0684734	 (0 , 0 , 1) 	1
  42.4947	  42.3487 159.319	-0.0903065 0.174694	 (1 , 0 , 0) 	1
  42.4947	 -484.591 170.607	0.0402067 0.203507	 (0 , 1 , 0) 	1
  42.4947	-0.189388 -198.88	 0.289578 0.0684734	 (0 , 0 , 1) 	1
  42.6822	  42.3487 159.319	-0.0903065 0.174694	 (1 , 0 , 0) 	1
  42.6822	 -484.591 170.607	0.0402067 0.203507	 (0 , 1 , 0) 	1
  42.6822	-0.189388 -198.88	 0.289578 0.0684734	 (0 , 0 , 1) 	1
  42.8697	  42.3487 159.319	-0.0903065 0.174694	 (1 , 0 , 0) 	1
  42.8697	 -484.591 170.607	0.0402067 0.203507	 (0 , 1 , 0) 	1
  42.8697	-0.189388 -198.88	 0.289578 0.0684734	 (0 , 0 , 1) 	1
  43.0572	  42.3487 159.319	-0.0903065 0.174694	 (1 , 0 , 0) 	1
  43.0572	 -484.591 170.607	0.0402067 0.203507	 (0 , 1 , 0) 	1
  43.0572	-0.189388 -198.88	 0.289578 0.0684734	 (0 , 0 , 1) 	1
  43.2447	  42.3487 159.319	-0.0903065 0.174694	 (1 , 0 , 0) 	1
  43.2447	 -484.591 170.607	0.0402067 0.203507	 (0 , 1 , 0) 	1
  43.2447	-0.189388 -198.88	 0.289578 0.0684734	 (0 , 0 , 1) 	1
  43.4322	  42.3487 159.319	-0.0903065 0.174694	 (1 , 0 , 0) 	1
  43.4322	 -484.591 170.607	0.0402067 0.203507	 (0 , 1 , 0) 	1
  43.4322	-0.189388 -198.88	 0.289578 0.0684734	 (0 , 0 , 1) 	1
  43.6197	  42.3487 159.319	-0.0903065 0.174694	 (1 , 0 , 0) 	1
  43.6197	 -484.591 170.607	0.0402067 0.203507	 (0 , 1 , 0) 	1
  43.6197	-0.189388 -198.88	 0.289578 0.0684734	 (0 , 0 , 1) 	1
  43.8072	  42.3487 159.319	-0.0903065 0.174694	 (1 , 0 , 0) 	1
  43.8072	 -484.591 170.607	0.0402067 0.203507	 (0 , 1 , 0) 	1
  43.8072	-0.189388 -198.88	 0.289578 0.0684734	 (0 , 0 , 1) 	1
  43.9947	  42.3487 159.319	-0.0903065 0.174694	 (1 , 0 , 0) 	1
  43.9947	 -484.591 170.607	0.0402067 0.203507	 (0 , 1 , 0) 	1
  43.9947	-0.189388 -198.88	 0.289578 0.0684734	 (0 , 0 , 1) 	1
  44.1822	  42.3487 159.319	-0.0903065 0.174694	 (1 , 0 , 0) 	1
  44.1822	 -484.591 170.607	0.0402067 0.203507	 (0 , 1 , 0) 	1
  44.1822	-0.189388 -198.88	 0.289578 0.0684734	 (0 , 0 , 1) 	1
  44.3697	  42.3487 159.319	-0.0903065 0.174694	 (1 , 0 , 0) 	1
  44.3697	 -484.591 170.607	0.0402067 0.203507	 (0 , 1 , 0) 	1
  44.3697	-0.189388 -198.88	 0.289578 0.0684734	 (0 , 0 , 1) 	1
  44.5572	  42.3487 159.319	-0.0903065 0.174694	 (1 , 0 , 0) 	1
  44.5572	 -484.591 170.607	0.0402067 0.203507	 (0 , 1 , 0) 	1
  44.5572	-0.189388 -198.88	 0.289578 0.0684734	 (0 , 0 , 1) 	1
  44.7447	  42.3487 159.319	-0.0903065 0.174694	 (1 , 0 , 0) 	1
  44.7447	 -484.591 170.607	0.0402067 0.203507	 (0 , 1 , 0) 	1
  44.7447	-0.189388 -198.88	 0.289578 0.0684734	 (0 , 0 , 1) 	1
  44.9322	  42.3487 159.319	-0.0903065 0.174694	 (1 , 0 , 0) 	1
  44.9322	 -484.591 170.607	0.0402067 0.203507	 (0 , 1 , 0) 	1
  44.9322	-0.189388 -198.88	 0.289578 0.0684734	 (0 , 0 , 1) 	1
  45.1197	  42.3487 159.319	-0.0903065 0.174694	 (1 , 0 , 0) 	1
  45.1197	 -484.591 170.607	0.0402067 0.203507	 (0 , 1 , 0) 	1
  45.1197	-0.189388 -198.88	 0.289578 0.0684734	 (0 , 0 , 1) 	1
  45.3072	  42.3487 159.319	-0.0903065 0.174694	 (1 , 0 , 0) 	1
  45.3072	 -484.591 170.607	0.0402067 0.203507	 (0 , 1 , 0) 	1
  45.3072	-0.189388 -198.88	 0.289578 0.0684734	 (0 , 0 , 1) 	1
  45.4947	  42.3487 159.319	-0.0903065 0.174694	 (1 , 0 , 0) 	1
  45.4947	 -484.591 170.607	0.0402067 0.203507	 (0 , 1 , 0) 	1
  45.4947	-0.189388 -198.88	 0.289578 0.0684734	 (0 , 0 , 1) 	1
  45.6822	  53.2989 203.161	-0.154909 0.259223	 (1 , 0 , 0) 	1
  45.6822	 -614.138 218.103	 0.147734 0.30836	 (0 , 1 , 0) 	1
  45.6822	 0.505157 -251.588	 0.477318 0.144405	 (0 , 0 , 1) 	1
  45.8697	  53.2989 203.161	-0.154909 0.259223	 (1 , 0 , 0) 	1
  45.8697	 -614.138 218.103	 0.147734 0.30836	 (0 , 1 , 0) 	1
  45.8697	 0.505157 -251.588	 0.477318 0.144405	 (0 , 0 , 1) 	1
  46.0572	  53.2989 203.161	-0.154909 0.259223	 (1 , 0 , 0) 	1
  46.0572	 -614.138 218.103	 0.147734 0.30836	 (0 , 1 , 0) 	1
  46.0572	 0.505157 -251.588	 0.477318 0.144405	 (0 , 0 , 1) 	1
  46.2447	  53.2989 203.161	-0.154909 0.259223	 (1 , 0 , 0) 	1
  46.2447	 -614.138 218.103	 0.147734 0.30836	 (0 , 1 , 0) 	1
  46.2447	 0.505157 -251.588	 0.477318 0.144405	 (0 , 0 , 1) 	1
  46.4322	  53.2989 203.161	-0.154909 0.259223	 (1 , 0 , 0) 	1
  46.4322	 -614.138 218.103	 0.147734 0.30836	 (0 , 1 , 0) 	1
  46.4322	 0.505157 -251.588	 0.477318 0.144405	 (0 , 0 , 1) 	1
  46.6197	  53.2989 203.161	-0.154909 0.259223	 (1 , 0 , 0) 	1
  46.6197	 -614.138 218.103	 0.147734 0.30836	 (0 , 1 , 0) 	1
  46.6197	 0.505157 -251.588	 0.477318 0.144405	 (0 , 0 , 1) 	1
  46.8072	  53.2989 203.161	-0.154909 0.259223	 (1 , 0 , 0) 	1
  46.8072	 -614.138 218.103	 0.147734 0.30836	 (0 , 1 , 0) 	1
  46.8072	 0.505157 -251.588	 0.477318 0.144405	 (0 , 0 , 1) 	1
  46.9947	  53.2989 203.161	-0.154909 0.259223	 (1 , 0 , 0) 	1
  46.9947	 -614.138 218.103	 0.147734 0.30836	 (0 , 1 , 0) 	1
  46.9947	 0.505157 -251.588	 0.477318 0.144405	 (0 , 0 , 1) 	1
  47.1822	  53.2989 203.161	-0.154909 0.259223	 (1 , 0 , 0) 	1
  47.1822	 -614.138 218.103	 0.147734 0.30836	 (0 , 1 , 0) 	1
  47.1822	 0.505157 -251.588	 0.477318 0.144405	 (0 , 0 , 1) 	1
  47.3697	  53.2989 203.161	-0.154909 0.259223	 (1 , 0 , 0) 	1
  47.3697	 -614.138 218.103	 0.147734 0.30836	 (0 , 1 , 0) 	1
  47.3697	 0.505157 -251.588	 0.477318 0.144405	 (0 , 0 , 1) 	1
  47.5572	  53.2989 203.161	-0.154909 0.259223	 (1 , 0 , 0) 	1
  47.5572	 -614.138 218.103	 0.147734 0.30836	 (0 , 1 , 0) 	1
  47.5572	 0.505157 -251.588	 0.477318 0.144405	 (0 , 0 , 1) 	1
  47.7447	  53.2989 203.161	-0.154909 0.259223	 (1 , 0 , 0) 	1
  47.7447	 -614.138 218.103	 0.147734 0.30836	 (0 , 1 , 0) 	1
  47.7447	 0.505157 -251.588	 0.477318 0.144405	 (0 , 0 , 1) 	1
  47.9322	  53.2989 203.161	-0.154909 0.259223	 (1 , 0 , 0) 	1
  47.9322	 -614.138 218.103	 0.147734 0.30836	 (0 , 1 , 0) 	1
  47.9322	 0.505157 -251.588	 0.477318 0.144405	 (0 , 0 , 1) 	1
  48.1197	  53.2989 203.161	-0.154909 0.259223	 (1 , 0 , 0) 	1
  48.1197	 -614.138 218.103	 0.147734 0.30836	 (0 , 1 , 0) 	1
  48.1197	 0.505157 -251.588	 0.477318 0.144405	 (0 , 0 , 1) 	1
  48.3072	  53.2989 203.161	-0.154909 0.259223	 (1 , 0 , 0) 	1
  48.3072	 -614.138 218.103	 0.147734 0.30836	 (0 , 1 , 0) 	1
  48.3072	 0.505157 -251.588	 0.477318 0.144405	 (0 , 0 , 1) 	1
  48.4947	  53.2989 203.161	-0.154909 0.259223	 (1 , 0 , 0) 	1
  48.4947	 -614.138 218.103	 0.147734 0.30836	 (0 , 1 , 0) 	1
  48.4947	 0.505157 -251.588	 0.477318 0.144405	 (0 , 0 , 1) 	1
  48.6822	  53.2989 203.161	-0.154909 0.259223	 (1 , 0 , 0) 	1
  48.6822	 -614.138 218.103	 0.147734 0.30836	 (0 , 1 , 0) 	1
  48.6822	 0.505157 -251.588	 0.477318 0.144405	 (0 , 0 , 1) 	1
  48.8697	  53.2989 203.161	-0.154909 0.259223	 (1 , 0 , 0) 	1
  48.8697	 -614.138 218.103	 0.147734 0.30836	 (0 , 1 , 0) 	1
  48.8697	 0.505157 -251.588	 0.477318 0.144405	 (0 , 0 , 1) 	1
  49.0572	  53.2989 203.161	-0.154909 0.259223	 (1 , 0 , 0) 	1
  49.0572	 -614.138 218.103	 0.147734 0.30836	 (0 , 1 , 0) 	1
  49.0572	 0.505157 -251.588	 0.477318 0.144405	 (0 , 0 , 1) 	1
  49.2447	  53.2989 203.161	-0.154909 0.259223	 (1 , 0 , 0) 	1
  49.2447	 -614.138 218.103	 0.147734 0.30836	 (0 , 1 , 0) 	1
  49.2447	 0.505157 -251.588	 0.477318 0.144405	 (0 , 0 , 1) 	1
  49.4322	  53.2989 203.161	-0.154909 0.259223	 (1 , 0 , 0) 	1
  49.4322	 -614.138 218.103	 0.147734 0.30836	 (0 , 1 , 0) 	1
  49.4322	 0.505157 -251.588	 0.477318 0.144405	 (0 , 0 , 1) 	1
  49.6197	  53.2989 203.161	-0.154909 0.259223	 (1 , 0 , 0) 	1
  49.6197	 -614.138 218.103	 0.147734 0.30836	 (0 , 1 , 0) 	1
  49.6197	 0.505157 -251.588	 0.477318 0.144405	 (0 , 0 , 1) 	1
  49.8072	  53.2989 203.161	-0.154909 0.259223	 (1 , 0 , 0) 	1
  49.8072	 -614.138 218.103	 0.147734 0.30836	 (0 , 1 , 0) 	1
  49.8072	 0.505157 -251.588	 0.477318 0.144405	 (0 , 0 , 1) 	1
  49.9947	  53.2989 203.161	-0.154909 0.259223	 (1 , 0 , 0) 	1
  49.9947	 -614.138 218.103	 0.147734 0.30836	 (0 , 1 , 0) 	1
  49.9947	 0.505157 -251.588	 0.477318 0.144405	 (0 , 0 , 1) 	1
  50.1822	  53.2989 203.161	-0.154909 0.259223	 (1 , 0 , 0) 	1
  50.1822	 -614.138 218.103	 0.147734 0.30836	 (0 , 1 , 0) 	1
  50.1822	 0.505157 -251.588	 0.477318 0.144405	 (0 , 0 , 1) 	1
  50.3697	  53.2989 203.161	-0.154909 0.259223	 (1 , 0 , 0) 	1
  50.3697	 -614.138 218.103	 0.147734 0.30836	 (0 , 1 , 0) 	1
  50.3697	 0.505157 -251.588	 0.477318 0.144405	 (0 , 0 , 1) 	1
  50.5572	  53.2989 203.161	-0.154909 0.259223	 (1 , 0 , 0) 	1
  50.5572	 -614.138 218.103	 0.147734 0.30836	 (0 , 1 , 0) 	1
  50.5572	 0.505157 -251.588	 0.477318 0.144405	 (0 , 0 , 1) 	1
  50.7447	  53.2989 203.161	-0.154909 0.259223	 (1 , 0 , 0) 	1
  50.7447	 -614.138 218.103	 0.147734 0.30836	 (0 , 1 , 0) 	1
  50.7447	 0.505157 -251.588	 0.477318 0.144405	 (0 , 0 , 1) 	1
  50.9322	  53.2989 203.161	-0.154909 0.259223	 (1 , 0 , 0) 	1
  50.9322	 -614.138 218.103	 0.147734 0.30836	 (0 , 1 , 0) 	1
  50.9322	 0.505157 -251.588	 0.477318 0.144405	 (0 , 0 , 1) 	1
  51.1197	  53.2989 203.161	-0.154909 0.259223	 (1 , 0 , 0) 	1
  51.1197	 -614.138 218.103	 0.147734 0.30836	 (0 , 1 , 0) 	1
  51.1197	 0.505157 -251.588	 0.477318 0.144405	 (0 , 0 , 1) 	1
  51.3072	  53.2989 203.161	-0.154909 0.259223	 (1 , 0 , 0) 	1
  51.3072	 -614.138 218.103	 0.147734 0.30836	 (0 , 1 , 0) 	1
  51.3072	 0.505157 -251.588	 0.477318 0.144405	 (0 , 0 , 1) 	1
  51.4947	  53.2989 203.161	-0.154909 0.259223	 (1 , 0 , 0) 	1
  51.4947	 -614.138 218.103	 0.147734 0.30836	 (0 , 1 , 0) 	1
  51.4947	 0.505157 -251.588	 0.477318 0.144405	 (0 , 0 , 1) 	1
  51.6822	  53.2989 203.161	-0.154909 0.259223	 (1 , 0 , 0) 	1
  51.6822	 -614.138 218.103	 0.147734 0.30836	 (0 , 1 , 0) 	1
  51.6822	 0.505157 -251.588	 0.477318 0.144405	 (0 , 0 , 1) 	1
  51.8697	  53.2989 203.161	-0.154909 0.259223	 (1 , 0 , 0) 	1
  51.8697	 -614.138 218.103	 0.147734 0.30836	 (0 , 1 , 0) 	1
  51.8697	 0.505157 -251.588	 0.477318 0.144405	 (0 , 0 , 1) 	1
  52.0572	  53.2989 203.161	-0.154909 0.259223	 (1 , 0 , 0) 	1
  52.0572	 -614.138 218.103	 0.147734 0.30836	 (0 , 1 , 0) 	1
  52.0572	 0.505157 -251.588	 0.477318 0.144405	 (0 , 0 , 1) 	1
  52.2447	  53.2989 203.161	-0.154909 0.259223	 (1 , 0 , 0) 	1
  52.2447	 -614.138 218.103	 0.147734 0.30836	 (0 , 1 , 0) 	1
  52.2447	 0.505157 -251.588	 0.477318 0.144405	 (0 , 0 , 1) 	1
  52.4322	  53.2989 203.161	-0.154909 0.259223	 (1 , 0 , 0) 	1
  52.4322	 -614.138 218.103	 0.147734 0.30836	 (0 , 1 , 0) 	1
  52.4322	 0.505157 -251.588	 0.477318 0.144405	 (0 , 0 , 1) 	1
  52.6197	  53.2989 203.161	-0.154909 0.259223	 (1 , 0 , 0) 	1
  52.6197	 -614.138 218.103	 0.147734 0.30836	 (0 , 1 , 0) 	1
  52.6197	 0.505157 -251.588	 0.477318 0.144405	 (0 , 0 , 1) 	1
  52.8072	  53.2989 203.161	-0.154909 0.259223	 (1 , 0 , 0) 	1
  52.8072	 -614.138 218.103	 0.147734 0.30836	 (0 , 1 , 0) 	1
  52.8072	 0.505157 -251.588	 0.477318 0.144405	 (0 , 0 , 1) 	1
  52.9947	  53.2989 203.161	-0.154909 0.259223	 (1 , 0 , 0) 	1
  52.9947	 -614.138 218.103	 0.147734 0.30836	 (0 , 1 , 0) 	1
  52.9947	 0.505157 -251.588	 0.477318 0.144405	 (0 , 0 , 1) 	1
  53.1822	  53.2989 203.161	-0.154909 0.259223	 (1 , 0 , 0) 	1
  53.1822	 -614.138 218.103	 0.147734 0.30836	 (0 , 1 , 0) 	1
  53.1822	 0.505157 -251.588	 0.477318 0.144405	 (0 , 0 , 1) 	1
  53.3697	  53.2989 203.161	-0.154909 0.259223	 (1 , 0 , 0) 	1
  53.3697	 -614.138 218.103	 0.147734 0.30836	 (0 , 1 , 0) 	1
  53.3697	 0.505157 -251.588	 0.477318 0.144405	 (0 , 0 , 1) 	1
  53.5572	  53.2989 203.161	-0.154909 0.259223	 (1 , 0 , 0) 	1
  53.5572	 -614.138 218.103	 0.147734 0.30836	 (0 , 1 , 0) 	1
  53.5572	 0.505157 -251.588	 0.477318 0.144405	 (0 , 0 , 1) 	1
  53.7447	  53.2989 203.161	-0.154909 0.259223	 (1 , 0 , 0) 	1
  53.7447	 -614.138 218.103	 0.147734 0.30836	 (0 , 1 , 0) 	1
  53.7447	 0.505157 -251.588	 0.477318 0.144405	 (0 , 0 , 1) 	1
  53.9322	  53.2989 203.161	-0.154909 0.259223	 (1 , 0 , 0) 	1
  53.9322	 -614.138 218.103	 0.147734 0.30836	 (0 , 1 , 0) 	1
  53.9322	 0.505157 -251.588	 0.477318 0.144405	 (0 , 0 , 1) 	1
  54.1197	  53.2989 203.161	-0.154909 0.259223	 (1 , 0 , 0) 	1
  54.1197	 -614.138 218.103	 0.147734 0.30836	 (0 , 1 , 0) 	1
  54.1197	 0.505157 -251.588	 0.477318 0.144405	 (0 , 0 , 1) 	1
  54.3072	  53.2989 203.161	-0.154909 0.259223	 (1 , 0 , 0) 	1
  54.3072	 -614.138 218.103	 0.147734 0.30836	 (0 , 1 , 0) 	1
  54.3072	 0.505157 -251.588	 0.477318 0.144405	 (0 , 0 , 1) 	1
  54.4947	  53.2989 203.161	-0.154909 0.259223	 (1 , 0 , 0) 	1
  54.4947	 -614.138 218.103	 0.147734 0.30836	 (0 , 1 , 0) 	1
  54.4947	 0.505157 -251.588	 0.477318 0.144405	 (0 , 0 , 1) 	1
  54.6822	  53.2989 203.161	-0.154909 0.259223	 (1 , 0 , 0) 	1
  54.6822	 -614.138 218.103	 0.147734 0.30836	 (0 , 1 , 0) 	1
  54.6822	 0.505157 -251.588	 0.477318 0.144405	 (0 , 0 , 1) 	1
  54.8697	  53.2989 203.161	-0.154909 0.259223	 (1 , 0 , 0) 	1
  54.8697	 -614.138 218.103	 0.147734 0.30836	 (0 , 1 , 0) 	1
  54.8697	 0.505157 -251.588	 0.477318 0.144405	 (0 , 0 , 1) 	1
  55.0572	  53.2989 203.161	-0.154909 0.259223	 (1 , 0 , 0) 	1
  55.0572	 -614.138 218.103	 0.147734 0.30836	 (0 , 1 , 0) 	1
  55.0572	 0.505157 -251.588	 0.477318 0.144405	 (0 , 0 , 1) 	1
  55.2447	  53.2989 203.161	-0.154909 0.259223	 (1 , 0 , 0) 	1
  55.2447	 -614.138 218.103	 0.147734 0.30836	 (0 , 1 , 0) 	1
  55.2447	 0.505157 -251.588	 0.477318 0.144405	 (0 , 0 , 1) 	1
  55.4322	  53.2989 203.161	-0.154909 0.259223	 (1 , 0 , 0) 	1
  55.4322	 -614.138 218.103	 0.147734 0.30836	 (0 , 1 , 0) 	1
  55.4322	 0.505157 -251.588	 0.477318 0.144405	 (0 , 0 , 1) 	1
  55.6197	  53.2989 203.161	-0.154909 0.259223	 (1 , 0 , 0) 	1
  55.6197	 -614.138 218.103	 0.147734 0.30836	 (0 , 1 , 0) 	1
  55.6197	 0.505157 -251.588	 0.477318 0.144405	 (0 , 0 , 1) 	1
  55.8072	  53.2989 203.161	-0.154909 0.259223	 (1 , 0 , 0) 	1
  55.8072	 -614.138 218.103	 0.147734 0.30836	 (0 , 1 , 0) 	1
  55.8072	 0.505157 -251.588	 0.477318 0.144405	 (0 , 0 , 1) 	1
  55.9947	  53.2989 203.161	-0.154909 0.259223	 (1 , 0 , 0) 	1
  55.9947	 -614.138 218.103	 0.147734 0.30836	 (0 , 1 , 0) 	1
  55.9947	 0.505157 -251.588	 0.477318 0.144405	 (0 , 0 , 1) 	1
  56.1822	  53.2989 203.161	-0.154909 0.259223	 (1 , 0 , 0) 	1
  56.1822	 -614.138 218.103	 0.147734 0.30836	 (0 , 1 , 0) 	1
  56.1822	 0.505157 -251.588	 0.477318 0.144405	 (0 , 0 , 1) 	1
  56.3697	  53.2989 203.161	-0.154909 0.259223	 (1 , 0 , 0) 	1
  56.3697	 -614.138 218.103	 0.147734 0.30836	 (0 , 1 , 0) 	1
  56.3697	 0.505157 -251.588	 0.477318 0.144405	 (0 , 0 , 1) 	1
  56.5572	  53.2989 203.161	-0.154909 0.259223	 (1 , 0 , 0) 	1
  56.5572	 -614.138 218.103	 0.147734 0.30836	 (0 , 1 , 0) 	1
  56.5572	 0.505157 -251.588	 0.477318 0.144405	 (0 , 0 , 1) 	1
  56.7447	  53.2989 203.161	-0.154909 0.259223	 (1 , 0 , 0) 	1
  56.7447	 -614.138 218.103	 0.147734 0.30836	 (0 , 1 , 0) 	1
  56.7447	 0.505157 -251.588	 0.477318 0.144405	 (0 , 0 , 1) 	1
  56.9322	  53.2989 203.161	-0.154909 0.259223	 (1 , 0 , 0) 	1
  56.9322	 -614.138 218.103	 0.147734 0.30836	 (0 , 1 , 0) 	1
  56.9322	 0.505157 -251.588	 0.477318 0.144405	 (0 , 0 , 1) 	1
  57.1197	  53.2989 203.161	-0.154909 0.259223	 (1 , 0 , 0) 	1
  57.1197	 -614.138 218.103	 0.147734 0.30836	 (0 , 1 , 0) 	1
  57.1197	 0.505157 -251.588	 0.477318 0.144405	 (0 , 0 , 1) 	1
  57.3072	  53.2989 203.161	-0.154909 0.259223	 (1 , 0 , 0) 	1
  57.3072	 -614.138 218.103	 0.147734 0.30836	 (0 , 1 , 0) 	1
  57.3072	 0.505157 -251.588	 0.477318 0.144405	 (0 , 0 , 1) 	1
  57.4947	  53.2989 203.161	-0.154909 0.259223	 (1 , 0 , 0) 	1
  57.4947	 -614.138 218.103	 0.147734 0.30836	 (0 , 1 , 0) 	1
  57.4947	 0.505157 -251.588	 0.477318 0.144405	 (0 , 0 , 1) 	1
  57.6822	  53.2989 203.161	-0.154909 0.259223	 (1 , 0 , 0) 	1
  57.6822	 -614.138 218.103	 0.147734 0.30836	 (0 , 1 , 0) 	1
  57.6822	 0.505157 -251.588	 0.477318 0.144405	 (0 , 0 , 1) 	1
  57.8697	  53.2989 203.161	-0.154909 0.259223	 (1 , 0 , 0) 	1
  57.8697	 -614.138 218.103	 0.147734 0.30836	 (0 , 1 , 0) 	1
  57.8697	 0.505157 -251.588	 0.477318 0.144405	 (0 , 0 , 1) 	1
  58.0572	  53.2989 203.161	-0.154909 0.259223	 (1 , 0 , 0) 	1
  58.0572	 -614.138 218.103	 0.147734 0.30836	 (0 , 1 , 0) 	1
  58.0572	 0.505157 -251.588	 0.477318 0.144405	 (0 , 0 , 1) 	1
  58.2447	  53.2989 203.161	-0.154909 0.259223	 (1 , 0 , 0) 	1
  58.2447	 -614.138 218.103	 0.147734 0.30836	 (0 , 1 , 0) 	1
  58.2447	 0.505157 -251.588	 0.477318 0.144405	 (0 , 0 , 1) 	1
  58.4322	  53.2989 203.161	-0.154909 0.259223	 (1 , 0 , 0) 	1
  58.4322	 -614.138 218.103	 0.147734 0.30836	 (0 , 1 , 0) 	1
  58.4322	 0.505157 -251.588	 0.477318 0.144405	 (0 , 0 , 1) 	1
  58.6197	  53.2989 203.161	-0.154909 0.259223	 (1 , 0 , 0) 	1
  58.6197	 -614.138 218.103	 0.147734 0.30836	 (0 , 1 , 0) 	1
  58.6197	 0.505157 -251.588	 0.477318 0.144405	 (0 , 0 , 1) 	1
  58.8072	  53.2989 203.161	-0.154909 0.259223	 (1 , 0 , 0) 	1
  58.8072	 -614.138 218.103	 0.147734 0.30836	 (0 , 1 , 0) 	1
  58.8072	 0.505157 -251.588	 0.477318 0.144405	 (0 , 0 , 1) 	1
  58.9947	  53.2989 203.161	-0.154909 0.259223	 (1 , 0 , 0) 	1
  58.9947	 -614.138 218.103	 0.147734 0.30836	 (0 , 1 , 0) 	1
  58.9947	 0.505157 -251.588	 0.477318 0.144405	 (0 , 0 , 1) 	1
  59.1822	  53.2989 203.161	-0.154909 0.259223	 (1 , 0 , 0) 	1
  59.1822	 -614.138 218.103	 0.147734 0.30836	 (0 , 1 , 0) 	1
  59.1822	 0.505157 -251.588	 0.477318 0.144405	 (0 , 0 , 1) 	1
  59.3697	  53.2989 203.161	-0.154909 0.259223	 (1 , 0 , 0) 	1
  59.3697	 -614.138 218.103	 0.147734 0.30836	 (0 , 1 , 0) 	1
  59.3697	 0.505157 -251.588	 0.477318 0.144405	 (0 , 0 , 1) 	1
  59.5572	  53.2989 203.161	-0.154909 0.259223	 (1 , 0 , 0) 	1
  59.5572	 -614.138 218.103	 0.147734 0.30836	 (0 , 1 , 0) 	1
  59.5572	 0.505157 -251.588	 0.477318 0.144405	 (0 , 0 , 1) 	1
  59.7447	  53.2989 203.161	-0.154909 0.259223	 (1 , 0 , 0) 	1
  59.7447	 -614.138 218.103	 0.147734 0.30836	 (0 , 1 , 0) 	1
  59.7447	 0.505157 -251.588	 0.477318 0.144405	 (0 , 0 , 1) 	1
  59.9322	  53.2989 203.161	-0.154909 0.259223	 (1 , 0 , 0) 	1
  59.9322	 -614.138 218.103	 0.147734 0.30836	 (0 , 1 , 0) 	1
  59.9322	 0.505157 -251.588	 0.477318 0.144405	 (0 , 0 , 1) 	1
  60.1197	  53.2989 203.161	-0.154909 0.259223	 (1 , 0 , 0) 	1
  60.1197	 -614.138 218.103	 0.147734 0.30836	 (0 , 1 , 0) 	1
  60.1197	 0.505157 -251.588	 0.477318 0.144405	 (0 , 0 , 1) 	1
  60.3072	  53.2989 203.161	-0.154909 0.259223	 (1 , 0 , 0) 	1
  60.3072	 -614.138 218.103	 0.147734 0.30836	 (0 , 1 , 0) 	1
  60.3072	 0.505157 -251.588	 0.477318 0.144405	 (0 , 0 , 1) 	1
  60.4947	  53.2989 203.161	-0.154909 0.259223	 (1 , 0 , 0) 	1
  60.4947	 -614.138 218.103	 0.147734 0.30836	 (0 , 1 , 0) 	1
  60.4947	 0.505157 -251.588	 0.477318 0.144405	 (0 , 0 , 1) 	1
  60.6822	  53.2989 203.161	-0.154909 0.259223	 (1 , 0 , 0) 	1
  60.6822	 -614.138 218.103	 0.147734 0.30836	 (0 , 1 , 0) 	1
  60.6822	 0.505157 -251.588	 0.477318 0.144405	 (0 , 0 , 1) 	1
  60.8697	  53.2989 203.161	-0.154909 0.259223	 (1 , 0 , 0) 	1
  60.8697	 -614.138 218.103	 0.147734 0.30836	 (0 , 1 , 0) 	1
  60.8697	 0.505157 -251.588	 0.477318 0.144405	 (0 , 0 , 1) 	1
  61.0572	  53.2989 203.161	-0.154909 0.259223	 (1 , 0 , 0) 	1
  61.0572	 -614.138 218.103	 0.147734 0.30836	 (0 , 1 , 0) 	1
  61.0572	 0.505157 -251.588	 0.477318 0.144405	 (0 , 0 , 1) 	1
  61.2447	  53.2989 203.161	-0.154909 0.259223	 (1 , 0 , 0) 	1
  61.2447	 -614.138 218.103	 0.147734 0.30836	 (0 , 1 , 0) 	1
  61.2447	 0.505157 -251.588	 0.477318 0.144405	 (0 , 0 , 1) 	1
  61.4322	  53.2989 203.161	-0.154909 0.259223	 (1 , 0 , 0) 	1
  61.4322	 -614.138 218.103	 0.147734 0.30836	 (0 , 1 , 0) 	1
  61.4322	 0.505157 -251.588	 0.477318 0.144405	 (0 , 0 , 1) 	1
  61.6197	  53.2989 203.161	-0.154909 0.259223	 (1 , 0 , 0) 	1
  61.6197	 -614.138 218.103	 0.147734 0.30836	 (0 , 1 , 0) 	1
  61.6197	 0.505157 -251.588	 0.477318 0.144405	 (0 , 0 , 1) 	1
  61.8072	  53.2989 203.161	-0.154909 0.259223	 (1 , 0 , 0) 	1
  61.8072	 -614.138 218.103	 0.147734 0.30836	 (0 , 1 , 0) 	1
  61.8072	 0.505157 -251.588	 0.477318 0.144405	 (0 , 0 , 1) 	1
  61.9947	  53.2989 203.161	-0.154909 0.259223	 (1 , 0 , 0) 	1
  61.9947	 -614.138 218.103	 0.147734 0.30836	 (0 , 1 , 0) 	1
  61.9947	 0.505157 -251.588	 0.477318 0.144405	 (0 , 0 , 1) 	1
  62.1822	  53.2989 203.161	-0.154909 0.259223	 (1 , 0 , 0) 	1
  62.1822	 -614.138 218.103	 0.147734 0.30836	 (0 , 1 , 0) 	1
  62.1822	 0.505157 -251.588	 0.477318 0.144405	 (0 , 0 , 1) 	1
  62.3697	  53.2989 203.161	-0.154909 0.259223	 (1 , 0 , 0) 	1
  62.3697	 -614.138 218.103	 0.147734 0.30836	 (0 , 1 , 0) 	1
  62.3697	 0.505157 -251.588	 0.477318 0.144405	 (0 , 0 , 1) 	1
  62.5572	  53.2989 203.161	-0.154909 0.259223	 (1 , 0 , 0) 	1
  62.5572	 -614.138 218.103	 0.147734 0.30836	 (0 , 1 , 0) 	1
  62.5572	 0.505157 -251.588	 0.477318 0.144405	 (0 , 0 , 1) 	1
  62.7447	  53.2989 203.161	-0.154909 0.259223	 (1 , 0 , 0) 	1
  62.7447	 -614.138 218.103	 0.147734 0.30836	 (0 , 1 , 0) 	1
  62.7447	 0.505157 -251.588	 0.477318 0.144405	 (0 , 0 , 1) 	1
  62.9322	  53.2989 203.161	-0.154909 0.259223	 (1 , 0 , 0) 	1
  62.9322	 -614.138 218.103	 0.147734 0.30836	 (0 , 1 , 0) 	1
  62.9322	 0.505157 -251.588	 0.477318 0.144405	 (0 , 0 , 1) 	1
  63.1197	  53.2989 203.161	-0.154909 0.259223	 (1 , 0 , 0) 	1
  63.1197	 -614.138 218.103	 0.147734 0.30836	 (0 , 1 , 0) 	1
  63.1197	 0.505157 -251.588	 0.477318 0.144405	 (0 , 0 , 1) 	1
  63.3072	  53.2989 203.161	-0.154909 0.259223	 (1 , 0 , 0) 	1
  63.3072	 -614.138 218.103	 0.147734 0.30836	 (0 , 1 , 0) 	1
  63.3072	 0.505157 -251.588	 0.477318 0.144405	 (0 , 0 , 1) 	1
  63.4947	  53.2989 203.161	-0.154909 0.259223	 (1 , 0 , 0) 	1
  63.4947	 -614.138 218.103	 0.147734 0.30836	 (0 , 1 , 0) 	1
  63.4947	 0.505157 -251.588	 0.477318 0.144405	 (0 , 0 , 1) 	1
  63.6822	  53.2989 203.161	-0.154909 0.259223	 (1 , 0 , 0) 	1
  63.6822	 -614.138 218.103	 0.147734 0.30836	 (0 , 1 , 0) 	1
  63.6822	 0.505157 -251.588	 0.477318 0.144405	 (0 , 0 , 1) 	1
  63.8697	  53.2989 203.161	-0.154909 0.259223	 (1 , 0 , 0) 	1
  63.8697	 -614.138 218.103	 0.147734 0.30836	 (0 , 1 , 0) 	1
  63.8697	 0.505157 -251.588	 0.477318 0.144405	 (0 , 0 , 1) 	1
  64.0572	  53.2989 203.161	-0.154909 0.259223	 (1 , 0 , 0) 	1
  64.0572	 -614.138 218.103	 0.147734 0.30836	 (0 , 1 , 0) 	1
  64.0572	 0.505157 -251.588	 0.477318 0.144405	 (0 , 0 , 1) 	1
  64.2447	  53.2989 203.161	-0.154909 0.259223	 (1 , 0 , 0) 	1
  64.2447	 -614.138 218.103	 0.147734 0.30836	 (0 , 1 , 0) 	1
  64.2447	 0.505157 -251.588	 0.477318 0.144405	 (0 , 0 , 1) 	1
  64.4322	  53.2989 203.161	-0.154909 0.259223	 (1 , 0 , 0) 	1
  64.4322	 -614.138 218.103	 0.147734 0.30836	 (0 , 1 , 0) 	1
  64.4322	 0.505157 -251.588	 0.477318 0.144405	 (0 , 0 , 1) 	1
  64.6197	  53.2989 203.161	-0.154909 0.259223	 (1 , 0 , 0) 	1
  64.6197	 -614.138 218.103	 0.147734 0.30836	 (0 , 1 , 0) 	1
  64.6197	 0.505157 -251.588	 0.477318 0.144405	 (0 , 0 , 1) 	1
  64.8072	  53.2989 203.161	-0.154909 0.259223	 (1 , 0 , 0) 	1
  64.8072	 -614.138 218.103	 0.147734 0.30836	 (0 , 1 , 0) 	1
  64.8072	 0.505157 -251.588	 0.477318 0.144405	 (0 , 0 , 1) 	1
  64.9947	  53.2989 203.161	-0.154909 0.259223	 (1 , 0 , 0) 	1
  64.9947	 -614.138 218.103	 0.147734 0.30836	 (0 , 1 , 0) 	1
  64.9947	 0.505157 -251.588	 0.477318 0.144405	 (0 , 0 , 1) 	1
  65.1822	  53.2989 203.161	-0.154909 0.259223	 (1 , 0 , 0) 	1
  65.1822	 -614.138 218.103	 0.147734 0.30836	 (0 , 1 , 0) 	1
  65.1822	 0.505157 -251.588	 0.477318 0.144405	 (0 , 0 , 1) 	1
  65.3697	  53.2989 203.161	-0.154909 0.259223	 (1 , 0 , 0) 	1
  65.3697	 -614.138 218.103	 0.147734 0.30836	 (0 , 1 , 0) 	1
  65.3697	 0.505157 -251.588	 0.477318 0.144405	 (0 , 0 , 1) 	1
  65.5572	  53.2989 203.161	-0.154909 0.259223	 (1 , 0 , 0) 	1
  65.5572	 -614.138 218.103	 0.147734 0.30836	 (0 , 1 , 0) 	1
  65.5572	 0.505157 -251.588	 0.477318 0.144405	 (0 , 0 , 1) 	1
  65.7447	  53.2989 203.161	-0.154909 0.259223	 (1 , 0 , 0) 	1
  65.7447	 -614.138 218.103	 0.147734 0.30836	 (0 , 1 , 0) 	1
  65.7447	 0.505157 -251.588	 0.477318 0.144405	 (0 , 0 , 1) 	1
  65.9322	  53.2989 203.161	-0.154909 0.259223	 (1 , 0 , 0) 	1
  65.9322	 -614.138 218.103	 0.147734 0.30836	 (0 , 1 , 0) 	1
  65.9322	 0.505157 -251.588	 0.477318 0.144405	 (0 , 0 , 1) 	1
  66.1197	  53.2989 203.161	-0.154909 0.259223	 (1 , 0 , 0) 	1
  66.1197	 -614.138 218.103	 0.147734 0.30836	 (0 , 1 , 0) 	1
  66.1197	 0.505157 -251.588	 0.477318 0.144405	 (0 , 0 , 1) 	1
  66.3072	  53.2989 203.161	-0.154909 0.259223	 (1 , 0 , 0) 	1
  66.3072	 -614.138 218.103	 0.147734 0.30836	 (0 , 1 , 0) 	1
  66.3072	 0.505157 -251.588	 0.477318 0.144405	 (0 , 0 , 1) 	1
  66.4947	  53.2989 203.161	-0.154909 0.259223	 (1 , 0 , 0) 	1
  66.4947	 -614.138 218.103	 0.147734 0.30836	 (0 , 1 , 0) 	1
  66.4947	 0.505157 -251.588	 0.477318 0.144405	 (0 , 0 , 1) 	1
  66.6822	  53.2989 203.161	-0.154909 0.259223	 (1 , 0 , 0) 	1
  66.6822	 -614.138 218.103	 0.147734 0.30836	 (0 , 1 , 0) 	1
  66.6822	 0.505157 -251.588	 0.477318 0.144405	 (0 , 0 , 1) 	1
  66.8697	  53.2989 203.161	-0.154909 0.259223	 (1 , 0 , 0) 	1
  66.8697	 -614.138 218.103	 0.147734 0.30836	 (0 , 1 , 0) 	1
  66.8697	 0.505157 -251.588	 0.477318 0.144405	 (0 , 0 , 1) 	1
  67.0572	  53.2989 203.161	-0.154909 0.259223	 (1 , 0 , 0) 	1
  67.0572	 -614.138 218.103	 0.147734 0.30836	 (0 , 1 , 0) 	1
  67.0572	 0.505157 -251.588	 0.477318 0.144405	 (0 , 0 , 1) 	1
  67.2447	  53.2989 203.161	-0.154909 0.259223	 (1 , 0 , 0) 	1
  67.2447	 -614.138 218.103	 0.147734 0.30836	 (0 , 1 , 0) 	1
  67.2447	 0.505157 -251.588	 0.477318 0.144405	 (0 , 0 , 1) 	1
  67.4322	  53.2989 203.161	-0.154909 0.259223	 (1 , 0 , 0) 	1
  67.4322	 -614.138 218.103	 0.147734 0.30836	 (0 , 1 , 0) 	1
  67.4322	 0.505157 -251.588	 0.477318 0.144405	 (0 , 0 , 1) 	1
  67.6197	  53.2989 203.161	-0.154909 0.259223	 (1 , 0 , 0) 	1
  67.6197	 -614.138 218.103	 0.147734 0.30836	 (0 , 1 , 0) 	1
  67.6197	 0.505157 -251.588	 0.477318 0.144405	 (0 , 0 , 1) 	1
  67.8072	  53.2989 203.161	-0.154909 0.259223	 (1 , 0 , 0) 	1
  67.8072	 -614.138 218.103	 0.147734 0.30836	 (0 , 1 , 0) 	1
  67.8072	 0.505157 -251.588	 0.477318 0.144405	 (0 , 0 , 1) 	1
  67.9947	  53.2989 203.161	-0.154909 0.259223	 (1 , 0 , 0) 	1
  67.9947	 -614.138 218.103	 0.147734 0.30836	 (0 , 1 , 0) 	1
  67.9947	 0.505157 -251.588	 0.477318 0.144405	 (0 , 0 , 1) 	1
  68.1822	  53.2989 203.161	-0.154909 0.259223	 (1 , 0 , 0) 	1
  68.1822	 -614.138 218.103	 0.147734 0.30836	 (0 , 1 , 0) 	1
  68.1822	 0.505157 -251.588	 0.477318 0.144405	 (0 , 0 , 1) 	1
  68.3697	  53.2989 203.161	-0.154909 0.259223	 (1 , 0 , 0) 	1
  68.3697	 -614.138 218.103	 0.147734 0.30836	 (0 , 1 , 0) 	1
  68.3697	 0.505157 -251.588	 0.477318 0.144405	 (0 , 0 , 1) 	1
  68.5572	  53.2989 203.161	-0.154909 0.259223	 (1 , 0 , 0) 	1
  68.5572	 -614.138 218.103	 0.147734 0.30836	 (0 , 1 , 0) 	1
  68.5572	 0.505157 -251.588	 0.477318 0.144405	 (0 , 0 , 1) 	1
  68.7447	  53.2989 203.161	-0.154909 0.259223	 (1 , 0 , 0) 	1
  68.7447	 -614.138 218.103	 0.147734 0.30836	 (0 , 1 , 0) 	1
  68.7447	 0.505157 -251.588	 0.477318 0.144405	 (0 , 0 , 1) 	1
  68.9322	  53.2989 203.161	-0.154909 0.259223	 (1 , 0 , 0) 	1
  68.9322	 -614.138 218.103	 0.147734 0.30836	 (0 , 1 , 0) 	1
  68.9322	 0.505157 -251.588	 0.477318 0.144405	 (0 , 0 , 1) 	1
  69.1197	  53.2989 203.161	-0.154909 0.259223	 (1 , 0 , 0) 	1
  69.1197	 -614.138 218.103	 0.147734 0.30836	 (0 , 1 , 0) 	1
  69.1197	 0.505157 -251.588	 0.477318 0.144405	 (0 , 0 , 1) 	1
  69.3072	  53.2989 203.161	-0.154909 0.259223	 (1 , 0 , 0) 	1
  69.3072	 -614.138 218.103	 0.147734 0.30836	 (0 , 1 , 0) 	1
  69.3072	 0.505157 -251.588	 0.477318 0.144405	 (0 , 0 , 1) 	1
  69.4947	  53.2989 203.161	-0.154909 0.259223	 (1 , 0 , 0) 	1
  69.4947	 -614.138 218.103	 0.147734 0.30836	 (0 , 1 , 0) 	1
  69.4947	 0.505157 -251.588	 0.477318 0.144405	 (0 , 0 , 1) 	1
  69.6822	  53.2989 203.161	-0.154909 0.259223	 (1 , 0 , 0) 	1
  69.6822	 -614.138 218.103	 0.147734 0.30836	 (0 , 1 , 0) 	1
  69.6822	 0.505157 -251.588	 0.477318 0.144405	 (0 , 0 , 1) 	1
  69.8697	  53.2989 203.161	-0.154909 0.259223	 (1 , 0 , 0) 	1
  69.8697	 -614.138 218.103	 0.147734 0.30836	 (0 , 1 , 0) 	1
  69.8697	 0.505157 -251.588	 0.477318 0.144405	 (0 , 0 , 1) 	1
  70.0572	  53.2989 203.161	-0.154909 0.259223	 (1 , 0 , 0) 	1
  70.0572	 -614.138 218.103	 0.147734 0.30836	 (0 , 1 , 0) 	1
  70.0572	 0.505157 -251.588	 0.477318 0.144405	 (0 , 0 , 1) 	1
  70.2447	  53.2989 203.161	-0.154909 0.259223	 (1 , 0 , 0) 	1
  70.2447	 -614.138 218.103	 0.147734 0.30836	 (0 , 1 , 0) 	1
  70.2447	 0.505157 -251.588	 0.477318 0.144405	 (0 , 0 , 1) 	1
  70.4322	  53.2989 203.161	-0.154909 0.259223	 (1 , 0 , 0) 	1
  70.4322	 -614.138 218.103	 0.147734 0.30836	 (0 , 1 , 0) 	1
  70.4322	 0.505157 -251.588	 0.477318 0.144405	 (0 , 0 , 1) 	1
  70.6197	  53.2989 203.161	-0.154909 0.259223	 (1 , 0 , 0) 	1
  70.6197	 -614.138 218.103	 0.147734 0.30836	 (0 , 1 , 0) 	1
  70.6197	 0.505157 -251.588	 0.477318 0.144405	 (0 , 0 , 1) 	1
  70.8072	  53.2989 203.161	-0.154909 0.259223	 (1 , 0 , 0) 	1
  70.8072	 -614.138 218.103	 0.147734 0.30836	 (0 , 1 , 0) 	1
  70.8072	 0.505157 -251.588	 0.477318 0.144405	 (0 , 0 , 1) 	1
  70.9947	  53.2989 203.161	-0.154909 0.259223	 (1 , 0 , 0) 	1
  70.9947	 -614.138 218.103	 0.147734 0.30836	 (0 , 1 , 0) 	1
  70.9947	 0.505157 -251.588	 0.477318 0.144405	 (0 , 0 , 1) 	1
  71.1822	  53.2989 203.161	-0.154909 0.259223	 (1 , 0 , 0) 	1
  71.1822	 -614.138 218.103	 0.147734 0.30836	 (0 , 1 , 0) 	1
  71.1822	 0.505157 -251.588	 0.477318 0.144405	 (0 , 0 , 1) 	1
  71.3697	  53.2989 203.161	-0.154909 0.259223	 (1 , 0 , 0) 	1
  71.3697	 -614.138 218.103	 0.147734 0.30836	 (0 , 1 , 0) 	1
  71.3697	 0.505157 -251.588	 0.477318 0.144405	 (0 , 0 , 1) 	1
  71.5572	  53.2989 203.161	-0.154909 0.259223	 (1 , 0 , 0) 	1
  71.5572	 -614.138 218.103	 0.147734 0.30836	 (0 , 1 , 0) 	1
  71.5572	 0.505157 -251.588	 0.477318 0.144405	 (0 , 0 , 1) 	1
  71.7447	  53.2989 203.161	-0.154909 0.259223	 (1 , 0 , 0) 	1
  71.7447	 -614.138 218.103	 0.147734 0.30836	 (0 , 1 , 0) 	1
  71.7447	 0.505157 -251.588	 0.477318 0.144405	 (0 , 0 , 1) 	1
  71.9322	  53.2989 203.161	-0.154909 0.259223	 (1 , 0 , 0) 	1
  71.9322	 -614.138 218.103	 0.147734 0.30836	 (0 , 1 , 0) 	1
  71.9322	 0.505157 -251.588	 0.477318 0.144405	 (0 , 0 , 1) 	1
  72.1197	  53.2989 203.161	-0.154909 0.259223	 (1 , 0 , 0) 	1
  72.1197	 -614.138 218.103	 0.147734 0.30836	 (0 , 1 , 0) 	1
  72.1197	 0.505157 -251.588	 0.477318 0.144405	 (0 , 0 , 1) 	1
  72.3072	  53.2989 203.161	-0.154909 0.259223	 (1 , 0 , 0) 	1
  72.3072	 -614.138 218.103	 0.147734 0.30836	 (0 , 1 , 0) 	1
  72.3072	 0.505157 -251.588	 0.477318 0.144405	 (0 , 0 , 1) 	1
  72.4947	  53.2989 203.161	-0.154909 0.259223	 (1 , 0 , 0) 	1
  72.4947	 -614.138 218.103	 0.147734 0.30836	 (0 , 1 , 0) 	1
  72.4947	 0.505157 -251.588	 0.477318 0.144405	 (0 , 0 , 1) 	1
  72.6822	  53.2989 203.161	-0.154909 0.259223	 (1 , 0 , 0) 	1
  72.6822	 -614.138 218.103	 0.147734 0.30836	 (0 , 1 , 0) 	1
  72.6822	 0.505157 -251.588	 0.477318 0.144405	 (0 , 0 , 1) 	1
  72.8697	  53.2989 203.161	-0.154909 0.259223	 (1 , 0 , 0) 	1
  72.8697	 -614.138 218.103	 0.147734 0.30836	 (0 , 1 , 0) 	1
  72.8697	 0.505157 -251.588	 0.477318 0.144405	 (0 , 0 , 1) 	1
  73.0572	  53.2989 203.161	-0.154909 0.259223	 (1 , 0 , 0) 	1
  73.0572	 -614.138 218.103	 0.147734 0.30836	 (0 , 1 , 0) 	1
  73.0572	 0.505157 -251.588	 0.477318 0.144405	 (0 , 0 , 1) 	1
  73.2447	  53.2989 203.161	-0.154909 0.259223	 (1 , 0 , 0) 	1
  73.2447	 -614.138 218.103	 0.147734 0.30836	 (0 , 1 , 0) 	1
  73.2447	 0.505157 -251.588	 0.477318 0.144405	 (0 , 0 , 1) 	1
  73.4322	  53.2989 203.161	-0.154909 0.259223	 (1 , 0 , 0) 	1
  73.4322	 -614.138 218.103	 0.147734 0.30836	 (0 , 1 , 0) 	1
  73.4322	 0.505157 -251.588	 0.477318 0.144405	 (0 , 0 , 1) 	1
  73.6197	  53.2989 203.161	-0.154909 0.259223	 (1 , 0 , 0) 	1
  73.6197	 -614.138 218.103	 0.147734 0.30836	 (0 , 1 , 0) 	1
  73.6197	 0.505157 -251.588	 0.477318 0.144405	 (0 , 0 , 1) 	1
  73.8072	  53.2989 203.161	-0.154909 0.259223	 (1 , 0 , 0) 	1
  73.8072	 -614.138 218.103	 0.147734 0.30836	 (0 , 1 , 0) 	1
  73.8072	 0.505157 -251.588	 0.477318 0.144405	 (0 , 0 , 1) 	1
  73.9947	  53.2989 203.161	-0.154909 0.259223	 (1 , 0 , 0) 	1
  73.9947	 -614.138 218.103	 0.147734 0.30836	 (0 , 1 , 0) 	1
  73.9947	 0.505157 -251.588	 0.477318 0.144405	 (0 , 0 , 1) 	1
  74.1822	  53.2989 203.161	-0.154909 0.259223	 (1 , 0 , 0) 	1
  74.1822	 -614.138 218.103	 0.147734 0.30836	 (0 , 1 , 0) 	1
  74.1822	 0.505157 -251.588	 0.477318 0.144405	 (0 , 0 , 1) 	1
  74.3697	  53.2989 203.161	-0.154909 0.259223	 (1 , 0 , 0) 	1
  74.3697	 -614.138 218.103	 0.147734 0.30836	 (0 , 1 , 0) 	1
  74.3697	 0.505157 -251.588	 0.477318 0.144405	 (0 , 0 , 1) 	1
  74.5572	  53.2989 203.161	-0.154909 0.259223	 (1 , 0 , 0) 	1
  74.5572	 -614.138 218.103	 0.147734 0.30836	 (0 , 1 , 0) 	1
  74.5572	 0.505157 -251.588	 0.477318 0.144405	 (0 , 0 , 1) 	1
  74.7447	  53.2989 203.161	-0.154909 0.259223	 (1 , 0 , 0) 	1
  74.7447	 -614.138 218.103	 0.147734 0.30836	 (0 , 1 , 0) 	1
  74.7447	 0.505157 -251.588	 0.477318 0.144405	 (0 , 0 , 1) 	1
  74.9322	  53.2989 203.161	-0.154909 0.259223	 (1 , 0 , 0) 	1
  74.9322	 -614.138 218.103	 0.147734 0.30836	 (0 , 1 , 0) 	1
  74.9322	 0.505157 -251.588	 0.477318 0.144405	 (0 , 0 , 1) 	1
  75.1197	  53.2989 203.161	-0.154909 0.259223	 (1 , 0 , 0) 	1
  75.1197	 -614.138 218.103	 0.147734 0.30836	 (0 , 1 , 0) 	1
  75.1197	 0.505157 -251.588	 0.477318 0.144405	 (0 , 0 , 1) 	1
  75.3072	  53.2989 203.161	-0.154909 0.259223	 (1 , 0 , 0) 	1
  75.3072	 -614.138 218.103	 0.147734 0.30836	 (0 , 1 , 0) 	1
  75.3072	 0.505157 -251.588	 0.477318 0.144405	 (0 , 0 , 1) 	1
  75.4947	  53.2989 203.161	-0.154909 0.259223	 (1 , 0 , 0) 	1
  75.4947	 -614.138 218.103	 0.147734 0.30836	 (0 , 1 , 0) 	1
  75.4947	 0.505157 -251.588	 0.477318 0.144405	 (0 , 0 , 1) 	1
  75.6822	  53.2989 203.161	-0.154909 0.259223	 (1 , 0 , 0) 	1
  75.6822	 -614.138 218.103	 0.147734 0.30836	 (0 , 1 , 0) 	1
  75.6822	 0.505157 -251.588	 0.477318 0.144405	 (0 , 0 , 1) 	1
  75.8697	  53.2989 203.161	-0.154909 0.259223	 (1 , 0 , 0) 	1
  75.8697	 -614.138 218.103	 0.147734 0.30836	 (0 , 1 , 0) 	1
  75.8697	 0.505157 -251.588	 0.477318 0.144405	 (0 , 0 , 1) 	1
  76.0572	  53.2989 203.161	-0.154909 0.259223	 (1 , 0 , 0) 	1
  76.0572	 -614.138 218.103	 0.147734 0.30836	 (0 , 1 , 0) 	1
  76.0572	 0.505157 -251.588	 0.477318 0.144405	 (0 , 0 , 1) 	1
  76.2447	  53.2989 203.161	-0.154909 0.259223	 (1 , 0 , 0) 	1
  76.2447	 -614.138 218.103	 0.147734 0.30836	 (0 , 1 , 0) 	1
  76.2447	 0.505157 -251.588	 0.477318 0.144405	 (0 , 0 , 1) 	1
  76.4322	  53.2989 203.161	-0.154909 0.259223	 (1 , 0 , 0) 	1
  76.4322	 -614.138 218.103	 0.147734 0.30836	 (0 , 1 , 0) 	1
  76.4322	 0.505157 -251.588	 0.477318 0.144405	 (0 , 0 , 1) 	1
  76.6197	  53.2989 203.161	-0.154909 0.259223	 (1 , 0 , 0) 	1
  76.6197	 -614.138 218.103	 0.147734 0.30836	 (0 , 1 , 0) 	1
  76.6197	 0.505157 -251.588	 0.477318 0.144405	 (0 , 0 , 1) 	1
  76.8072	  53.2989 203.161	-0.154909 0.259223	 (1 , 0 , 0) 	1
  76.8072	 -614.138 218.103	 0.147734 0.30836	 (0 , 1 , 0) 	1
  76.8072	 0.505157 -251.588	 0.477318 0.144405	 (0 , 0 , 1) 	1
  76.9947	  53.2989 203.161	-0.154909 0.259223	 (1 , 0 , 0) 	1
  76.9947	 -614.138 218.103	 0.147734 0.30836	 (0 , 1 , 0) 	1
  76.9947	 0.505157 -251.588	 0.477318 0.144405	 (0 , 0 , 1) 	1
  77.1822	  53.2989 203.161	-0.154909 0.259223	 (1 , 0 , 0) 	1
  77.1822	 -614.138 218.103	 0.147734 0.30836	 (0 , 1 , 0) 	1
  77.1822	 0.505157 -251.588	 0.477318 0.144405	 (0 , 0 , 1) 	1
  77.3697	  53.2989 203.161	-0.154909 0.259223	 (1 , 0 , 0) 	1
  77.3697	 -614.138 218.103	 0.147734 0.30836	 (0 , 1 , 0) 	1
  77.3697	 0.505157 -251.588	 0.477318 0.144405	 (0 , 0 , 1) 	1
  77.5572	  53.2989 203.161	-0.154909 0.259223	 (1 , 0 , 0) 	1
  77.5572	 -614.138 218.103	 0.147734 0.30836	 (0 , 1 , 0) 	1
  77.5572	 0.505157 -251.588	 0.477318 0.144405	 (0 , 0 , 1) 	1
  77.7447	  53.2989 203.161	-0.154909 0.259223	 (1 , 0 , 0) 	1
  77.7447	 -614.138 218.103	 0.147734 0.30836	 (0 , 1 , 0) 	1
  77.7447	 0.505157 -251.588	 0.477318 0.144405	 (0 , 0 , 1) 	1
  77.9322	  53.2989 203.161	-0.154909 0.259223	 (1 , 0 , 0) 	1
  77.9322	 -614.138 218.103	 0.147734 0.30836	 (0 , 1 , 0) 	1
  77.9322	 0.505157 -251.588	 0.477318 0.144405	 (0 , 0 , 1) 	1
  78.1197	  53.2989 203.161	-0.154909 0.259223	 (1 , 0 , 0) 	1
  78.1197	 -614.138 218.103	 0.147734 0.30836	 (0 , 1 , 0) 	1
  78.1197	 0.505157 -251.588	 0.477318 0.144405	 (0 , 0 , 1) 	1
  78.3072	  53.2989 203.161	-0.154909 0.259223	 (1 , 0 , 0) 	1
  78.3072	 -614.138 218.103	 0.147734 0.30836	 (0 , 1 , 0) 	1
  78.3072	 0.505157 -251.588	 0.477318 0.144405	 (0 , 0 , 1) 	1
  78.4947	  53.2989 203.161	-0.154909 0.259223	 (1 , 0 , 0) 	1
  78.4947	 -614.138 218.103	 0.147734 0.30836	 (0 , 1 , 0) 	1
  78.4947	 0.505157 -251.588	 0.477318 0.144405	 (0 , 0 , 1) 	1
  78.6822	  53.2989 203.161	-0.154909 0.259223	 (1 , 0 , 0) 	1
  78.6822	 -614.138 218.103	 0.147734 0.30836	 (0 , 1 , 0) 	1
  78.6822	 0.505157 -251.588	 0.477318 0.144405	 (0 , 0 , 1) 	1
  78.8697	  53.2989 203.161	-0.154909 0.259223	 (1 , 0 , 0) 	1
  78.8697	 -614.138 218.103	 0.147734 0.30836	 (0 , 1 , 0) 	1
  78.8697	 0.505157 -251.588	 0.477318 0.144405	 (0 , 0 , 1) 	1
  79.0572	  53.2989 203.161	-0.154909 0.259223	 (1 , 0 , 0) 	1
  79.0572	 -614.138 218.103	 0.147734 0.30836	 (0 , 1 , 0) 	1
  79.0572	 0.505157 -251.588	 0.477318 0.144405	 (0 , 0 , 1) 	1
  79.2447	  53.2989 203.161	-0.154909 0.259223	 (1 , 0 , 0) 	1
  79.2447	 -614.138 218.103	 0.147734 0.30836	 (0 , 1 , 0) 	1
  79.2447	 0.505157 -251.588	 0.477318 0.144405	 (0 , 0 , 1) 	1
  79.4322	  53.2989 203.161	-0.154909 0.259223	 (1 , 0 , 0) 	1
  79.4322	 -614.138 218.103	 0.147734 0.30836	 (0 , 1 , 0) 	1
  79.4322	 0.505157 -251.588	 0.477318 0.144405	 (0 , 0 , 1) 	1
  79.6197	  53.2989 203.161	-0.154909 0.259223	 (1 , 0 , 0) 	1
  79.6197	 -614.138 218.103	 0.147734 0.30836	 (0 , 1 , 0) 	1
  79.6197	 0.505157 -251.588	 0.477318 0.144405	 (0 , 0 , 1) 	1
  79.8072	  53.2989 203.161	-0.154909 0.259223	 (1 , 0 , 0) 	1
  79.8072	 -614.138 218.103	 0.147734 0.30836	 (0 , 1 , 0) 	1
  79.8072	 0.505157 -251.588	 0.477318 0.144405	 (0 , 0 , 1) 	1
  79.9947	  53.2989 203.161	-0.154909 0.259223	 (1 , 0 , 0) 	1
  79.9947	 -614.138 218.103	 0.147734 0.30836	 (0 , 1 , 0) 	1
  79.9947	 0.505157 -251.588	 0.477318 0.144405	 (0 , 0 , 1) 	1
  80.1822	  53.2989 203.161	-0.154909 0.259223	 (1 , 0 , 0) 	1
  80.1822	 -614.138 218.103	 0.147734 0.30836	 (0 , 1 , 0) 	1
  80.1822	 0.505157 -251.588	 0.477318 0.144405	 (0 , 0 , 1) 	1
  80.3697	  53.2989 203.161	-0.154909 0.259223	 (1 , 0 , 0) 	1
  80.3697	 -614.138 218.103	 0.147734 0.30836	 (0 , 1 , 0) 	1
  80.3697	 0.505157 -251.588	 0.477318 0.144405	 (0 , 0 , 1) 	1
  80.5572	  53.2989 203.161	-0.154909 0.259223	 (1 , 0 , 0) 	1
  80.5572	 -614.138 218.103	 0.147734 0.30836	 (0 , 1 , 0) 	1
  80.5572	 0.505157 -251.588	 0.477318 0.144405	 (0 , 0 , 1) 	1
  80.7447	  53.2989 203.161	-0.154909 0.259223	 (1 , 0 , 0) 	1
  80.7447	 -614.138 218.103	 0.147734 0.30836	 (0 , 1 , 0) 	1
  80.7447	 0.505157 -251.588	 0.477318 0.144405	 (0 , 0 , 1) 	1
  80.9322	  53.2989 203.161	-0.154909 0.259223	 (1 , 0 , 0) 	1
  80.9322	 -614.138 218.103	 0.147734 0.30836	 (0 , 1 , 0) 	1
  80.9322	 0.505157 -251.588	 0.477318 0.144405	 (0 , 0 , 1) 	1
  81.1197	  53.2989 203.161	-0.154909 0.259223	 (1 , 0 , 0) 	1
  81.1197	 -614.138 218.103	 0.147734 0.30836	 (0 , 1 , 0) 	1
  81.1197	 0.505157 -251.588	 0.477318 0.144405	 (0 , 0 , 1) 	1
  81.3072	  53.2989 203.161	-0.154909 0.259223	 (1 , 0 , 0) 	1
  81.3072	 -614.138 218.103	 0.147734 0.30836	 (0 , 1 , 0) 	1
  81.3072	 0.505157 -251.588	 0.477318 0.144405	 (0 , 0 , 1) 	1
  81.4947	  53.2989 203.161	-0.154909 0.259223	 (1 , 0 , 0) 	1
  81.4947	 -614.138 218.103	 0.147734 0.30836	 (0 , 1 , 0) 	1
  81.4947	 0.505157 -251.588	 0.477318 0.144405	 (0 , 0 , 1) 	1
  81.6822	  53.2989 203.161	-0.154909 0.259223	 (1 , 0 , 0) 	1
  81.6822	 -614.138 218.103	 0.147734 0.30836	 (0 , 1 , 0) 	1
  81.6822	 0.505157 -251.588	 0.477318 0.144405	 (0 , 0 , 1) 	1
  81.8697	  53.2989 203.161	-0.154909 0.259223	 (1 , 0 , 0) 	1
  81.8697	 -614.138 218.103	 0.147734 0.30836	 (0 , 1 , 0) 	1
  81.8697	 0.505157 -251.588	 0.477318 0.144405	 (0 , 0 , 1) 	1
  82.0572	  53.2989 203.161	-0.154909 0.259223	 (1 , 0 , 0) 	1
  82.0572	 -614.138 218.103	 0.147734 0.30836	 (0 , 1 , 0) 	1
  82.0572	 0.505157 -251.588	 0.477318 0.144405	 (0 , 0 , 1) 	1
  82.2447	  53.2989 203.161	-0.154909 0.259223	 (1 , 0 , 0) 	1
  82.2447	 -614.138 218.103	 0.147734 0.30836	 (0 , 1 , 0) 	1
  82.2447	 0.505157 -251.588	 0.477318 0.144405	 (0 , 0 , 1) 	1
  82.4322	  53.2989 203.161	-0.154909 0.259223	 (1 , 0 , 0) 	1
  82.4322	 -614.138 218.103	 0.147734 0.30836	 (0 , 1 , 0) 	1
  82.4322	 0.505157 -251.588	 0.477318 0.144405	 (0 , 0 , 1) 	1
  82.6197	  53.2989 203.161	-0.154909 0.259223	 (1 , 0 , 0) 	1
  82.6197	 -614.138 218.103	 0.147734 0.30836	 (0 , 1 , 0) 	1
  82.6197	 0.505157 -251.588	 0.477318 0.144405	 (0 , 0 , 1) 	1
  82.8072	  53.2989 203.161	-0.154909 0.259223	 (1 , 0 , 0) 	1
  82.8072	 -614.138 218.103	 0.147734 0.30836	 (0 , 1 , 0) 	1
  82.8072	 0.505157 -251.588	 0.477318 0.144405	 (0 , 0 , 1) 	1
  82.9947	  53.2989 203.161	-0.154909 0.259223	 (1 , 0 , 0) 	1
  82.9947	 -614.138 218.103	 0.147734 0.30836	 (0 , 1 , 0) 	1
  82.9947	 0.505157 -251.588	 0.477318 0.144405	 (0 , 0 , 1) 	1
  83.1822	  53.2989 203.161	-0.154909 0.259223	 (1 , 0 , 0) 	1
  83.1822	 -614.138 218.103	 0.147734 0.30836	 (0 , 1 , 0) 	1
  83.1822	 0.505157 -251.588	 0.477318 0.144405	 (0 , 0 , 1) 	1
  83.3697	  53.2989 203.161	-0.154909 0.259223	 (1 , 0 , 0) 	1
  83.3697	 -614.138 218.103	 0.147734 0.30836	 (0 , 1 , 0) 	1
  83.3697	 0.505157 -251.588	 0.477318 0.144405	 (0 , 0 , 1) 	1
  83.5572	  53.2989 203.161	-0.154909 0.259223	 (1 , 0 , 0) 	1
  83.5572	 -614.138 218.103	 0.147734 0.30836	 (0 , 1 , 0) 	1
  83.5572	 0.505157 -251.588	 0.477318 0.144405	 (0 , 0 , 1) 	1
  83.7447	  53.2989 203.161	-0.154909 0.259223	 (1 , 0 , 0) 	1
  83.7447	 -614.138 218.103	 0.147734 0.30836	 (0 , 1 , 0) 	1
  83.7447	 0.505157 -251.588	 0.477318 0.144405	 (0 , 0 , 1) 	1
  83.9322	  53.2989 203.161	-0.154909 0.259223	 (1 , 0 , 0) 	1
  83.9322	 -614.138 218.103	 0.147734 0.30836	 (0 , 1 , 0) 	1
  83.9322	 0.505157 -251.588	 0.477318 0.144405	 (0 , 0 , 1) 	1
  84.1197	  53.2989 203.161	-0.154909 0.259223	 (1 , 0 , 0) 	1
  84.1197	 -614.138 218.103	 0.147734 0.30836	 (0 , 1 , 0) 	1
  84.1197	 0.505157 -251.588	 0.477318 0.144405	 (0 , 0 , 1) 	1
  84.3072	  53.2989 203.161	-0.154909 0.259223	 (1 , 0 , 0) 	1
  84.3072	 -614.138 218.103	 0.147734 0.30836	 (0 , 1 , 0) 	1
  84.3072	 0.505157 -251.588	 0.477318 0.144405	 (0 , 0 , 1) 	1
  84.4947	  53.2989 203.161	-0.154909 0.259223	 (1 , 0 , 0) 	1
  84.4947	 -614.138 218.103	 0.147734 0.30836	 (0 , 1 , 0) 	1
  84.4947	 0.505157 -251.588	 0.477318 0.144405	 (0 , 0 , 1) 	1
  84.6822	  53.2989 203.161	-0.154909 0.259223	 (1 , 0 , 0) 	1
  84.6822	 -614.138 218.103	 0.147734 0.30836	 (0 , 1 , 0) 	1
  84.6822	 0.505157 -251.588	 0.477318 0.144405	 (0 , 0 , 1) 	1
  84.8697	  53.2989 203.161	-0.154909 0.259223	 (1 , 0 , 0) 	1
  84.8697	 -614.138 218.103	 0.147734 0.30836	 (0 , 1 , 0) 	1
  84.8697	 0.505157 -251.588	 0.477318 0.144405	 (0 , 0 , 1) 	1
  85.0572	      nan nan	      nan nan	 (1 , 0 , 0) 	1
  85.0572	      nan nan	      nan nan	 (0 , 1 , 0) 	1
  85.0572	      nan nan	      nan nan	 (0 , 0 , 1) 	1
  85.2447	      nan nan	      nan nan	 (1 , 0 , 0) 	1
  85.2447	      nan nan	      nan nan	 (0 , 1 , 0) 	1
  85.2447	      nan nan	      nan nan	 (0 , 0 , 1) 	1
  85.4322	      nan nan	      nan nan	 (1 , 0 , 0) 	1
  85.4322	      nan nan	      nan nan	 (0 , 1 , 0) 	1
  85.4322	      nan nan	      nan nan	 (0 , 0 , 1) 	1
  85.6197	      nan nan	      nan nan	 (1 , 0 , 0) 	1
  85.6197	      nan nan	      nan nan	 (0 , 1 , 0) 	1
  85.6197	      nan nan	      nan nan	 (0 , 0 , 1) 	1
  85.8072	      nan nan	      nan nan	 (1 , 0 , 0) 	1
  85.8072	      nan nan	      nan nan	 (0 , 1 , 0) 	1
  85.8072	      nan nan	      nan nan	 (0 , 0 , 1) 	1
  85.9947	      nan nan	      nan nan	 (1 , 0 , 0) 	1
  85.9947	      nan nan	      nan nan	 (0 , 1 , 0) 	1
  85.9947	      nan nan	      nan nan	 (0 , 0 , 1) 	1
  86.1822	      nan nan	      nan nan	 (1 , 0 , 0) 	1
  86.1822	      nan nan	      nan nan	 (0 , 1 , 0) 	1
  86.1822	      nan nan	      nan nan	 (0 , 0 , 1) 	1
  86.3697	      nan nan	      nan nan	 (1 , 0 , 0) 	1
  86.3697	      nan nan	      nan nan	 (0 , 1 , 0) 	1
  86.3697	      nan nan	      nan nan	 (0 , 0 , 1) 	1
  86.5572	      nan nan	      nan nan	 (1 , 0 , 0) 	1
  86.5572	      nan nan	      nan nan	 (0 , 1 , 0) 	1
  86.5572	      nan nan	      nan nan	 (0 , 0 , 1) 	1
  86.7447	      nan nan	      nan nan	 (1 , 0 , 0) 	1
  86.7447	      nan nan	      nan nan	 (0 , 1 , 0) 	1
  86.7447	      nan nan	      nan nan	 (0 , 0 , 1) 	1
  86.9322	      nan nan	      nan nan	 (1 , 0 , 0) 	1
  86.9322	      nan nan	      nan nan	 (0 , 1 , 0) 	1
  86.9322	      nan nan	      nan nan	 (0 , 0 , 1) 	1
  87.1197	      nan nan	      nan nan	 (1 , 0 , 0) 	1
  87.1197	      nan nan	      nan nan	 (0 , 1 , 0) 	1
  87.1197	      nan nan	      nan nan	 (0 , 0 , 1) 	1
  87.3072	      nan nan	      nan nan	 (1 , 0 , 0) 	1
  87.3072	      nan nan	      nan nan	 (0 , 1 , 0) 	1
  87.3072	      nan nan	      nan nan	 (0 , 0 , 1) 	1
  87.4947	      nan nan	      nan nan	 (1 , 0 , 0) 	1
  87.4947	      nan nan	      nan nan	 (0 , 1 , 0) 	1
  87.4947	      nan nan	      nan nan	 (0 , 0 , 1) 	1
  87.6822	      nan nan	      nan nan	 (1 , 0 , 0) 	1
  87.6822	      nan nan	      nan nan	 (0 , 1 , 0) 	1
  87.6822	      nan nan	      nan nan	 (0 , 0 , 1) 	1
  87.8697	      nan nan	      nan nan	 (1 , 0 , 0) 	1
  87.8697	      nan nan	      nan nan	 (0 , 1 , 0) 	1
  87.8697	      nan nan	      nan nan	 (0 , 0 , 1) 	1
  88.0572	      nan nan	      nan nan	 (1 , 0 , 0) 	1
  88.0572	      nan nan	      nan nan	 (0 , 1 , 0) 	1
  88.0572	      nan nan	      nan nan	 (0 , 0 , 1) 	1
  88.2447	      nan nan	      nan nan	 (1 , 0 , 0) 	1
  88.2447	      nan nan	      nan nan	 (0 , 1 , 0) 	1
  88.2447	      nan nan	      nan nan	 (0 , 0 , 1) 	1
  88.4322	      nan nan	      nan nan	 (1 , 0 , 0) 	1
  88.4322	      nan nan	      nan nan	 (0 , 1 , 0) 	1
  88.4322	      nan nan	      nan nan	 (0 , 0 , 1) 	1
  88.6197	      nan nan	      nan nan	 (1 , 0 , 0) 	1
  88.6197	      nan nan	      nan nan	 (0 , 1 , 0) 	1
  88.6197	      nan nan	      nan nan	 (0 , 0 , 1) 	1
  88.8072	      nan nan	      nan nan	 (1 , 0 , 0) 	1
  88.8072	      nan nan	      nan nan	 (0 , 1 , 0) 	1
  88.8072	      nan nan	      nan nan	 (0 , 0 , 1) 	1
  88.9947	      nan nan	      nan nan	 (1 , 0 , 0) 	1
  88.9947	      nan nan	      nan nan	 (0 , 1 , 0) 	1
  88.9947	      nan nan	      nan nan	 (0 , 0 , 1) 	1
  89.1822	      nan nan	      nan nan	 (1 , 0 , 0) 	1
  89.1822	      nan nan	      nan nan	 (0 , 1 , 0) 	1
  89.1822	      nan nan	      nan nan	 (0 , 0 , 1) 	1
  89.3697	      nan nan	      nan nan	 (1 , 0 , 0) 	1
  89.3697	      nan nan	      nan nan	 (0 , 1 , 0) 	1
  89.3697	      nan nan	      nan nan	 (0 , 0 , 1) 	1
  89.5572	      nan nan	      nan nan	 (1 , 0 , 0) 	1
  89.5572	      nan nan	      nan nan	 (0 , 1 , 0) 	1
  89.5572	      nan nan	      nan nan	 (0 , 0 , 1) 	1
  89.7447	      nan nan	      nan nan	 (1 , 0 , 0) 	1
  89.7447	      nan nan	      nan nan	 (0 , 1 , 0) 	1
  89.7447	      nan nan	      nan nan	 (0 , 0 , 1) 	1
  89.9322	      nan nan	      nan nan	 (1 , 0 , 0) 	1
  89.9322	      nan nan	      nan nan	 (0 , 1 , 0) 	1
  89.9322	      nan nan	      nan nan	 (0 , 0 , 1) 	1
  90.1197	      nan nan	      nan nan	 (1 , 0 , 0) 	1
  90.1197	      nan nan	      nan nan	 (0 , 1 , 0) 	1
  90.1197	      nan nan	      nan nan	 (0 , 0 , 1) 	1
  90.3072	      nan nan	      nan nan	 (1 , 0 , 0) 	1
  90.3072	      nan nan	      nan nan	 (0 , 1 , 0) 	1
  90.3072	      nan nan	      nan nan	 (0 , 0 , 1) 	1
  90.4947	      nan nan	      nan nan	 (1 , 0 , 0) 	1
  90.4947	      nan nan	      nan nan	 (0 , 1 , 0) 	1
  90.4947	      nan nan	      nan nan	 (0 , 0 , 1) 	1
  90.6822	      nan nan	      nan nan	 (1 , 0 , 0) 	1
  90.6822	      nan nan	      nan nan	 (0 , 1 , 0) 	1
  90.6822	      nan nan	      nan nan	 (0 , 0 , 1) 	1
  90.8697	      nan nan	      nan nan	 (1 , 0 , 0) 	1
  90.8697	      nan nan	      nan nan	 (0 , 1 , 0) 	1
  90.8697	      nan nan	      nan nan	 (0 , 0 , 1) 	1
  91.0572	      nan nan	      nan nan	 (1 , 0 , 0) 	1
  91.0572	      nan nan	      nan nan	 (0 , 1 , 0) 	1
  91.0572	      nan nan	      nan nan	 (0 , 0 , 1) 	1
  91.2447	      nan nan	      nan nan	 (1 , 0 , 0) 	1
  91.2447	      nan nan	      nan nan	 (0 , 1 , 0) 	1
  91.2447	      nan nan	      nan nan	 (0 , 0 , 1) 	1
  91.4322	      nan nan	      nan nan	 (1 , 0 , 0) 	1
  91.4322	      nan nan	      nan nan	 (0 , 1 , 0) 	1
  91.4322	      nan nan	      nan nan	 (0 , 0 , 1) 	1
  91.6197	      nan nan	      nan nan	 (1 , 0 , 0) 	1
  91.6197	      nan nan	      nan nan	 (0 , 1 , 0) 	1
  91.6197	      nan nan	      nan nan	 (0 , 0 , 1) 	1
  91.8072	      nan nan	      nan nan	 (1 , 0 , 0) 	1
  91.8072	      nan nan	      nan nan	 (0 , 1 , 0) 	1
  91.8072	      nan nan	      nan nan	 (0 , 0 , 1) 	1
  91.9947	      nan nan	      nan nan	 (1 , 0 , 0) 	1
  91.9947	      nan nan	      nan nan	 (0 , 1 , 0) 	1
  91.9947	      nan nan	      nan nan	 (0 , 0 , 1) 	1
  92.1822	      nan nan	      nan nan	 (1 , 0 , 0) 	1
  92.1822	      nan nan	      nan nan	 (0 , 1 , 0) 	1
  92.1822	      nan nan	      nan nan	 (0 , 0 , 1) 	1
  92.3697	      nan nan	      nan nan	 (1 , 0 , 0) 	1
  92.3697	      nan nan	      nan nan	 (0 , 1 , 0) 	1
  92.3697	      nan nan	      nan nan	 (0 , 0 , 1) 	1
  92.5572	      nan nan	      nan nan	 (1 , 0 , 0) 	1
  92.5572	      nan nan	      nan nan	 (0 , 1 , 0) 	1
  92.5572	      nan nan	      nan nan	 (0 , 0 , 1) 	1
