### The result of the verage over time 
### d tau = 0.1875
### number of kessence update = 10
### initial time = 11.9322
### 1- tau	2- pi_k(x)	3-zeta(x)	 4-x
  11.9322	        0	        0	 (32 , 32 , 32) 
  12.1197	-8.94371e-07	3.2493e-12	 (32 , 32 , 32) 
  12.3072	-1.82978e-06	2.85228e-11	 (32 , 32 , 32) 
  12.4947	-2.70198e-06	9.65102e-11	 (32 , 32 , 32) 
  12.6822	-3.53749e-06	2.20581e-10	 (32 , 32 , 32) 
  12.8697	-4.3403e-06	4.10801e-10	 (32 , 32 , 32) 
  13.0572	-5.11287e-06	6.74081e-10	 (32 , 32 , 32) 
  13.2447	-5.85738e-06	1.01485e-09	 (32 , 32 , 32) 
  13.4322	-6.57582e-06	1.43562e-09	 (32 , 32 , 32) 
  13.6197	-7.26998e-06	1.93741e-09	 (32 , 32 , 32) 
  13.8072	-7.94152e-06	2.52014e-09	 (32 , 32 , 32) 
  13.9947	-8.59196e-06	3.18289e-09	 (32 , 32 , 32) 
  14.1822	-9.22271e-06	3.92414e-09	 (32 , 32 , 32) 
  14.3697	-9.83508e-06	4.74193e-09	 (32 , 32 , 32) 
  14.5572	-1.04303e-05	5.63395e-09	 (32 , 32 , 32) 
  14.7447	-1.10094e-05	6.59768e-09	 (32 , 32 , 32) 
  14.9322	-1.15735e-05	7.63076e-09	 (32 , 32 , 32) 
  15.1197	-1.21235e-05	8.73115e-09	 (32 , 32 , 32) 
  15.3072	-1.26602e-05	9.89694e-09	 (32 , 32 , 32) 
  15.4947	-1.31845e-05	1.11263e-08	 (32 , 32 , 32) 
  15.6822	-1.3697e-05	1.24178e-08	 (32 , 32 , 32) 
  15.8697	-1.41985e-05	1.37697e-08	 (32 , 32 , 32) 
  16.0572	-1.46895e-05	1.51803e-08	 (32 , 32 , 32) 
  16.2447	-1.51707e-05	1.66477e-08	 (32 , 32 , 32) 
  16.4322	-1.56423e-05	1.81696e-08	 (32 , 32 , 32) 
  16.6197	-1.61047e-05	1.97435e-08	 (32 , 32 , 32) 
  16.8072	-1.65585e-05	2.1368e-08	 (32 , 32 , 32) 
  16.9947	-1.7004e-05	2.30419e-08	 (32 , 32 , 32) 
  17.1822	-1.74414e-05	2.47643e-08	 (32 , 32 , 32) 
  17.3697	-1.7871e-05	2.65342e-08	 (32 , 32 , 32) 
  17.5572	-1.82928e-05	2.83506e-08	 (32 , 32 , 32) 
  17.7447	-1.87075e-05	3.02127e-08	 (32 , 32 , 32) 
  17.9322	-1.91152e-05	3.21196e-08	 (32 , 32 , 32) 
  18.1197	-1.95164e-05	3.40703e-08	 (32 , 32 , 32) 
  18.3072	-1.99113e-05	3.60636e-08	 (32 , 32 , 32) 
  18.4947	-2.03003e-05	3.80984e-08	 (32 , 32 , 32) 
  18.6822	-2.06836e-05	4.01733e-08	 (32 , 32 , 32) 
  18.8697	-2.10615e-05	4.22873e-08	 (32 , 32 , 32) 
  19.0572	-2.14342e-05	4.4439e-08	 (32 , 32 , 32) 
  19.2447	-2.1802e-05	4.66271e-08	 (32 , 32 , 32) 
  19.4322	-2.21652e-05	4.88503e-08	 (32 , 32 , 32) 
  19.6197	-2.25238e-05	5.11075e-08	 (32 , 32 , 32) 
  19.8072	-2.28781e-05	5.33977e-08	 (32 , 32 , 32) 
  19.9947	-2.32283e-05	5.57199e-08	 (32 , 32 , 32) 
  20.1822	-2.35745e-05	5.80734e-08	 (32 , 32 , 32) 
  20.3697	-2.3917e-05	6.04571e-08	 (32 , 32 , 32) 
  20.5572	-2.42557e-05	6.28705e-08	 (32 , 32 , 32) 
  20.7447	-2.4591e-05	6.53128e-08	 (32 , 32 , 32) 
  20.9322	-2.49229e-05	6.77833e-08	 (32 , 32 , 32) 
  21.1197	-2.52515e-05	7.02815e-08	 (32 , 32 , 32) 
  21.3072	-2.5577e-05	7.28069e-08	 (32 , 32 , 32) 
  21.4947	-2.58994e-05	7.53588e-08	 (32 , 32 , 32) 
  21.6822	-2.6219e-05	7.79369e-08	 (32 , 32 , 32) 
  21.8697	-2.65358e-05	8.05406e-08	 (32 , 32 , 32) 
  22.0572	-2.68498e-05	8.31698e-08	 (32 , 32 , 32) 
  22.2447	-2.71613e-05	8.58238e-08	 (32 , 32 , 32) 
  22.4322	-2.74702e-05	8.85025e-08	 (32 , 32 , 32) 
  22.6197	-2.77766e-05	9.12055e-08	 (32 , 32 , 32) 
  22.8072	-2.80807e-05	9.39324e-08	 (32 , 32 , 32) 
  22.9947	-2.83826e-05	9.66831e-08	 (32 , 32 , 32) 
  23.1822	-2.86822e-05	9.94573e-08	 (32 , 32 , 32) 
  23.3697	-2.89796e-05	1.02255e-07	 (32 , 32 , 32) 
  23.5572	-2.9275e-05	1.05075e-07	 (32 , 32 , 32) 
  23.7447	-2.95683e-05	1.07918e-07	 (32 , 32 , 32) 
  23.9322	-2.98597e-05	1.10784e-07	 (32 , 32 , 32) 
  24.1197	-3.01492e-05	1.13672e-07	 (32 , 32 , 32) 
  24.3072	-3.04368e-05	1.16582e-07	 (32 , 32 , 32) 
  24.4947	-3.07226e-05	1.19515e-07	 (32 , 32 , 32) 
  24.6822	-3.10067e-05	1.22468e-07	 (32 , 32 , 32) 
  24.8697	-3.12891e-05	1.25444e-07	 (32 , 32 , 32) 
  25.0572	-3.15697e-05	1.28441e-07	 (32 , 32 , 32) 
  25.2447	-3.18488e-05	1.3146e-07	 (32 , 32 , 32) 
  25.4322	-3.21262e-05	1.34499e-07	 (32 , 32 , 32) 
  25.6197	-3.24021e-05	1.37561e-07	 (32 , 32 , 32) 
  25.8072	-3.26765e-05	1.40644e-07	 (32 , 32 , 32) 
  25.9947	-3.29494e-05	1.43749e-07	 (32 , 32 , 32) 
  26.1822	-3.3221e-05	1.46877e-07	 (32 , 32 , 32) 
  26.3697	-3.34912e-05	1.5003e-07	 (32 , 32 , 32) 
  26.5572	-3.37602e-05	1.53209e-07	 (32 , 32 , 32) 
  26.7447	-3.40279e-05	1.56415e-07	 (32 , 32 , 32) 
  26.9322	-3.42942e-05	1.59649e-07	 (32 , 32 , 32) 
  27.1197	-3.45593e-05	1.62911e-07	 (32 , 32 , 32) 
  27.3072	-3.4823e-05	1.66202e-07	 (32 , 32 , 32) 
  27.4947	-3.50854e-05	1.69522e-07	 (32 , 32 , 32) 
  27.6822	-3.53462e-05	1.72873e-07	 (32 , 32 , 32) 
  27.8697	-3.56054e-05	1.76254e-07	 (32 , 32 , 32) 
  28.0572	-3.58631e-05	1.79666e-07	 (32 , 32 , 32) 
  28.2447	-3.61194e-05	1.8311e-07	 (32 , 32 , 32) 
  28.4322	-3.63742e-05	1.86588e-07	 (32 , 32 , 32) 
  28.6197	-3.66275e-05	1.90099e-07	 (32 , 32 , 32) 
  28.8072	-3.68794e-05	1.93644e-07	 (32 , 32 , 32) 
  28.9947	-3.71299e-05	1.97224e-07	 (32 , 32 , 32) 
  29.1822	-3.7379e-05	2.00839e-07	 (32 , 32 , 32) 
  29.3697	-3.76265e-05	2.04489e-07	 (32 , 32 , 32) 
  29.5572	-3.78725e-05	2.08174e-07	 (32 , 32 , 32) 
  29.7447	-3.81171e-05	2.11891e-07	 (32 , 32 , 32) 
  29.9322	-3.83602e-05	2.1564e-07	 (32 , 32 , 32) 
  30.1197	-3.86018e-05	2.19419e-07	 (32 , 32 , 32) 
  30.3072	-3.8842e-05	2.23226e-07	 (32 , 32 , 32) 
  30.4947	-3.90809e-05	2.27062e-07	 (32 , 32 , 32) 
  30.6822	-3.93183e-05	2.30923e-07	 (32 , 32 , 32) 
  30.8697	-3.95544e-05	2.34811e-07	 (32 , 32 , 32) 
  31.0572	-3.97892e-05	2.38723e-07	 (32 , 32 , 32) 
  31.2447	-4.00226e-05	2.42661e-07	 (32 , 32 , 32) 
  31.4322	-4.02548e-05	2.46622e-07	 (32 , 32 , 32) 
  31.6197	-4.04857e-05	2.50607e-07	 (32 , 32 , 32) 
  31.8072	-4.07154e-05	2.54615e-07	 (32 , 32 , 32) 
  31.9947	-4.09438e-05	2.58647e-07	 (32 , 32 , 32) 
  32.1822	-4.11711e-05	2.62703e-07	 (32 , 32 , 32) 
  32.3697	-4.13971e-05	2.66781e-07	 (32 , 32 , 32) 
  32.5572	-4.1622e-05	2.70883e-07	 (32 , 32 , 32) 
  32.7447	-4.18457e-05	2.75007e-07	 (32 , 32 , 32) 
  32.9322	-4.20683e-05	2.79153e-07	 (32 , 32 , 32) 
  33.1197	-4.22897e-05	2.83323e-07	 (32 , 32 , 32) 
  33.3072	-4.25099e-05	2.87517e-07	 (32 , 32 , 32) 
  33.4947	-4.2729e-05	2.91734e-07	 (32 , 32 , 32) 
  33.6822	-4.2947e-05	2.95977e-07	 (32 , 32 , 32) 
  33.8697	-4.31637e-05	3.00244e-07	 (32 , 32 , 32) 
  34.0572	-4.33791e-05	3.04539e-07	 (32 , 32 , 32) 
  34.2447	-4.35933e-05	3.08861e-07	 (32 , 32 , 32) 
  34.4322	-4.38062e-05	3.13212e-07	 (32 , 32 , 32) 
  34.6197	-4.40179e-05	3.17592e-07	 (32 , 32 , 32) 
  34.8072	-4.42283e-05	3.22003e-07	 (32 , 32 , 32) 
  34.9947	-4.44375e-05	3.26445e-07	 (32 , 32 , 32) 
  35.1822	-4.46454e-05	3.30919e-07	 (32 , 32 , 32) 
  35.3697	-4.48522e-05	3.35425e-07	 (32 , 32 , 32) 
  35.5572	-4.50577e-05	3.39963e-07	 (32 , 32 , 32) 
  35.7447	-4.52621e-05	3.44534e-07	 (32 , 32 , 32) 
  35.9322	-4.54654e-05	3.49137e-07	 (32 , 32 , 32) 
  36.1197	-4.56675e-05	3.53772e-07	 (32 , 32 , 32) 
  36.3072	-4.58686e-05	3.58438e-07	 (32 , 32 , 32) 
  36.4947	-4.60685e-05	3.63135e-07	 (32 , 32 , 32) 
  36.6822	-4.62673e-05	3.67863e-07	 (32 , 32 , 32) 
  36.8697	-4.6465e-05	3.7262e-07	 (32 , 32 , 32) 
  37.0572	-4.66617e-05	3.77408e-07	 (32 , 32 , 32) 
  37.2447	-4.68573e-05	3.82224e-07	 (32 , 32 , 32) 
  37.4322	-4.70518e-05	3.87069e-07	 (32 , 32 , 32) 
  37.6197	-4.72453e-05	3.91943e-07	 (32 , 32 , 32) 
  37.8072	-4.74377e-05	3.96845e-07	 (32 , 32 , 32) 
  37.9947	-4.76291e-05	4.01775e-07	 (32 , 32 , 32) 
  38.1822	-4.78194e-05	4.06733e-07	 (32 , 32 , 32) 
  38.3697	-4.80087e-05	4.11718e-07	 (32 , 32 , 32) 
  38.5572	-4.8197e-05	4.16731e-07	 (32 , 32 , 32) 
  38.7447	-4.83843e-05	4.21772e-07	 (32 , 32 , 32) 
  38.9322	-4.85705e-05	4.26839e-07	 (32 , 32 , 32) 
  39.1197	-4.87555e-05	4.31934e-07	 (32 , 32 , 32) 
  39.3072	-4.89393e-05	4.37055e-07	 (32 , 32 , 32) 
  39.4947	-4.91219e-05	4.42201e-07	 (32 , 32 , 32) 
  39.6822	-4.93032e-05	4.47373e-07	 (32 , 32 , 32) 
  39.8697	-4.94831e-05	4.52569e-07	 (32 , 32 , 32) 
  40.0572	-4.96617e-05	4.57787e-07	 (32 , 32 , 32) 
  40.2447	-4.98389e-05	4.63029e-07	 (32 , 32 , 32) 
  40.4322	-5.00149e-05	4.68292e-07	 (32 , 32 , 32) 
  40.6197	-5.01896e-05	4.73576e-07	 (32 , 32 , 32) 
  40.8072	-5.03631e-05	4.7888e-07	 (32 , 32 , 32) 
  40.9947	-5.05354e-05	4.84205e-07	 (32 , 32 , 32) 
  41.1822	-5.07065e-05	4.8955e-07	 (32 , 32 , 32) 
  41.3697	-5.08764e-05	4.94913e-07	 (32 , 32 , 32) 
  41.5572	-5.10451e-05	5.00296e-07	 (32 , 32 , 32) 
  41.7447	-5.12127e-05	5.05696e-07	 (32 , 32 , 32) 
  41.9322	-5.13791e-05	5.11115e-07	 (32 , 32 , 32) 
  42.1197	-5.15443e-05	5.1655e-07	 (32 , 32 , 32) 
  42.3072	-5.17085e-05	5.22003e-07	 (32 , 32 , 32) 
  42.4947	-5.18715e-05	5.27471e-07	 (32 , 32 , 32) 
  42.6822	-5.20334e-05	5.32956e-07	 (32 , 32 , 32) 
  42.8697	-5.21943e-05	5.38455e-07	 (32 , 32 , 32) 
  43.0572	-5.23541e-05	5.43968e-07	 (32 , 32 , 32) 
  43.2447	-5.25127e-05	5.49496e-07	 (32 , 32 , 32) 
  43.4322	-5.26704e-05	5.55036e-07	 (32 , 32 , 32) 
  43.6197	-5.28269e-05	5.60588e-07	 (32 , 32 , 32) 
  43.8072	-5.29824e-05	5.66151e-07	 (32 , 32 , 32) 
  43.9947	-5.31368e-05	5.71725e-07	 (32 , 32 , 32) 
  44.1822	-5.32901e-05	5.77308e-07	 (32 , 32 , 32) 
  44.3697	-5.34424e-05	5.829e-07	 (32 , 32 , 32) 
  44.5572	-5.35936e-05	5.88499e-07	 (32 , 32 , 32) 
  44.7447	-5.37437e-05	5.94105e-07	 (32 , 32 , 32) 
  44.9322	-5.38928e-05	5.99715e-07	 (32 , 32 , 32) 
  45.1197	-5.40408e-05	6.05328e-07	 (32 , 32 , 32) 
  45.3072	-5.41877e-05	6.10943e-07	 (32 , 32 , 32) 
  45.4947	-5.43334e-05	6.16558e-07	 (32 , 32 , 32) 
  45.6822	-5.44779e-05	6.22172e-07	 (32 , 32 , 32) 
  45.8697	-5.46212e-05	6.27783e-07	 (32 , 32 , 32) 
  46.0572	-5.47633e-05	6.33388e-07	 (32 , 32 , 32) 
  46.2447	-5.49043e-05	6.38986e-07	 (32 , 32 , 32) 
  46.4322	-5.5044e-05	6.44576e-07	 (32 , 32 , 32) 
  46.6197	-5.51827e-05	6.50154e-07	 (32 , 32 , 32) 
  46.8072	-5.53202e-05	6.55719e-07	 (32 , 32 , 32) 
  46.9947	-5.54567e-05	6.6127e-07	 (32 , 32 , 32) 
  47.1822	-5.5592e-05	6.66805e-07	 (32 , 32 , 32) 
  47.3697	-5.57262e-05	6.72321e-07	 (32 , 32 , 32) 
  47.5572	-5.58593e-05	6.77818e-07	 (32 , 32 , 32) 
  47.7447	-5.59914e-05	6.83293e-07	 (32 , 32 , 32) 
  47.9322	-5.61224e-05	6.88745e-07	 (32 , 32 , 32) 
  48.1197	-5.62525e-05	6.94172e-07	 (32 , 32 , 32) 
  48.3072	-5.63815e-05	6.99572e-07	 (32 , 32 , 32) 
  48.4947	-5.65095e-05	7.04945e-07	 (32 , 32 , 32) 
  48.6822	-5.66365e-05	7.10289e-07	 (32 , 32 , 32) 
  48.8697	-5.67626e-05	7.15603e-07	 (32 , 32 , 32) 
  49.0572	-5.68878e-05	7.20885e-07	 (32 , 32 , 32) 
  49.2447	-5.7012e-05	7.26134e-07	 (32 , 32 , 32) 
  49.4322	-5.71353e-05	7.31349e-07	 (32 , 32 , 32) 
  49.6197	-5.72577e-05	7.36529e-07	 (32 , 32 , 32) 
  49.8072	-5.73792e-05	7.41671e-07	 (32 , 32 , 32) 
  49.9947	-5.74999e-05	7.46774e-07	 (32 , 32 , 32) 
  50.1822	-5.76196e-05	7.51838e-07	 (32 , 32 , 32) 
  50.3697	-5.77386e-05	7.5686e-07	 (32 , 32 , 32) 
  50.5572	-5.78567e-05	7.61838e-07	 (32 , 32 , 32) 
  50.7447	-5.79739e-05	7.66772e-07	 (32 , 32 , 32) 
  50.9322	-5.80903e-05	7.71659e-07	 (32 , 32 , 32) 
  51.1197	-5.8206e-05	7.76499e-07	 (32 , 32 , 32) 
  51.3072	-5.83207e-05	7.81289e-07	 (32 , 32 , 32) 
  51.4947	-5.84347e-05	7.86027e-07	 (32 , 32 , 32) 
  51.6822	-5.85479e-05	7.90713e-07	 (32 , 32 , 32) 
  51.8697	-5.86604e-05	7.95344e-07	 (32 , 32 , 32) 
  52.0572	-5.87719e-05	7.99919e-07	 (32 , 32 , 32) 
  52.2447	-5.88826e-05	8.04436e-07	 (32 , 32 , 32) 
  52.4322	-5.89926e-05	8.08893e-07	 (32 , 32 , 32) 
  52.6197	-5.91017e-05	8.1329e-07	 (32 , 32 , 32) 
  52.8072	-5.921e-05	8.17625e-07	 (32 , 32 , 32) 
  52.9947	-5.93175e-05	8.21895e-07	 (32 , 32 , 32) 
  53.1822	-5.94243e-05	8.26101e-07	 (32 , 32 , 32) 
  53.3697	-5.95304e-05	8.30239e-07	 (32 , 32 , 32) 
  53.5572	-5.96356e-05	8.34309e-07	 (32 , 32 , 32) 
  53.7447	-5.97401e-05	8.38309e-07	 (32 , 32 , 32) 
  53.9322	-5.98438e-05	8.42237e-07	 (32 , 32 , 32) 
  54.1197	-5.99469e-05	8.46093e-07	 (32 , 32 , 32) 
  54.3072	-6.00492e-05	8.49874e-07	 (32 , 32 , 32) 
  54.4947	-6.01509e-05	8.53581e-07	 (32 , 32 , 32) 
  54.6822	-6.0252e-05	8.57211e-07	 (32 , 32 , 32) 
  54.8697	-6.03524e-05	8.60763e-07	 (32 , 32 , 32) 
  55.0572	-6.04522e-05	8.64237e-07	 (32 , 32 , 32) 
  55.2447	-6.05514e-05	8.67631e-07	 (32 , 32 , 32) 
  55.4322	-6.06501e-05	8.70944e-07	 (32 , 32 , 32) 
  55.6197	-6.07482e-05	8.74174e-07	 (32 , 32 , 32) 
  55.8072	-6.08457e-05	8.77321e-07	 (32 , 32 , 32) 
  55.9947	-6.09428e-05	8.80383e-07	 (32 , 32 , 32) 
  56.1822	-6.10393e-05	8.83359e-07	 (32 , 32 , 32) 
  56.3697	-6.11354e-05	8.86249e-07	 (32 , 32 , 32) 
  56.5572	-6.1231e-05	8.89051e-07	 (32 , 32 , 32) 
  56.7447	-6.13262e-05	8.91764e-07	 (32 , 32 , 32) 
  56.9322	-6.14209e-05	8.94387e-07	 (32 , 32 , 32) 
  57.1197	-6.15152e-05	8.96919e-07	 (32 , 32 , 32) 
  57.3072	-6.16091e-05	8.99359e-07	 (32 , 32 , 32) 
  57.4947	-6.17026e-05	9.01707e-07	 (32 , 32 , 32) 
  57.6822	-6.17957e-05	9.03961e-07	 (32 , 32 , 32) 
  57.8697	-6.18884e-05	9.06121e-07	 (32 , 32 , 32) 
  58.0572	-6.19807e-05	9.08186e-07	 (32 , 32 , 32) 
  58.2447	-6.20726e-05	9.10156e-07	 (32 , 32 , 32) 
  58.4322	-6.21642e-05	9.1203e-07	 (32 , 32 , 32) 
  58.6197	-6.22555e-05	9.13808e-07	 (32 , 32 , 32) 
  58.8072	-6.23465e-05	9.1549e-07	 (32 , 32 , 32) 
  58.9947	-6.24371e-05	9.17075e-07	 (32 , 32 , 32) 
  59.1822	-6.25275e-05	9.18564e-07	 (32 , 32 , 32) 
  59.3697	-6.26175e-05	9.19956e-07	 (32 , 32 , 32) 
  59.5572	-6.27073e-05	9.21251e-07	 (32 , 32 , 32) 
  59.7447	-6.27968e-05	9.2245e-07	 (32 , 32 , 32) 
  59.9322	-6.28861e-05	9.23553e-07	 (32 , 32 , 32) 
  60.1197	-6.29752e-05	9.2456e-07	 (32 , 32 , 32) 
  60.3072	-6.30641e-05	9.25471e-07	 (32 , 32 , 32) 
  60.4947	-6.31529e-05	9.26286e-07	 (32 , 32 , 32) 
  60.6822	-6.32415e-05	9.27006e-07	 (32 , 32 , 32) 
  60.8697	-6.33299e-05	9.27631e-07	 (32 , 32 , 32) 
  61.0572	-6.34183e-05	9.28161e-07	 (32 , 32 , 32) 
  61.2447	-6.35066e-05	9.28597e-07	 (32 , 32 , 32) 
  61.4322	-6.35948e-05	9.2894e-07	 (32 , 32 , 32) 
  61.6197	-6.36829e-05	9.2919e-07	 (32 , 32 , 32) 
  61.8072	-6.37711e-05	9.29348e-07	 (32 , 32 , 32) 
  61.9947	-6.38593e-05	9.29414e-07	 (32 , 32 , 32) 
  62.1822	-6.39475e-05	9.29391e-07	 (32 , 32 , 32) 
  62.3697	-6.40357e-05	9.29278e-07	 (32 , 32 , 32) 
  62.5572	-6.41239e-05	9.29078e-07	 (32 , 32 , 32) 
  62.7447	-6.42122e-05	9.28792e-07	 (32 , 32 , 32) 
  62.9322	-6.43006e-05	9.28421e-07	 (32 , 32 , 32) 
  63.1197	-6.4389e-05	9.27968e-07	 (32 , 32 , 32) 
  63.3072	-6.44775e-05	9.27433e-07	 (32 , 32 , 32) 
  63.4947	-6.45661e-05	9.26819e-07	 (32 , 32 , 32) 
  63.6822	-6.46549e-05	9.26127e-07	 (32 , 32 , 32) 
  63.8697	-6.47437e-05	9.2536e-07	 (32 , 32 , 32) 
  64.0572	-6.48327e-05	9.2452e-07	 (32 , 32 , 32) 
  64.2447	-6.49217e-05	9.23609e-07	 (32 , 32 , 32) 
  64.4322	-6.5011e-05	9.2263e-07	 (32 , 32 , 32) 
  64.6197	-6.51003e-05	9.21585e-07	 (32 , 32 , 32) 
  64.8072	-6.51899e-05	9.20477e-07	 (32 , 32 , 32) 
  64.9947	-6.52796e-05	9.1931e-07	 (32 , 32 , 32) 
  65.1822	-6.53695e-05	9.18085e-07	 (32 , 32 , 32) 
  65.3697	-6.54595e-05	9.16808e-07	 (32 , 32 , 32) 
  65.5572	-6.55498e-05	9.1548e-07	 (32 , 32 , 32) 
  65.7447	      nan	      nan	 (32 , 32 , 32) 
  65.9322	      nan	      nan	 (32 , 32 , 32) 
  66.1197	      nan	      nan	 (32 , 32 , 32) 
  66.3072	      nan	      nan	 (32 , 32 , 32) 
  66.4947	      nan	      nan	 (32 , 32 , 32) 
  66.6822	      nan	      nan	 (32 , 32 , 32) 
  66.8697	      nan	      nan	 (32 , 32 , 32) 
  67.0572	      nan	      nan	 (32 , 32 , 32) 
  67.2447	      nan	      nan	 (32 , 32 , 32) 
  67.4322	      nan	      nan	 (32 , 32 , 32) 
  67.6197	      nan	      nan	 (32 , 32 , 32) 
  67.8072	      nan	      nan	 (32 , 32 , 32) 
  67.9947	      nan	      nan	 (32 , 32 , 32) 
  68.1822	      nan	      nan	 (32 , 32 , 32) 
  68.3697	      nan	      nan	 (32 , 32 , 32) 
  68.5572	      nan	      nan	 (32 , 32 , 32) 
  68.7447	      nan	      nan	 (32 , 32 , 32) 
  68.9322	      nan	      nan	 (32 , 32 , 32) 
  69.1197	      nan	      nan	 (32 , 32 , 32) 
  69.3072	      nan	      nan	 (32 , 32 , 32) 
  69.4947	      nan	      nan	 (32 , 32 , 32) 
  69.6822	      nan	      nan	 (32 , 32 , 32) 
  69.8697	      nan	      nan	 (32 , 32 , 32) 
  70.0572	      nan	      nan	 (32 , 32 , 32) 
  70.2447	      nan	      nan	 (32 , 32 , 32) 
  70.4322	      nan	      nan	 (32 , 32 , 32) 
  70.6197	      nan	      nan	 (32 , 32 , 32) 
  70.8072	      nan	      nan	 (32 , 32 , 32) 
  70.9947	      nan	      nan	 (32 , 32 , 32) 
  71.1822	      nan	      nan	 (32 , 32 , 32) 
  71.3697	      nan	      nan	 (32 , 32 , 32) 
  71.5572	      nan	      nan	 (32 , 32 , 32) 
  71.7447	      nan	      nan	 (32 , 32 , 32) 
  71.9322	      nan	      nan	 (32 , 32 , 32) 
  72.1197	      nan	      nan	 (32 , 32 , 32) 
  72.3072	      nan	      nan	 (32 , 32 , 32) 
  72.4947	      nan	      nan	 (32 , 32 , 32) 
  72.6822	      nan	      nan	 (32 , 32 , 32) 
  72.8697	      nan	      nan	 (32 , 32 , 32) 
  73.0572	      nan	      nan	 (32 , 32 , 32) 
  73.2447	      nan	      nan	 (32 , 32 , 32) 
  73.4322	      nan	      nan	 (32 , 32 , 32) 
  73.6197	      nan	      nan	 (32 , 32 , 32) 
  73.8072	      nan	      nan	 (32 , 32 , 32) 
  73.9947	      nan	      nan	 (32 , 32 , 32) 
  74.1822	      nan	      nan	 (32 , 32 , 32) 
  74.3697	      nan	      nan	 (32 , 32 , 32) 
  74.5572	      nan	      nan	 (32 , 32 , 32) 
  74.7447	      nan	      nan	 (32 , 32 , 32) 
  74.9322	      nan	      nan	 (32 , 32 , 32) 
  75.1197	      nan	      nan	 (32 , 32 , 32) 
  75.3072	      nan	      nan	 (32 , 32 , 32) 
  75.4947	      nan	      nan	 (32 , 32 , 32) 
  75.6822	      nan	      nan	 (32 , 32 , 32) 
  75.8697	      nan	      nan	 (32 , 32 , 32) 
  76.0572	      nan	      nan	 (32 , 32 , 32) 
  76.2447	      nan	      nan	 (32 , 32 , 32) 
  76.4322	      nan	      nan	 (32 , 32 , 32) 
  76.6197	      nan	      nan	 (32 , 32 , 32) 
  76.8072	      nan	      nan	 (32 , 32 , 32) 
  76.9947	      nan	      nan	 (32 , 32 , 32) 
  77.1822	      nan	      nan	 (32 , 32 , 32) 
  77.3697	      nan	      nan	 (32 , 32 , 32) 
  77.5572	      nan	      nan	 (32 , 32 , 32) 
  77.7447	      nan	      nan	 (32 , 32 , 32) 
  77.9322	      nan	      nan	 (32 , 32 , 32) 
  78.1197	      nan	      nan	 (32 , 32 , 32) 
  78.3072	      nan	      nan	 (32 , 32 , 32) 
  78.4947	      nan	      nan	 (32 , 32 , 32) 
  78.6822	      nan	      nan	 (32 , 32 , 32) 
  78.8697	      nan	      nan	 (32 , 32 , 32) 
  79.0572	      nan	      nan	 (32 , 32 , 32) 
  79.2447	      nan	      nan	 (32 , 32 , 32) 
  79.4322	      nan	      nan	 (32 , 32 , 32) 
  79.6197	      nan	      nan	 (32 , 32 , 32) 
  79.8072	      nan	      nan	 (32 , 32 , 32) 
  79.9947	      nan	      nan	 (32 , 32 , 32) 
  80.1822	      nan	      nan	 (32 , 32 , 32) 
  80.3697	      nan	      nan	 (32 , 32 , 32) 
  80.5572	      nan	      nan	 (32 , 32 , 32) 
  80.7447	      nan	      nan	 (32 , 32 , 32) 
  80.9322	      nan	      nan	 (32 , 32 , 32) 
  81.1197	      nan	      nan	 (32 , 32 , 32) 
  81.3072	      nan	      nan	 (32 , 32 , 32) 
  81.4947	      nan	      nan	 (32 , 32 , 32) 
  81.6822	      nan	      nan	 (32 , 32 , 32) 
  81.8697	      nan	      nan	 (32 , 32 , 32) 
  82.0572	      nan	      nan	 (32 , 32 , 32) 
  82.2447	      nan	      nan	 (32 , 32 , 32) 
  82.4322	      nan	      nan	 (32 , 32 , 32) 
  82.6197	      nan	      nan	 (32 , 32 , 32) 
  82.8072	      nan	      nan	 (32 , 32 , 32) 
  82.9947	      nan	      nan	 (32 , 32 , 32) 
  83.1822	      nan	      nan	 (32 , 32 , 32) 
  83.3697	      nan	      nan	 (32 , 32 , 32) 
  83.5572	      nan	      nan	 (32 , 32 , 32) 
  83.7447	      nan	      nan	 (32 , 32 , 32) 
  83.9322	      nan	      nan	 (32 , 32 , 32) 
  84.1197	      nan	      nan	 (32 , 32 , 32) 
  84.3072	      nan	      nan	 (32 , 32 , 32) 
  84.4947	      nan	      nan	 (32 , 32 , 32) 
  84.6822	      nan	      nan	 (32 , 32 , 32) 
  84.8697	      nan	      nan	 (32 , 32 , 32) 
  85.0572	      nan	      nan	 (32 , 32 , 32) 
  85.2447	      nan	      nan	 (32 , 32 , 32) 
  85.4322	      nan	      nan	 (32 , 32 , 32) 
  85.6197	      nan	      nan	 (32 , 32 , 32) 
  85.8072	      nan	      nan	 (32 , 32 , 32) 
  85.9947	      nan	      nan	 (32 , 32 , 32) 
  86.1822	      nan	      nan	 (32 , 32 , 32) 
  86.3697	      nan	      nan	 (32 , 32 , 32) 
  86.5572	      nan	      nan	 (32 , 32 , 32) 
  86.7447	      nan	      nan	 (32 , 32 , 32) 
  86.9322	      nan	      nan	 (32 , 32 , 32) 
  87.1197	      nan	      nan	 (32 , 32 , 32) 
  87.3072	      nan	      nan	 (32 , 32 , 32) 
  87.4947	      nan	      nan	 (32 , 32 , 32) 
  87.6822	      nan	      nan	 (32 , 32 , 32) 
  87.8697	      nan	      nan	 (32 , 32 , 32) 
  88.0572	      nan	      nan	 (32 , 32 , 32) 
  88.2447	      nan	      nan	 (32 , 32 , 32) 
  88.4322	      nan	      nan	 (32 , 32 , 32) 
  88.6197	      nan	      nan	 (32 , 32 , 32) 
  88.8072	      nan	      nan	 (32 , 32 , 32) 
  88.9947	      nan	      nan	 (32 , 32 , 32) 
  89.1822	      nan	      nan	 (32 , 32 , 32) 
  89.3697	      nan	      nan	 (32 , 32 , 32) 
  89.5572	      nan	      nan	 (32 , 32 , 32) 
  89.7447	      nan	      nan	 (32 , 32 , 32) 
  89.9322	      nan	      nan	 (32 , 32 , 32) 
  90.1197	      nan	      nan	 (32 , 32 , 32) 
  90.3072	      nan	      nan	 (32 , 32 , 32) 
  90.4947	      nan	      nan	 (32 , 32 , 32) 
  90.6822	      nan	      nan	 (32 , 32 , 32) 
  90.8697	      nan	      nan	 (32 , 32 , 32) 
  91.0572	      nan	      nan	 (32 , 32 , 32) 
  91.2447	      nan	      nan	 (32 , 32 , 32) 
  91.4322	      nan	      nan	 (32 , 32 , 32) 
  91.6197	      nan	      nan	 (32 , 32 , 32) 
  91.8072	      nan	      nan	 (32 , 32 , 32) 
  91.9947	      nan	      nan	 (32 , 32 , 32) 
  92.1822	      nan	      nan	 (32 , 32 , 32) 
  92.3697	      nan	      nan	 (32 , 32 , 32) 
  92.5572	      nan	      nan	 (32 , 32 , 32) 
